# Wavelength [um]       Fp [W/m2/m]  
1.000553076518779783e-01 1.016203405886342055e-10
1.004555288824854897e-01 2.446648961163851675e-67
1.008573509980154326e-01 4.896337396293800969e-64
1.012607804020075053e-01 1.182916518816315701e-63
1.016658235236155422e-01 5.185319640606389478e-67
1.020724868177099870e-01 1.886705677509130636e-44
1.024807767649808382e-01 3.471912762692069921e-48
1.028906998720407612e-01 4.171138366700687231e-62
1.033022626715289355e-01 2.124678803786518636e-40
1.037154717222150413e-01 7.767758137518141160e-65
1.041303336091038839e-01 2.966841093191827951e-59
1.045468549435403099e-01 7.928651660382673728e-56
1.049650423633144702e-01 8.546047394090182803e-66
1.053849025327677214e-01 2.107882488340217832e-47
1.058064421428987906e-01 1.014454197411507184e-61
1.062296679114703990e-01 9.841070077899614124e-47
1.066545865831162732e-01 1.263873963352785526e-53
1.070812049294487533e-01 7.036853754195960057e-56
1.075095297491665408e-01 7.187372222538138840e-42
1.079395678681632220e-01 5.187415607129927449e-56
1.083713261396358624e-01 1.492571232415378644e-39
1.088048114441943909e-01 1.423798052355894656e-43
1.092400306899711654e-01 4.601571683659723575e-26
1.096769908127310511e-01 1.394278524051699206e-42
1.101156987759819850e-01 6.179037750651285041e-44
1.105561615710859147e-01 9.888698641462202660e-27
1.109983862173702651e-01 1.655953376796343195e-32
1.114423797622397516e-01 5.337951287745789755e-38
1.118881492812886930e-01 6.748388982095684927e-43
1.123357018784138517e-01 3.401471869033107272e-38
1.127850446859275102e-01 3.890233309507789389e-20
1.132361848646712132e-01 6.585921546223116931e-25
1.136891296041298988e-01 3.729264555071551462e-24
1.141438861225464035e-01 1.862723968191512607e-23
1.146004616670366072e-01 1.488249966911557686e-22
1.150588635137047705e-01 1.472522669434102957e-23
1.155190989677595953e-01 1.006456628002982175e-24
1.159811753636306314e-01 2.252317978565760359e-22
1.164451000650851553e-01 5.276813787872831524e-25
1.169108804653455069e-01 1.882810122707705356e-26
1.173785239872068981e-01 1.117652741102288643e-20
1.178480380831557206e-01 2.828145455568675937e-19
1.183194302354883543e-01 1.009361467144841110e-19
1.187927079564302935e-01 1.289790495833650959e-21
1.192678787882560099e-01 1.008075261548311400e-18
1.197449503034090645e-01 1.257860144793538082e-17
1.202239301046226783e-01 5.881269562297993561e-24
1.207048258250411760e-01 5.296285165091449470e-18
1.211876451283413342e-01 2.706924274022964985e-19
1.216723957088547137e-01 2.667152519576563691e-18
1.221590852916901310e-01 8.038227029236407596e-17
1.226477216328568792e-01 3.668354067815000637e-16
1.231383125193883099e-01 1.886477023197269737e-17
1.236308657694658586e-01 2.653000661813715958e-16
1.241253892325437369e-01 3.955356441961366950e-16
1.246218907894739159e-01 8.045357185705143035e-18
1.251203783526317892e-01 2.769215253689789085e-17
1.256208598660423226e-01 6.737184389380867647e-17
1.261233433055065078e-01 8.234850021132092793e-16
1.266278366787285392e-01 7.403873732760925236e-18
1.271343480254434610e-01 9.761637186155402275e-16
1.276428854175452321e-01 8.622358152469287956e-16
1.281534569592154005e-01 2.585837202624890031e-16
1.286660707870522780e-01 1.193528545578885859e-16
1.291807350702004475e-01 6.025060209598776756e-15
1.296974580104812425e-01 3.506200857175068490e-15
1.302162478425231973e-01 6.331967490722141889e-16
1.307371128338932764e-01 1.133126505908461066e-14
1.312600612852288795e-01 3.498462721013500050e-14
1.317851015303697915e-01 1.248111487119070556e-14
1.323122419364912705e-01 8.626379874111474001e-15
1.328414909042372472e-01 4.369102338082659045e-14
1.333728568678542170e-01 1.823370287547686477e-13
1.339063482953256612e-01 1.167508150013720905e-14
1.344419736885069383e-01 2.902875936781148340e-14
1.349797415832609815e-01 6.446565717355285253e-14
1.355196605495940232e-01 1.347308560638108398e-13
1.360617391917924301e-01 4.006074190164143783e-13
1.366059861485595939e-01 4.922575350663416855e-14
1.371524100931538481e-01 2.045551860100183160e-13
1.377010197335264696e-01 7.252733126600391448e-13
1.382518238124605670e-01 9.149660372096337784e-13
1.388048311077104136e-01 1.301481532308226637e-12
1.393600504321412248e-01 4.527947007608480978e-12
1.399174906338697677e-01 1.353080831884771658e-12
1.404771605964052761e-01 8.538336617977870533e-12
1.410390692387908651e-01 9.196232197320074504e-12
1.416032255157460562e-01 2.154885146962921590e-11
1.421696384178090522e-01 1.127046117579846102e-11
1.427383169714803168e-01 1.267469805508823290e-11
1.433092702393662099e-01 7.143291450279566830e-11
1.438825073203236771e-01 3.571172177949713041e-11
1.444580373496049674e-01 9.706842900025160350e-11
1.450358694990033503e-01 1.146945911921574951e-10
1.456160129769993872e-01 1.593028308868126062e-10
1.461984770289073976e-01 1.277094613259467560e-10
1.467832709370230082e-01 1.586946028645202473e-10
1.473704040207710897e-01 2.477472716604327679e-10
1.479598856368541382e-01 2.871039387819267061e-10
1.485517251794015725e-01 2.775851365680573980e-10
1.491459320801191979e-01 3.360104719740975364e-10
1.497425158084396690e-01 2.359697035497846670e-10
1.503414858716734248e-01 5.917657046479731387e-10
1.509428518151600951e-01 4.935083894929012149e-10
1.515466232224207677e-01 6.764791795306111315e-11
1.521528097153104220e-01 1.762881597423700394e-10
1.527614209541716672e-01 4.798430757866358430e-11
1.533724666379883694e-01 8.432044725271372500e-11
1.539859565045403056e-01 1.029776008056086858e-10
1.546019003305584838e-01 1.654104766111174087e-11
1.552203079318807133e-01 4.566237171102019410e-11
1.558411891636082569e-01 5.998189423507581576e-11
1.564645539202626778e-01 6.027821255304078191e-11
1.570904121359437411e-01 6.545830729527033762e-11
1.577187737844875093e-01 6.905040043820492160e-11
1.583496488796254653e-01 6.942605795267260153e-11
1.589830474751439959e-01 9.227262683713598861e-11
1.596189796650445414e-01 7.428206765680814619e-11
1.602574555837047166e-01 9.733006290729097251e-11
1.608984854060395708e-01 1.221209335638193882e-10
1.615420793476636807e-01 1.214797509665258054e-10
1.621882476650543525e-01 1.267800014537297055e-10
1.628370006557145755e-01 1.184284936063735636e-10
1.634883486583374457e-01 1.614786234168353949e-10
1.641423020529707844e-01 2.173995844889154529e-10
1.647988712611826723e-01 3.129595581094665372e-10
1.654580667462274002e-01 3.529349549954676064e-10
1.661198990132123077e-01 6.349677274285900041e-10
1.667843786092651215e-01 7.710489725006576738e-10
1.674515161237022098e-01 1.212792877512634722e-09
1.681213221881969755e-01 1.766455704347108735e-09
1.687938074769497754e-01 1.766475125029645100e-09
1.694689827068575905e-01 5.203947336910557076e-09
1.701468586376850278e-01 4.410240226246147109e-09
1.708274460722357391e-01 3.531004939891113656e-09
1.715107558565246715e-01 9.560229729409020002e-09
1.721967988799507909e-01 9.354952897849831612e-09
1.728855860754705820e-01 1.752397693827241894e-08
1.735771284197724640e-01 1.319683565116543168e-08
1.742714369334515678e-01 1.177770716507842535e-08
1.749685226811853456e-01 9.766808454212923531e-09
1.756683967719100681e-01 2.242567220853273843e-08
1.763710703589977391e-01 5.897900211724809610e-08
1.770765546404337309e-01 7.700874341626029214e-08
1.777848608589954471e-01 4.076390340714686621e-08
1.784960003024314568e-01 1.338396355591807765e-07
1.792099843036411844e-01 1.107020271119605763e-07
1.799268242408557650e-01 1.270575288779593977e-07
1.806465315378191772e-01 2.330754054193584957e-07
1.813691176639704306e-01 9.180627957385407628e-08
1.820945941346263086e-01 1.118898509936590123e-07
1.828229725111648329e-01 4.003992531230433565e-08
1.835542644012094771e-01 9.606104529039274577e-08
1.842884814588143239e-01 4.021078520639111594e-07
1.850256353846495561e-01 8.187863948426258186e-07
1.857657379261881403e-01 4.522878970994159163e-07
1.865088008778928996e-01 1.460429583556373252e-06
1.872548360814044743e-01 1.507198283159378952e-06
1.880038554257300876e-01 8.341431839466561275e-07
1.887558708474330049e-01 2.999043766729910045e-06
1.895108943308226879e-01 2.447076049666151689e-06
1.902689379081460019e-01 1.942021991865057429e-06
1.910300136597785636e-01 6.525938101105346014e-06
1.917941337144176972e-01 4.680710588230521504e-06
1.925613102492753359e-01 5.986936590336219748e-06
1.933315554902724498e-01 1.235756055366841955e-05
1.941048817122335568e-01 1.159877110018367614e-05
1.948813012390824828e-01 1.127896273881361333e-05
1.956608264440388156e-01 2.281995014360000779e-05
1.964434697498149418e-01 1.558283353675888287e-05
1.972292436288141937e-01 1.990728820784193811e-05
1.980181606033294406e-01 3.279939956654944578e-05
1.988102332457427346e-01 2.735152249057574761e-05
1.996054741787257336e-01 2.287151693643636334e-05
2.004038960754406518e-01 2.718434180708546611e-05
2.012055116597424309e-01 1.908987674254317564e-05
2.020103337063813842e-01 8.647181059041109038e-06
2.028183750412069219e-01 6.244758591438113545e-06
2.036296485413717494e-01 2.390605570722400131e-05
2.044441671355372303e-01 4.148813050357341535e-05
2.052619438040793887e-01 7.406461889527689280e-05
2.060829915792957157e-01 9.182843196992721067e-05
2.069073235456129201e-01 1.093514566624143622e-04
2.077349528397953449e-01 1.288101994077379161e-04
2.085658926511545219e-01 1.721410526095698893e-04
2.094001562217591150e-01 2.015368754673348194e-04
2.102377568466461677e-01 2.234571272372930608e-04
2.110787078740327671e-01 1.988480455063964527e-04
2.119230227055288740e-01 2.947207640955348340e-04
2.127707147963510126e-01 3.480103068270474359e-04
2.136217976555363773e-01 4.434935922998747186e-04
2.144762848461585492e-01 2.898152168328242814e-04
2.153341899855431840e-01 5.282413291960389584e-04
2.161955267454853669e-01 7.456561204878532330e-04
2.170603088524672986e-01 8.920088613691215529e-04
2.179285500878772042e-01 6.699028614549403654e-04
2.188002642882286852e-01 7.933987277357853248e-04
2.196754653453815986e-01 1.481406132465917357e-03
2.205541672067631020e-01 1.327561477591888668e-03
2.214363838755901703e-01 2.940266108200271632e-03
2.223221294110925284e-01 1.462466273942647802e-03
2.232114179287369160e-01 5.334980562524029545e-03
2.241042636004518529e-01 3.381299966469907079e-03
2.250006806548536520e-01 9.207453004487796411e-03
2.259006833774730438e-01 5.544428741786046333e-03
2.268042861109829667e-01 8.967243729886982193e-03
2.277115032554268836e-01 1.095010387115202127e-02
2.286223492684485714e-01 1.304103698432793924e-02
2.295368386655223802e-01 2.883556790287782751e-02
2.304549860201844658e-01 8.119306736715284009e-03
2.313768059642651864e-01 3.192033478328745039e-02
2.323023131881222503e-01 2.874728960983239864e-02
2.332315224408747223e-01 5.554281242412847236e-02
2.341644485306381973e-01 6.364765888165180296e-02
2.351011063247607502e-01 2.253805373602711312e-02
2.360415107500598020e-01 7.272739228690737467e-02
2.369856767930600405e-01 2.559441012435065277e-02
2.379336195002322851e-01 1.042669121868785298e-01
2.388853539782332114e-01 8.648260605107067900e-02
2.398408953941461863e-01 2.023001104515009529e-01
2.408002589757227141e-01 2.508823905953114219e-01
2.417634600116256582e-01 1.143945381478884415e-01
2.427305138516721306e-01 3.777242645659182330e-01
2.437014359070788505e-01 3.705539717323467208e-01
2.446762416507071713e-01 7.996071772645962916e-01
2.456549466173099938e-01 4.899434320186931702e-01
2.466375664037792625e-01 6.904969117132184753e-01
2.476241166693943785e-01 9.604151173335364611e-01
2.486146131360719436e-01 3.469029358568668231e-01
2.496090715886161993e-01 8.673091587489721865e-01
2.506075078749706586e-01 7.786628731781994883e-01
2.516099379064705155e-01 1.088039391251363730e+00
2.526163776580964138e-01 2.135584148411052929e+00
2.536268431687287994e-01 3.049194835438099993e+00
2.546413505414037437e-01 3.770397600291540474e+00
2.556599159435693491e-01 2.714512279424623475e+00
2.566825556073435988e-01 2.089376414186912889e+00
2.577092858297729827e-01 2.869198543665861578e+00
2.587401229730920682e-01 2.408339055404433715e+00
2.597750834649844576e-01 3.895269904984908660e+00
2.608141837988444123e-01 4.468769820893735201e+00
2.618574405340398092e-01 5.931313425321087074e+00
2.629048702961759298e-01 7.381532136388516463e+00
2.639564897773606367e-01 6.898328411406662752e+00
2.650123157364701054e-01 6.772824475271402633e+00
2.660723649994159445e-01 7.331149487774146323e+00
2.671366544594135917e-01 7.078905513690270546e+00
2.682052010772512096e-01 8.815211577598077497e+00
2.692780218815602478e-01 9.100897836370968719e+00
2.703551339690865030e-01 1.015131269346043474e+01
2.714365545049627904e-01 1.048847108946783280e+01
2.725223007229827243e-01 1.039998623394952659e+01
2.736123899258746106e-01 1.019777215138054949e+01
2.747068394855781692e-01 1.008430384765448373e+01
2.758056668435204806e-01 9.581290482559129629e+00
2.769088895108945403e-01 9.367398217437512997e+00
2.780165250689380918e-01 8.786161758220547568e+00
2.791285911692138466e-01 8.180691364559855572e+00
2.802451055338907038e-01 7.566727906694953099e+00
2.813660859560263017e-01 7.053471993023320508e+00
2.824915502998503469e-01 6.734912090671052454e+00
2.836215165010497197e-01 6.732430422363199440e+00
2.847560025670539119e-01 7.179269432592103151e+00
2.858950265773221866e-01 8.325619063989153190e+00
2.870386066836315142e-01 1.034715326333043706e+01
2.881867611103660631e-01 1.354351246330833014e+01
2.893395081548075787e-01 1.825714984314718947e+01
2.904968661874267610e-01 2.489747868432127476e+01
2.916588536521764197e-01 3.395783190061098367e+01
2.928254890667851273e-01 4.600805047425162542e+01
2.939967910230522619e-01 6.173541849409321003e+01
2.951727781871444911e-01 8.194934128499573944e+01
2.963534692998930908e-01 1.075706146772220961e+02
2.975388831770926501e-01 1.397239553670383714e+02
2.987290387098009981e-01 1.796962567085444675e+02
2.999239548646402409e-01 2.288374118318738226e+02
3.011236506840988536e-01 2.886115915146231714e+02
3.023281452868351593e-01 3.610337300475614484e+02
3.035374578679824742e-01 4.366044474178516452e+02
3.047516076994544187e-01 5.553410116004005204e+02
3.059706141302522830e-01 6.820992345946979185e+02
3.071944965867733357e-01 8.327792377518430840e+02
3.084232745731204095e-01 1.011228317598860485e+03
3.096569676714128194e-01 1.163293391022994228e+03
3.108955955420985018e-01 1.397186244921315165e+03
3.121391779242668751e-01 1.764607247208618446e+03
3.133877346359639215e-01 2.110048223260680970e+03
3.146412855745078230e-01 2.514038861696066760e+03
3.158998507168058190e-01 2.989952717303920508e+03
3.171634501196730627e-01 3.546049745459759833e+03
3.184321039201517545e-01 4.148097375353471762e+03
3.197058323358323295e-01 4.839883378888246625e+03
3.209846556651756444e-01 5.716489277125191620e+03
3.222685942878363852e-01 5.714601419254368011e+03
3.235576686649877520e-01 7.895323201452568355e+03
3.248518993396476984e-01 9.376601555123294020e+03
3.261513069370062801e-01 1.080376423640376743e+04
3.274559121647543369e-01 1.201602263783402668e+04
3.287657358134133401e-01 1.013491586974331040e+04
3.300807987566670154e-01 1.103076733815438502e+03
3.314011219516936890e-01 8.084716864605657065e+03
3.327267264395004642e-01 2.131960597095002959e+04
3.340576333452584534e-01 2.714832355093970909e+04
3.353938638786395088e-01 3.193237342382865972e+04
3.367354393341540630e-01 3.695849418049797532e+04
3.380823810914907468e-01 4.251078960288429516e+04
3.394347106158566718e-01 5.625386575067882222e+04
3.407924494583201014e-01 6.333949545043146645e+04
3.421556192561533982e-01 6.563119269893682213e+04
3.435242417331779707e-01 5.972530739570232981e+04
3.448983387001106626e-01 4.906487141579960007e+04
3.462779320549111417e-01 8.071815719083993463e+04
3.476630437831307319e-01 8.779184890778559202e+04
3.490536959582632992e-01 9.854988607883366058e+04
3.504499107420963600e-01 1.435234530380438664e+05
3.518517103850647421e-01 1.674324941716961039e+05
3.532591172266050239e-01 2.102047119871865725e+05
3.546721536955114717e-01 2.935794131081259111e+05
3.560908423102934761e-01 2.610666332670644333e+05
3.575152056795346533e-01 2.404714583336451615e+05
3.589452665022527800e-01 3.422857018044258584e+05
3.603810475682617254e-01 4.309451224928191514e+05
3.618225717585348278e-01 4.492862645073472522e+05
3.632698620455689364e-01 4.034362972192766611e+05
3.647229414937512293e-01 3.995760209295688546e+05
3.661818332597261971e-01 5.672861817146179965e+05
3.676465605927651259e-01 4.813292249802501174e+05
3.691171468351361895e-01 5.496498390213685343e+05
3.705936154224767076e-01 4.931024185777845560e+05
3.720759898841666247e-01 5.031544096452164813e+05
3.735642938437032656e-01 5.578070286784467753e+05
3.750585510190780902e-01 6.384044839464487741e+05
3.765587852231543908e-01 8.927551822118432028e+05
3.780650203640470441e-01 1.317812039210849209e+06
3.795772804455032068e-01 1.351749001631275285e+06
3.810955895672852312e-01 1.447891908368525794e+06
3.826199719255543585e-01 1.084006341545489617e+06
3.841504518132565771e-01 1.388177207706551533e+06
3.856870536205096456e-01 1.192650530070930254e+06
3.872298018349916715e-01 1.406161647859450663e+06
3.887787210423316320e-01 1.470835663599965395e+06
3.903338359265008939e-01 1.749335522627875907e+06
3.918951712702069545e-01 1.979965367865537992e+06
3.934627519552877928e-01 2.543489357030394953e+06
3.950366029631089404e-01 3.545829935735486913e+06
3.966167493749613859e-01 5.162576255475481972e+06
3.982032163724612550e-01 5.268005838267550804e+06
3.997960292379510450e-01 5.750636003158867359e+06
4.013952133549028578e-01 8.645810319160876796e+06
4.030007942083224659e-01 1.027552550383390486e+07
4.046127973851557647e-01 3.367464143334943336e+06
4.062312485746963908e-01 1.314904070216888189e+07
4.078561735689951728e-01 1.646574286622111313e+07
4.094875982632711353e-01 1.910969189411198720e+07
4.111255486563242245e-01 2.040749209103024006e+07
4.127700508509495880e-01 2.197893225694305077e+07
4.144211310543532978e-01 2.406444915416574851e+07
4.160788155785707931e-01 2.759858161964443699e+07
4.177431308408850463e-01 2.881595949378199503e+07
4.194141033642486138e-01 3.061220413305848464e+07
4.210917597777056320e-01 2.304429188477516174e+07
4.227761268168164221e-01 3.517896610980340838e+07
4.244672313240837602e-01 3.801649401289644092e+07
4.261651002493800910e-01 3.795494404182673246e+07
4.278697606503775730e-01 4.310723423601588607e+07
4.295812396929790666e-01 3.990605802389917523e+07
4.312995646517510107e-01 5.008105032796826959e+07
4.330247629103580187e-01 5.821199633376804739e+07
4.347568619619994745e-01 6.793680494683092833e+07
4.364958894098474596e-01 6.236085006492374092e+07
4.382418729674867897e-01 4.465775024189750850e+07
4.399948404593567730e-01 8.020897854839172959e+07
4.417548198211941890e-01 8.056245970833812654e+07
4.435218391004789873e-01 6.964102289644458890e+07
4.452959264568808750e-01 9.174550683492703736e+07
4.470771101627084021e-01 8.715045624902379513e+07
4.488654186033592119e-01 9.389230113494747877e+07
4.506608802777726241e-01 1.390452398323789239e+08
4.524635237988837710e-01 1.316969580846679062e+08
4.542733778940792333e-01 1.425697092863752544e+08
4.560904714056555065e-01 1.429703063053812385e+08
4.579148332912781894e-01 1.484081361513007581e+08
4.597464926244433370e-01 1.551563799167248607e+08
4.615854785949410899e-01 2.054355674925546944e+08
4.634318205093208576e-01 1.775130249383067191e+08
4.652855477913582227e-01 1.775435798168563247e+08
4.671466899825236219e-01 1.758076998185888827e+08
4.690152767424536906e-01 2.148423728387694061e+08
4.708913378494234969e-01 3.097550971754895449e+08
4.727749032008212171e-01 3.240820434656516314e+08
4.746660028136244769e-01 3.516631523241949677e+08
4.765646668248789131e-01 2.331727256661075950e+08
4.784709254921784560e-01 1.723548410757390559e+08
4.803848091941470555e-01 1.800924437887437940e+08
4.823063484309236815e-01 2.126542633759968877e+08
4.842355738246474361e-01 2.868356735342066884e+08
4.861725161199459966e-01 3.284920897970637083e+08
4.881172061844257226e-01 4.002348523344492912e+08
4.900696750091634302e-01 4.127265838014387488e+08
4.920299537092001074e-01 4.525960419108725786e+08
4.939980735240369625e-01 4.619627017204068303e+08
4.959740658181330253e-01 2.607404311885594726e+08
4.979579620814056362e-01 2.121970274058494568e+08
4.999497939297311566e-01 1.894998931733562350e+08
5.019495931054501758e-01 1.706595275237247050e+08
5.039573914778719965e-01 1.727767395364367664e+08
5.059732210437835054e-01 1.581144784404815435e+08
5.079971139279585435e-01 1.721787031645494998e+08
5.100291023836703852e-01 1.434226856473677754e+08
5.120692187932051054e-01 1.120090995223650783e+08
5.141174956683780550e-01 8.176130258800435066e+07
5.161739656510514473e-01 5.857512472495091707e+07
5.182386615136556074e-01 5.412470232560939342e+07
5.203116161597103329e-01 7.136279226204812527e+07
5.223928626243490303e-01 1.472779283493439853e+08
5.244824340748465152e-01 1.654628384647172987e+08
5.265803638111459239e-01 1.558655735308724940e+08
5.286866852663905103e-01 1.675880640730209053e+08
5.308014320074561088e-01 1.603368345604087710e+08
5.329246377354859288e-01 1.414431942403342724e+08
5.350563362864277916e-01 1.392648093734677434e+08
5.371965616315735881e-01 1.254064419520521015e+08
5.393453478780998456e-01 1.178969870792823732e+08
5.415027292696121819e-01 1.087785883998236358e+08
5.436687401866906466e-01 9.847291239982044697e+07
5.458434151474373941e-01 8.710035161079573631e+07
5.480267888080271321e-01 8.071714740615645051e+07
5.502188959632591247e-01 7.308081294400766492e+07
5.524197715471121928e-01 6.584683636426537484e+07
5.546294506333006025e-01 5.814580157638232410e+07
5.568479684358338400e-01 5.082048416827943176e+07
5.590753603095770519e-01 4.400364427950689942e+07
5.613116617508153716e-01 3.726518634138196707e+07
5.635569083978186899e-01 3.160453023206766322e+07
5.658111360314097560e-01 2.564670138757838681e+07
5.680743805755354980e-01 2.043961764455227554e+07
5.703466780978375672e-01 1.567106218940017745e+07
5.726280648102289872e-01 1.160478966846313328e+07
5.749185770694699160e-01 8.102002446621776558e+06
5.772182513777477375e-01 5.272878394329489209e+06
5.795271243832587071e-01 3.133456358949330170e+06
5.818452328807918184e-01 1.655643702254272299e+06
5.841726138123150003e-01 7.335726675509043271e+05
5.865093042675643131e-01 1.138123635247153725e+05
5.888553414846344758e-01 3.881476877583725695e+02
5.912107628505729462e-01 1.978207591499813861e+04
5.935756059019753339e-01 5.637303411708442727e+05
5.959499083255832552e-01 2.323321851212766021e+06
5.983337079588855190e-01 5.834758104507212527e+06
6.007270427907210886e-01 1.248162673578007333e+07
6.031299509618840426e-01 2.428899055773682892e+07
6.055424707657315331e-01 4.184748662577147782e+07
6.079646406487945187e-01 6.642588736171443760e+07
6.103964992113897203e-01 1.006665880768914819e+08
6.128380852082353503e-01 1.466559848702504933e+08
6.152894375490681744e-01 2.038390083222931027e+08
6.177505952992645710e-01 2.623667543076847494e+08
6.202215976804615893e-01 3.357013029186229706e+08
6.227024840711834486e-01 4.156653252960593700e+08
6.251932940074681477e-01 5.335291109456233978e+08
6.276940671834980723e-01 6.797469170570840836e+08
6.302048434522321552e-01 8.636320937172173262e+08
6.327256628260409244e-01 1.079928595965127468e+09
6.352565654773452142e-01 1.304638005915708065e+09
6.377975917392545435e-01 1.532211788386779308e+09
6.403487821062116003e-01 1.832616128505614042e+09
6.429101772346363930e-01 2.074318615997762680e+09
6.454818179435749537e-01 2.476578037305649757e+09
6.480637452153492628e-01 2.888531885843732357e+09
6.506560001962106154e-01 3.334415725758942604e+09
6.532586241969955410e-01 3.939694924879593372e+09
6.558716586937833881e-01 4.121253366386840343e+09
6.584951453285585732e-01 4.378890632798758507e+09
6.611291259098727169e-01 4.737631157582063675e+09
6.637736424135122215e-01 4.880876846534148216e+09
6.664287369831662922e-01 4.431259256584893227e+09
6.690944519310989547e-01 4.406605688561743736e+09
6.717708297388232941e-01 4.548262069756293297e+09
6.744579130577786907e-01 4.787844888223035812e+09
6.771557447100098326e-01 5.745384552518410683e+09
6.798643676888498355e-01 5.805838388385355949e+09
6.825838251596052508e-01 6.871425696001441002e+09
6.853141604602436265e-01 7.501360686251155853e+09
6.880554171020846210e-01 8.054785483092667580e+09
6.908076387704928933e-01 8.687536261084651947e+09
6.935708693255748791e-01 8.824651606532878876e+09
6.963451528028771209e-01 9.339913000555603027e+09
6.991305334140887062e-01 9.667511156789644241e+09
7.019270555477450380e-01 1.015978120159518814e+10
7.047347637699360456e-01 1.011959349537186813e+10
7.075537028250157290e-01 6.806292176372348785e+09
7.103839176363159202e-01 6.061712386466479301e+09
7.132254533068611568e-01 6.107096800259693146e+09
7.160783551200886610e-01 6.609108710965029716e+09
7.189426685405689854e-01 8.153584133363434792e+09
7.218184392147313222e-01 8.899895687675750732e+09
7.247057129715901436e-01 1.078296298787586212e+10
7.276045358234763949e-01 1.195085519587316132e+10
7.305149539667704639e-01 1.265492097245331764e+10
7.334370137826373703e-01 1.259019945503548050e+10
7.363707618377679509e-01 1.203765562766296577e+10
7.393162448851190449e-01 1.129371008918857193e+10
7.422735098646596752e-01 1.039668382408663368e+10
7.452426039041182282e-01 9.430943135734407425e+09
7.482235743197346300e-01 8.406884350960839272e+09
7.512164686170136330e-01 7.173850317124317169e+09
7.542213344914817652e-01 6.049361503665804863e+09
7.572382198294477229e-01 4.874089038227283478e+09
7.602671727087656484e-01 3.239404418907477856e+09
7.633082413996006288e-01 9.746428347928513288e+08
7.663614743651989691e-01 1.772810059453806654e+07
7.694269202626597970e-01 2.472582094855736941e+07
7.725046279437104424e-01 4.323992442327569127e+08
7.755946464554852593e-01 1.735720396997373104e+09
7.786970250413072225e-01 4.149507589599301815e+09
7.818118131414724115e-01 6.620854977119982719e+09
7.849390603940383793e-01 8.813716495620861053e+09
7.880788166356144098e-01 1.130857345496989250e+10
7.912311319021569922e-01 1.391771969598068619e+10
7.943960564297655180e-01 1.695352935049093628e+10
7.975736406554845281e-01 2.009746723556491852e+10
8.007639352181065151e-01 2.367960869649336243e+10
8.039669909589789443e-01 2.656217046272953033e+10
8.071828589228148276e-01 2.936678516158818436e+10
8.104115903585061842e-01 3.239576712780967331e+10
8.136532367199402760e-01 3.587138874789272308e+10
8.169078496668199518e-01 3.850410860769993591e+10
8.201754810654874328e-01 3.818460123530857086e+10
8.234561829897493190e-01 4.393363192487737274e+10
8.267500077217083687e-01 4.753978500818492889e+10
8.300570077525952772e-01 4.961396901920737457e+10
8.333772357836056743e-01 5.347312488468436432e+10
8.367107447267401188e-01 5.532871285405152130e+10
8.400575877056470908e-01 5.767060720381883240e+10
8.434178180564695371e-01 5.355813241631240082e+10
8.467914893286955236e-01 4.614112589528289795e+10
8.501786552860102208e-01 5.310336171168386078e+10
8.535793699071543283e-01 5.992280060878868866e+10
8.569936873867830540e-01 6.698531218517385864e+10
8.604216621363300899e-01 6.565412092337541962e+10
8.638633487848753623e-01 4.554812488547364807e+10
8.673188021800150027e-01 6.039572586585207367e+10
8.707880773887352044e-01 4.079236643569413757e+10
8.742712296982900755e-01 4.623398897482490540e+10
8.777683146170831563e-01 5.661624923277713776e+10
8.812793878755513788e-01 5.803113953898457336e+10
8.848045054270535781e-01 6.655007343373310089e+10
8.883437234487617795e-01 5.735260077277747345e+10
8.918970983425568155e-01 7.010959819282183838e+10
8.954646867359271623e-01 7.330441837135591125e+10
8.990465454828707736e-01 8.257816543846191406e+10
9.026427316648023558e-01 7.748641562327932739e+10
9.062533025914615292e-01 7.429145597019989014e+10
9.098783158018273198e-01 8.658159546016651917e+10
9.135178290650346478e-01 8.964621448992669678e+10
9.171719003812948134e-01 9.829965760148268127e+10
9.208405879828199803e-01 1.043268413102191162e+11
9.245239503347512100e-01 1.060775814384758606e+11
9.282220461360901620e-01 1.050245609571520081e+11
9.319349343206346781e-01 1.050099579425282135e+11
9.356626740579171431e-01 1.088377717101444550e+11
9.394053247541488405e-01 1.129770543471016541e+11
9.431629460531654185e-01 1.190654275616347656e+11
9.469355978373780180e-01 1.254515926058730621e+11
9.507233402287275092e-01 1.284610326357965546e+11
9.545262335896426142e-01 1.313646238274377747e+11
9.583443385240012491e-01 1.313621593928122559e+11
9.621777158780971950e-01 1.282531093334812317e+11
9.660264267416096562e-01 1.303744724794945374e+11
9.698905324485760371e-01 1.355079532990357361e+11
9.737700945783701600e-01 1.340779940164239044e+11
9.776651749566835914e-01 1.334602666787746735e+11
9.815758356565105203e-01 1.383883314374148254e+11
9.855021389991363012e-01 1.325033880941287079e+11
9.894441475551331022e-01 1.002257674132512054e+11
9.934019241453534432e-01 5.600206805992617798e+10
9.973755318419349480e-01 6.322333075677252960e+10
1.001365033969302543e+00 6.620561780622400665e+10
1.005370494105179757e+00 6.446292830635801697e+10
1.009391976081600362e+00 7.536865787236215210e+10
1.013429543985926884e+00 7.267019455193627930e+10
1.017483262161870350e+00 7.419287823266650391e+10
1.021553195210518128e+00 7.731706668662680054e+10
1.025639407991360219e+00 7.839775605263082886e+10
1.029741965623325539e+00 7.550649211166732788e+10
1.033860933485818867e+00 7.769188319329998779e+10
1.037996377219762012e+00 8.648368390035040283e+10
1.042148362728641198e+00 8.514748258319316101e+10
1.046316956179555557e+00 9.014928606308375549e+10
1.050502224004274066e+00 8.825983457747431946e+10
1.054704232900291139e+00 9.261546833881184387e+10
1.058923049831892227e+00 9.157661247468035889e+10
1.063158742031219628e+00 9.216994696088464355e+10
1.067411376999344741e+00 8.944954511385285950e+10
1.071681022507342096e+00 9.043948076973446655e+10
1.075967746597371377e+00 9.299051929102610779e+10
1.080271617583760779e+00 9.227048483176339722e+10
1.084592704054095913e+00 9.414951106502386475e+10
1.088931074870312044e+00 9.544490461048692322e+10
1.093286799169793433e+00 9.374554900520124817e+10
1.097659946366472461e+00 9.250284001068630981e+10
1.102050586151938294e+00 9.234264260381838989e+10
1.106458788496546219e+00 9.040434211149453735e+10
1.110884623650532532e+00 8.914766196621954346e+10
1.115328162145134749e+00 8.787890613694755554e+10
1.119789474793714934e+00 8.997138787559849548e+10
1.124268632692889902e+00 9.227054312302940369e+10
1.128765707223661430e+00 9.483433712848951721e+10
1.133280770052556230e+00 8.951096725809759521e+10
1.137813893132766374e+00 9.527984630329811096e+10
1.142365148705297484e+00 9.710528739676101685e+10
1.146934609300118479e+00 9.860869053025608826e+10
1.151522347737319096e+00 9.772831784621363831e+10
1.156128437128268516e+00 9.711716107373999023e+10
1.160752950876781542e+00 9.762342945728239441e+10
1.165395962680288999e+00 9.979048669050772095e+10
1.170057546531009907e+00 9.698848094382177734e+10
1.174737776717134086e+00 9.650035659978199768e+10
1.179436727824002773e+00 9.445615468628453064e+10
1.184154474735298557e+00 1.009241843858247223e+11
1.188891092634239977e+00 1.027121005317385101e+11
1.193646657004777012e+00 1.010364860075202789e+11
1.198421243632796118e+00 9.599562348857308960e+10
1.203214928607327261e+00 9.665682029356747437e+10
1.208027788321756724e+00 9.943654192819129944e+10
1.212859899475043468e+00 9.859361354942622375e+10
1.217711339072943710e+00 1.008585903234681854e+11
1.222582184429235275e+00 1.005493320139595490e+11
1.227472513166952384e+00 1.034354660819667358e+11
1.232382403219620226e+00 1.038301533477797852e+11
1.237311932832498407e+00 1.048060710088381500e+11
1.242261180563828615e+00 1.029257199827711029e+11
1.247230225286083849e+00 1.086652317466480713e+11
1.252219146187228072e+00 1.088235323899329529e+11
1.257228022771976983e+00 1.130662904446618805e+11
1.262256934863064783e+00 1.151936590853248749e+11
1.267305962602517155e+00 1.181978831853180542e+11
1.272375186452927354e+00 1.194635544611588593e+11
1.277464687198738957e+00 1.208669633660630951e+11
1.282574545947533950e+00 1.220659021438177490e+11
1.287704844131324133e+00 1.218554391107711487e+11
1.292855663507849417e+00 1.226078692214308777e+11
1.298027086161880783e+00 1.240197812358934631e+11
1.303219194506528344e+00 1.250526631584543152e+11
1.308432071284554521e+00 1.253917116652869110e+11
1.313665799569692760e+00 1.257896158116558533e+11
1.318920462767971591e+00 1.259053465090417023e+11
1.324196144619043336e+00 1.242283981210234070e+11
1.329492929197519491e+00 1.183459547344889069e+11
1.334810900914309650e+00 9.784287935997593689e+10
1.340150144517967101e+00 7.874400645786875916e+10
1.345510745096038852e+00 6.835458376558648682e+10
1.350892788076423212e+00 6.402445721136111450e+10
1.356296359228728932e+00 5.734940040889360809e+10
1.361721544665643879e+00 6.472452553440592957e+10
1.367168430844306393e+00 7.487792414769274902e+10
1.372637104567683730e+00 7.668473697951005554e+10
1.378127652985954299e+00 8.231701424848419189e+10
1.383640163597898098e+00 6.865435258310362244e+10
1.389174724252289828e+00 7.022825720520631409e+10
1.394731423149298877e+00 6.457968106840351868e+10
1.400310348841896202e+00 6.722886736531735229e+10
1.405911590237263642e+00 6.929872800266835022e+10
1.411535236598212784e+00 6.044521984261665344e+10
1.417181377544605603e+00 6.299731500940608215e+10
1.422850103054784210e+00 6.357757238421959686e+10
1.428541503467003038e+00 6.660225535365744781e+10
1.434255669480871243e+00 6.443217154864940643e+10
1.439992692158794885e+00 6.613123240707595062e+10
1.445752662927429988e+00 7.005534661681671143e+10
1.451535673579139596e+00 7.153762724841029358e+10
1.457341816273456159e+00 7.343430742576098633e+10
1.463171183538549913e+00 7.180251659111877441e+10
1.469023868272704147e+00 7.027440724014657593e+10
1.474899963745795128e+00 7.101776029571525574e+10
1.480799563600778246e+00 7.013886244265071106e+10
1.486722761855181485e+00 6.966753668257315063e+10
1.492669652902602007e+00 6.882747882406401062e+10
1.498640331514212276e+00 6.840659581797370911e+10
1.504634892840269300e+00 6.705893099103695679e+10
1.510653432411630304e+00 6.538256786248903656e+10
1.516696046141276843e+00 6.415677673790682220e+10
1.522762830325842032e+00 6.331862122078453827e+10
1.528853881647145307e+00 6.184838341307198334e+10
1.534969297173733649e+00 6.037987463041670990e+10
1.541109174362428780e+00 5.888583229630515289e+10
1.547273611059878373e+00 5.743441853361746979e+10
1.553462705504118135e+00 5.563796978386233521e+10
1.559676556326134556e+00 5.401822763374538422e+10
1.565915262551438980e+00 5.237090987007968140e+10
1.572178923601644795e+00 5.067460947564108276e+10
1.578467639296051495e+00 4.894109108491777039e+10
1.584781509853235626e+00 4.724143279229667664e+10
1.591120635892648405e+00 4.545943211797712708e+10
1.597485118436219098e+00 4.363198768916326904e+10
1.603875058909963958e+00 4.169286882696774292e+10
1.610290559145603595e+00 3.960739564071298981e+10
1.616731721382186127e+00 3.752817592312634277e+10
1.623198648267714761e+00 3.556521774989441681e+10
1.629691442860785600e+00 3.396369183415141678e+10
1.636210208632228769e+00 3.265440616899845505e+10
1.642755049466757766e+00 3.162291886768205261e+10
1.649326069664624805e+00 3.077712604114675522e+10
1.655923373943283039e+00 2.956477864658719254e+10
1.662547067439056336e+00 2.840942199635425568e+10
1.669197255708812611e+00 2.572481080698310852e+10
1.675874044731648027e+00 2.570717272927070999e+10
1.682577540910574321e+00 2.504573803705205536e+10
1.689307851074216771e+00 2.394300160310826492e+10
1.696065082478513508e+00 2.285127182737086105e+10
1.702849342808427480e+00 2.200643682963615417e+10
1.709660740179661298e+00 2.143442790597703934e+10
1.716499383140379864e+00 2.057417101143074799e+10
1.723365380672941427e+00 1.987585002044018555e+10
1.730258842195633306e+00 1.892410314497817230e+10
1.737179877564415831e+00 1.811787874008271408e+10
1.744128597074673603e+00 1.739516648552530670e+10
1.751105111462972097e+00 1.670379381139731216e+10
1.758109531908824241e+00 1.587789037851740456e+10
1.765141970036459451e+00 1.490407098650761604e+10
1.772202537916605314e+00 1.433337835973364449e+10
1.779291348068271716e+00 1.346681751200845718e+10
1.786408513460544745e+00 1.265151526046438026e+10
1.793554147514387020e+00 1.169566476983460236e+10
1.800728364104444257e+00 1.140970885413881493e+10
1.807931277560862249e+00 1.066615630349621391e+10
1.815163002671105641e+00 1.047037712085567093e+10
1.822423654681789795e+00 1.034170739277085876e+10
1.829713349300517100e+00 9.546203163151283264e+09
1.837032202697718830e+00 9.466569712162704468e+09
1.844380331508509885e+00 9.491955970523290634e+09
1.851757852834543527e+00 9.022505171147380829e+09
1.859164884245881888e+00 8.352941773124895096e+09
1.866601543782865358e+00 7.909841683069396019e+09
1.874067949957996859e+00 7.937521211542891502e+09
1.881564221757828781e+00 8.643529495888557434e+09
1.889090478644860127e+00 8.388929116298058510e+09
1.896646840559439662e+00 8.313483617761554718e+09
1.904233427921677269e+00 7.694556089372095108e+09
1.911850361633363971e+00 7.583078414106405258e+09
1.919497763079897279e+00 7.119588221763700485e+09
1.927175754132217200e+00 6.911986663034406662e+09
1.934884457148745796e+00 6.745805845584098816e+09
1.942623994977340729e+00 6.485857822569611549e+09
1.950394490957250149e+00 6.677549913188730240e+09
1.958196068921079336e+00 6.461002355593791008e+09
1.966028853196763793e+00 6.655753014406908035e+09
1.973892968609550991e+00 6.539163298184419632e+09
1.981788540483989447e+00 6.627048379731041908e+09
1.989715694645925126e+00 6.596179655425159454e+09
1.997674557424508723e+00 6.600414000496458054e+09
2.005665255654207169e+00 6.554002290325710297e+09
2.013687916676823786e+00 6.471955508743148804e+09
2.021742668343530891e+00 6.385205361049244881e+09
2.029829639016905052e+00 6.294869968476225853e+09
2.037948957572972564e+00 6.216650212262736320e+09
2.046100753403264694e+00 6.125131625055955887e+09
2.054285156416877811e+00 6.024518412209982872e+09
2.062502297042545507e+00 5.918975743197387695e+09
2.070752306230715600e+00 5.805623725346094131e+09
2.079035315455638244e+00 5.688349885206305504e+09
2.087351456717461140e+00 5.575716724411902428e+09
2.095700862544330967e+00 5.465847078794993401e+09
2.104083665994508134e+00 5.367644552608606339e+09
2.112500000658485977e+00 5.280456550440513611e+09
2.120950000661120161e+00 5.202324554366649628e+09
2.129433800663764753e+00 5.133458059231906891e+09
2.137951535866419839e+00 5.073047349188986778e+09
2.146503342009885351e+00 5.012661068515932083e+09
2.155089355377924676e+00 4.951530763909526825e+09
2.163709712799436691e+00 4.872999167061635017e+09
2.172364551650634468e+00 4.808844398422373772e+09
2.181054009857236853e+00 4.719335194272417068e+09
2.189778225896665376e+00 4.623030353413614273e+09
2.198537338800252705e+00 4.417115205548396111e+09
2.207331488155453325e+00 4.315448817072919846e+09
2.216160814108075083e+00 4.342650326722591400e+09
2.225025457364507631e+00 4.256267821297863007e+09
2.233925559193965515e+00 4.151760775056600094e+09
2.242861261430741493e+00 4.037602797569330215e+09
2.251832706476463830e+00 3.961308044535948753e+09
2.260840037302370042e+00 3.853640513403800488e+09
2.269883397451579299e+00 3.851872090010882854e+09
2.278962931041386142e+00 3.772781194370732307e+09
2.288078782765551100e+00 3.700038647356603146e+09
2.297231097896613505e+00 3.667594685151948929e+09
2.306420022288200311e+00 3.746215547462584496e+09
2.315645702377353121e+00 3.639573919212108135e+09
2.324908285186861878e+00 3.549247270316235065e+09
2.334207918327609654e+00 3.485017226077175617e+09
2.343544750000919663e+00 3.458699177420772076e+09
2.352918929000923143e+00 3.525688356218502045e+09
2.362330604716927240e+00 3.602771466665287971e+09
2.371779927135795329e+00 3.437012593179948330e+09
2.381267046844337987e+00 3.548496353045547009e+09
2.390792115031715070e+00 3.674995606974778175e+09
2.400355283491842240e+00 3.744132780924625397e+09
2.409956704625809465e+00 3.830230147826485157e+09
2.419596531444312859e+00 3.892948938950394630e+09
2.429274917570089620e+00 4.018236202160377026e+09
2.438992017240370291e+00 4.111218991071441174e+09
2.448747985309331465e+00 4.225198572272075176e+09
2.458542977250568917e+00 4.386100184950674057e+09
2.468377149159570738e+00 4.511779393117431641e+09
2.478250657756209563e+00 4.549304497540273666e+09
2.488163660387234355e+00 4.677839286715119362e+09
2.498116315028783063e+00 4.870372843397634506e+09
2.508108780288898387e+00 4.736709140868339539e+09
2.518141215410053757e+00 4.886081100589352608e+09
2.528213780271693967e+00 4.760821433415945053e+09
2.538326635392781139e+00 4.919295985171936989e+09
2.548479941934351789e+00 4.846069589639808655e+09
2.558673861702089436e+00 5.283335237982605934e+09
2.568908557148898097e+00 5.247550939779825211e+09
2.579184191377493551e+00 5.348508334118221283e+09
2.589500928143003478e+00 5.611465363613914490e+09
2.599858931855575594e+00 5.964383247816319466e+09
2.610258367582998229e+00 6.706869564336433411e+09
2.620699401053329769e+00 7.031470023753311157e+09
2.631182198657543214e+00 7.120698237489212036e+09
2.641706927452173392e+00 7.948179810412771225e+09
2.652273755161981938e+00 8.154516943159122467e+09
2.662882850182629824e+00 7.329740357900857925e+09
2.673534381583360542e+00 6.017010417629120827e+09
2.684228519109693956e+00 6.207736095279695511e+09
2.694965433186132575e+00 6.848662916743246078e+09
2.705745294918877164e+00 7.242049623600275993e+09
2.716568276098552559e+00 7.617722982022018433e+09
2.727434549202946812e+00 8.958214582660757065e+09
2.738344287399758326e+00 7.729570951566023827e+09
2.749297664549357201e+00 9.789632781512037277e+09
2.760294855207554576e+00 8.158980676327212334e+09
2.771336034628385292e+00 8.277698536336975098e+09
2.782421378766898545e+00 7.757037630700249672e+09
2.793551064281966312e+00 9.988812166203428268e+09
2.804725268539093985e+00 7.827771060178380966e+09
2.815944169613250558e+00 8.888503046156414032e+09
2.827207946291703244e+00 1.081971940787434196e+10
2.838516778076869862e+00 8.849295075509181976e+09
2.849870845189177437e+00 9.840178367927038193e+09
2.861270328569933685e+00 1.087504152662325859e+10
2.872715409884213589e+00 1.049237657605274010e+10
2.884206271523750420e+00 1.147038836163703537e+10
2.895743096609845413e+00 1.177945705836735344e+10
2.907326068996284985e+00 1.168320126461081505e+10
2.918955373272270393e+00 1.320700736128494644e+10
2.930631194765359826e+00 1.353316930191819382e+10
2.942353719544420709e+00 1.352604736485976791e+10
2.954123134422598440e+00 1.391794713402884102e+10
2.965939626960289122e+00 1.436274483654564095e+10
2.977803385468130504e+00 1.504288719568471146e+10
2.989714599010003138e+00 1.575613169467418289e+10
3.001673457406043077e+00 1.328347292995292091e+10
3.013680151235667015e+00 1.564953286437244034e+10
3.025734871840609408e+00 1.609132967063056564e+10
3.037837811327972037e+00 1.681669634351064491e+10
3.049989162573283785e+00 1.566951458052516556e+10
3.062189119223576395e+00 1.622946751468961334e+10
3.074437875700470890e+00 1.485565670724184418e+10
3.086735627203272880e+00 1.402550059186481667e+10
3.099082569712085622e+00 1.350818099740593719e+10
3.111478899990933744e+00 1.228908713833693123e+10
3.123924815590897186e+00 1.241625728378124809e+10
3.136420514853261121e+00 1.033688344063063812e+10
3.148966196912674320e+00 9.644760338629169464e+09
3.161562061700325277e+00 8.290363923612812042e+09
3.174208309947126327e+00 8.280832291241057396e+09
3.186905143186915090e+00 7.525523015731056213e+09
3.199652763759662566e+00 7.244134247641280174e+09
3.212451374814701222e+00 8.025436371701577187e+09
3.225301180313960625e+00 7.833490206799434662e+09
3.238202385035215958e+00 8.594041214152532578e+09
3.251155194575356955e+00 9.330655572095798492e+09
3.264159815353658622e+00 1.056808933131782150e+10
3.277216454615073271e+00 1.221639464767726517e+10
3.290325320433533207e+00 1.318373009489315796e+10
3.303486621715267635e+00 1.242776303753678131e+10
3.316700568202128441e+00 3.278289869914521217e+09
3.329967370474937294e+00 2.334652634426259995e+09
3.343287239956836743e+00 4.611418439891195297e+09
3.356660388916663962e+00 7.929796504639255524e+09
3.370087030472330714e+00 1.037747007648817253e+10
3.383567378594220187e+00 1.078092471086824417e+10
3.397101648108596716e+00 1.012594299863304329e+10
3.410690054701031482e+00 9.756558100972526550e+09
3.424332814919834878e+00 9.080088407627872467e+09
3.438030146179514634e+00 8.767071692002115250e+09
3.451782266764232610e+00 8.771196585877973557e+09
3.465589395831289998e+00 9.307042352911367416e+09
3.479451753414614767e+00 9.350759516311235428e+09
3.493369560428273068e+00 9.907998256128580093e+09
3.507343038669985980e+00 1.057986566286289215e+10
3.521372410824665788e+00 1.101424274194389153e+10
3.535457900467964709e+00 1.108612393459856224e+10
3.549599732069836477e+00 1.154333242386834908e+10
3.563798130998116154e+00 1.231188435879910660e+10
3.578053323522108364e+00 1.321781974828043175e+10
3.592365536816196858e+00 1.442723303415699577e+10
3.606734998963461614e+00 1.484474652404694366e+10
3.621161938959315041e+00 1.597127322326920509e+10
3.635646586715152839e+00 1.685858993863637543e+10
3.650189173062013293e+00 1.739272755128088379e+10
3.664789929754260545e+00 1.798465292374965668e+10
3.679449089473277645e+00 1.874660879046054840e+10
3.694166885831170699e+00 1.874567282971664047e+10
3.708943553374495661e+00 1.903337208870721436e+10
3.723779327587993571e+00 1.910491847417969894e+10
3.738674444898345328e+00 1.953679734430516434e+10
3.753629142677938901e+00 1.955307970621323776e+10
3.768643659248651190e+00 1.929162787609127808e+10
3.783718233885645432e+00 1.928935481240151596e+10
3.798853106821188153e+00 1.931790875591511917e+10
3.814048519248473657e+00 1.945420243145932007e+10
3.829304713325467180e+00 1.949697548033877563e+10
3.844621932178768908e+00 1.908083239190999222e+10
3.860000419907484215e+00 1.917133373322996902e+10
3.875440421587113882e+00 1.902564269222181702e+10
3.890942183273462529e+00 1.896514422809334183e+10
3.906505952006555926e+00 1.876555329714535141e+10
3.922131975814582727e+00 1.862163558754115295e+10
3.937820503717840648e+00 1.855363254397514343e+10
3.953571785732711508e+00 1.830031547648804092e+10
3.969386072875642490e+00 1.816783650666887665e+10
3.985263617167145167e+00 1.800304971444941711e+10
4.001204671635814059e+00 1.777646053874006271e+10
4.017209490322357190e+00 1.760590469704968643e+10
4.033278328283646630e+00 1.739464625214857864e+10
4.049411441596781458e+00 1.717856244116699791e+10
4.065609087363168506e+00 1.698987000483343887e+10
4.081871523712622185e+00 1.671495334681609344e+10
4.098199009807472315e+00 1.650804110459509659e+10
4.114591805846702144e+00 1.628735187959920120e+10
4.131050173070089038e+00 1.600872238168116760e+10
4.147574373762369149e+00 1.587637991287392616e+10
4.164164671257418959e+00 1.555810838961183548e+10
4.180821329942449260e+00 1.531327595657492447e+10
4.197544615262219558e+00 1.516746041594971085e+10
4.214334793723269357e+00 1.487818523042700768e+10
4.231192132898162761e+00 1.475384293809729385e+10
4.248116901429755288e+00 1.438171165394186401e+10
4.265109369035473996e+00 1.424867281163955498e+10
4.282169806511615384e+00 1.401484515703108788e+10
4.299298485737661935e+00 1.346485396941463089e+10
4.316495679680612874e+00 1.334073544188705635e+10
4.333761662399335357e+00 1.325846456461086464e+10
4.351096709048932532e+00 1.306749739357744980e+10
4.368501095885127583e+00 1.297810047071054077e+10
4.385975100268668214e+00 1.280540997825341034e+10
4.403519000669743555e+00 1.251425153604972267e+10
4.421133076672422391e+00 1.245381861735222435e+10
4.438817608979111817e+00 1.206573497749749947e+10
4.456572879415028332e+00 1.214995157530477333e+10
4.474399170932688463e+00 1.170664891907455254e+10
4.492296767616419828e+00 1.173915467638187218e+10
4.510265954686884626e+00 1.163227094558880615e+10
4.528307018505633330e+00 1.105260540793992043e+10
4.546420246579655711e+00 1.135868470659317970e+10
4.564605927565974497e+00 1.100596532222962189e+10
4.582864351276237258e+00 1.096920320774663925e+10
4.601195808681342925e+00 1.081950721394884872e+10
4.619600591916067422e+00 1.023014269991364098e+10
4.638078994283731937e+00 1.043277783521509361e+10
4.656631310260867629e+00 1.008976458575878906e+10
4.675257835501911430e+00 9.688430281472368240e+09
4.693958866843916944e+00 1.003743992563659477e+10
4.712734702311292878e+00 9.638710403713766098e+09
4.731585641120538810e+00 9.308338194264486313e+09
4.750511983685020923e+00 9.525645080248960495e+09
4.769514031619761063e+00 9.208294159117055893e+09
4.788592087746240011e+00 8.698973230874504089e+09
4.807746456097224730e+00 8.916590445399082184e+09
4.826977441921613377e+00 8.874643473274288177e+09
4.846285351689299858e+00 8.238275003770607948e+09
4.865670493096057925e+00 8.571631943818855286e+09
4.885133175068442135e+00 8.291999320081813812e+09
4.904673707768715474e+00 8.023463481955645561e+09
4.924292402599791174e+00 8.079719656470698357e+09
4.943989572210189642e+00 7.720361412529268265e+09
4.963765530499030021e+00 7.375642339777692795e+09
4.983620592621027079e+00 7.796495339679101944e+09
5.003555074991511198e+00 7.532960800505317688e+09
5.023569295291476777e+00 6.752092974597190857e+09
5.043663572472643075e+00 7.218219296431134224e+09
5.063838226762532813e+00 7.227921916555892944e+09
5.084093579669583640e+00 6.691637284112615585e+09
5.104429953988261381e+00 6.753589377926706314e+09
5.124847673804215020e+00 6.692062653866200447e+09
5.145347064499431688e+00 6.004902249799530029e+09
5.165928452757428957e+00 6.207173224657932281e+09
5.186592166568458673e+00 6.557800229266094208e+09
5.207338535234733001e+00 5.563340824849544525e+09
5.228167889375671784e+00 6.026780110551992416e+09
5.249080560933174766e+00 5.931833632965336800e+09
5.270076883176907145e+00 5.606084914832068443e+09
5.291157190709615321e+00 5.632820191837881088e+09
5.312321819472453299e+00 5.514355914277104378e+09
5.333571106750343738e+00 5.910229537316194534e+09
5.354905391177344320e+00 4.849192750613434792e+09
5.376325012742054099e+00 5.141162794097727776e+09
5.397830312793021612e+00 5.382292654905604362e+09
5.419421634044193858e+00 4.180111254524577618e+09
5.441099320580370602e+00 5.168439720417284966e+09
5.462863717862692425e+00 4.665183895896637917e+09
5.484715172734142996e+00 4.805208891762432098e+09
5.506654033425078865e+00 4.688874676633283615e+09
5.528680649558780580e+00 4.469659890963629723e+09
5.550795372157015350e+00 4.292309638508784771e+09
5.572998553645643227e+00 4.060646047031351566e+09
5.595290547860225949e+00 4.384193624433969498e+09
5.617671710051667766e+00 4.207028079395092964e+09
5.640142396891874021e+00 4.186186203480551720e+09
5.662702966479441713e+00 4.104177229562229156e+09
5.685353778345359821e+00 3.873098919374830246e+09
5.708095193458740724e+00 3.764606722164918900e+09
5.730927574232576482e+00 3.689925423891002655e+09
5.753851284529505783e+00 3.838034271719181538e+09
5.776866689667624399e+00 3.530296338589122772e+09
5.799974156426294769e+00 3.959273905392313004e+09
5.823174053051999977e+00 3.232232447607758999e+09
5.846466749264207508e+00 3.743066974067046642e+09
5.869852616261264977e+00 3.333042809373063087e+09
5.893332026726310069e+00 3.295993653628197193e+09
5.916905354833215114e+00 3.663266803554104805e+09
5.940572976252548543e+00 3.130517886433975220e+09
5.964335268157558545e+00 3.519431158973972797e+09
5.988192609230189589e+00 3.468346084442507744e+09
6.012145379667110490e+00 3.574966739742286205e+09
6.036193961185778889e+00 3.291506737142117500e+09
6.060338737030522616e+00 3.095803721479609489e+09
6.084580091978644134e+00 3.378669248246634483e+09
6.108918412346558746e+00 3.097500748437586308e+09
6.133354085995945226e+00 3.234663146533094883e+09
6.157887502339929320e+00 2.929837032416758537e+09
6.182519052349287669e+00 2.990607669140037537e+09
6.207249128558685491e+00 3.163200033447741032e+09
6.232078125072920471e+00 3.134841494476051807e+09
6.257006437573212843e+00 3.179297915992280006e+09
6.282034463323505236e+00 3.145992959949662685e+09
6.307162601176800720e+00 3.170008858873579979e+09
6.332391251581507063e+00 3.030179781377591610e+09
6.357720816587833390e+00 3.044989255298476696e+09
6.383151699854184180e+00 2.937778164301759243e+09
6.408684306653601226e+00 2.526088220322488785e+09
6.434319043880215361e+00 2.738627282354989052e+09
6.460056320055736379e+00 2.513589683691621304e+09
6.485896545335958052e+00 2.223931977637259007e+09
6.511840131517302233e+00 2.404044380369978428e+09
6.537887492043371829e+00 2.472935127083730698e+09
6.564039042011545533e+00 2.271809552133175373e+09
6.590295198179591196e+00 2.103387886625006914e+09
6.616656378972309405e+00 2.119477366721481562e+09
6.643123004488199257e+00 2.139367916722738981e+09
6.669695496506150789e+00 2.308418172535876274e+09
6.696374278492176479e+00 2.351611811937348366e+09
6.723159775606144528e+00 2.192066273693519592e+09
6.750052414708568094e+00 2.364209930204821587e+09
6.777052624367403411e+00 2.180783066920385361e+09
6.804160834864871887e+00 2.157860524934374809e+09
6.831377478204331055e+00 2.125908600844119072e+09
6.858702988117148180e+00 1.991251054813341379e+09
6.886137800069615622e+00 2.235609822878425598e+09
6.913682351269895499e+00 2.247902018458978653e+09
6.941337080674975013e+00 2.241423380422201633e+09
6.969102428997675069e+00 2.064977826010566235e+09
6.996978838713665994e+00 2.143366034229083538e+09
7.024966754068519670e+00 2.079516147989297390e+09
7.053066621084793653e+00 1.923768065230038881e+09
7.081278887569133929e+00 2.011333036780878067e+09
7.109604003119409654e+00 1.933042597512017488e+09
7.138042419131887861e+00 1.913108159958860636e+09
7.166594588808414379e+00 1.798966442807729721e+09
7.195260967163648047e+00 1.768036462760786533e+09
7.224042011032302923e+00 1.747262599146265268e+09
7.252938179076432235e+00 1.692843553701243401e+09
7.281949931792737196e+00 1.608412684691628695e+09
7.311077731519908696e+00 1.658369745966004372e+09
7.340322042445988515e+00 1.472499717749465942e+09
7.369683330615771411e+00 1.552800461909694910e+09
7.399162063938235612e+00 1.587846182127609491e+09
7.428758712193988423e+00 1.538704442099496126e+09
7.458473747042765112e+00 1.423100052869096756e+09
7.488307642030935796e+00 1.543365323404792547e+09
7.518260872599060285e+00 1.629449428310614586e+09
7.548333916089456253e+00 1.601562846501104355e+09
7.578527251753813587e+00 1.589935292861792803e+09
7.608841360760829176e+00 1.574378655979998827e+09
7.639276726203872769e+00 1.707114848457924604e+09
7.669833833108687493e+00 1.184763844455152273e+09
7.700513168441122325e+00 1.221619897022759438e+09
7.731315221114887670e+00 1.201316214877060890e+09
7.762240481999347352e+00 1.247350023987902641e+09
7.793289443927344351e+00 1.335825112507079840e+09
7.824462601703054077e+00 1.355059354588884115e+09
7.855760452109866065e+00 1.387453787086161613e+09
7.887183493918306532e+00 1.324820080698917866e+09
7.918732227893980458e+00 1.379913468870965958e+09
7.950407156805555431e+00 1.414525990650302649e+09
7.982208785432777454e+00 1.434340110343413830e+09
8.014137620574508958e+00 1.364455264544249535e+09
8.046194171056805899e+00 1.343684358340146780e+09
8.078378947741034821e+00 1.349426375826767921e+09
8.110692463531997021e+00 1.426883823471658945e+09
8.143135233386125549e+00 1.333403052558536768e+09
8.175707774319670662e+00 1.319855426362890720e+09
8.208410605416949224e+00 1.318337149874348402e+09
8.241244247838615422e+00 1.307294643198618174e+09
8.274209224829968790e+00 1.341484191336890936e+09
8.307306061729288871e+00 1.327091834369578838e+09
8.340535285976207192e+00 1.305953603713160992e+09
8.373897427120111203e+00 1.235441170366531849e+09
8.407393016828594412e+00 1.296397757578681707e+09
8.441022588895906509e+00 1.302708162176311016e+09
8.474786679251490540e+00 1.295760433012610674e+09
8.508685825968495209e+00 1.223050947555337906e+09
8.542720569272368891e+00 1.269048222418443680e+09
8.576891451549458978e+00 1.284510824152362823e+09
8.611199017355655627e+00 1.255169323059816599e+09
8.645643813425078150e+00 1.190371311337381363e+09
8.680226388678779159e+00 1.228634511241954088e+09
8.714947294233493125e+00 1.238910605668293238e+09
8.749807083410427566e+00 1.208621561231862783e+09
8.784806311744070229e+00 1.164457558313085556e+09
8.819945536991047774e+00 1.178876051630548239e+09
8.855225319139009343e+00 1.192932547472198725e+09
8.890646220415566958e+00 1.181856120242011786e+09
8.926208805297228821e+00 1.131604270681355715e+09
8.961913640518417878e+00 1.095928460112268448e+09
8.997761295080492161e+00 1.135968633724934340e+09
9.033752340260813085e+00 1.127157214386314631e+09
9.069887349621856387e+00 1.088176413317215919e+09
9.106166899020346150e+00 1.089121873458668470e+09
9.142591566616424359e+00 1.073368859925372958e+09
9.179161932882891506e+00 1.071499121109326959e+09
9.215878580614422333e+00 1.036889101565655589e+09
9.252742094936881045e+00 1.060327149468934655e+09
9.289753063316627646e+00 1.013956836818707943e+09
9.326912075569895322e+00 1.010754262066541672e+09
9.364219723872173162e+00 1.023237641164090633e+09
9.401676602767663482e+00 1.003445677507210493e+09
9.439283309178733816e+00 9.887497743102755547e+08
9.477040442415447075e+00 9.645780123246849775e+08
9.514948604185111236e+00 9.697264026185604334e+08
9.553008398601852136e+00 9.582813471639585495e+08
9.591220432196260859e+00 9.611694849277749062e+08
9.629585313925044687e+00 9.431063964445739985e+08
9.668103655180747324e+00 9.149838765854740143e+08
9.706776069801470896e+00 9.231044108905805349e+08
9.745603174080676112e+00 9.133899209490993023e+08
9.784585586776998412e+00 9.076076372089718580e+08
9.823723929124106746e+00 8.974911609813302755e+08
9.863018824840601440e+00 8.815061937677102089e+08
9.902470900139965337e+00 8.696989418054730892e+08
9.942080783740523842e+00 8.651262280621886253e+08
9.981849106875488431e+00 8.686213347408888340e+08
1.002177650330298952e+01 8.568037837779860497e+08
1.006186360931619994e+01 8.307222124412597418e+08
1.010211106375346723e+01 8.313661109334356785e+08
1.014251950800847979e+01 8.283134518422350883e+08
1.018308958604051284e+01 8.217583028700126410e+08
1.022382194438467451e+01 8.136193334611787796e+08
1.026471723216221399e+01 7.975578902752072811e+08
1.030577610109086173e+01 7.849834605999565125e+08
1.034699920549522467e+01 6.488240211001158953e+08
1.038838720231720458e+01 6.384423089009106159e+08
1.042994075112647501e+01 6.697786868343651295e+08
1.047166051413097954e+01 6.734755545493111610e+08
1.051354715618750468e+01 6.690470830085041523e+08
1.055560134481225454e+01 6.915311044941898584e+08
1.059782375019150358e+01 6.946935715301047564e+08
1.064021504519226902e+01 6.807291289742391109e+08
1.068277590537303823e+01 6.535499433029413223e+08
1.072550700899452991e+01 5.932405849673137665e+08
1.076840903703050856e+01 6.084374378356511593e+08
1.081148267317863088e+01 6.341434192054605484e+08
1.085472860387134553e+01 6.506958329173738956e+08
1.089814751828683015e+01 6.414827443385463953e+08
1.094174010835997635e+01 6.269456556846504211e+08
1.098550706879341909e+01 6.229005229037928581e+08
1.102944909706859100e+01 6.172180268241943121e+08
1.107356689345686540e+01 6.360056080220936537e+08
1.111786116103069233e+01 6.252751920755792856e+08
1.116233260567481622e+01 6.279445475123107433e+08
1.120698193609751492e+01 6.132699068144125938e+08
1.125180986384190440e+01 5.839579853092800379e+08
1.129681710329727373e+01 6.084008274883699417e+08
1.134200437171046083e+01 5.995351936280304193e+08
1.138737238919730466e+01 5.899821158128451109e+08
1.143292187875409383e+01 5.913140670703192949e+08
1.147865356626910938e+01 5.734400790970388651e+08
1.152456818053418530e+01 5.512381746930454969e+08
1.157066645325632237e+01 5.576692751462388039e+08
1.161694911906934635e+01 5.569463727119727135e+08
1.166341691554562487e+01 5.470517500911041498e+08
1.171007058320780736e+01 5.081110007257019877e+08
1.175691086554063958e+01 5.276069355983526111e+08
1.180393850900279951e+01 5.156344277542188764e+08
1.185115426303881137e+01 5.235323545717645288e+08
1.189855888009096674e+01 5.194911366010642052e+08
1.194615311561133097e+01 5.084820640430208445e+08
1.199393772807377623e+01 4.913915670311612487e+08
1.204191347898607134e+01 4.999651302435815334e+08
1.209008113290201614e+01 4.657271322501608729e+08
1.213844145743362368e+01 4.880249067640958428e+08
1.218699522326335938e+01 4.871092335026775002e+08
1.223574320415641381e+01 4.655311792131782770e+08
1.228468617697303777e+01 4.561128169241288900e+08
1.233382492168093059e+01 4.619341571425669193e+08
1.238316022136765504e+01 4.251876886195400357e+08
1.243269286225312520e+01 4.420155539873604774e+08
1.248242363370213859e+01 4.501751900673117042e+08
1.253235332823694748e+01 4.200583236250252724e+08
1.258248274154989410e+01 4.169792404900357723e+08
1.263281267251609385e+01 4.298388724980335236e+08
1.268334392320615756e+01 4.127008242501705885e+08
1.273407729889898299e+01 4.050256111624797583e+08
1.278501360809457665e+01 4.150684493065953851e+08
1.283615366252695544e+01 3.957039949391227365e+08
1.288749827717706253e+01 3.986634232094114423e+08
1.293904827028577031e+01 3.945181563321247697e+08
1.299080446336691352e+01 3.919922623827623725e+08
1.304276768122038099e+01 3.695252201771140695e+08
1.309493875194526424e+01 3.840756363841774464e+08
1.314731850695304693e+01 3.700485036591197848e+08
1.319990778098085649e+01 3.721942650712080598e+08
1.325270741210477965e+01 3.570160538292118907e+08
1.330571824175319939e+01 3.489336918554779887e+08
1.335894111472021173e+01 3.507140935049999952e+08
1.341237687917909227e+01 3.368481561892652512e+08
1.346602638669580898e+01 3.353566943517802954e+08
1.351989049224258999e+01 3.452240440950507522e+08
1.357397005421156067e+01 3.346839343796513081e+08
1.362826593442840917e+01 3.296469317260309458e+08
1.368277899816612297e+01 3.257586207660524845e+08
1.373751011415878942e+01 3.177182706548504829e+08
1.379246015461542463e+01 3.204584107326006889e+08
1.384762999523388416e+01 3.145995726273062825e+08
1.390302051521481808e+01 3.148672562649308443e+08
1.395863259727567751e+01 3.132583614339604974e+08
1.401446712766477987e+01 2.962712209607948065e+08
1.407052499617543972e+01 2.981466379854082465e+08
1.412680709616014063e+01 2.955020671426672339e+08
1.418331432454478147e+01 2.798205197930322886e+08
1.424004758184296193e+01 2.844482187777655721e+08
1.429700777217033369e+01 2.895521996767222285e+08
1.435419580325901379e+01 2.713326577513437271e+08
1.441161258647204946e+01 2.697472018885369897e+08
1.446925903681793812e+01 2.629697968450446427e+08
1.452713607296521126e+01 2.605598996341326535e+08
1.458524461725707155e+01 2.687442064389263391e+08
1.464358559572609764e+01 2.624975750112950504e+08
1.470215993810900557e+01 2.588457875163328350e+08
1.476096857786143879e+01 2.600965263831326663e+08
1.482001245217288599e+01 2.506829911102907956e+08
1.487929250198157760e+01 2.390623592495072186e+08
1.493880967198950316e+01 2.402382523070527911e+08
1.499856491067746056e+01 2.400622416718011200e+08
1.505855917032016933e+01 2.360377657038042247e+08
1.511879340700144958e+01 2.385655518627555966e+08
1.517926858062945605e+01 2.256369247522794604e+08
1.523998565495197433e+01 2.339607285275059938e+08
1.530094559757178274e+01 2.298824063706049025e+08
1.536214937996206764e+01 2.212751343841302991e+08
1.542359797748191674e+01 2.165124164612399936e+08
1.548529236939184450e+01 2.133769455983731747e+08
1.554723353886941339e+01 2.009440489109075367e+08
1.560942247302489072e+01 2.050170412919750214e+08
1.567186016291699069e+01 2.088182144090620875e+08
1.573454760356865556e+01 1.909577239206529260e+08
1.579748579398293096e+01 1.920473220894271433e+08
1.586067573715886247e+01 1.945261381771001220e+08
1.592411844010749888e+01 1.923660944509695172e+08
1.598781491386792730e+01 1.770721455779962540e+08
1.605176617352340074e+01 1.912754317307940722e+08
1.611597323821749228e+01 1.826363207049928010e+08
1.618043713117036120e+01 1.888593484887371063e+08
1.624515887969504391e+01 1.725722381174008846e+08
1.631013951521382310e+01 1.770306428297257125e+08
1.637538007327468037e+01 1.770761822154234052e+08
1.644088159356778078e+01 1.756513245463785231e+08
1.650664511994205341e+01 1.707817201051076353e+08
1.657267170042182158e+01 1.688253596614619195e+08
1.663896238722350418e+01 1.530119890281375647e+08
1.670551823677240222e+01 1.640265554385134578e+08
1.677234030971949608e+01 1.711822586205655634e+08
1.683942967095837062e+01 1.633723398901295364e+08
1.690678738964220429e+01 1.552990715703952909e+08
1.697441453920077237e+01 1.549465712189696133e+08
1.704231219735757108e+01 1.641295839911286831e+08
1.711048144614700561e+01 1.400564102554693818e+08
1.717892337193159236e+01 1.525339819327644408e+08
1.724763906541932101e+01 1.431550339093091488e+08
1.731662962168099895e+01 1.454916109247495830e+08
1.738589614016772344e+01 1.289081436166247278e+08
1.745543972472839300e+01 1.478105051916312575e+08
1.752526148362730751e+01 1.400864976780444682e+08
1.759536252956181812e+01 1.401409442221652865e+08
1.766574397968006238e+01 1.371385784005720317e+08
1.773640695559878466e+01 1.324259469286044240e+08
1.780735258342117433e+01 1.325161508487424850e+08
1.787858199375486024e+01 1.367278726220267117e+08
1.795009632172988034e+01 1.225922541628214121e+08
1.802189670701679702e+01 1.294817366625019759e+08
1.809398429384486562e+01 1.287202831648904830e+08
1.816636023102024211e+01 1.108667086540860087e+08
1.823902567194432578e+01 1.236306271225855947e+08
1.831198177463210186e+01 1.259094899808353037e+08
1.838522970173062987e+01 1.200310476106592268e+08
1.845877062053754969e+01 1.193346825618704706e+08
1.853260570301970134e+01 1.076522390287319720e+08
1.860673612583178027e+01 1.028668177752111554e+08
1.868116307033510637e+01 1.117474169009887129e+08
1.875588772261644976e+01 1.084969182047000676e+08
1.883091127350691352e+01 1.185713373802610040e+08
1.890623491860094063e+01 1.115533810285708457e+08
1.898185985827534594e+01 9.857699333144848049e+07
1.905778729770844748e+01 1.110641021240767986e+08
1.913401844689928311e+01 1.074544903317398280e+08
1.921055452068688041e+01 9.995679228537774086e+07
1.928739673876962968e+01 9.431446851955607533e+07
1.936454632572470658e+01 9.669945305878612399e+07
1.944200451102760141e+01 8.102647342709226906e+07
1.951977252907171589e+01 9.796543922535467148e+07
1.959785161918800256e+01 8.763861205327403545e+07
1.967624302566475691e+01 9.196459108578938246e+07
1.991079942767366973e+01 8.637112075840620697e+07
2.030901541622714390e+01 7.999984687321603298e+07
2.071519572455168756e+01 7.864600015308529139e+07
2.112949963904272010e+01 6.835735764092512429e+07
2.155208963182357707e+01 6.517024211228960007e+07
2.198313142446004420e+01 6.157048039582726359e+07
2.242279405294924643e+01 5.507054214473946393e+07
2.287124993400822959e+01 5.514667451096396148e+07
2.332867493268839709e+01 5.267165329451824725e+07
2.379524843134216638e+01 4.297430544428055733e+07
2.427115339996900900e+01 4.660991670849542320e+07
2.475657646796839018e+01 4.092105238260975480e+07
2.525170799732775961e+01 3.468194048389207572e+07
2.575674215727431715e+01 3.613608537853890657e+07
2.627187700041980278e+01 3.337267474174476415e+07
2.679731454042819649e+01 2.766199682959274575e+07
2.733326083123676042e+01 3.035850203493167460e+07
2.787992604786149542e+01 2.574139483603522182e+07
2.843752456881871993e+01 2.111859993930993602e+07
2.900627506019509738e+01 2.296069386996673793e+07
2.958640056139899599e+01 2.076132292874778807e+07
3.017812857262697435e+01 1.955169506935422495e+07
3.078169114407952023e+01 1.629952210697585531e+07
3.139732496696110431e+01 1.726165262905462086e+07
3.202527146630033172e+01 1.567843144108472578e+07
3.266577689562632969e+01 1.408908040516275167e+07
3.331909243353885586e+01 1.232136522434085980e+07
3.398547428220963695e+01 1.311405137305469811e+07
3.466518376785383282e+01 1.068058092911518924e+07
3.535848744321090464e+01 9.697887888750430197e+06
3.606565719207512188e+01 9.286690916876537725e+06
3.678697033591662802e+01 8.869164349985925481e+06
3.752270974263496583e+01 8.128967165668687783e+06
3.827316393748766643e+01 8.738284966483293101e+06
3.903862721623740839e+01 7.022427202170242555e+06
3.981939976056215613e+01 6.275655638736804947e+06
4.061578775577340394e+01 5.588998263893171214e+06
4.142810351088887444e+01 6.391052255530291237e+06
4.225666558110664539e+01 5.480805271599993110e+06
4.310179889272878029e+01 4.542730823845484294e+06
4.396383487058335504e+01 4.438883460662790574e+06
4.484311156799503095e+01 4.172859350087377708e+06
4.573997379935492091e+01 3.925499481554090511e+06
4.665477327534202345e+01 3.261579219810747541e+06
4.758786874084886165e+01 3.450706400343605317e+06
4.853962611566583973e+01 3.328181753260529134e+06
4.951041863797915710e+01 2.740194635810017586e+06
5.050062701073873939e+01 2.521231869524370413e+06
5.151063955095351332e+01 2.301570444839371834e+06
5.254085234197258103e+01 2.644535343571027275e+06
5.359166938881203635e+01 2.294960782328426372e+06
5.466350277658827395e+01 2.118387196576863527e+06
5.575677283212004198e+01 1.722999971388356993e+06
5.687190828876244098e+01 1.577814065933736507e+06
5.800934645453768468e+01 1.606994236360109877e+06
5.916953338362844050e+01 1.534807329585048603e+06
6.035292405130100946e+01 1.374768678939521313e+06
6.155998253232701956e+01 1.438702562275815988e+06
6.279118218297357146e+01 1.089127654144684086e+06
6.404700582663303976e+01 1.008214112214443390e+06
6.532794594316570169e+01 9.436251955396952108e+05
6.663450486202900436e+01 8.670047806624274235e+05
6.796719495926959098e+01 9.714699364287370117e+05
6.932653885845499531e+01 9.166137050524801016e+05
7.071306963562409464e+01 7.442761659263486508e+05
7.212733102833657028e+01 6.097933943755077198e+05
7.356987764890331505e+01 6.475813634489370743e+05
7.504127520188137623e+01 5.584607473609882873e+05
7.654210070591901172e+01 5.797248660152754746e+05
7.807294272003738911e+01 5.126206670840401785e+05
7.963440157443814371e+01 4.942278025400270708e+05
8.122708960592690630e+01 4.123619546068089548e+05
8.285163139804545551e+01 3.815861698102853261e+05
8.450866402600635752e+01 3.550350586534819449e+05
8.619883730652648524e+01 3.842936809657412232e+05
8.792281405265701721e+01 4.304277436567799887e+05
8.968127033371015955e+01 3.248424659073581570e+05
9.147489574038435478e+01 3.142409130072245607e+05
9.330439365519204387e+01 2.604328085014339595e+05
9.517048152829590890e+01 2.194998519654298143e+05
9.707389115886181230e+01 2.613155943656831805e+05
9.901536898203904968e+01 1.871340004039386986e+05
