# Wavelength [um]       Fp [W/m2/m]  
1.000553076518779783e-01 2.039610655676390646e-02
1.004555288824854897e-01 5.249428247187245837e-35
1.008573509980154326e-01 1.161730822853224680e-32
1.012607804020075053e-01 2.007670176447695405e-32
1.016658235236155422e-01 6.086169035787316847e-35
1.020724868177099870e-01 1.733399726250422508e-22
1.024807767649808382e-01 1.261761568757607512e-24
1.028906998720407612e-01 1.813856374463865778e-31
1.033022626715289355e-01 8.855478783508180732e-21
1.037154717222150413e-01 1.724062293493892786e-33
1.041303336091038839e-01 1.106296365773219936e-29
1.045468549435403099e-01 1.336662654036396469e-27
1.049650423633144702e-01 2.174716186497007542e-34
1.053849025327677214e-01 7.428520843803564679e-24
1.058064421428987906e-01 2.468093839805851840e-31
1.062296679114703990e-01 2.014714357848038047e-23
1.066545865831162732e-01 2.354004424372084052e-26
1.070812049294487533e-01 1.338854312931581746e-27
1.075095297491665408e-01 1.037861481761138389e-20
1.079395678681632220e-01 1.084872181584080790e-27
1.083713261396358624e-01 7.922803054543646536e-20
1.088048114441943909e-01 1.381161476588798962e-21
1.092400306899711654e-01 8.090883699989478533e-16
1.096769908127310511e-01 5.241076573030673197e-21
1.101156987759819850e-01 9.568862189816721910e-22
1.105561615710859147e-01 1.012317714283932090e-15
1.109983862173702651e-01 7.377283635192903389e-17
1.114423797622397516e-01 7.720801485014921705e-19
1.118881492812886930e-01 3.580873066405302343e-21
1.123357018784138517e-01 7.341802460442661617e-19
1.127850446859275102e-01 4.554697884321194521e-14
1.132361848646712132e-01 9.462773098874895779e-15
1.136891296041298988e-01 1.482551001748591506e-14
1.141438861225464035e-01 2.286861451648531369e-14
1.146004616670366072e-01 3.677680509217691672e-14
1.150588635137047705e-01 3.373919377127099533e-14
1.155190989677595953e-01 2.437985847947929145e-14
1.159811753636306314e-01 7.637077894894162700e-14
1.164451000650851553e-01 2.873781556701341012e-14
1.169108804653455069e-01 2.011670039936629976e-14
1.173785239872068981e-01 2.082647502015292264e-13
1.178480380831557206e-01 3.606397830831389581e-13
1.183194302354883543e-01 4.077462752812687973e-13
1.187927079564302935e-01 1.974162807812612785e-13
1.192678787882560099e-01 4.931870020824926503e-13
1.197449503034090645e-01 6.250475775806952274e-13
1.202239301046226783e-01 5.230178347784395105e-14
1.207048258250411760e-01 3.183483480541675782e-13
1.211876451283413342e-01 1.107184668538350162e-13
1.216723957088547137e-01 8.669931505468013601e-15
1.221590852916901310e-01 2.200027649467495638e-13
1.226477216328568792e-01 7.798182437084945560e-13
1.231383125193883099e-01 8.686212918853266179e-13
1.236308657694658586e-01 1.414104849385202226e-12
1.241253892325437369e-01 1.959425080545622236e-12
1.246218907894739159e-01 2.687619667326011325e-13
1.251203783526317892e-01 3.593228193673545161e-12
1.256208598660423226e-01 4.798642813434076184e-12
1.261233433055065078e-01 5.119188321172749167e-12
1.266278366787285392e-01 9.726301855255548137e-14
1.271343480254434610e-01 3.368618003765613779e-11
1.276428854175452321e-01 3.257045459413278959e-11
1.281534569592154005e-01 2.410300989749145791e-12
1.286660707870522780e-01 7.012411931559568012e-12
1.291807350702004475e-01 1.191873109130618276e-10
1.296974580104812425e-01 1.056689850019294351e-10
1.302162478425231973e-01 2.767660962275101075e-11
1.307371128338932764e-01 9.876213186969200829e-11
1.312600612852288795e-01 4.796032669364483685e-10
1.317851015303697915e-01 1.781426328883476064e-10
1.323122419364912705e-01 1.853897377370890527e-10
1.328414909042372472e-01 3.944392651392914953e-10
1.333728568678542170e-01 6.842966273923802091e-10
1.339063482953256612e-01 4.146465670430997286e-10
1.344419736885069383e-01 3.384154523059587971e-10
1.349797415832609815e-01 1.429401702356126544e-09
1.355196605495940232e-01 1.725095410129644011e-09
1.360617391917924301e-01 4.592004129945775682e-09
1.366059861485595939e-01 1.820592824280067167e-09
1.371524100931538481e-01 3.391975390249602623e-09
1.377010197335264696e-01 7.597844646451511526e-09
1.382518238124605670e-01 7.671199996545872991e-09
1.388048311077104136e-01 1.124741163504003108e-08
1.393600504321412248e-01 3.707246188366349660e-08
1.399174906338697677e-01 1.694555241457783863e-08
1.404771605964052761e-01 9.248761219131427224e-08
1.410390692387908651e-01 7.660787797345114290e-08
1.416032255157460562e-01 3.814403953136943208e-07
1.421696384178090522e-01 5.659727494651366000e-08
1.427383169714803168e-01 1.126892363990726313e-07
1.433092702393662099e-01 2.793844349233317855e-06
1.438825073203236771e-01 3.588020628006792535e-07
1.444580373496049674e-01 2.210798192958088578e-06
1.450358694990033503e-01 2.669739059226910336e-06
1.456160129769993872e-01 5.565623839570609985e-06
1.461984770289073976e-01 1.581673298231514169e-06
1.467832709370230082e-01 2.536806777529314195e-06
1.473704040207710897e-01 5.942701492515655648e-06
1.479598856368541382e-01 4.959263070636400601e-06
1.485517251794015725e-01 6.186806023678515037e-06
1.491459320801191979e-01 2.070660266458708321e-05
1.497425158084396690e-01 7.150364314810283692e-06
1.503414858716734248e-01 2.061611952745709547e-05
1.509428518151600951e-01 1.284580379047838334e-05
1.515466232224207677e-01 8.447095757312269386e-08
1.521528097153104220e-01 7.816102419767565160e-07
1.527614209541716672e-01 4.973218807822615813e-08
1.533724666379883694e-01 3.011421300932601731e-08
1.539859565045403056e-01 2.119111282506123911e-07
1.546019003305584838e-01 1.251423129270060198e-10
1.552203079318807133e-01 6.447496177899346358e-10
1.558411891636082569e-01 5.534166232651955608e-10
1.564645539202626778e-01 3.064487116813691931e-10
1.570904121359437411e-01 1.645789688596775177e-09
1.577187737844875093e-01 2.363302925549382963e-10
1.583496488796254653e-01 1.331545404694639785e-09
1.589830474751439959e-01 2.399063805914771263e-09
1.596189796650445414e-01 8.990644066392221380e-10
1.602574555837047166e-01 1.483831068852881067e-09
1.608984854060395708e-01 2.276809091044163734e-09
1.615420793476636807e-01 1.367753294677229630e-09
1.621882476650543525e-01 1.316111265321770019e-09
1.628370006557145755e-01 1.084561226215934618e-09
1.634883486583374457e-01 1.656948977442240248e-09
1.641423020529707844e-01 2.757634368597806797e-09
1.647988712611826723e-01 3.850048277186083495e-09
1.654580667462274002e-01 2.946360826944159819e-09
1.661198990132123077e-01 1.132270326721078180e-08
1.667843786092651215e-01 1.393965128501439974e-08
1.674515161237022098e-01 3.179437883239032318e-08
1.681213221881969755e-01 5.876620443358405953e-08
1.687938074769497754e-01 4.249489677600127148e-08
1.694689827068575905e-01 2.842483377876184798e-07
1.701468586376850278e-01 1.901653514586018871e-07
1.708274460722357391e-01 1.053416370996760824e-07
1.715107558565246715e-01 3.866648551368114698e-07
1.721967988799507909e-01 3.640574357820004097e-07
1.728855860754705820e-01 7.292627482938878443e-07
1.735771284197724640e-01 4.340623069581456813e-07
1.742714369334515678e-01 2.511368380801466037e-07
1.749685226811853456e-01 3.100421439238000532e-07
1.756683967719100681e-01 7.305310598401326406e-07
1.763710703589977391e-01 3.003257409960473196e-06
1.770765546404337309e-01 4.357499752008955835e-06
1.777848608589954471e-01 1.220973743026982002e-06
1.784960003024314568e-01 1.209617906875263303e-05
1.792099843036411844e-01 7.372687940855601986e-06
1.799268242408557650e-01 6.800990124461422833e-06
1.806465315378191772e-01 1.596024776323625425e-05
1.813691176639704306e-01 3.150897601410259413e-06
1.820945941346263086e-01 3.404647797714728981e-06
1.828229725111648329e-01 1.131180715360439513e-06
1.835542644012094771e-01 1.517337019557626769e-06
1.842884814588143239e-01 1.609247053730192303e-05
1.850256353846495561e-01 4.610628360286628410e-05
1.857657379261881403e-01 1.552638967038121154e-05
1.865088008778928996e-01 9.552926091658288106e-05
1.872548360814044743e-01 7.222862551554288656e-05
1.880038554257300876e-01 2.665887512715162051e-05
1.887558708474330049e-01 2.365764315790186770e-04
1.895108943308226879e-01 1.579575346886213873e-04
1.902689379081460019e-01 6.401302656276453256e-05
1.910300136597785636e-01 1.709076324573461552e-03
1.917941337144176972e-01 2.540609151284670543e-04
1.925613102492753359e-01 5.577333361817324439e-04
1.933315554902724498e-01 1.165096793902097071e-03
1.941048817122335568e-01 6.246118263204707751e-04
1.948813012390824828e-01 4.962877109159976067e-04
1.956608264440388156e-01 1.450926424846027017e-03
1.964434697498149418e-01 5.809023114458064302e-04
1.972292436288141937e-01 9.701875875468638768e-04
1.980181606033294406e-01 1.451057153626898267e-03
1.988102332457427346e-01 8.780768648108629908e-04
1.996054741787257336e-01 6.249363089780832258e-04
2.004038960754406518e-01 7.344068289477805912e-04
2.012055116597424309e-01 4.187559918864733311e-04
2.020103337063813842e-01 1.616593203789523495e-04
2.028183750412069219e-01 1.196867128361136693e-04
2.036296485413717494e-01 4.261325371380996429e-04
2.044441671355372303e-01 6.256041785213794105e-04
2.052619438040793887e-01 1.534163774767413916e-03
2.060829915792957157e-01 1.806612558842156336e-03
2.069073235456129201e-01 2.169854018841606801e-03
2.077349528397953449e-01 2.669619050991528519e-03
2.085658926511545219e-01 3.796909741978567784e-03
2.094001562217591150e-01 4.552135635669686715e-03
2.102377568466461677e-01 4.709699519722066949e-03
2.110787078740327671e-01 3.635682839832103923e-03
2.119230227055288740e-01 6.166545835452664354e-03
2.127707147963510126e-01 7.567892102322220683e-03
2.136217976555363773e-01 9.952069448120893710e-03
2.144762848461585492e-01 4.223438840784921218e-03
2.153341899855431840e-01 1.105439023436774644e-02
2.161955267454853669e-01 1.747443834315879144e-02
2.170603088524672986e-01 2.117669625041031234e-02
2.179285500878772042e-01 1.234874971285385842e-02
2.188002642882286852e-01 1.349471428086281011e-02
2.196754653453815986e-01 3.425301203654563392e-02
2.205541672067631020e-01 2.488281437415276048e-02
2.214363838755901703e-01 1.787250681042755751e-01
2.223221294110925284e-01 2.628773868149571202e-02
2.232114179287369160e-01 4.077601355248222093e-01
2.241042636004518529e-01 1.052307487460270863e-01
2.250006806548536520e-01 9.194771434484775297e-01
2.259006833774730438e-01 2.212041141065968775e-01
2.268042861109829667e-01 2.919633423762457713e-01
2.277115032554268836e-01 3.502408121221206594e-01
2.286223492684485714e-01 3.834782195894149703e-01
2.295368386655223802e-01 1.046039909889875164e+00
2.304549860201844658e-01 1.416113816573501549e-01
2.313768059642651864e-01 1.526996402680630860e+00
2.323023131881222503e-01 1.028094400095335592e+00
2.332315224408747223e-01 5.584393048161860662e+00
2.341644485306381973e-01 8.336476970718484480e+00
2.351011063247607502e-01 5.907635399607078508e-01
2.360415107500598020e-01 8.990120126362242559e+00
2.369856767930600405e-01 4.339783422316018102e-01
2.379336195002322851e-01 8.129825349749774333e+00
2.388853539782332114e-01 7.161713985457796916e+00
2.398408953941461863e-01 2.725735538910846500e+01
2.408002589757227141e-01 2.842507028552704540e+01
2.417634600116256582e-01 6.414521763653081798e+00
2.427305138516721306e-01 3.363445617892013217e+01
2.437014359070788505e-01 2.113386724086177537e+01
2.446762416507071713e-01 4.178910311227222252e+01
2.456549466173099938e-01 1.682578058959002476e+01
2.466375664037792625e-01 1.780251101241002232e+01
2.476241166693943785e-01 2.252336024766499278e+01
2.486146131360719436e-01 6.402236432138200151e+00
2.496090715886161993e-01 1.966777860007121603e+01
2.506075078749706586e-01 1.721344046078941403e+01
2.516099379064705155e-01 2.390655884737163817e+01
2.526163776580964138e-01 4.686316463482024375e+01
2.536268431687287994e-01 7.560830143868285802e+01
2.546413505414037437e-01 8.934588616556040108e+01
2.556599159435693491e-01 8.829476037831008739e+01
2.566825556073435988e-01 7.801704189638519438e+01
2.577092858297729827e-01 1.022898405079489095e+02
2.587401229730920682e-01 7.484808767974621446e+01
2.597750834649844576e-01 1.302466297097085430e+02
2.608141837988444123e-01 1.156151699824786760e+02
2.618574405340398092e-01 1.607491402379057774e+02
2.629048702961759298e-01 2.063850669703655001e+02
2.639564897773606367e-01 1.750254904701632768e+02
2.650123157364701054e-01 1.507182680283445109e+02
2.660723649994159445e-01 1.479657068539900990e+02
2.671366544594135917e-01 1.253064380862015241e+02
2.682052010772512096e-01 1.565899253053970597e+02
2.692780218815602478e-01 1.507538309824897738e+02
2.703551339690865030e-01 1.680179963793450213e+02
2.714365545049627904e-01 1.676589711797873576e+02
2.725223007229827243e-01 1.600084025270043924e+02
2.736123899258746106e-01 1.509109748616952515e+02
2.747068394855781692e-01 1.458509823968841204e+02
2.758056668435204806e-01 1.308032672815549518e+02
2.769088895108945403e-01 1.229515405911800201e+02
2.780165250689380918e-01 1.080309106999010282e+02
2.791285911692138466e-01 9.287159297339127306e+01
2.802451055338907038e-01 7.687256763410451299e+01
2.813660859560263017e-01 6.208376984759517114e+01
2.824915502998503469e-01 4.978505180793790430e+01
2.836215165010497197e-01 4.162963995776755155e+01
2.847560025670539119e-01 3.942783074940091126e+01
2.858950265773221866e-01 4.567642391822186454e+01
2.870386066836315142e-01 6.304406946797927702e+01
2.881867611103660631e-01 9.500419227679481082e+01
2.893395081548075787e-01 1.455036171270983800e+02
2.904968661874267610e-01 2.192022984246735575e+02
2.916588536521764197e-01 3.217647699524739551e+02
2.928254890667851273e-01 4.595250203850215485e+02
2.939967910230522619e-01 6.400827993710520332e+02
2.951727781871444911e-01 8.725494823559920405e+02
2.963534692998930908e-01 1.168117290020943528e+03
2.975388831770926501e-01 1.536915983010866739e+03
2.987290387098009981e-01 1.994181937376554288e+03
2.999239548646402409e-01 2.553069101715127999e+03
3.011236506840988536e-01 3.236725977304581647e+03
3.023281452868351593e-01 4.052307240305838604e+03
3.035374578679824742e-01 5.020323230559404692e+03
3.047516076994544187e-01 6.283294599698347156e+03
3.059706141302522830e-01 7.774116676351676688e+03
3.071944965867733357e-01 1.034506235992776237e+04
3.084232745731204095e-01 1.371983414533253926e+04
3.096569676714128194e-01 1.703893419148945031e+04
3.108955955420985018e-01 2.306525712704722537e+04
3.121391779242668751e-01 3.063025977459246860e+04
3.133877346359639215e-01 3.998047277425473294e+04
3.146412855745078230e-01 5.030433956401893374e+04
3.158998507168058190e-01 6.676017355631904502e+04
3.171634501196730627e-01 8.425375445949539426e+04
3.184321039201517545e-01 7.610093192372858175e+04
3.197058323358323295e-01 7.358073972190631321e+04
3.209846556651756444e-01 1.396071664547605615e+05
3.222685942878363852e-01 1.663925568980524840e+05
3.235576686649877520e-01 1.796887526903004327e+05
3.248518993396476984e-01 2.762894262507610838e+05
3.261513069370062801e-01 3.365087840549526154e+05
3.274559121647543369e-01 4.335814903730276274e+05
3.287657358134133401e-01 3.968464490927307634e+05
3.300807987566670154e-01 5.312526018074277090e+04
3.314011219516936890e-01 3.416198771274317987e+05
3.327267264395004642e-01 8.296800257783873240e+05
3.340576333452584534e-01 8.857483091760128736e+05
3.353938638786395088e-01 9.372925756512185326e+05
3.367354393341540630e-01 9.971978051360610407e+05
3.380823810914907468e-01 1.072304099472167902e+06
3.394347106158566718e-01 1.720837053541744128e+06
3.407924494583201014e-01 1.644095862459210679e+06
3.421556192561533982e-01 1.238297260148173431e+06
3.435242417331779707e-01 5.429585336448951857e+05
3.448983387001106626e-01 5.713572610331443138e+05
3.462779320549111417e-01 8.202122004864709452e+05
3.476630437831307319e-01 7.260392545724025695e+05
3.490536959582632992e-01 7.800452992318016477e+05
3.504499107420963600e-01 2.210639005255411379e+06
3.518517103850647421e-01 2.599543288541179150e+06
3.532591172266050239e-01 4.052189437339860480e+06
3.546721536955114717e-01 7.385353615058723837e+06
3.560908423102934761e-01 4.089794348168281838e+06
3.575152056795346533e-01 2.563543263558556326e+06
3.589452665022527800e-01 5.584170631069107912e+06
3.603810475682617254e-01 8.058088213558582589e+06
3.618225717585348278e-01 6.882793867627311498e+06
3.632698620455689364e-01 5.411381533076360822e+06
3.647229414937512293e-01 4.342603109551515430e+06
3.661818332597261971e-01 7.992971085701457225e+06
3.676465605927651259e-01 4.098113990811883472e+06
3.691171468351361895e-01 4.679202983666339889e+06
3.705936154224767076e-01 2.751946596454679035e+06
3.720759898841666247e-01 2.289018408510223031e+06
3.735642938437032656e-01 2.494724505158279557e+06
3.750585510190780902e-01 3.108662990737750661e+06
3.765587852231543908e-01 6.584776957253937609e+06
3.780650203640470441e-01 1.334763739863713272e+07
3.795772804455032068e-01 1.224737750648759305e+07
3.810955895672852312e-01 1.267099628324919008e+07
3.826199719255543585e-01 5.484979479314278811e+06
3.841504518132565771e-01 8.854610699454851449e+06
3.856870536205096456e-01 4.954113245764377527e+06
3.872298018349916715e-01 6.671297321880947798e+06
3.887787210423316320e-01 6.295121881218511611e+06
3.903338359265008939e-01 8.692278309963963926e+06
3.918951712702069545e-01 1.045945570329111069e+07
3.934627519552877928e-01 1.658998826447677799e+07
3.950366029631089404e-01 3.479277793278496712e+07
3.966167493749613859e-01 6.373067070704393834e+07
3.982032163724612550e-01 6.715173026709692180e+07
3.997960292379510450e-01 7.319111414450415969e+07
4.013952133549028578e-01 1.235252994370089918e+08
4.030007942083224659e-01 1.487804089736308157e+08
4.046127973851557647e-01 5.245264414947355539e+07
4.062312485746963908e-01 1.450700507264050245e+08
4.078561735689951728e-01 1.602633848638914824e+08
4.094875982632711353e-01 1.928409416753308475e+08
4.111255486563242245e-01 1.997411453815939426e+08
4.127700508509495880e-01 2.009437329665820301e+08
4.144211310543532978e-01 2.024897095826870501e+08
4.160788155785707931e-01 2.107034247731071711e+08
4.177431308408850463e-01 2.018456344006828964e+08
4.194141033642486138e-01 1.989483158534372747e+08
4.210917597777056320e-01 1.459716573482366204e+08
4.227761268168164221e-01 2.087957234995720387e+08
4.244672313240837602e-01 1.635322231205486953e+08
4.261651002493800910e-01 1.452756898079760969e+08
4.278697606503775730e-01 2.145358223565065563e+08
4.295812396929790666e-01 2.382178388848842084e+08
4.312995646517510107e-01 3.221968623604906201e+08
4.330247629103580187e-01 4.017239475694751740e+08
4.347568619619994745e-01 4.726820045894722342e+08
4.364958894098474596e-01 3.589170944179226756e+08
4.382418729674867897e-01 2.786966809173505306e+08
4.399948404593567730e-01 5.639489828754336834e+08
4.417548198211941890e-01 6.116497698154252768e+08
4.435218391004789873e-01 5.391510972781040668e+08
4.452959264568808750e-01 7.305736463806773424e+08
4.470771101627084021e-01 7.149830468276098967e+08
4.488654186033592119e-01 7.717702682120015621e+08
4.506608802777726241e-01 1.254816543023253679e+09
4.524635237988837710e-01 1.179845823637360334e+09
4.542733778940792333e-01 1.274627340061849594e+09
4.560904714056555065e-01 1.351680152879899025e+09
4.579148332912781894e-01 1.415127135318703890e+09
4.597464926244433370e-01 1.287913969631223917e+09
4.615854785949410899e-01 1.833808523289820433e+09
4.634318205093208576e-01 1.449426110751505852e+09
4.652855477913582227e-01 1.536151693742229700e+09
4.671466899825236219e-01 1.463309389692165375e+09
4.690152767424536906e-01 1.783691188937401056e+09
4.708913378494234969e-01 2.656876995438372135e+09
4.727749032008212171e-01 2.768416367725702286e+09
4.746660028136244769e-01 3.003773390489700794e+09
4.765646668248789131e-01 1.604503628167291641e+09
4.784709254921784560e-01 1.012100090842708826e+09
4.803848091941470555e-01 1.127913911907909393e+09
4.823063484309236815e-01 1.309393228778072596e+09
4.842355738246474361e-01 2.008689865961671114e+09
4.861725161199459966e-01 2.386444211370487690e+09
4.881172061844257226e-01 3.069146203680418491e+09
4.900696750091634302e-01 2.867284534792562008e+09
4.920299537092001074e-01 3.385197689070236683e+09
4.939980735240369625e-01 3.644943750370308399e+09
4.959740658181330253e-01 1.743794395903739929e+09
4.979579620814056362e-01 1.189842584030842781e+09
4.999497939297311566e-01 1.199072088250652075e+09
5.019495931054501758e-01 1.088508025044724464e+09
5.039573914778719965e-01 1.294614837541563749e+09
5.059732210437835054e-01 1.189598880935059071e+09
5.079971139279585435e-01 1.337304959295296431e+09
5.100291023836703852e-01 1.016818285992645860e+09
5.120692187932051054e-01 7.403934509847720861e+08
5.141174956683780550e-01 5.131875528153651953e+08
5.161739656510514473e-01 3.206311924275302887e+08
5.182386615136556074e-01 2.740045424786392450e+08
5.203116161597103329e-01 4.075287066339060068e+08
5.223928626243490303e-01 1.042754839644664526e+09
5.244824340748465152e-01 1.346914977304275990e+09
5.265803638111459239e-01 1.214207753335952044e+09
5.286866852663905103e-01 1.572963211646233082e+09
5.308014320074561088e-01 1.561425614912368536e+09
5.329246377354859288e-01 1.259989978132174969e+09
5.350563362864277916e-01 1.381373755559261560e+09
5.371965616315735881e-01 1.168141617167559862e+09
5.393453478780998456e-01 1.127646631779560089e+09
5.415027292696121819e-01 1.066960792796762228e+09
5.436687401866906466e-01 9.342512434150329828e+08
5.458434151474373941e-01 7.383580028427964449e+08
5.480267888080271321e-01 7.609372290732668638e+08
5.502188959632591247e-01 7.046458302302715778e+08
5.524197715471121928e-01 6.678450633641992807e+08
5.546294506333006025e-01 6.163021452823449373e+08
5.568479684358338400e-01 5.461778011117521524e+08
5.590753603095770519e-01 4.690791053640839458e+08
5.613116617508153716e-01 3.984961200259466767e+08
5.635569083978186899e-01 3.460033747609616518e+08
5.658111360314097560e-01 2.954351567617320418e+08
5.680743805755354980e-01 2.420880134460106492e+08
5.703466780978375672e-01 1.935761864486950636e+08
5.726280648102289872e-01 1.491068955435376763e+08
5.749185770694699160e-01 1.089594138887492120e+08
5.772182513777477375e-01 7.481975655444256961e+07
5.795271243832587071e-01 4.747210692316095531e+07
5.818452328807918184e-01 2.734735598742846400e+07
5.841726138123150003e-01 1.378231245362740569e+07
5.865093042675643131e-01 3.010718459457624238e+06
5.888553414846344758e-01 5.430921710430613166e+04
5.912107628505729462e-01 8.070411915462251054e+05
5.935756059019753339e-01 1.108734714959038794e+07
5.959499083255832552e-01 3.617137890464634448e+07
5.983337079588855190e-01 7.969084713043917716e+07
6.007270427907210886e-01 1.534494897488180101e+08
6.031299509618840426e-01 2.720426258125500083e+08
6.055424707657315331e-01 4.365833362337091565e+08
6.079646406487945187e-01 6.540178368724778891e+08
6.103964992113897203e-01 9.402891137191334963e+08
6.128380852082353503e-01 1.306211817700434446e+09
6.152894375490681744e-01 1.607603312187170029e+09
6.177505952992645710e-01 1.597449883072252512e+09
6.202215976804615893e-01 1.841108154324189425e+09
6.227024840711834486e-01 2.038410578989059687e+09
6.251932940074681477e-01 2.675687598128010273e+09
6.276940671834980723e-01 3.505035251873760223e+09
6.302048434522321552e-01 4.591031771096706390e+09
6.327256628260409244e-01 5.821933230586896896e+09
6.352565654773452142e-01 6.744884379549798012e+09
6.377975917392545435e-01 7.118340208087430000e+09
6.403487821062116003e-01 8.691475040366353989e+09
6.429101772346363930e-01 1.001383648704172134e+10
6.454818179435749537e-01 1.235741377804750824e+10
6.480637452153492628e-01 1.453450778552025986e+10
6.506560001962106154e-01 1.671768456668649483e+10
6.532586241969955410e-01 2.006742591642475891e+10
6.558716586937833881e-01 1.919852514505197144e+10
6.584951453285585732e-01 1.921312749856045151e+10
6.611291259098727169e-01 2.067484604150680542e+10
6.637736424135122215e-01 1.993295436839498138e+10
6.664287369831662922e-01 1.550840422331661224e+10
6.690944519310989547e-01 1.412321432979847527e+10
6.717708297388232941e-01 1.385955600437480927e+10
6.744579130577786907e-01 1.398022416091638184e+10
6.771557447100098326e-01 1.773845944079730988e+10
6.798643676888498355e-01 1.671453568932775879e+10
6.825838251596052508e-01 2.000121131307834625e+10
6.853141604602436265e-01 2.086584385006446457e+10
6.880554171020846210e-01 2.163276750753363800e+10
6.908076387704928933e-01 2.315405615133047867e+10
6.935708693255748791e-01 2.437864124049053955e+10
6.963451528028771209e-01 2.689837030166365814e+10
6.991305334140887062e-01 2.828977841308182526e+10
7.019270555477450380e-01 3.181549721159228134e+10
7.047347637699360456e-01 3.620014827556486511e+10
7.075537028250157290e-01 1.997224700965305328e+10
7.103839176363159202e-01 1.563565330561973572e+10
7.132254533068611568e-01 1.549320229514010429e+10
7.160783551200886610e-01 1.726029157650754929e+10
7.189426685405689854e-01 2.519834929048184586e+10
7.218184392147313222e-01 2.949959442565806580e+10
7.247057129715901436e-01 4.131350340707881927e+10
7.276045358234763949e-01 4.959439702198421478e+10
7.305149539667704639e-01 5.599315165806941986e+10
7.334370137826373703e-01 5.768332887172813416e+10
7.363707618377679509e-01 5.581547392962238312e+10
7.393162448851190449e-01 5.277858392145951843e+10
7.422735098646596752e-01 4.882154842995837402e+10
7.452426039041182282e-01 4.443065598769738770e+10
7.482235743197346300e-01 3.991258399046726990e+10
7.512164686170136330e-01 3.482875977871280670e+10
7.542213344914817652e-01 3.013868959025730896e+10
7.572382198294477229e-01 2.475863507971741104e+10
7.602671727087656484e-01 1.621841577549128532e+10
7.633082413996006288e-01 5.201624205490448952e+09
7.663614743651989691e-01 9.528765598742009699e+07
7.694269202626597970e-01 1.310648828068762124e+08
7.725046279437104424e-01 2.214256304231901646e+09
7.755946464554852593e-01 8.260471052553562164e+09
7.786970250413072225e-01 1.900911160865013885e+10
7.818118131414724115e-01 2.963458641902430344e+10
7.849390603940383793e-01 3.788679137595748138e+10
7.880788166356144098e-01 4.810444237680403900e+10
7.912311319021569922e-01 5.817268219641501617e+10
7.943960564297655180e-01 7.043702346319194031e+10
7.975736406554845281e-01 8.235298184164776611e+10
8.007639352181065151e-01 9.634931826047131348e+10
8.039669909589789443e-01 1.056676794324575958e+11
8.071828589228148276e-01 1.138015128054304504e+11
8.104115903585061842e-01 1.233127054853981323e+11
8.136532367199402760e-01 1.347352554639912415e+11
8.169078496668199518e-01 1.361914179827911224e+11
8.201754810654874328e-01 1.267909584037450562e+11
8.234561829897493190e-01 1.552479385322272949e+11
8.267500077217083687e-01 1.675920531538948364e+11
8.300570077525952772e-01 1.721969051443170166e+11
8.333772357836056743e-01 1.850562979656789246e+11
8.367107447267401188e-01 1.896077457577651367e+11
8.400575877056470908e-01 1.957352697858135681e+11
8.434178180564695371e-01 1.751054308353044739e+11
8.467914893286955236e-01 1.450871346115913086e+11
8.501786552860102208e-01 1.705405514630418701e+11
8.535793699071543283e-01 1.944947869047811890e+11
8.569936873867830540e-01 2.168484181440412292e+11
8.604216621363300899e-01 2.135972972051459961e+11
8.638633487848753623e-01 1.503555345068399658e+11
8.673188021800150027e-01 1.945469631053727722e+11
8.707880773887352044e-01 1.114274019504067688e+11
8.742712296982900755e-01 1.277979664332478790e+11
8.777683146170831563e-01 1.649022296334969788e+11
8.812793878755513788e-01 1.641814071555541687e+11
8.848045054270535781e-01 1.934690606550556641e+11
8.883437234487617795e-01 1.522171283485892639e+11
8.918970983425568155e-01 1.924300689620851440e+11
8.954646867359271623e-01 2.024441595738621521e+11
8.990465454828707736e-01 2.299876124840664978e+11
9.026427316648023558e-01 2.086675432095007935e+11
9.062533025914615292e-01 1.934396927629657898e+11
9.098783158018273198e-01 2.304155362070181885e+11
9.135178290650346478e-01 2.381067261319911499e+11
9.171719003812948134e-01 2.641904955509866638e+11
9.208405879828199803e-01 2.795426653570589600e+11
9.245239503347512100e-01 2.835892014031539917e+11
9.282220461360901620e-01 2.818235353466525269e+11
9.319349343206346781e-01 2.800303938693057861e+11
9.356626740579171431e-01 2.878375457289591064e+11
9.394053247541488405e-01 2.958944232571545410e+11
9.431629460531654185e-01 3.141590337215853271e+11
9.469355978373780180e-01 3.343960368430974731e+11
9.507233402287275092e-01 3.431495540867695923e+11
9.545262335896426142e-01 3.498351195625976562e+11
9.583443385240012491e-01 3.525720086647521362e+11
9.621777158780971950e-01 3.458996470254161987e+11
9.660264267416096562e-01 3.489039195639592285e+11
9.698905324485760371e-01 3.659581560182464600e+11
9.737700945783701600e-01 3.611467540829499512e+11
9.776651749566835914e-01 3.606706479083930054e+11
9.815758356565105203e-01 3.766878458784785767e+11
9.855021389991363012e-01 3.589071954070226440e+11
9.894441475551331022e-01 2.530284373630551758e+11
9.934019241453534432e-01 1.078452043776017914e+11
9.973755318419349480e-01 1.325812902071855164e+11
1.001365033969302543e+00 1.519163052601283569e+11
1.005370494105179757e+00 1.437981260264781799e+11
1.009391976081600362e+00 1.811469915800531921e+11
1.013429543985926884e+00 1.707580225317912292e+11
1.017483262161870350e+00 1.764703407081657715e+11
1.021553195210518128e+00 1.887327059239819946e+11
1.025639407991360219e+00 1.958957891692341309e+11
1.029741965623325539e+00 1.836496771379572754e+11
1.033860933485818867e+00 1.958344616381880798e+11
1.037996377219762012e+00 2.359560120298195190e+11
1.042148362728641198e+00 2.367594257363264465e+11
1.046316956179555557e+00 2.630879395363184509e+11
1.050502224004274066e+00 2.573157734628721313e+11
1.054704232900291139e+00 2.859323618066959839e+11
1.058923049831892227e+00 2.863311387288810425e+11
1.063158742031219628e+00 2.946920539201811523e+11
1.067411376999344741e+00 2.827816573355741577e+11
1.071681022507342096e+00 2.961820778276365967e+11
1.075967746597371377e+00 3.208650829910203247e+11
1.080271617583760779e+00 3.232258057187836914e+11
1.084592704054095913e+00 3.431464241158576660e+11
1.088931074870312044e+00 3.583839727554788208e+11
1.093286799169793433e+00 3.516030211552664185e+11
1.097659946366472461e+00 3.479445903467341309e+11
1.102050586151938294e+00 3.559911576658416138e+11
1.106458788496546219e+00 3.526195311648660889e+11
1.110884623650532532e+00 3.545114867545020752e+11
1.115328162145134749e+00 3.570872933380380249e+11
1.119789474793714934e+00 3.630223400186807861e+11
1.124268632692889902e+00 3.769791234072575684e+11
1.128765707223661430e+00 3.793930834114002075e+11
1.133280770052556230e+00 3.701157815303440552e+11
1.137813893132766374e+00 3.681128733075500488e+11
1.142365148705297484e+00 3.794290405832020874e+11
1.146934609300118479e+00 3.924293159637879028e+11
1.151522347737319096e+00 4.008077693934986572e+11
1.156128437128268516e+00 3.947626286600700073e+11
1.160752950876781542e+00 3.968776020643688354e+11
1.165395962680288999e+00 3.946744109134644775e+11
1.170057546531009907e+00 3.636374806198093872e+11
1.174737776717134086e+00 3.676387582045341797e+11
1.179436727824002773e+00 3.466006003777603760e+11
1.184154474735298557e+00 3.935380117148115234e+11
1.188891092634239977e+00 4.096080689140753174e+11
1.193646657004777012e+00 3.933517324566375732e+11
1.198421243632796118e+00 3.468326359558631592e+11
1.203214928607327261e+00 3.542216631272973633e+11
1.208027788321756724e+00 3.812450384450682983e+11
1.212859899475043468e+00 3.709252315521394043e+11
1.217711339072943710e+00 3.890075105261629028e+11
1.222582184429235275e+00 3.771897731530731201e+11
1.227472513166952384e+00 3.969276424771315308e+11
1.232382403219620226e+00 3.886224363636789551e+11
1.237311932832498407e+00 3.845946335338677979e+11
1.242261180563828615e+00 3.478711742452597046e+11
1.247230225286083849e+00 3.854259235827047729e+11
1.252219146187228072e+00 3.727907720559047852e+11
1.257228022771976983e+00 3.935517132845703735e+11
1.262256934863064783e+00 3.975163180832402954e+11
1.267305962602517155e+00 4.114647106143165894e+11
1.272375186452927354e+00 4.089731030288268433e+11
1.277464687198738957e+00 4.107758789156948242e+11
1.282574545947533950e+00 4.137176284057716675e+11
1.287704844131324133e+00 4.014317409372923584e+11
1.292855663507849417e+00 4.002881054224938354e+11
1.298027086161880783e+00 4.092370607229416504e+11
1.303219194506528344e+00 4.137000928793975830e+11
1.308432071284554521e+00 4.117171454599237671e+11
1.313665799569692760e+00 4.149978886561849976e+11
1.318920462767971591e+00 4.126730608453986816e+11
1.324196144619043336e+00 4.037961115199669800e+11
1.329492929197519491e+00 3.822565644351712646e+11
1.334810900914309650e+00 3.010253393539127197e+11
1.340150144517967101e+00 2.419833882457163086e+11
1.345510745096038852e+00 2.121812830316778870e+11
1.350892788076423212e+00 2.037821354672731018e+11
1.356296359228728932e+00 1.883730203760329590e+11
1.361721544665643879e+00 2.173132025906658630e+11
1.367168430844306393e+00 2.484098228842954407e+11
1.372637104567683730e+00 2.573960560304677429e+11
1.378127652985954299e+00 2.745628885214459839e+11
1.383640163597898098e+00 2.330127635621858826e+11
1.389174724252289828e+00 2.324125889294117737e+11
1.394731423149298877e+00 2.137097484687684631e+11
1.400310348841896202e+00 2.215338626570483093e+11
1.405911590237263642e+00 2.271267477202811584e+11
1.411535236598212784e+00 1.957184019092792358e+11
1.417181377544605603e+00 2.016697825697449036e+11
1.422850103054784210e+00 2.037207805076642151e+11
1.428541503467003038e+00 2.102675111741566772e+11
1.434255669480871243e+00 2.042758397011128540e+11
1.439992692158794885e+00 2.098009795871013489e+11
1.445752662927429988e+00 2.225155926385361633e+11
1.451535673579139596e+00 2.279228982175270081e+11
1.457341816273456159e+00 2.352205184669636230e+11
1.463171183538549913e+00 2.322354820873973389e+11
1.469023868272704147e+00 2.292818051313866577e+11
1.474899963745795128e+00 2.366272559056531067e+11
1.480799563600778246e+00 2.352766000237079773e+11
1.486722761855181485e+00 2.354692935758476257e+11
1.492669652902602007e+00 2.354749201934124756e+11
1.498640331514212276e+00 2.355627942396326904e+11
1.504634892840269300e+00 2.338706613902583313e+11
1.510653432411630304e+00 2.312642738605965881e+11
1.516696046141276843e+00 2.307323143548890076e+11
1.522762830325842032e+00 2.296938384480177612e+11
1.528853881647145307e+00 2.266604914438355713e+11
1.534969297173733649e+00 2.231113854215169678e+11
1.541109174362428780e+00 2.201425998164732666e+11
1.547273611059878373e+00 2.178863537970725403e+11
1.553462705504118135e+00 2.132130774679978333e+11
1.559676556326134556e+00 2.090632034429489441e+11
1.565915262551438980e+00 2.050232228089002380e+11
1.572178923601644795e+00 2.005238351098848267e+11
1.578467639296051495e+00 1.960916951949172058e+11
1.584781509853235626e+00 1.916485558481134644e+11
1.591120635892648405e+00 1.867441528690755615e+11
1.597485118436219098e+00 1.820507703520781860e+11
1.603875058909963958e+00 1.771739014483146362e+11
1.610290559145603595e+00 1.722319358181317139e+11
1.616731721382186127e+00 1.674844112322792664e+11
1.623198648267714761e+00 1.627504869820773010e+11
1.629691442860785600e+00 1.581656936671825867e+11
1.636210208632228769e+00 1.538625634534598694e+11
1.642755049466757766e+00 1.496153580474125671e+11
1.649326069664624805e+00 1.455156164225384521e+11
1.655923373943283039e+00 1.413452119970715637e+11
1.662547067439056336e+00 1.372655512601284485e+11
1.669197255708812611e+00 1.328831401777956085e+11
1.675874044731648027e+00 1.293852417347507172e+11
1.682577540910574321e+00 1.260383137844959564e+11
1.689307851074216771e+00 1.222626562572861938e+11
1.696065082478513508e+00 1.187573517520428925e+11
1.702849342808427480e+00 1.154645723210206757e+11
1.709660740179661298e+00 1.121417307717386932e+11
1.716499383140379864e+00 1.083815916592232056e+11
1.723365380672941427e+00 1.051051494870927734e+11
1.730258842195633306e+00 1.013635461331202240e+11
1.737179877564415831e+00 9.786392401217158508e+10
1.744128597074673603e+00 9.364064657206149292e+10
1.751105111462972097e+00 9.011827321718693542e+10
1.758109531908824241e+00 8.576523064294526672e+10
1.765141970036459451e+00 8.055046283305805969e+10
1.772202537916605314e+00 7.829071161703248596e+10
1.779291348068271716e+00 7.286482372266445923e+10
1.786408513460544745e+00 6.840376408174366760e+10
1.793554147514387020e+00 6.357938229452198792e+10
1.800728364104444257e+00 6.258295918779594421e+10
1.807931277560862249e+00 5.849014146668579102e+10
1.815163002671105641e+00 5.841001525264339447e+10
1.822423654681789795e+00 5.876177435503241730e+10
1.829713349300517100e+00 5.465856546209475708e+10
1.837032202697718830e+00 5.510108473362133789e+10
1.844380331508509885e+00 5.551842463964100647e+10
1.851757852834543527e+00 5.207121608489064026e+10
1.859164884245881888e+00 4.753356303764425659e+10
1.866601543782865358e+00 4.700300925871782684e+10
1.874067949957996859e+00 4.809165441380497742e+10
1.881564221757828781e+00 5.350414131711593628e+10
1.889090478644860127e+00 5.320178255440098572e+10
1.896646840559439662e+00 5.445101367454553986e+10
1.904233427921677269e+00 5.057979958501062775e+10
1.911850361633363971e+00 5.119296729327676392e+10
1.919497763079897279e+00 4.777428735425009155e+10
1.927175754132217200e+00 4.638320156689654541e+10
1.934884457148745796e+00 4.514133897054951477e+10
1.942623994977340729e+00 4.252188112500032043e+10
1.950394490957250149e+00 4.479895916979645538e+10
1.958196068921079336e+00 4.213523739404048920e+10
1.966028853196763793e+00 4.451107361411027527e+10
1.973892968609550991e+00 4.331113324522689819e+10
1.981788540483989447e+00 4.467663462828897095e+10
1.989715694645925126e+00 4.427969037673380280e+10
1.997674557424508723e+00 4.493977472185099030e+10
2.005665255654207169e+00 4.527090402836349487e+10
2.013687916676823786e+00 4.499843799404780579e+10
2.021742668343530891e+00 4.509205305262320709e+10
2.029829639016905052e+00 4.447308875591865540e+10
2.037948957572972564e+00 4.430422255484390259e+10
2.046100753403264694e+00 4.396334484666158295e+10
2.054285156416877811e+00 4.345246696319425201e+10
2.062502297042545507e+00 4.289382359879496765e+10
2.070752306230715600e+00 4.235986469929441833e+10
2.079035315455638244e+00 4.166251947062558746e+10
2.087351456717461140e+00 4.107963161140755463e+10
2.095700862544330967e+00 4.044525598368735504e+10
2.104083665994508134e+00 3.982867115893360138e+10
2.112500000658485977e+00 3.924623037039760590e+10
2.120950000661120161e+00 3.865609713422075653e+10
2.129433800663764753e+00 3.810235126471097565e+10
2.137951535866419839e+00 3.755595881469190216e+10
2.146503342009885351e+00 3.702327206234946442e+10
2.155089355377924676e+00 3.647417429628713226e+10
2.163709712799436691e+00 3.592828458002213287e+10
2.172364551650634468e+00 3.539620026009381866e+10
2.181054009857236853e+00 3.483718578993240356e+10
2.189778225896665376e+00 3.431024217018255997e+10
2.198537338800252705e+00 3.369360694399630356e+10
2.207331488155453325e+00 3.314230097936311722e+10
2.216160814108075083e+00 3.275610384476233292e+10
2.225025457364507631e+00 3.228814192991809464e+10
2.233925559193965515e+00 3.183068523100743103e+10
2.242861261430741493e+00 3.132394509256786346e+10
2.251832706476463830e+00 3.088745060337697220e+10
2.260840037302370042e+00 3.042384756307338333e+10
2.269883397451579299e+00 3.001004952438747787e+10
2.278962931041386142e+00 2.963205987324674988e+10
2.288078782765551100e+00 2.925928689821300507e+10
2.297231097896613505e+00 2.892243409499002457e+10
2.306420022288200311e+00 2.875665086384111404e+10
2.315645702377353121e+00 2.839854618454692078e+10
2.324908285186861878e+00 2.806277632226581573e+10
2.334207918327609654e+00 2.784492202371557617e+10
2.343544750000919663e+00 2.760857934232660294e+10
2.352918929000923143e+00 2.757508844790439987e+10
2.362330604716927240e+00 2.756059913431773376e+10
2.371779927135795329e+00 2.737305213007580185e+10
2.381267046844337987e+00 2.723227450119593430e+10
2.390792115031715070e+00 2.740632252219459534e+10
2.400355283491842240e+00 2.751919849002577209e+10
2.409956704625809465e+00 2.756191736791847992e+10
2.419596531444312859e+00 2.753100649308820724e+10
2.429274917570089620e+00 2.781911434869131470e+10
2.438992017240370291e+00 2.752303094520357513e+10
2.448747985309331465e+00 2.703539949365971375e+10
2.458542977250568917e+00 2.705887017318868637e+10
2.468377149159570738e+00 2.696552858943439484e+10
2.478250657756209563e+00 2.539858693582623291e+10
2.488163660387234355e+00 2.572705445035636902e+10
2.498116315028783063e+00 2.601673884030303192e+10
2.508108780288898387e+00 2.369313452980754089e+10
2.518141215410053757e+00 2.395798671409032822e+10
2.528213780271693967e+00 2.240072441361830521e+10
2.538326635392781139e+00 2.264814609279224396e+10
2.548479941934351789e+00 2.159356886312646866e+10
2.558673861702089436e+00 2.349273299619226074e+10
2.568908557148898097e+00 2.320205277568664169e+10
2.579184191377493551e+00 2.315383937100526810e+10
2.589500928143003478e+00 2.414716185825947189e+10
2.599858931855575594e+00 2.533099968389530945e+10
2.610258367582998229e+00 2.839211623208943939e+10
2.620699401053329769e+00 2.901868262212556076e+10
2.631182198657543214e+00 2.902094604154757309e+10
2.641706927452173392e+00 3.196206717580398560e+10
2.652273755161981938e+00 3.202321612775366592e+10
2.662882850182629824e+00 2.885234896732437897e+10
2.673534381583360542e+00 2.265369376798914719e+10
2.684228519109693956e+00 2.183507952045529556e+10
2.694965433186132575e+00 2.317959159787876892e+10
2.705745294918877164e+00 2.393768199486947250e+10
2.716568276098552559e+00 2.443331637154713821e+10
2.727434549202946812e+00 2.842371457095397568e+10
2.738344287399758326e+00 2.508507908104524612e+10
2.749297664549357201e+00 3.154364333421385956e+10
2.760294855207554576e+00 2.654065169770762253e+10
2.771336034628385292e+00 2.626176516044674683e+10
2.782421378766898545e+00 2.420578489717469025e+10
2.793551064281966312e+00 3.128717484457833099e+10
2.804725268539093985e+00 2.392161028540785980e+10
2.815944169613250558e+00 2.660872693216823196e+10
2.827207946291703244e+00 3.231326091396005630e+10
2.838516778076869862e+00 2.586135342052378082e+10
2.849870845189177437e+00 2.761682247815494919e+10
2.861270328569933685e+00 3.075612175995592880e+10
2.872715409884213589e+00 2.794049929098432922e+10
2.884206271523750420e+00 3.087367751767217255e+10
2.895743096609845413e+00 3.101051775347040176e+10
2.907326068996284985e+00 3.057201507672843170e+10
2.918955373272270393e+00 3.457866819898351288e+10
2.930631194765359826e+00 3.444162081735755920e+10
2.942353719544420709e+00 3.419288369776970673e+10
2.954123134422598440e+00 3.493472457253975677e+10
2.965939626960289122e+00 3.488067725001896667e+10
2.977803385468130504e+00 3.756367350842974091e+10
2.989714599010003138e+00 3.857060292728073120e+10
3.001673457406043077e+00 3.724472727530242157e+10
3.013680151235667015e+00 4.103576432719168091e+10
3.025734871840609408e+00 3.883986753537237549e+10
3.037837811327972037e+00 4.367656862627796173e+10
3.049989162573283785e+00 3.957513274159212494e+10
3.062189119223576395e+00 4.474504321378291321e+10
3.074437875700470890e+00 4.282669910493671417e+10
3.086735627203272880e+00 4.367111535018887329e+10
3.099082569712085622e+00 4.362333103572176361e+10
3.111478899990933744e+00 4.177813525945812988e+10
3.123924815590897186e+00 4.383173301922435760e+10
3.136420514853261121e+00 4.082719471778048706e+10
3.148966196912674320e+00 4.102562395204820251e+10
3.161562061700325277e+00 4.062993266591363525e+10
3.174208309947126327e+00 3.997112033251544952e+10
3.186905143186915090e+00 4.034236937118356323e+10
3.199652763759662566e+00 3.822450409809169769e+10
3.212451374814701222e+00 4.132005533340940857e+10
3.225301180313960625e+00 4.118035052279867554e+10
3.238202385035215958e+00 4.279792908380584717e+10
3.251155194575356955e+00 4.532797404344762421e+10
3.264159815353658622e+00 4.527753428351961517e+10
3.277216454615073271e+00 4.627523456795088959e+10
3.290325320433533207e+00 4.786614398518933868e+10
3.303486621715267635e+00 4.611658128210508728e+10
3.316700568202128441e+00 2.878401643849792099e+10
3.329967370474937294e+00 2.427852561830431366e+10
3.343287239956836743e+00 3.097843063703239822e+10
3.356660388916663962e+00 3.801908619787447357e+10
3.370087030472330714e+00 4.384280004607449341e+10
3.383567378594220187e+00 4.406534548332727814e+10
3.397101648108596716e+00 4.395863703018551636e+10
3.410690054701031482e+00 4.303610345898046112e+10
3.424332814919834878e+00 4.283284537825457001e+10
3.438030146179514634e+00 4.220751492542136383e+10
3.451782266764232610e+00 4.213180660376070404e+10
3.465589395831289998e+00 4.286406725712651825e+10
3.479451753414614767e+00 4.296715366522505951e+10
3.493369560428273068e+00 4.249877208546257782e+10
3.507343038669985980e+00 4.367200341152226257e+10
3.521372410824665788e+00 4.361981326621694946e+10
3.535457900467964709e+00 4.377359325068957520e+10
3.549599732069836477e+00 4.386866232043619537e+10
3.563798130998116154e+00 4.421142750060623932e+10
3.578053323522108364e+00 4.450453188482331848e+10
3.592365536816196858e+00 4.535180499543457031e+10
3.606734998963461614e+00 4.529699586894679260e+10
3.621161938959315041e+00 4.555006758459239197e+10
3.635646586715152839e+00 4.570980900306835938e+10
3.650189173062013293e+00 4.570737626878629303e+10
3.664789929754260545e+00 4.557918200379209137e+10
3.679449089473277645e+00 4.548812486318608856e+10
3.694166885831170699e+00 4.526956750319135284e+10
3.708943553374495661e+00 4.500833807286073303e+10
3.723779327587993571e+00 4.476344363540116119e+10
3.738674444898345328e+00 4.426471785069026947e+10
3.753629142677938901e+00 4.404058312638584900e+10
3.768643659248651190e+00 4.355374507416565704e+10
3.783718233885645432e+00 4.317656845092633820e+10
3.798853106821188153e+00 4.275893778645685577e+10
3.814048519248473657e+00 4.228538992883509827e+10
3.829304713325467180e+00 4.181920957691802216e+10
3.844621932178768908e+00 4.141850052274061584e+10
3.860000419907484215e+00 4.099261738952450562e+10
3.875440421587113882e+00 4.052163934016744995e+10
3.890942183273462529e+00 4.000690991357135773e+10
3.906505952006555926e+00 3.954902091559098816e+10
3.922131975814582727e+00 3.910705759780336761e+10
3.937820503717840648e+00 3.860712544929857635e+10
3.953571785732711508e+00 3.810142066466574097e+10
3.969386072875642490e+00 3.759960116389682770e+10
3.985263617167145167e+00 3.706719856082627869e+10
4.001204671635814059e+00 3.652623527791417694e+10
4.017209490322357190e+00 3.605669116377495575e+10
4.033278328283646630e+00 3.543946990174762726e+10
4.049411441596781458e+00 3.492670726968259430e+10
4.065609087363168506e+00 3.443822168891378784e+10
4.081871523712622185e+00 3.363421533221974182e+10
4.098199009807472315e+00 3.321848141295569611e+10
4.114591805846702144e+00 3.274350614137512970e+10
4.131050173070089038e+00 3.185833463566647720e+10
4.147574373762369149e+00 3.174123681376365662e+10
4.164164671257418959e+00 3.072621408558972931e+10
4.180821329942449260e+00 3.016798386970502853e+10
4.197544615262219558e+00 3.008025229019130325e+10
4.214334793723269357e+00 2.906855504059158325e+10
4.231192132898162761e+00 2.926458478863763428e+10
4.248116901429755288e+00 2.783850150027108383e+10
4.265109369035473996e+00 2.795506576676143646e+10
4.282169806511615384e+00 2.735724744428242111e+10
4.299298485737661935e+00 2.640657604779160690e+10
4.316495679680612874e+00 2.636114589588135910e+10
4.333761662399335357e+00 2.592109840872144318e+10
4.351096709048932532e+00 2.545794626056721878e+10
4.368501095885127583e+00 2.512749892974078751e+10
4.385975100268668214e+00 2.433655015473746872e+10
4.403519000669743555e+00 2.338454663617468262e+10
4.421133076672422391e+00 2.309264276668786621e+10
4.438817608979111817e+00 2.163744566377086639e+10
4.456572879415028332e+00 2.184077359946400070e+10
4.474399170932688463e+00 2.021435132996855164e+10
4.492296767616419828e+00 2.014785471716065216e+10
4.510265954686884626e+00 2.019246931338159943e+10
4.528307018505633330e+00 1.882434744231385040e+10
4.546420246579655711e+00 1.913523499365686035e+10
4.564605927565974497e+00 1.851788948211657715e+10
4.582864351276237258e+00 1.901643201213484955e+10
4.601195808681342925e+00 1.850966454759375381e+10
4.619600591916067422e+00 1.795789669259371948e+10
4.638078994283731937e+00 1.860943214368353271e+10
4.656631310260867629e+00 1.853182941896887589e+10
4.675257835501911430e+00 1.767275790026584244e+10
4.693958866843916944e+00 1.856546688442327881e+10
4.712734702311292878e+00 1.738753222190439606e+10
4.731585641120538810e+00 1.662377760386901474e+10
4.750511983685020923e+00 1.712546724706133652e+10
4.769514031619761063e+00 1.634806835919522858e+10
4.788592087746240011e+00 1.508022999584611702e+10
4.807746456097224730e+00 1.580126792698120499e+10
4.826977441921613377e+00 1.580240828862752342e+10
4.846285351689299858e+00 1.451406554023025513e+10
4.865670493096057925e+00 1.549914488305229950e+10
4.885133175068442135e+00 1.465854905620667648e+10
4.904673707768715474e+00 1.440725571118042183e+10
4.924292402599791174e+00 1.438780040425990868e+10
4.943989572210189642e+00 1.440121825965215302e+10
4.963765530499030021e+00 1.347125328264716721e+10
4.983620592621027079e+00 1.462393233931355476e+10
5.003555074991511198e+00 1.408582726010416222e+10
5.023569295291476777e+00 1.263303494186649704e+10
5.043663572472643075e+00 1.352509963569449806e+10
5.063838226762532813e+00 1.370608448576409721e+10
5.084093579669583640e+00 1.256944379588156891e+10
5.104429953988261381e+00 1.282849653475783157e+10
5.124847673804215020e+00 1.261370268730139732e+10
5.145347064499431688e+00 1.142249313631127739e+10
5.165928452757428957e+00 1.143358907130973816e+10
5.186592166568458673e+00 1.249496812443654823e+10
5.207338535234733001e+00 1.045037601391157722e+10
5.228167889375671784e+00 1.146215490694293213e+10
5.249080560933174766e+00 1.106404928335437775e+10
5.270076883176907145e+00 1.058458323552187347e+10
5.291157190709615321e+00 1.052648250648611450e+10
5.312321819472453299e+00 1.047248624051111221e+10
5.333571106750343738e+00 1.133011062950959969e+10
5.354905391177344320e+00 9.273253713704217911e+09
5.376325012742054099e+00 9.607376173401716232e+09
5.397830312793021612e+00 1.006126608033251381e+10
5.419421634044193858e+00 7.914780190985360146e+09
5.441099320580370602e+00 9.883073144385425568e+09
5.462863717862692425e+00 8.787522904806772232e+09
5.484715172734142996e+00 9.193284236018026352e+09
5.506654033425078865e+00 8.879254185361141205e+09
5.528680649558780580e+00 8.446598487632182121e+09
5.550795372157015350e+00 8.166180364703545570e+09
5.572998553645643227e+00 7.784050753677139282e+09
5.595290547860225949e+00 8.470000832331052780e+09
5.617671710051667766e+00 8.047375568130105972e+09
5.640142396891874021e+00 8.204874218771267891e+09
5.662702966479441713e+00 7.854452465021729469e+09
5.685353778345359821e+00 7.396321547871605873e+09
5.708095193458740724e+00 7.313962304574686050e+09
5.730927574232576482e+00 7.075436299049219131e+09
5.753851284529505783e+00 7.620382019405877113e+09
5.776866689667624399e+00 6.809871582272286415e+09
5.799974156426294769e+00 7.699173076683222771e+09
5.823174053051999977e+00 6.353282602437671661e+09
5.846466749264207508e+00 7.253894196494267464e+09
5.869852616261264977e+00 6.576730342287383080e+09
5.893332026726310069e+00 6.450995685021632195e+09
5.916905354833215114e+00 7.145272135826848030e+09
5.940572976252548543e+00 6.155355143239929199e+09
5.964335268157558545e+00 6.908484071534974098e+09
5.988192609230189589e+00 6.923701613893686295e+09
6.012145379667110490e+00 7.073718752209620476e+09
6.036193961185778889e+00 6.434427024356664658e+09
6.060338737030522616e+00 6.212167524626066208e+09
6.084580091978644134e+00 6.901436082418777466e+09
6.108918412346558746e+00 6.397124023511369705e+09
6.133354085995945226e+00 7.180046667131774902e+09
6.157887502339929320e+00 6.358328774750478745e+09
6.182519052349287669e+00 6.364810890033889771e+09
6.207249128558685491e+00 6.643518738549007416e+09
6.232078125072920471e+00 6.625757195707573891e+09
6.257006437573212843e+00 6.686329701696774483e+09
6.282034463323505236e+00 6.610480083906705856e+09
6.307162601176800720e+00 6.592496203241787910e+09
6.332391251581507063e+00 6.380821084154109955e+09
6.357720816587833390e+00 6.334834837661842346e+09
6.383151699854184180e+00 6.003003014547574043e+09
6.408684306653601226e+00 5.136891747173136711e+09
6.434319043880215361e+00 5.552019757107974052e+09
6.460056320055736379e+00 5.018538808699389458e+09
6.485896545335958052e+00 4.359040752569394112e+09
6.511840131517302233e+00 4.585899982971026421e+09
6.537887492043371829e+00 4.734306211424369812e+09
6.564039042011545533e+00 4.298571689743597984e+09
6.590295198179591196e+00 4.000704359081990719e+09
6.616656378972309405e+00 4.038721571740577698e+09
6.643123004488199257e+00 4.106408209931208611e+09
6.669695496506150789e+00 4.343469933582042694e+09
6.696374278492176479e+00 4.458201618354129791e+09
6.723159775606144528e+00 4.097692729377659321e+09
6.750052414708568094e+00 4.528015502975450516e+09
6.777052624367403411e+00 4.086813387980166435e+09
6.804160834864871887e+00 4.043481582091834068e+09
6.831377478204331055e+00 3.841374349159623146e+09
6.858702988117148180e+00 3.777997333568873882e+09
6.886137800069615622e+00 4.332846399651305199e+09
6.913682351269895499e+00 4.268153474292485237e+09
6.941337080674975013e+00 4.283525640146429062e+09
6.969102428997675069e+00 3.958769184961391926e+09
6.996978838713665994e+00 4.126054858031408787e+09
7.024966754068519670e+00 3.928239841461530209e+09
7.053066621084793653e+00 3.693613292292892456e+09
7.081278887569133929e+00 3.908492257567546844e+09
7.109604003119409654e+00 3.762044221208278656e+09
7.138042419131887861e+00 3.851076381927598000e+09
7.166594588808414379e+00 3.665896427411051273e+09
7.195260967163648047e+00 3.738300578368040562e+09
7.224042011032302923e+00 3.643360391326141834e+09
7.252938179076432235e+00 3.636217789346696377e+09
7.281949931792737196e+00 3.495620576457194805e+09
7.311077731519908696e+00 3.745698718231040955e+09
7.340322042445988515e+00 3.298556260571686745e+09
7.369683330615771411e+00 3.404909952407493114e+09
7.399162063938235612e+00 3.568162765984351635e+09
7.428758712193988423e+00 3.333873249397450924e+09
7.458473747042765112e+00 3.142962316201773643e+09
7.488307642030935796e+00 3.317608474768733978e+09
7.518260872599060285e+00 3.505556786404840469e+09
7.548333916089456253e+00 3.282395288809711456e+09
7.578527251753813587e+00 3.129014102797360420e+09
7.608841360760829176e+00 2.953288328445040226e+09
7.639276726203872769e+00 3.399094019233844280e+09
7.669833833108687493e+00 3.098399822362341404e+09
7.700513168441122325e+00 3.024781908471317291e+09
7.731315221114887670e+00 2.896992218469034195e+09
7.762240481999347352e+00 2.827870287745540619e+09
7.793289443927344351e+00 3.008347561605716705e+09
7.824462601703054077e+00 3.041719744949826241e+09
7.855760452109866065e+00 2.922845392956253052e+09
7.887183493918306532e+00 2.653258159036780834e+09
7.918732227893980458e+00 2.922880311559548855e+09
7.950407156805555431e+00 2.887277140161601067e+09
7.982208785432777454e+00 3.021579916563514233e+09
8.014137620574508958e+00 2.874671928273233414e+09
8.046194171056805899e+00 2.685788094425788403e+09
8.078378947741034821e+00 2.910292254371639252e+09
8.110692463531997021e+00 2.806865226303151608e+09
8.143135233386125549e+00 2.768748028392615795e+09
8.175707774319670662e+00 2.707614390774957180e+09
8.208410605416949224e+00 2.671079331149595261e+09
8.241244247838615422e+00 2.708170543244757175e+09
8.274209224829968790e+00 2.702904413495277882e+09
8.307306061729288871e+00 2.744955745535279274e+09
8.340535285976207192e+00 2.592213598010165215e+09
8.373897427120111203e+00 2.546978711203194141e+09
8.407393016828594412e+00 2.709476427603191853e+09
8.441022588895906509e+00 2.549342718310884476e+09
8.474786679251490540e+00 2.605970155866656780e+09
8.508685825968495209e+00 2.431566204572299004e+09
8.542720569272368891e+00 2.553175226501597881e+09
8.576891451549458978e+00 2.553023175931453228e+09
8.611199017355655627e+00 2.521734304007248402e+09
8.645643813425078150e+00 2.422957265436693192e+09
8.680226388678779159e+00 2.436904361551881790e+09
8.714947294233493125e+00 2.439613227458129883e+09
8.749807083410427566e+00 2.369439339470572472e+09
8.784806311744070229e+00 2.331643859729898930e+09
8.819945536991047774e+00 2.327251519698004246e+09
8.855225319139009343e+00 2.346739572400473595e+09
8.890646220415566958e+00 2.353153479551919460e+09
8.926208805297228821e+00 2.255286351887939930e+09
8.961913640518417878e+00 2.188626571328455925e+09
8.997761295080492161e+00 2.235822323841034889e+09
9.033752340260813085e+00 2.196799948073073387e+09
9.069887349621856387e+00 2.158281868176674366e+09
9.106166899020346150e+00 2.144138812077597857e+09
9.142591566616424359e+00 2.133770198962831497e+09
9.179161932882891506e+00 2.109461079348789692e+09
9.215878580614422333e+00 2.070211154979026318e+09
9.252742094936881045e+00 2.073010750200224876e+09
9.289753063316627646e+00 2.015277714433892488e+09
9.326912075569895322e+00 2.012658612047705412e+09
9.364219723872173162e+00 2.004999692242088318e+09
9.401676602767663482e+00 1.947174459819324970e+09
9.439283309178733816e+00 1.895178706431404114e+09
9.477040442415447075e+00 1.900210378125666142e+09
9.514948604185111236e+00 1.901384459242514133e+09
9.553008398601852136e+00 1.889165904886547089e+09
9.591220432196260859e+00 1.858090201410157681e+09
9.629585313925044687e+00 1.828457114286582708e+09
9.668103655180747324e+00 1.798345736490928173e+09
9.706776069801470896e+00 1.801584421445663691e+09
9.745603174080676112e+00 1.781290405784138680e+09
9.784585586776998412e+00 1.770778646073081493e+09
9.823723929124106746e+00 1.712875736200828791e+09
9.863018824840601440e+00 1.702636743537986279e+09
9.902470900139965337e+00 1.587608652027986526e+09
9.942080783740523842e+00 1.669965500766080141e+09
9.981849106875488431e+00 1.659381117147166014e+09
1.002177650330298952e+01 1.636106661084363461e+09
1.006186360931619994e+01 1.602135028363573313e+09
1.010211106375346723e+01 1.575931649220364332e+09
1.014251950800847979e+01 1.583379650731413603e+09
1.018308958604051284e+01 1.558680354501854658e+09
1.022382194438467451e+01 1.543675217202321053e+09
1.026471723216221399e+01 1.499043470768790007e+09
1.030577610109086173e+01 1.473294990798315763e+09
1.034699920549522467e+01 1.340378019028748512e+09
1.038838720231720458e+01 1.279355922990952969e+09
1.042994075112647501e+01 1.284168748967934847e+09
1.047166051413097954e+01 1.298147193417633057e+09
1.051354715618750468e+01 1.311535189432143927e+09
1.055560134481225454e+01 1.319804138362238884e+09
1.059782375019150358e+01 1.312044936547536373e+09
1.064021504519226902e+01 1.297147363912543535e+09
1.068277590537303823e+01 1.278072678322910309e+09
1.072550700899452991e+01 1.211145247122302294e+09
1.076840903703050856e+01 1.204187937487257481e+09
1.081148267317863088e+01 1.230058406812824011e+09
1.085472860387134553e+01 1.216027603249270678e+09
1.089814751828683015e+01 1.194375351949027538e+09
1.094174010835997635e+01 1.170056740323925495e+09
1.098550706879341909e+01 1.107649317747751951e+09
1.102944909706859100e+01 1.114050988804480791e+09
1.107356689345686540e+01 1.152123487424493551e+09
1.111786116103069233e+01 1.160634171734204769e+09
1.116233260567481622e+01 1.137808546841612101e+09
1.120698193609751492e+01 1.136795369293974161e+09
1.125180986384190440e+01 1.078065336643884420e+09
1.129681710329727373e+01 1.108660432859097004e+09
1.134200437171046083e+01 1.078067233694765091e+09
1.138737238919730466e+01 1.081932369979554653e+09
1.143292187875409383e+01 1.066160015203971267e+09
1.147865356626910938e+01 1.052367728961370707e+09
1.152456818053418530e+01 1.025391828457796454e+09
1.157066645325632237e+01 9.837789208989015818e+08
1.161694911906934635e+01 9.713296696951093674e+08
1.166341691554562487e+01 9.714287269446064234e+08
1.171007058320780736e+01 9.113333555494127274e+08
1.175691086554063958e+01 8.994726331480041742e+08
1.180393850900279951e+01 9.323586443742948771e+08
1.185115426303881137e+01 9.396511974436914921e+08
1.189855888009096674e+01 9.172534284608899355e+08
1.194615311561133097e+01 9.075008920333437920e+08
1.199393772807377623e+01 8.909568794301524162e+08
1.204191347898607134e+01 8.971963125179136992e+08
1.209008113290201614e+01 8.190546990007544756e+08
1.213844145743362368e+01 8.588761447287425995e+08
1.218699522326335938e+01 8.717832165154478550e+08
1.223574320415641381e+01 8.190216908991509676e+08
1.228468617697303777e+01 7.925619183490406275e+08
1.233382492168093059e+01 8.149228519595233202e+08
1.238316022136765504e+01 7.270337102938069105e+08
1.243269286225312520e+01 7.417017924063193798e+08
1.248242363370213859e+01 7.796062285948818922e+08
1.253235332823694748e+01 7.145902122363228798e+08
1.258248274154989410e+01 7.222569243748580217e+08
1.263281267251609385e+01 7.306437068638541698e+08
1.268334392320615756e+01 7.287683076024587154e+08
1.273407729889898299e+01 6.995226133721479177e+08
1.278501360809457665e+01 6.985565302639193535e+08
1.283615366252695544e+01 6.760405400827554464e+08
1.288749827717706253e+01 6.985647314966878891e+08
1.293904827028577031e+01 6.684966581531813145e+08
1.299080446336691352e+01 6.722998440051933527e+08
1.304276768122038099e+01 6.124213050186573267e+08
1.309493875194526424e+01 6.538579250598797798e+08
1.314731850695304693e+01 6.116430631354213953e+08
1.319990778098085649e+01 6.352568033483164310e+08
1.325270741210477965e+01 5.832818464193065166e+08
1.330571824175319939e+01 5.525680134974876642e+08
1.335894111472021173e+01 6.017444031016893387e+08
1.341237687917909227e+01 5.632190517508206367e+08
1.346602638669580898e+01 5.296694897188583612e+08
1.351989049224258999e+01 5.677090355211888552e+08
1.357397005421156067e+01 5.485264980626652241e+08
1.362826593442840917e+01 5.451425188176665306e+08
1.368277899816612297e+01 5.291115222719299793e+08
1.373751011415878942e+01 5.098231567136369348e+08
1.379246015461542463e+01 5.340041811043351889e+08
1.384762999523388416e+01 4.863477506818177700e+08
1.390302051521481808e+01 5.128148384015536904e+08
1.395863259727567751e+01 5.053495651934214830e+08
1.401446712766477987e+01 4.666656005482792258e+08
1.407052499617543972e+01 5.080329814324330688e+08
1.412680709616014063e+01 4.710538207733588219e+08
1.418331432454478147e+01 4.264844981908057332e+08
1.424004758184296193e+01 4.387845013045921922e+08
1.429700777217033369e+01 4.796089557327157259e+08
1.435419580325901379e+01 4.236704590222056508e+08
1.441161258647204946e+01 4.094370629050917625e+08
1.446925903681793812e+01 4.076866310578768253e+08
1.452713607296521126e+01 4.011831412527359128e+08
1.458524461725707155e+01 4.209668703345948458e+08
1.464358559572609764e+01 4.062763558728846312e+08
1.470215993810900557e+01 4.054754331570233703e+08
1.476096857786143879e+01 4.216814890038452148e+08
1.482001245217288599e+01 3.799511470066014528e+08
1.487929250198157760e+01 3.510918814753359556e+08
1.493880967198950316e+01 3.731837209313966036e+08
1.499856491067746056e+01 3.609584879750902653e+08
1.505855917032016933e+01 3.624273507773725390e+08
1.511879340700144958e+01 3.692194434006378651e+08
1.517926858062945605e+01 3.376590001842595339e+08
1.523998565495197433e+01 3.736842048800561428e+08
1.530094559757178274e+01 3.663343188176269531e+08
1.536214937996206764e+01 3.385261010729685426e+08
1.542359797748191674e+01 3.200288868056623936e+08
1.548529236939184450e+01 3.270929482527600527e+08
1.554723353886941339e+01 2.953052101081214547e+08
1.560942247302489072e+01 3.086615535244171619e+08
1.567186016291699069e+01 3.250039758815034032e+08
1.573454760356865556e+01 2.762695660314608812e+08
1.579748579398293096e+01 2.941542067751114964e+08
1.586067573715886247e+01 3.013461303382577896e+08
1.592411844010749888e+01 3.171968227298465371e+08
1.598781491386792730e+01 2.549421253422159255e+08
1.605176617352340074e+01 2.870928290032779574e+08
1.611597323821749228e+01 2.662832404886795282e+08
1.618043713117036120e+01 2.927639616098687649e+08
1.624515887969504391e+01 2.472379109476492107e+08
1.631013951521382310e+01 2.629158094432590306e+08
1.637538007327468037e+01 2.656512808112485111e+08
1.644088159356778078e+01 2.524104534523260295e+08
1.650664511994205341e+01 2.460412327705628574e+08
1.657267170042182158e+01 2.490804999030999243e+08
1.663896238722350418e+01 2.150648058085803986e+08
1.670551823677240222e+01 2.381937869369036257e+08
1.677234030971949608e+01 2.612555809489205480e+08
1.683942967095837062e+01 2.480590888534584045e+08
1.690678738964220429e+01 2.264369605894946754e+08
1.697441453920077237e+01 2.201625896695585847e+08
1.704231219735757108e+01 2.440041495088437796e+08
1.711048144614700561e+01 1.952082803567610383e+08
1.717892337193159236e+01 2.235692522599398792e+08
1.724763906541932101e+01 2.059227455715739131e+08
1.731662962168099895e+01 2.051187110877106786e+08
1.738589614016772344e+01 1.790426108674581051e+08
1.745543972472839300e+01 2.115810713174645305e+08
1.752526148362730751e+01 2.029715081133582294e+08
1.759536252956181812e+01 1.999831859072373211e+08
1.766574397968006238e+01 1.944763007053230703e+08
1.773640695559878466e+01 1.868335579297876656e+08
1.780735258342117433e+01 1.843231393032490611e+08
1.787858199375486024e+01 1.964834068752798736e+08
1.795009632172988034e+01 1.719465497908516228e+08
1.802189670701679702e+01 1.865763021328912675e+08
1.809398429384486562e+01 1.820245793990617692e+08
1.816636023102024211e+01 1.541917667946896255e+08
1.823902567194432578e+01 1.765299939116634727e+08
1.831198177463210186e+01 1.827152873605270088e+08
1.838522970173062987e+01 1.667725749152444303e+08
1.845877062053754969e+01 1.630985634550468028e+08
1.853260570301970134e+01 1.466789194136825800e+08
1.860673612583178027e+01 1.406968915434870124e+08
1.868116307033510637e+01 1.557015580394547880e+08
1.875588772261644976e+01 1.488908015570001006e+08
1.883091127350691352e+01 1.726852547526139617e+08
1.890623491860094063e+01 1.545435418123233020e+08
1.898185985827534594e+01 1.365781426602464616e+08
1.905778729770844748e+01 1.566090112820250690e+08
1.913401844689928311e+01 1.509170996966701150e+08
1.921055452068688041e+01 1.380096743579419255e+08
1.928739673876962968e+01 1.300795497543466985e+08
1.936454632572470658e+01 1.348316876256835759e+08
1.944200451102760141e+01 1.127860389920310080e+08
1.951977252907171589e+01 1.369555599646884203e+08
1.959785161918800256e+01 1.207874687635726035e+08
1.967624302566475691e+01 1.255338333107670248e+08
1.991079942767366973e+01 1.223965025343715250e+08
2.030901541622714390e+01 1.093244105545558184e+08
2.071519572455168756e+01 1.080225723610229492e+08
2.112949963904272010e+01 9.255630778808146715e+07
2.155208963182357707e+01 8.868553577494856715e+07
2.198313142446004420e+01 8.287553083813379705e+07
2.242279405294924643e+01 7.447651935116536915e+07
2.287124993400822959e+01 7.416923928941030800e+07
2.332867493268839709e+01 7.065767937252935767e+07
2.379524843134216638e+01 5.872030671422201395e+07
2.427115339996900900e+01 6.166225444130606204e+07
2.475657646796839018e+01 5.386863531050237268e+07
2.525170799732775961e+01 4.747219326084232330e+07
2.575674215727431715e+01 4.744315307217153162e+07
2.627187700041980278e+01 4.444657676602689177e+07
2.679731454042819649e+01 3.733273670974516124e+07
2.733326083123676042e+01 4.016797348115067929e+07
2.787992604786149542e+01 3.459085926619644463e+07
2.843752456881871993e+01 2.904286416482821479e+07
2.900627506019509738e+01 3.082423769487378746e+07
2.958640056139899599e+01 2.725553733179333434e+07
3.017812857262697435e+01 2.573885327528380975e+07
3.078169114407952023e+01 2.212786833597391844e+07
3.139732496696110431e+01 2.242562193963549286e+07
3.202527146630033172e+01 2.087077717131362483e+07
3.266577689562632969e+01 1.911139656934096292e+07
3.331909243353885586e+01 1.640339563478280045e+07
3.398547428220963695e+01 1.750110409716946259e+07
3.466518376785383282e+01 1.462926408973751590e+07
3.535848744321090464e+01 1.305903516640988737e+07
3.606565719207512188e+01 1.245495666642767936e+07
3.678697033591662802e+01 1.225595735959247500e+07
3.752270974263496583e+01 1.065526896863722056e+07
3.827316393748766643e+01 1.092996184016774595e+07
3.903862721623740839e+01 9.461331496279940009e+06
3.981939976056215613e+01 8.655637704629199579e+06
4.061578775577340394e+01 7.495457396242156625e+06
4.142810351088887444e+01 7.992062505135685205e+06
4.225666558110664539e+01 7.311380963679808192e+06
4.310179889272878029e+01 6.168344362410246395e+06
4.396383487058335504e+01 5.854674355105553754e+06
4.484311156799503095e+01 5.486925416152994148e+06
4.573997379935492091e+01 5.081053840321568772e+06
4.665477327534202345e+01 4.544571516624744982e+06
4.758786874084886165e+01 4.452902540358343162e+06
4.853962611566583973e+01 4.214145825616207905e+06
4.951041863797915710e+01 3.625519117723444942e+06
5.050062701073873939e+01 3.459963686140573118e+06
5.151063955095351332e+01 3.070872590492669493e+06
5.254085234197258103e+01 3.290815127553026192e+06
5.359166938881203635e+01 2.916360205199303571e+06
5.466350277658827395e+01 2.689197105044175871e+06
5.575677283212004198e+01 2.266019074785504956e+06
5.687190828876244098e+01 2.165570814610747155e+06
5.800934645453768468e+01 2.068616503649102990e+06
5.916953338362844050e+01 1.971602970089257229e+06
6.035292405130100946e+01 1.765323834235486807e+06
6.155998253232701956e+01 1.789335945856599370e+06
6.279118218297357146e+01 1.486741814987400314e+06
6.404700582663303976e+01 1.326367564842602238e+06
6.532794594316570169e+01 1.243845160116220824e+06
6.663450486202900436e+01 1.159568395854160190e+06
6.796719495926959098e+01 1.220914295321582351e+06
6.932653885845499531e+01 1.141006371114517795e+06
7.071306963562409464e+01 9.645366777671197196e+05
7.212733102833657028e+01 8.426799092626521597e+05
7.356987764890331505e+01 8.201423948717796011e+05
7.504127520188137623e+01 7.350610704502211884e+05
7.654210070591901172e+01 7.352324811632693745e+05
7.807294272003738911e+01 6.663463784221211681e+05
7.963440157443814371e+01 6.276685419624102069e+05
8.122708960592690630e+01 5.375279566638139077e+05
8.285163139804545551e+01 5.011192016563386424e+05
8.450866402600635752e+01 4.796052406637318782e+05
8.619883730652648524e+01 4.769000880439153989e+05
8.792281405265701721e+01 5.262601645381872077e+05
8.968127033371015955e+01 4.055255248979665921e+05
9.147489574038435478e+01 4.002076514318295522e+05
9.330439365519204387e+01 3.358766168925263337e+05
9.517048152829590890e+01 2.907539172970801592e+05
9.707389115886181230e+01 3.219136761212391430e+05
9.901536898203904968e+01 2.468245161708462692e+05
