# Wavelength [um]       Fp [W/m2/m]  
1.000553076518779783e-01 1.232005493100170497e-02
1.004555288824854897e-01 1.811194810041487399e-31
1.008573509980154326e-01 1.382520519678876299e-29
1.012607804020075053e-01 2.274585281083047248e-29
1.016658235236155422e-01 2.171646623594578728e-31
1.020724868177099870e-01 6.535161064369590973e-21
1.024807767649808382e-01 1.914612125270678444e-22
1.028906998720407612e-01 1.663108395735172024e-28
1.033022626715289355e-01 1.564689365568639623e-19
1.037154717222150413e-01 4.715477397195154923e-30
1.041303336091038839e-01 4.572392987858468176e-27
1.045468549435403099e-01 1.874055230874421166e-25
1.049650423633144702e-01 5.925862287751100258e-31
1.053849025327677214e-01 6.257858157829237979e-22
1.058064421428987906e-01 3.551200043329791112e-28
1.062296679114703990e-01 1.645930125474320768e-21
1.066545865831162732e-01 2.424580571244991782e-24
1.070812049294487533e-01 2.907432453588013906e-25
1.075095297491665408e-01 3.287688705220227076e-19
1.079395678681632220e-01 2.941011693824934781e-25
1.083713261396358624e-01 1.644134596609918907e-18
1.088048114441943909e-01 6.895314060410269455e-20
1.092400306899711654e-01 2.818761859500564010e-15
1.096769908127310511e-01 2.241815486537474017e-19
1.101156987759819850e-01 5.629112518081326322e-20
1.105561615710859147e-01 3.676135114427794128e-15
1.109983862173702651e-01 5.040222572452509208e-16
1.114423797622397516e-01 1.481650340983164114e-17
1.118881492812886930e-01 1.788713674355915266e-19
1.123357018784138517e-01 1.539666616251893461e-17
1.127850446859275102e-01 4.808077622273776167e-13
1.132361848646712132e-01 3.274805335297649635e-14
1.136891296041298988e-01 4.880134013076327763e-14
1.141438861225464035e-01 7.111635616310392516e-14
1.146004616670366072e-01 1.126538063796779217e-13
1.150588635137047705e-01 6.926774104201477041e-14
1.155190989677595953e-01 7.616569394037294287e-14
1.159811753636306314e-01 6.156828854483776709e-14
1.164451000650851553e-01 4.498564183130138059e-15
1.169108804653455069e-01 6.802813042499634403e-15
1.173785239872068981e-01 1.089077562641439256e-17
1.178480380831557206e-01 1.667521467472877385e-18
1.183194302354883543e-01 1.498575166097976958e-16
1.187927079564302935e-01 3.253002865192456874e-17
1.192678787882560099e-01 2.282698470266264616e-17
1.197449503034090645e-01 2.297331434646532237e-18
1.202239301046226783e-01 2.157400589447250901e-19
1.207048258250411760e-01 2.710924458818586394e-15
1.211876451283413342e-01 5.158885786651686191e-17
1.216723957088547137e-01 2.368690740221699348e-19
1.221590852916901310e-01 9.822358110771349642e-17
1.226477216328568792e-01 5.780416559870289959e-15
1.231383125193883099e-01 4.316830717936286505e-20
1.236308657694658586e-01 2.277354891619632216e-17
1.241253892325437369e-01 6.419472689113840618e-17
1.246218907894739159e-01 1.293285723582122770e-19
1.251203783526317892e-01 5.310715675062661398e-17
1.256208598660423226e-01 4.640309236510973134e-15
1.261233433055065078e-01 9.196654703891973862e-16
1.266278366787285392e-01 7.761243353802286129e-18
1.271343480254434610e-01 1.728489243685284079e-13
1.276428854175452321e-01 3.130174123707395187e-15
1.281534569592154005e-01 3.960678536994063927e-16
1.286660707870522780e-01 1.125641044206481359e-14
1.291807350702004475e-01 4.980564348187568388e-14
1.296974580104812425e-01 7.217133861910668017e-14
1.302162478425231973e-01 1.731628362254700444e-16
1.307371128338932764e-01 1.872902392709243231e-14
1.312600612852288795e-01 3.513066954233440047e-12
1.317851015303697915e-01 1.373955735811069158e-14
1.323122419364912705e-01 2.866193164344959952e-13
1.328414909042372472e-01 2.166369310535178458e-12
1.333728568678542170e-01 3.816019058820296834e-13
1.339063482953256612e-01 1.073991065361421090e-14
1.344419736885069383e-01 5.615128412841095901e-13
1.349797415832609815e-01 2.101909476734053672e-12
1.355196605495940232e-01 7.959518274598205711e-13
1.360617391917924301e-01 2.624994830132634359e-12
1.366059861485595939e-01 4.537493193707555508e-13
1.371524100931538481e-01 2.396953587576546343e-14
1.377010197335264696e-01 2.080659959908918548e-13
1.382518238124605670e-01 1.423910413466550697e-10
1.388048311077104136e-01 5.669136305878007329e-12
1.393600504321412248e-01 4.908297445379063893e-13
1.399174906338697677e-01 3.427218370357292587e-13
1.404771605964052761e-01 6.015339019405120717e-11
1.410390692387908651e-01 2.899749081351829763e-12
1.416032255157460562e-01 2.545558841273301605e-10
1.421696384178090522e-01 3.689776166287574663e-14
1.427383169714803168e-01 1.831258743611044700e-11
1.433092702393662099e-01 4.973526313388615474e-09
1.438825073203236771e-01 8.492005951026951320e-11
1.444580373496049674e-01 5.193162625351536761e-09
1.450358694990033503e-01 7.545336890742505570e-11
1.456160129769993872e-01 5.644511371866459934e-09
1.461984770289073976e-01 2.259982749249711796e-08
1.467832709370230082e-01 6.271062064906135526e-10
1.473704040207710897e-01 1.635405321302461964e-08
1.479598856368541382e-01 3.207803062920645610e-11
1.485517251794015725e-01 2.622037999336082050e-09
1.491459320801191979e-01 1.400792473143325826e-08
1.497425158084396690e-01 5.375843467224126898e-10
1.503414858716734248e-01 2.064325242300210349e-07
1.509428518151600951e-01 5.900027423849300727e-09
1.515466232224207677e-01 6.078009487594468395e-10
1.521528097153104220e-01 1.708612557621579785e-07
1.527614209541716672e-01 7.260558003894970355e-09
1.533724666379883694e-01 1.563591044641049003e-08
1.539859565045403056e-01 4.557610121593087303e-08
1.546019003305584838e-01 7.593678394542855861e-11
1.552203079318807133e-01 2.605391214611064029e-08
1.558411891636082569e-01 3.673137099131140962e-08
1.564645539202626778e-01 2.238484184843861551e-08
1.570904121359437411e-01 7.247493851816952579e-08
1.577187737844875093e-01 5.568384733227326901e-08
1.583496488796254653e-01 1.113907072265074533e-07
1.589830474751439959e-01 2.357089239284580344e-07
1.596189796650445414e-01 1.121983496080360287e-07
1.602574555837047166e-01 1.842566614342600489e-07
1.608984854060395708e-01 3.662002366371879917e-07
1.615420793476636807e-01 2.343682073219759716e-07
1.621882476650543525e-01 6.510884971106012108e-07
1.628370006557145755e-01 5.264375718426199827e-07
1.634883486583374457e-01 8.214120745048744654e-07
1.641423020529707844e-01 1.870901797827796417e-06
1.647988712611826723e-01 9.825355679195741941e-07
1.654580667462274002e-01 8.599397958580064249e-07
1.661198990132123077e-01 2.554214013964511280e-06
1.667843786092651215e-01 1.868901757810311032e-06
1.674515161237022098e-01 4.445761113792471883e-06
1.681213221881969755e-01 7.303183601473068675e-06
1.687938074769497754e-01 8.524317249167379700e-06
1.694689827068575905e-01 1.701458779757154162e-05
1.701468586376850278e-01 1.577402687674186847e-05
1.708274460722357391e-01 1.266668278570812877e-05
1.715107558565246715e-01 1.797256057102409544e-05
1.721967988799507909e-01 1.848891983203985128e-05
1.728855860754705820e-01 2.280790988924637601e-05
1.735771284197724640e-01 4.077465951532883011e-05
1.742714369334515678e-01 4.662155194681916822e-05
1.749685226811853456e-01 6.552601321169991826e-05
1.756683967719100681e-01 1.063392271379519333e-04
1.763710703589977391e-01 1.647045010836785384e-04
1.770765546404337309e-01 1.445256522396592036e-04
1.777848608589954471e-01 1.441202735290415078e-04
1.784960003024314568e-01 2.080680690929769460e-04
1.792099843036411844e-01 2.119441040112167017e-04
1.799268242408557650e-01 3.297350911884727341e-04
1.806465315378191772e-01 3.923805390011177261e-04
1.813691176639704306e-01 4.868287251574856763e-04
1.820945941346263086e-01 7.283851700622786174e-04
1.828229725111648329e-01 1.020963245355586925e-03
1.835542644012094771e-01 8.327518926150704638e-04
1.842884814588143239e-01 1.135922805768050086e-03
1.850256353846495561e-01 1.557046475143277235e-03
1.857657379261881403e-01 1.651373451360743519e-03
1.865088008778928996e-01 2.443769882843833344e-03
1.872548360814044743e-01 2.754299108001524374e-03
1.880038554257300876e-01 3.311723483376253444e-03
1.887558708474330049e-01 4.570145438729456694e-03
1.895108943308226879e-01 5.234490689797273617e-03
1.902689379081460019e-01 5.882345371526558411e-03
1.910300136597785636e-01 8.090341822696354643e-03
1.917941337144176972e-01 8.766964587256492053e-03
1.925613102492753359e-01 1.058727050209118913e-02
1.933315554902724498e-01 1.387043982608844941e-02
1.941048817122335568e-01 1.551704648683287745e-02
1.948813012390824828e-01 1.825515142795180318e-02
1.956608264440388156e-01 2.418430488968159944e-02
1.964434697498149418e-01 2.546817824310341344e-02
1.972292436288141937e-01 3.101456487528966161e-02
1.980181606033294406e-01 3.884045303169969543e-02
1.988102332457427346e-01 4.323141517282134277e-02
1.996054741787257336e-01 4.981079125191028439e-02
2.004038960754406518e-01 5.984586238314421047e-02
2.012055116597424309e-01 6.994123164418748761e-02
2.020103337063813842e-01 8.205607646021613466e-02
2.028183750412069219e-01 9.753932396436525154e-02
2.036296485413717494e-01 1.110936384839894819e-01
2.044441671355372303e-01 1.285295939845141344e-01
2.052619438040793887e-01 1.530147239114391378e-01
2.060829915792957157e-01 1.772354647195667487e-01
2.069073235456129201e-01 2.062910718186013181e-01
2.077349528397953449e-01 2.410423579218247125e-01
2.085658926511545219e-01 2.830531613870918006e-01
2.094001562217591150e-01 3.293917846479285649e-01
2.102377568466461677e-01 3.831683672488353509e-01
2.110787078740327671e-01 4.425403545170027431e-01
2.119230227055288740e-01 5.185507423766130275e-01
2.127707147963510126e-01 6.041458223147622153e-01
2.136217976555363773e-01 7.042482253249912061e-01
2.144762848461585492e-01 8.083068305229296202e-01
2.153341899855431840e-01 9.471019354062302220e-01
2.161955267454853669e-01 1.105289741268709713e+00
2.170603088524672986e-01 1.284162331910939647e+00
2.179285500878772042e-01 1.473702684594482504e+00
2.188002642882286852e-01 1.708690054643710710e+00
2.196754653453815986e-01 1.997710971693212656e+00
2.205541672067631020e-01 2.297959508558173880e+00
2.214363838755901703e-01 2.707135052412954934e+00
2.223221294110925284e-01 3.059153957932558399e+00
2.232114179287369160e-01 3.670730873294768770e+00
2.241042636004518529e-01 4.126995485387520368e+00
2.250006806548536520e-01 4.967534723277522879e+00
2.259006833774730438e-01 5.512806630934663943e+00
2.268042861109829667e-01 6.440908480172852002e+00
2.277115032554268836e-01 7.446239468916867388e+00
2.286223492684485714e-01 8.543998052917629593e+00
2.295368386655223802e-01 1.038760960338529848e+01
2.304549860201844658e-01 1.098439074881356348e+01
2.313768059642651864e-01 1.323661396419400837e+01
2.323023131881222503e-01 1.495344294651047790e+01
2.332315224408747223e-01 1.772755809390002923e+01
2.341644485306381973e-01 2.045545371228855203e+01
2.351011063247607502e-01 2.181489010596038014e+01
2.360415107500598020e-01 2.667760795994832890e+01
2.369856767930600405e-01 2.842147588129298086e+01
2.379336195002322851e-01 3.481275294568450107e+01
2.388853539782332114e-01 3.860786931267071509e+01
2.398408953941461863e-01 4.947146528035884927e+01
2.408002589757227141e-01 5.650884841265189351e+01
2.417634600116256582e-01 5.639908656478860394e+01
2.427305138516721306e-01 7.550582789183721388e+01
2.437014359070788505e-01 8.037558191604431101e+01
2.446762416507071713e-01 1.170462068450188440e+02
2.456549466173099938e-01 1.055437950157556060e+02
2.466375664037792625e-01 1.314761828269537318e+02
2.476241166693943785e-01 1.638981149408255646e+02
2.486146131360719436e-01 1.395399993742702520e+02
2.496090715886161993e-01 1.909255771371453534e+02
2.506075078749706586e-01 1.924243473968949729e+02
2.516099379064705155e-01 2.392218574880520805e+02
2.526163776580964138e-01 4.371200597100196887e+02
2.536268431687287994e-01 6.563974150869761388e+02
2.546413505414037437e-01 9.728464770450538026e+02
2.556599159435693491e-01 4.846954164608234805e+02
2.566825556073435988e-01 4.988332230629213768e+02
2.577092858297729827e-01 5.672984026134785154e+02
2.587401229730920682e-01 5.656804718641168392e+02
2.597750834649844576e-01 7.540131414849122393e+02
2.608141837988444123e-01 7.702811199532502542e+02
2.618574405340398092e-01 1.417499275969458040e+03
2.629048702961759298e-01 2.809529275096104357e+03
2.639564897773606367e-01 2.832360938386952057e+03
2.650123157364701054e-01 2.837965092675196502e+03
2.660723649994159445e-01 2.294117660466990401e+03
2.671366544594135917e-01 2.859684935492309251e+03
2.682052010772512096e-01 3.362685231610801566e+03
2.692780218815602478e-01 2.770969315273216125e+03
2.703551339690865030e-01 5.041552862992524751e+03
2.714365545049627904e-01 4.329341093014473699e+03
2.725223007229827243e-01 4.761459828324435875e+03
2.736123899258746106e-01 5.992851963870806685e+03
2.747068394855781692e-01 9.288185302928746751e+03
2.758056668435204806e-01 1.136851019310518313e+04
2.769088895108945403e-01 2.360093356605352892e+04
2.780165250689380918e-01 2.024245752162078134e+04
2.791285911692138466e-01 2.871216231502417213e+04
2.802451055338907038e-01 2.787413851364549919e+04
2.813660859560263017e-01 2.802411245011770734e+04
2.824915502998503469e-01 2.319848309286535005e+04
2.836215165010497197e-01 3.532987318513675564e+04
2.847560025670539119e-01 3.475502281600506103e+04
2.858950265773221866e-01 5.890066646733828384e+04
2.870386066836315142e-01 6.534558570525149844e+04
2.881867611103660631e-01 1.075735510595520318e+05
2.893395081548075787e-01 1.398161187332925329e+05
2.904968661874267610e-01 1.494312186761412595e+05
2.916588536521764197e-01 1.550721916951050807e+05
2.928254890667851273e-01 1.536439066195841588e+05
2.939967910230522619e-01 1.678212545399896044e+05
2.951727781871444911e-01 1.926027730141362990e+05
2.963534692998930908e-01 2.435155513438824564e+05
2.975388831770926501e-01 2.887416563871392864e+05
2.987290387098009981e-01 4.241663126306771301e+05
2.999239548646402409e-01 4.107607680645923247e+05
3.011236506840988536e-01 5.177921506463040132e+05
3.023281452868351593e-01 4.323838821254332433e+05
3.035374578679824742e-01 3.298654772699578316e+05
3.047516076994544187e-01 6.025783464343965752e+05
3.059706141302522830e-01 7.450928792089415947e+05
3.071944965867733357e-01 7.490145011573679512e+05
3.084232745731204095e-01 8.812914803483276628e+05
3.096569676714128194e-01 4.622616549042394035e+05
3.108955955420985018e-01 5.656154182860902511e+05
3.121391779242668751e-01 1.177763952596093528e+06
3.133877346359639215e-01 1.344581620487422450e+06
3.146412855745078230e-01 1.516478269093602430e+06
3.158998507168058190e-01 1.449413415238589747e+06
3.171634501196730627e-01 1.558551594745036913e+06
3.184321039201517545e-01 1.373426296148822643e+06
3.197058323358323295e-01 1.192036152198333293e+06
3.209846556651756444e-01 5.245323657319505000e+05
3.222685942878363852e-01 2.108896069191713177e+05
3.235576686649877520e-01 4.280007271316022961e+05
3.248518993396476984e-01 2.081666814225222333e+05
3.261513069370062801e-01 5.306138876803393941e+04
3.274559121647543369e-01 6.020725398695742115e+03
3.287657358134133401e-01 2.067285298636467701e+02
3.300807987566670154e-01 5.002300375007686650e-01
3.314011219516936890e-01 3.193390377696380256e+01
3.327267264395004642e-01 2.426250328112677835e+03
3.340576333452584534e-01 3.578860431654759304e+04
3.353938638786395088e-01 2.207363771528884827e+05
3.367354393341540630e-01 7.206881905729641439e+05
3.380823810914907468e-01 1.574987045309414621e+06
3.394347106158566718e-01 2.681149997097876389e+06
3.407924494583201014e-01 3.838812395052435808e+06
3.421556192561533982e-01 4.486877076297910884e+06
3.435242417331779707e-01 2.498959282339423895e+06
3.448983387001106626e-01 1.355929282495924563e+05
3.462779320549111417e-01 4.691678817423016764e+06
3.476630437831307319e-01 9.969648860090248287e+06
3.490536959582632992e-01 1.309452428513600118e+07
3.504499107420963600e-01 1.571183535044076107e+07
3.518517103850647421e-01 1.806511359975581989e+07
3.532591172266050239e-01 2.046900857651803270e+07
3.546721536955114717e-01 2.297315890287773684e+07
3.560908423102934761e-01 2.517348727837787569e+07
3.575152056795346533e-01 2.757027245036830753e+07
3.589452665022527800e-01 3.037247278633129224e+07
3.603810475682617254e-01 3.327027869104829431e+07
3.618225717585348278e-01 3.608437597307560593e+07
3.632698620455689364e-01 3.913899735947306454e+07
3.647229414937512293e-01 4.232123844857748598e+07
3.661818332597261971e-01 4.598090052588388324e+07
3.676465605927651259e-01 4.897366478704465926e+07
3.691171468351361895e-01 5.273523176110912859e+07
3.705936154224767076e-01 5.636404036799421906e+07
3.720759898841666247e-01 6.034446013983180374e+07
3.735642938437032656e-01 6.465855897110027820e+07
3.750585510190780902e-01 6.927929496840956807e+07
3.765587852231543908e-01 7.440009164648748934e+07
3.780650203640470441e-01 8.011846349556541443e+07
3.795772804455032068e-01 8.505929480084107816e+07
3.810955895672852312e-01 9.063797253431332111e+07
3.826199719255543585e-01 9.560397675586336851e+07
3.841504518132565771e-01 1.019033911337987334e+08
3.856870536205096456e-01 1.074849828844294995e+08
3.872298018349916715e-01 1.138766382814727277e+08
3.887787210423316320e-01 1.201264092387561649e+08
3.903338359265008939e-01 1.263519142108621448e+08
3.918951712702069545e-01 1.323055696824629903e+08
3.934627519552877928e-01 1.375372970915026367e+08
3.950366029631089404e-01 1.428346192646415234e+08
3.966167493749613859e-01 1.429033538675265014e+08
3.982032163724612550e-01 1.361521712067338228e+08
3.997960292379510450e-01 1.157582904913035482e+08
4.013952133549028578e-01 7.045036013360956311e+07
4.030007942083224659e-01 1.357286703796852008e+07
4.046127973851557647e-01 1.150675566592885152e+05
4.062312485746963908e-01 1.404783264702221937e+07
4.078561735689951728e-01 8.548962107854415476e+07
4.094875982632711353e-01 1.586075604934638143e+08
4.111255486563242245e-01 2.108940336135392785e+08
4.127700508509495880e-01 2.483897015878930092e+08
4.144211310543532978e-01 2.780262662158550620e+08
4.160788155785707931e-01 3.058796826051588058e+08
4.177431308408850463e-01 3.274928000471547246e+08
4.194141033642486138e-01 3.518579365921002626e+08
4.210917597777056320e-01 3.754083909479451776e+08
4.227761268168164221e-01 3.953692408495182991e+08
4.244672313240837602e-01 4.228701671505579948e+08
4.261651002493800910e-01 4.472329688914146423e+08
4.278697606503775730e-01 4.733851343701986670e+08
4.295812396929790666e-01 5.078531666518962383e+08
4.312995646517510107e-01 5.304644113252718449e+08
4.330247629103580187e-01 5.588071604660830498e+08
4.347568619619994745e-01 5.979199700344645977e+08
4.364958894098474596e-01 6.184478289321975708e+08
4.382418729674867897e-01 6.556565721730762720e+08
4.399948404593567730e-01 6.819921280615345240e+08
4.417548198211941890e-01 7.272231485794827938e+08
4.435218391004789873e-01 7.761903276873426437e+08
4.452959264568808750e-01 8.075622547082231045e+08
4.470771101627084021e-01 8.415244601420501471e+08
4.488654186033592119e-01 8.775668162898466587e+08
4.506608802777726241e-01 9.227615725554484129e+08
4.524635237988837710e-01 9.578845307634193897e+08
4.542733778940792333e-01 1.028428164603149652e+09
4.560904714056555065e-01 1.051270444190034866e+09
4.579148332912781894e-01 1.046389143487613797e+09
4.597464926244433370e-01 1.087885736728148699e+09
4.615854785949410899e-01 1.109731019618202925e+09
4.634318205093208576e-01 1.094488138519699335e+09
4.652855477913582227e-01 1.087510829791352987e+09
4.671466899825236219e-01 1.061968210266580224e+09
4.690152767424536906e-01 1.039653290841987729e+09
4.708913378494234969e-01 1.020199986565031528e+09
4.727749032008212171e-01 8.767788354700827599e+08
4.746660028136244769e-01 7.250371200618224144e+08
4.765646668248789131e-01 5.371835522879685163e+08
4.784709254921784560e-01 3.418407895348970294e+08
4.803848091941470555e-01 1.898022123053615689e+08
4.823063484309236815e-01 9.188842259675000608e+07
4.842355738246474361e-01 4.828366530468043685e+07
4.861725161199459966e-01 2.823299596731163934e+07
4.881172061844257226e-01 1.862020053958243132e+07
4.900696750091634302e-01 1.329857895316792279e+07
4.920299537092001074e-01 9.346564959920698777e+06
4.939980735240369625e-01 6.274215643714719452e+06
4.959740658181330253e-01 4.014425038753321860e+06
4.979579620814056362e-01 2.427641488806305919e+06
4.999497939297311566e-01 1.430579829890462337e+06
5.019495931054501758e-01 8.608107942412800621e+05
5.039573914778719965e-01 5.899749928929078160e+05
5.059732210437835054e-01 4.907930424537291983e+05
5.079971139279585435e-01 4.735212544972081087e+05
5.100291023836703852e-01 4.733669886145333876e+05
5.120692187932051054e-01 4.581583684280485613e+05
5.141174956683780550e-01 4.386704642589331488e+05
5.161739656510514473e-01 4.298491146249572630e+05
5.182386615136556074e-01 4.217223185584612074e+05
5.203116161597103329e-01 4.026798906238441123e+05
5.223928626243490303e-01 3.814728244635613519e+05
5.244824340748465152e-01 3.648181611862208229e+05
5.265803638111459239e-01 3.458326121417011600e+05
5.286866852663905103e-01 3.248627304588541738e+05
5.308014320074561088e-01 3.087509539967698511e+05
5.329246377354859288e-01 2.935785743151340866e+05
5.350563362864277916e-01 2.771104883423934807e+05
5.371965616315735881e-01 2.646985781300791423e+05
5.393453478780998456e-01 2.528504225091150147e+05
5.415027292696121819e-01 2.390356720759770833e+05
5.436687401866906466e-01 2.283219285570528591e+05
5.458434151474373941e-01 2.172966236936575442e+05
5.480267888080271321e-01 2.047923333118157752e+05
5.502188959632591247e-01 1.948013777498657291e+05
5.524197715471121928e-01 1.851118116423302854e+05
5.546294506333006025e-01 1.748456278676711372e+05
5.568479684358338400e-01 1.658842078434457362e+05
5.590753603095770519e-01 1.580290619316670054e+05
5.613116617508153716e-01 1.493749772503784625e+05
5.635569083978186899e-01 1.426835527650406875e+05
5.658111360314097560e-01 1.349294594015273324e+05
5.680743805755354980e-01 1.280612510473339644e+05
5.703466780978375672e-01 1.213307589965737134e+05
5.726280648102289872e-01 1.146736809889171564e+05
5.749185770694699160e-01 1.073801260024968506e+05
5.772182513777477375e-01 9.953569185725331772e+04
5.795271243832587071e-01 9.116839174313921831e+04
5.818452328807918184e-01 8.259644620629922429e+04
5.841726138123150003e-01 7.416022500605037203e+04
5.865093042675643131e-01 5.717575359036998998e+04
5.888553414846344758e-01 4.354129660616115871e+04
5.912107628505729462e-01 5.486925033305325633e+04
5.935756059019753339e-01 9.014405687079968629e+04
5.959499083255832552e-01 1.285244970374992699e+05
5.983337079588855190e-01 1.717597256767533545e+05
6.007270427907210886e-01 2.271413070789148042e+05
6.031299509618840426e-01 2.997891069640520145e+05
6.055424707657315331e-01 3.888790732035214314e+05
6.079646406487945187e-01 5.001948895816460135e+05
6.103964992113897203e-01 6.450694995145965368e+05
6.128380852082353503e-01 8.332103166947329883e+05
6.152894375490681744e-01 1.076414644862796646e+06
6.177505952992645710e-01 1.381815487510864157e+06
6.202215976804615893e-01 1.761733404995145509e+06
6.227024840711834486e-01 2.234464729809763376e+06
6.251932940074681477e-01 2.823167714751503430e+06
6.276940671834980723e-01 3.547821370878774207e+06
6.302048434522321552e-01 4.453868332520148717e+06
6.327256628260409244e-01 5.557036553000221960e+06
6.352565654773452142e-01 6.877839026156769134e+06
6.377975917392545435e-01 8.472369594374736771e+06
6.403487821062116003e-01 1.038329961907694675e+07
6.429101772346363930e-01 1.266204388196987472e+07
6.454818179435749537e-01 1.538668876202926412e+07
6.480637452153492628e-01 1.869477385457902774e+07
6.506560001962106154e-01 2.272902098165321723e+07
6.532586241969955410e-01 2.760824433474695310e+07
6.558716586937833881e-01 3.349921530163728446e+07
6.584951453285585732e-01 4.055813954336629808e+07
6.611291259098727169e-01 4.909894826314029843e+07
6.637736424135122215e-01 5.939121034181533009e+07
6.664287369831662922e-01 7.158126453453065455e+07
6.690944519310989547e-01 8.584562294632658362e+07
6.717708297388232941e-01 1.026501431241341531e+08
6.744579130577786907e-01 1.222274459422022551e+08
6.771557447100098326e-01 1.440818043245485425e+08
6.798643676888498355e-01 1.670755016427873671e+08
6.825838251596052508e-01 1.897794549956563115e+08
6.853141604602436265e-01 2.104539514365762472e+08
6.880554171020846210e-01 2.268145295942199230e+08
6.908076387704928933e-01 2.369675212744107544e+08
6.935708693255748791e-01 2.419986422802583277e+08
6.963451528028771209e-01 2.576704841656771004e+08
6.991305334140887062e-01 2.737176137376440763e+08
7.019270555477450380e-01 2.945055627426001430e+08
7.047347637699360456e-01 3.214706333937459588e+08
7.075537028250157290e-01 3.502279170925602317e+08
7.103839176363159202e-01 3.787145298384169340e+08
7.132254533068611568e-01 4.071993305315356851e+08
7.160783551200886610e-01 4.202072127318832874e+08
7.189426685405689854e-01 4.407031248052276373e+08
7.218184392147313222e-01 4.643929814405958056e+08
7.247057129715901436e-01 4.683576717851801515e+08
7.276045358234763949e-01 4.766077455397120714e+08
7.305149539667704639e-01 4.652824331830738187e+08
7.334370137826373703e-01 4.677356474743037224e+08
7.363707618377679509e-01 4.593111014875941873e+08
7.393162448851190449e-01 4.515259830226910114e+08
7.422735098646596752e-01 4.386279423221127987e+08
7.452426039041182282e-01 4.248661806304292679e+08
7.482235743197346300e-01 4.082760653687000871e+08
7.512164686170136330e-01 3.821652820464191437e+08
7.542213344914817652e-01 3.583068133537945747e+08
7.572382198294477229e-01 3.296834501370216608e+08
7.602671727087656484e-01 2.771165039325935245e+08
7.633082413996006288e-01 1.526807322011274695e+08
7.663614743651989691e-01 2.295432834333861619e+07
7.694269202626597970e-01 3.154205428715570271e+07
7.725046279437104424e-01 1.204244316791581810e+08
7.755946464554852593e-01 2.506593037658768594e+08
7.786970250413072225e-01 3.918268557048373818e+08
7.818118131414724115e-01 5.168961174005749226e+08
7.849390603940383793e-01 6.346655094415509701e+08
7.880788166356144098e-01 7.638546748269584179e+08
7.912311319021569922e-01 9.084333688023779392e+08
7.943960564297655180e-01 1.072156396880786657e+09
7.975736406554845281e-01 1.251356232321788073e+09
8.007639352181065151e-01 1.449860355155764818e+09
8.039669909589789443e-01 1.657797481535113096e+09
8.071828589228148276e-01 1.869054470889345407e+09
8.104115903585061842e-01 2.044985581027025461e+09
8.136532367199402760e-01 2.227890668447118282e+09
8.169078496668199518e-01 2.545616778390709877e+09
8.201754810654874328e-01 2.666483167559377670e+09
8.234561829897493190e-01 3.160581655021534443e+09
8.267500077217083687e-01 3.714674321407711983e+09
8.300570077525952772e-01 4.047504430952667713e+09
8.333772357836056743e-01 4.506086991397369385e+09
8.367107447267401188e-01 4.935900576998327255e+09
8.400575877056470908e-01 5.525864327599267960e+09
8.434178180564695371e-01 6.158875230855281830e+09
8.467914893286955236e-01 6.869468940221199036e+09
8.501786552860102208e-01 7.611241859906597137e+09
8.535793699071543283e-01 8.452595086001461029e+09
8.569936873867830540e-01 9.336141681205694199e+09
8.604216621363300899e-01 1.011634762720628357e+10
8.638633487848753623e-01 1.048372314485606956e+10
8.673188021800150027e-01 1.152779813205429077e+10
8.707880773887352044e-01 1.235629802727160072e+10
8.742712296982900755e-01 1.335775447784210968e+10
8.777683146170831563e-01 1.441888795545746422e+10
8.812793878755513788e-01 1.561080024906404686e+10
8.848045054270535781e-01 1.697994740098138809e+10
8.883437234487617795e-01 1.781532964979049683e+10
8.918970983425568155e-01 1.675968064105323029e+10
8.954646867359271623e-01 1.768770871966487885e+10
8.990465454828707736e-01 1.896570839546387482e+10
9.026427316648023558e-01 2.254526367409793091e+10
9.062533025914615292e-01 2.447527737024715424e+10
9.098783158018273198e-01 2.555314212069506454e+10
9.135178290650346478e-01 2.662333313346907043e+10
9.171719003812948134e-01 2.637978866648355484e+10
9.208405879828199803e-01 3.009857076553919220e+10
9.245239503347512100e-01 2.938268934025060272e+10
9.282220461360901620e-01 1.215699284592068863e+10
9.319349343206346781e-01 1.345595377304353142e+10
9.356626740579171431e-01 1.570403673531663322e+10
9.394053247541488405e-01 2.213893315254127502e+10
9.431629460531654185e-01 2.273949420960192108e+10
9.469355978373780180e-01 2.321914236624615479e+10
9.507233402287275092e-01 2.258608595451853180e+10
9.545262335896426142e-01 2.507444862385355377e+10
9.583443385240012491e-01 2.116547821598610306e+10
9.621777158780971950e-01 2.402594661004464722e+10
9.660264267416096562e-01 2.733747269172675705e+10
9.698905324485760371e-01 3.148377349207960510e+10
9.737700945783701600e-01 3.162409666990882874e+10
9.776651749566835914e-01 3.518223971920044708e+10
9.815758356565105203e-01 3.895536616639035797e+10
9.855021389991363012e-01 4.266521572177264404e+10
9.894441475551331022e-01 4.958045867407678223e+10
9.934019241453534432e-01 5.281916159444794464e+10
9.973755318419349480e-01 4.955763274117642212e+10
1.001365033969302543e+00 4.205328568241083527e+10
1.005370494105179757e+00 4.735527408219884491e+10
1.009391976081600362e+00 5.154645981903221893e+10
1.013429543985926884e+00 5.846836586520686340e+10
1.017483262161870350e+00 6.617809299068199158e+10
1.021553195210518128e+00 7.136521010286782837e+10
1.025639407991360219e+00 7.842270113955641174e+10
1.029741965623325539e+00 8.533012710381591797e+10
1.033860933485818867e+00 9.114313208292628479e+10
1.037996377219762012e+00 9.762035451404907227e+10
1.042148362728641198e+00 1.017411497285565491e+11
1.046316956179555557e+00 1.086046724301727448e+11
1.050502224004274066e+00 1.130629436059607239e+11
1.054704232900291139e+00 1.163636166050216370e+11
1.058923049831892227e+00 1.178883746827033844e+11
1.063158742031219628e+00 1.257903183808141937e+11
1.067411376999344741e+00 1.293415577434877930e+11
1.071681022507342096e+00 1.323954578030744934e+11
1.075967746597371377e+00 1.354211514884131622e+11
1.080271617583760779e+00 1.395774995877464600e+11
1.084592704054095913e+00 1.356361691094526520e+11
1.088931074870312044e+00 1.130383498997261658e+11
1.093286799169793433e+00 7.599878519674945068e+10
1.097659946366472461e+00 5.680653838064683533e+10
1.102050586151938294e+00 4.058195040320378876e+10
1.106458788496546219e+00 3.158288918485129166e+10
1.110884623650532532e+00 2.319567972091399002e+10
1.115328162145134749e+00 1.814635883539034271e+10
1.119789474793714934e+00 2.298846036330398941e+10
1.124268632692889902e+00 2.644137506070090866e+10
1.128765707223661430e+00 3.090191807303216171e+10
1.133280770052556230e+00 1.401015000954585075e+10
1.137813893132766374e+00 2.322975833914516068e+10
1.142365148705297484e+00 2.543062119200743103e+10
1.146934609300118479e+00 3.130877841050494766e+10
1.151522347737319096e+00 2.757304037712063980e+10
1.156128437128268516e+00 2.524033907163377762e+10
1.160752950876781542e+00 2.517360890715765762e+10
1.165395962680288999e+00 2.590088020260703659e+10
1.170057546531009907e+00 2.268709265566809082e+10
1.174737776717134086e+00 2.576918487475193024e+10
1.179436727824002773e+00 2.664359364610692978e+10
1.184154474735298557e+00 4.023444956668346405e+10
1.188891092634239977e+00 4.791428213300713348e+10
1.193646657004777012e+00 5.859509331285533905e+10
1.198421243632796118e+00 6.923346929163713074e+10
1.203214928607327261e+00 7.913631139442179871e+10
1.208027788321756724e+00 9.296051198619151306e+10
1.212859899475043468e+00 9.757441727682205200e+10
1.217711339072943710e+00 1.111117676034488678e+11
1.222582184429235275e+00 1.180138922453810883e+11
1.227472513166952384e+00 1.288084865177400665e+11
1.232382403219620226e+00 1.380899261764068298e+11
1.237311932832498407e+00 1.493720826208876343e+11
1.242261180563828615e+00 1.308446860576240997e+11
1.247230225286083849e+00 1.586302566730346680e+11
1.252219146187228072e+00 1.261967866711432190e+11
1.257228022771976983e+00 1.742298987319457092e+11
1.262256934863064783e+00 1.743908780347523804e+11
1.267305962602517155e+00 1.723015823192999878e+11
1.272375186452927354e+00 1.621675784338619995e+11
1.277464687198738957e+00 1.639632521365020447e+11
1.282574545947533950e+00 1.501317993819482422e+11
1.287704844131324133e+00 1.388441754547042847e+11
1.292855663507849417e+00 1.334642838269641876e+11
1.298027086161880783e+00 1.245921168398885803e+11
1.303219194506528344e+00 1.235764644867660675e+11
1.308432071284554521e+00 1.159133985789584656e+11
1.313665799569692760e+00 1.042030867537453461e+11
1.318920462767971591e+00 9.707932309801280212e+10
1.324196144619043336e+00 7.208249175497320557e+10
1.329492929197519491e+00 3.970184425222758484e+10
1.334810900914309650e+00 1.014246545441601753e+10
1.340150144517967101e+00 4.254608031472575188e+09
1.345510745096038852e+00 2.736301264726827621e+09
1.350892788076423212e+00 2.186644356575195789e+09
1.356296359228728932e+00 1.311788246137763739e+09
1.361721544665643879e+00 1.661868472189422846e+09
1.367168430844306393e+00 2.441236789586841583e+09
1.372637104567683730e+00 2.083919932469926834e+09
1.378127652985954299e+00 3.549130729380471230e+09
1.383640163597898098e+00 2.642764923235098839e+09
1.389174724252289828e+00 2.879123573757279873e+09
1.394731423149298877e+00 2.380237262813095570e+09
1.400310348841896202e+00 2.351353506331090450e+09
1.405911590237263642e+00 2.715022488997272015e+09
1.411535236598212784e+00 2.123223274014902115e+09
1.417181377544605603e+00 2.255236643570613384e+09
1.422850103054784210e+00 2.350191755669702053e+09
1.428541503467003038e+00 3.207433486619677067e+09
1.434255669480871243e+00 2.821795342625120640e+09
1.439992692158794885e+00 3.302145369875337124e+09
1.445752662927429988e+00 4.306885905741382599e+09
1.451535673579139596e+00 6.162355112456059456e+09
1.457341816273456159e+00 8.002608668619390488e+09
1.463171183538549913e+00 7.137398813889431953e+09
1.469023868272704147e+00 6.834631141694464684e+09
1.474899963745795128e+00 8.469548379862101555e+09
1.480799563600778246e+00 1.006680321076771355e+10
1.486722761855181485e+00 1.002922006452166176e+10
1.492669652902602007e+00 1.192838463675752068e+10
1.498640331514212276e+00 1.330364571015913963e+10
1.504634892840269300e+00 1.465341841869360161e+10
1.510653432411630304e+00 1.723004163300351715e+10
1.516696046141276843e+00 2.047209671262775040e+10
1.522762830325842032e+00 2.365186385402727127e+10
1.528853881647145307e+00 2.709696192148867035e+10
1.534969297173733649e+00 3.117998738855107498e+10
1.541109174362428780e+00 3.563614153398036194e+10
1.547273611059878373e+00 4.477172807986581421e+10
1.553462705504118135e+00 4.777730860611986542e+10
1.559676556326134556e+00 5.348734226257009888e+10
1.565915262551438980e+00 6.040833017317159271e+10
1.572178923601644795e+00 6.580074598774879456e+10
1.578467639296051495e+00 7.234893771186779785e+10
1.584781509853235626e+00 8.167111566736389160e+10
1.591120635892648405e+00 8.340633346142817688e+10
1.597485118436219098e+00 8.822000208275241089e+10
1.603875058909963958e+00 8.969178636846081543e+10
1.610290559145603595e+00 8.564915778393412781e+10
1.616731721382186127e+00 8.385320538906521606e+10
1.623198648267714761e+00 7.877156423772193909e+10
1.629691442860785600e+00 7.589959250860969543e+10
1.636210208632228769e+00 8.052123221305718994e+10
1.642755049466757766e+00 8.462388926229277039e+10
1.649326069664624805e+00 8.747734550417222595e+10
1.655923373943283039e+00 8.460682807883604431e+10
1.662547067439056336e+00 8.277378572005552673e+10
1.669197255708812611e+00 5.955958282616899872e+10
1.675874044731648027e+00 6.992360243379179382e+10
1.682577540910574321e+00 8.060238599495689392e+10
1.689307851074216771e+00 6.860478597836788940e+10
1.696065082478513508e+00 6.147232560127658081e+10
1.702849342808427480e+00 5.758839018074592590e+10
1.709660740179661298e+00 5.590643535447229767e+10
1.716499383140379864e+00 4.115745822003305054e+10
1.723365380672941427e+00 4.050252343042990875e+10
1.730258842195633306e+00 3.106277123787883377e+10
1.737179877564415831e+00 2.612331039583690262e+10
1.744128597074673603e+00 2.163611055896789551e+10
1.751105111462972097e+00 2.018772742944320679e+10
1.758109531908824241e+00 1.619685894580819130e+10
1.765141970036459451e+00 1.369513705898284531e+10
1.772202537916605314e+00 1.091427140793352890e+10
1.779291348068271716e+00 8.848758977416921616e+09
1.786408513460544745e+00 7.507513573648312569e+09
1.793554147514387020e+00 5.271667429915586472e+09
1.800728364104444257e+00 6.149180619957247734e+09
1.807931277560862249e+00 4.420417718523996353e+09
1.815163002671105641e+00 5.745483150058657646e+09
1.822423654681789795e+00 5.908373840403719902e+09
1.829713349300517100e+00 3.930456908177353859e+09
1.837032202697718830e+00 3.901890863941709518e+09
1.844380331508509885e+00 4.635334704032217026e+09
1.851757852834543527e+00 4.239537007930904865e+09
1.859164884245881888e+00 2.864461703573504925e+09
1.866601543782865358e+00 2.537909310869168282e+09
1.874067949957996859e+00 3.335192559404256344e+09
1.881564221757828781e+00 6.280695913336396217e+09
1.889090478644860127e+00 6.405577996595383644e+09
1.896646840559439662e+00 8.589063616708641052e+09
1.904233427921677269e+00 6.750548041008726120e+09
1.911850361633363971e+00 7.915560808638719559e+09
1.919497763079897279e+00 7.569827528787412643e+09
1.927175754132217200e+00 5.656224048768805504e+09
1.934884457148745796e+00 4.584135316999651909e+09
1.942623994977340729e+00 3.986426473029906750e+09
1.950394490957250149e+00 5.623914313701889992e+09
1.958196068921079336e+00 4.742009071640457153e+09
1.966028853196763793e+00 6.440929955327015877e+09
1.973892968609550991e+00 6.528834943730399132e+09
1.981788540483989447e+00 7.625469198367478371e+09
1.989715694645925126e+00 8.428484177884231567e+09
1.997674557424508723e+00 1.037149618953880119e+10
2.005665255654207169e+00 1.147503415089875031e+10
2.013687916676823786e+00 1.312007241005285454e+10
2.021742668343530891e+00 1.678473995180405807e+10
2.029829639016905052e+00 1.634835754770340157e+10
2.037948957572972564e+00 1.968636109137638855e+10
2.046100753403264694e+00 2.297547477403495789e+10
2.054285156416877811e+00 2.521762138737810898e+10
2.062502297042545507e+00 2.811064021829435730e+10
2.070752306230715600e+00 3.105528224248638535e+10
2.079035315455638244e+00 3.115580019135101318e+10
2.087351456717461140e+00 3.419120722374273682e+10
2.095700862544330967e+00 3.558057075747434998e+10
2.104083665994508134e+00 3.706117605246026611e+10
2.112500000658485977e+00 3.825485107346180725e+10
2.120950000661120161e+00 3.732131645714088440e+10
2.129433800663764753e+00 3.779954576198522949e+10
2.137951535866419839e+00 3.741722891992568970e+10
2.146503342009885351e+00 3.728460608773101807e+10
2.155089355377924676e+00 3.489172419447781372e+10
2.163709712799436691e+00 3.260248595718202209e+10
2.172364551650634468e+00 3.139952621251841736e+10
2.181054009857236853e+00 2.828039484910344315e+10
2.189778225896665376e+00 2.426738146274162292e+10
2.198537338800252705e+00 1.550743585501897240e+10
2.207331488155453325e+00 1.216546922197593880e+10
2.216160814108075083e+00 1.591854052475997925e+10
2.225025457364507631e+00 1.493819051729929352e+10
2.233925559193965515e+00 1.310882797847827148e+10
2.242861261430741493e+00 1.086086892033849335e+10
2.251832706476463830e+00 9.830387931414239883e+09
2.260840037302370042e+00 8.649600757325918198e+09
2.269883397451579299e+00 8.681572877559745789e+09
2.278962931041386142e+00 7.903786338821018219e+09
2.288078782765551100e+00 6.773031672227931023e+09
2.297231097896613505e+00 6.479776642902287483e+09
2.306420022288200311e+00 9.771296699223937988e+09
2.315645702377353121e+00 9.125451408861278534e+09
2.324908285186861878e+00 5.629969478314125061e+09
2.334207918327609654e+00 5.047151456532938004e+09
2.343544750000919663e+00 4.858444867490124702e+09
2.352918929000923143e+00 5.955228799178678513e+09
2.362330604716927240e+00 7.582812486795867920e+09
2.371779927135795329e+00 5.294065161042237282e+09
2.381267046844337987e+00 4.742597328546460152e+09
2.390792115031715070e+00 6.961890777844720840e+09
2.400355283491842240e+00 7.751503949965451241e+09
2.409956704625809465e+00 7.718051344479113579e+09
2.419596531444312859e+00 6.904149999013571739e+09
2.429274917570089620e+00 7.387689774481591225e+09
2.438992017240370291e+00 6.593945260281059265e+09
2.448747985309331465e+00 5.738552394033719063e+09
2.458542977250568917e+00 6.598117237389610291e+09
2.468377149159570738e+00 5.888175365573046684e+09
2.478250657756209563e+00 4.469830307382865906e+09
2.488163660387234355e+00 4.765308462137480736e+09
2.498116315028783063e+00 4.326973941833151817e+09
2.508108780288898387e+00 2.884781493931751728e+09
2.518141215410053757e+00 2.620016311434350967e+09
2.528213780271693967e+00 1.976451270008738995e+09
2.538326635392781139e+00 2.005160186181495905e+09
2.548479941934351789e+00 1.515603616328061819e+09
2.558673861702089436e+00 1.902070683193079710e+09
2.568908557148898097e+00 1.634795444923586130e+09
2.579184191377493551e+00 1.671342693597441673e+09
2.589500928143003478e+00 1.486899450052985191e+09
2.599858931855575594e+00 1.824949825417053699e+09
2.610258367582998229e+00 2.330771047291102886e+09
2.620699401053329769e+00 2.655449970060903072e+09
2.631182198657543214e+00 2.463113951910688877e+09
2.641706927452173392e+00 3.916448470058098316e+09
2.652273755161981938e+00 3.167452589768327713e+09
2.662882850182629824e+00 2.107516226236915827e+09
2.673534381583360542e+00 1.044491030993443966e+09
2.684228519109693956e+00 1.138376195473162651e+09
2.694965433186132575e+00 1.577785598832628250e+09
2.705745294918877164e+00 1.526577940971089840e+09
2.716568276098552559e+00 1.654939851025770426e+09
2.727434549202946812e+00 2.649360185556890011e+09
2.738344287399758326e+00 1.779879447775728703e+09
2.749297664549357201e+00 3.001658484977049351e+09
2.760294855207554576e+00 1.895984413546034098e+09
2.771336034628385292e+00 1.909747404358265162e+09
2.782421378766898545e+00 1.474797426336365938e+09
2.793551064281966312e+00 2.462597512681247234e+09
2.804725268539093985e+00 1.613557839421670437e+09
2.815944169613250558e+00 2.175233580397339344e+09
2.827207946291703244e+00 3.126253822052872181e+09
2.838516778076869862e+00 2.020708235917409182e+09
2.849870845189177437e+00 2.288329891612186909e+09
2.861270328569933685e+00 2.920450596940113544e+09
2.872715409884213589e+00 2.848261237686377048e+09
2.884206271523750420e+00 3.002478446446514130e+09
2.895743096609845413e+00 3.356212790753082275e+09
2.907326068996284985e+00 3.235212853002902508e+09
2.918955373272270393e+00 3.738083568298925877e+09
2.930631194765359826e+00 4.672823228899664879e+09
2.942353719544420709e+00 4.375312802337627411e+09
2.954123134422598440e+00 4.354550563438306808e+09
2.965939626960289122e+00 4.566764350270856857e+09
2.977803385468130504e+00 5.008294091993476868e+09
2.989714599010003138e+00 5.649956020031419754e+09
3.001673457406043077e+00 4.381098572393970490e+09
3.013680151235667015e+00 5.861333685798162460e+09
3.025734871840609408e+00 5.970405944837857246e+09
3.037837811327972037e+00 6.649398490597285271e+09
3.049989162573283785e+00 5.268192042587279320e+09
3.062189119223576395e+00 6.284956169601701736e+09
3.074437875700470890e+00 5.695443232341035843e+09
3.086735627203272880e+00 4.834464840150807381e+09
3.099082569712085622e+00 4.851177584045512199e+09
3.111478899990933744e+00 4.015382913896666050e+09
3.123924815590897186e+00 4.343812152581692696e+09
3.136420514853261121e+00 3.433226770967598915e+09
3.148966196912674320e+00 3.099608969553875446e+09
3.161562061700325277e+00 2.747688678689831257e+09
3.174208309947126327e+00 2.596618700110544205e+09
3.186905143186915090e+00 2.356693921976428986e+09
3.199652763759662566e+00 2.092095026760612965e+09
3.212451374814701222e+00 2.297380724431805134e+09
3.225301180313960625e+00 2.300563953077458858e+09
3.238202385035215958e+00 2.519005888515999317e+09
3.251155194575356955e+00 2.800788683760934353e+09
3.264159815353658622e+00 3.212028752700224876e+09
3.277216454615073271e+00 3.717774964442344189e+09
3.290325320433533207e+00 4.072012883290372372e+09
3.303486621715267635e+00 3.473384527170313835e+09
3.316700568202128441e+00 8.332728440312069654e+08
3.329967370474937294e+00 5.451290254467041492e+08
3.343287239956836743e+00 1.340661405916608095e+09
3.356660388916663962e+00 2.356262607595443249e+09
3.370087030472330714e+00 3.141856876805896282e+09
3.383567378594220187e+00 3.209191764322893143e+09
3.397101648108596716e+00 3.047880510032425880e+09
3.410690054701031482e+00 2.889718724470906734e+09
3.424332814919834878e+00 2.803508468867012501e+09
3.438030146179514634e+00 2.667387655168613434e+09
3.451782266764232610e+00 2.664365913805028915e+09
3.465589395831289998e+00 2.911942692816979885e+09
3.479451753414614767e+00 2.881357063432374477e+09
3.493369560428273068e+00 3.181063212513753414e+09
3.507343038669985980e+00 3.646328730564314842e+09
3.521372410824665788e+00 3.820702145756159306e+09
3.535457900467964709e+00 3.779104376535969734e+09
3.549599732069836477e+00 4.082682592541889191e+09
3.563798130998116154e+00 4.416731008989809036e+09
3.578053323522108364e+00 4.958085563755031586e+09
3.592365536816196858e+00 5.572624458051356316e+09
3.606734998963461614e+00 5.679509976122802734e+09
3.621161938959315041e+00 6.522580348147273064e+09
3.635646586715152839e+00 7.439271027573048592e+09
3.650189173062013293e+00 8.266755678919119835e+09
3.664789929754260545e+00 9.169372931834074020e+09
3.679449089473277645e+00 1.042504688399509621e+10
3.694166885831170699e+00 1.090402421646059799e+10
3.708943553374495661e+00 1.190995131402888870e+10
3.723779327587993571e+00 1.272569484870876884e+10
3.738674444898345328e+00 1.344912859980933952e+10
3.753629142677938901e+00 1.476298801061091614e+10
3.768643659248651190e+00 1.475684746194059372e+10
3.783718233885645432e+00 1.529882223999748230e+10
3.798853106821188153e+00 1.634124859087482643e+10
3.814048519248473657e+00 1.710698261109315300e+10
3.829304713325467180e+00 1.810464454037802887e+10
3.844621932178768908e+00 1.800104849195428467e+10
3.860000419907484215e+00 1.957527280126316833e+10
3.875440421587113882e+00 1.993518393210850906e+10
3.890942183273462529e+00 1.965362864306814957e+10
3.906505952006555926e+00 2.042091249470690536e+10
3.922131975814582727e+00 2.110570276812804794e+10
3.937820503717840648e+00 2.119493032589772034e+10
3.953571785732711508e+00 2.090290796166541290e+10
3.969386072875642490e+00 2.057080340535450745e+10
3.985263617167145167e+00 2.007200638641699219e+10
4.001204671635814059e+00 1.931177951418768692e+10
4.017209490322357190e+00 1.947042115722557449e+10
4.033278328283646630e+00 1.752963534280888367e+10
4.049411441596781458e+00 1.711249805615687180e+10
4.065609087363168506e+00 1.620352459416618729e+10
4.081871523712622185e+00 1.378961016343504524e+10
4.098199009807472315e+00 1.417069875174559212e+10
4.114591805846702144e+00 1.335318963693829727e+10
4.131050173070089038e+00 1.196257901283024979e+10
4.147574373762369149e+00 1.291345740637081146e+10
4.164164671257418959e+00 1.109184182421577835e+10
4.180821329942449260e+00 1.076426486797668266e+10
4.197544615262219558e+00 1.139764256523442459e+10
4.214334793723269357e+00 1.020074137563932419e+10
4.231192132898162761e+00 1.055319152106046677e+10
4.248116901429755288e+00 8.893891921603406906e+09
4.265109369035473996e+00 1.006864404294575882e+10
4.282169806511615384e+00 8.885437396148891449e+09
4.299298485737661935e+00 6.529530788709636688e+09
4.316495679680612874e+00 6.083064187437870979e+09
4.333761662399335357e+00 7.352482015690510750e+09
4.351096709048932532e+00 7.765354004966801643e+09
4.368501095885127583e+00 8.574352872611221313e+09
4.385975100268668214e+00 8.315411667009658813e+09
4.403519000669743555e+00 7.864739134994309425e+09
4.421133076672422391e+00 8.409920651015819550e+09
4.438817608979111817e+00 7.064897312802768707e+09
4.456572879415028332e+00 7.905345345554424286e+09
4.474399170932688463e+00 6.713826832563627243e+09
4.492296767616419828e+00 7.252737470254303932e+09
4.510265954686884626e+00 7.473975926303659439e+09
4.528307018505633330e+00 6.187744098423483849e+09
4.546420246579655711e+00 7.838294183006902695e+09
4.564605927565974497e+00 7.181780370598028183e+09
4.582864351276237258e+00 7.799537846460730553e+09
4.601195808681342925e+00 7.581102451814239502e+09
4.619600591916067422e+00 6.449893097838341713e+09
4.638078994283731937e+00 7.001663108046902657e+09
4.656631310260867629e+00 6.825028917574976921e+09
4.675257835501911430e+00 6.282483490745237350e+09
4.693958866843916944e+00 7.929408258206013680e+09
4.712734702311292878e+00 6.422890120483287811e+09
4.731585641120538810e+00 6.448767253053669930e+09
4.750511983685020923e+00 7.272027124840707779e+09
4.769514031619761063e+00 6.010632734630174637e+09
4.788592087746240011e+00 5.534057389519169807e+09
4.807746456097224730e+00 6.434286338432091713e+09
4.826977441921613377e+00 6.280620523634485245e+09
4.846285351689299858e+00 5.404807583405937195e+09
4.865670493096057925e+00 6.118614556287988663e+09
4.885133175068442135e+00 5.779571388203623772e+09
4.904673707768715474e+00 5.642945472969168663e+09
4.924292402599791174e+00 5.797810372186194420e+09
4.943989572210189642e+00 4.981973481938538551e+09
4.963765530499030021e+00 4.349858390575045586e+09
4.983620592621027079e+00 5.932023487700366020e+09
5.003555074991511198e+00 5.107712932708953857e+09
5.023569295291476777e+00 3.785863823220549583e+09
5.043663572472643075e+00 5.149070660281192780e+09
5.063838226762532813e+00 5.271377777552802086e+09
5.084093579669583640e+00 4.064957199653641701e+09
5.104429953988261381e+00 4.391156652317023277e+09
5.124847673804215020e+00 4.735461106528185844e+09
5.145347064499431688e+00 3.036838459601867199e+09
5.165928452757428957e+00 3.448604766822257996e+09
5.186592166568458673e+00 4.659539086838074684e+09
5.207338535234733001e+00 2.678126818395578384e+09
5.228167889375671784e+00 3.722896232380907536e+09
5.249080560933174766e+00 3.672244734503022194e+09
5.270076883176907145e+00 3.273661506292634010e+09
5.291157190709615321e+00 3.212858915641906261e+09
5.312321819472453299e+00 3.493049235224101067e+09
5.333571106750343738e+00 3.975350446074239254e+09
5.354905391177344320e+00 2.330636605725569248e+09
5.376325012742054099e+00 2.693833654924993992e+09
5.397830312793021612e+00 2.997528276637403011e+09
5.419421634044193858e+00 1.704739294351703882e+09
5.441099320580370602e+00 2.899101464103714943e+09
5.462863717862692425e+00 2.345888319484943390e+09
5.484715172734142996e+00 2.632566821155225754e+09
5.506654033425078865e+00 2.586193517978976727e+09
5.528680649558780580e+00 2.156470954542415142e+09
5.550795372157015350e+00 2.028342773313570261e+09
5.572998553645643227e+00 1.851692141637174606e+09
5.595290547860225949e+00 2.289307390833000660e+09
5.617671710051667766e+00 2.164569355277824402e+09
5.640142396891874021e+00 2.007491403813289881e+09
5.662702966479441713e+00 2.139939512867254019e+09
5.685353778345359821e+00 1.811113368448631048e+09
5.708095193458740724e+00 1.749123949010042906e+09
5.730927574232576482e+00 1.653141040768303394e+09
5.753851284529505783e+00 1.917963730509919643e+09
5.776866689667624399e+00 1.614136525548001289e+09
5.799974156426294769e+00 2.158918307914509773e+09
5.823174053051999977e+00 1.382482777726790667e+09
5.846466749264207508e+00 1.898087415185696602e+09
5.869852616261264977e+00 1.427044467638346195e+09
5.893332026726310069e+00 1.397429564503351927e+09
5.916905354833215114e+00 1.984515255543841839e+09
5.940572976252548543e+00 1.323832607382557631e+09
5.964335268157558545e+00 1.863699853540143728e+09
5.988192609230189589e+00 1.838977670469199181e+09
6.012145379667110490e+00 2.101119512449058771e+09
6.036193961185778889e+00 1.717549157350940228e+09
6.060338737030522616e+00 1.416119320739372492e+09
6.084580091978644134e+00 2.077900007298213959e+09
6.108918412346558746e+00 1.617010742604853392e+09
6.133354085995945226e+00 2.237391147540901184e+09
6.157887502339929320e+00 1.545845806716489553e+09
6.182519052349287669e+00 1.739570355385580778e+09
6.207249128558685491e+00 2.077013257119160652e+09
6.232078125072920471e+00 2.143014859285676479e+09
6.257006437573212843e+00 2.344400453436161518e+09
6.282034463323505236e+00 2.336505108412575245e+09
6.307162601176800720e+00 2.530129365191497803e+09
6.332391251581507063e+00 2.247668635388793945e+09
6.357720816587833390e+00 2.063344974850069761e+09
6.383151699854184180e+00 1.801440740681434393e+09
6.408684306653601226e+00 1.276686582950933695e+09
6.434319043880215361e+00 1.395123191642622948e+09
6.460056320055736379e+00 1.308074321555394411e+09
6.485896545335958052e+00 9.292710945208203793e+08
6.511840131517302233e+00 1.115628698684757710e+09
6.537887492043371829e+00 1.256736411955355644e+09
6.564039042011545533e+00 1.014931742080461860e+09
6.590295198179591196e+00 9.512816777104287148e+08
6.616656378972309405e+00 9.940758025437642336e+08
6.643123004488199257e+00 1.046215971365920901e+09
6.669695496506150789e+00 1.175595653710693836e+09
6.696374278492176479e+00 1.347597540911540031e+09
6.723159775606144528e+00 1.093701356074651480e+09
6.750052414708568094e+00 1.453810561576312304e+09
6.777052624367403411e+00 1.114048179409670591e+09
6.804160834864871887e+00 1.150459863937802553e+09
6.831377478204331055e+00 1.130784911170592308e+09
6.858702988117148180e+00 9.600517509307672977e+08
6.886137800069615622e+00 1.404899709479224205e+09
6.913682351269895499e+00 1.411896617142383814e+09
6.941337080674975013e+00 1.494542264935870886e+09
6.969102428997675069e+00 1.150157696903197289e+09
6.996978838713665994e+00 1.314685541062733173e+09
7.024966754068519670e+00 1.250293391867153168e+09
7.053066621084793653e+00 1.025367684538732409e+09
7.081278887569133929e+00 1.219620615942402124e+09
7.109604003119409654e+00 1.119643491269921303e+09
7.138042419131887861e+00 1.127080335315144062e+09
7.166594588808414379e+00 9.940807107262006998e+08
7.195260967163648047e+00 1.032787628156828642e+09
7.224042011032302923e+00 1.000727339918040633e+09
7.252938179076432235e+00 9.483807854389283657e+08
7.281949931792737196e+00 8.720713614787025452e+08
7.311077731519908696e+00 9.570911811876931190e+08
7.340322042445988515e+00 7.793930357477033138e+08
7.369683330615771411e+00 8.407367572221565247e+08
7.399162063938235612e+00 9.203847377167488337e+08
7.428758712193988423e+00 8.556112908069195747e+08
7.458473747042765112e+00 7.511739559893264771e+08
7.488307642030935796e+00 8.496839258791565895e+08
7.518260872599060285e+00 9.848415173881082535e+08
7.548333916089456253e+00 9.512744762495540380e+08
7.578527251753813587e+00 9.228527496123254299e+08
7.608841360760829176e+00 8.953005508305013180e+08
7.639276726203872769e+00 1.168562289091967344e+09
7.669833833108687493e+00 6.575778271321252584e+08
7.700513168441122325e+00 6.628135009756550789e+08
7.731315221114887670e+00 6.533330661050399542e+08
7.762240481999347352e+00 6.741859265014671087e+08
7.793289443927344351e+00 7.869286879103450775e+08
7.824462601703054077e+00 8.245998224022283554e+08
7.855760452109866065e+00 8.275163080603463650e+08
7.887183493918306532e+00 7.553886103142788410e+08
7.918732227893980458e+00 8.443981375714852810e+08
7.950407156805555431e+00 9.000624198584413528e+08
7.982208785432777454e+00 9.980306415745284557e+08
8.014137620574508958e+00 9.050160627235876322e+08
8.046194171056805899e+00 8.377683009285273552e+08
8.078378947741034821e+00 9.296391605633523464e+08
8.110692463531997021e+00 1.016823274603509784e+09
8.143135233386125549e+00 9.191536179641151428e+08
8.175707774319670662e+00 8.727558630222530365e+08
8.208410605416949224e+00 8.988493361613734961e+08
8.241244247838615422e+00 9.335928410238251686e+08
8.274209224829968790e+00 9.940485913346382380e+08
8.307306061729288871e+00 1.015927768714960217e+09
8.340535285976207192e+00 9.325666641927186251e+08
8.373897427120111203e+00 9.449050556266798973e+08
8.407393016828594412e+00 1.063935479985388279e+09
8.441022588895906509e+00 9.995923902490504980e+08
8.474786679251490540e+00 1.085196132179922819e+09
8.508685825968495209e+00 9.314781920489150286e+08
8.542720569272368891e+00 1.092053936131457806e+09
8.576891451549458978e+00 1.110068411850737810e+09
8.611199017355655627e+00 1.139989938076700449e+09
8.645643813425078150e+00 1.044143937161920071e+09
8.680226388678779159e+00 1.103210433877943039e+09
8.714947294233493125e+00 1.186808256028215647e+09
8.749807083410427566e+00 1.140636242768108368e+09
8.784806311744070229e+00 1.070454032798744678e+09
8.819945536991047774e+00 1.120555784969005585e+09
8.855225319139009343e+00 1.249556809066040754e+09
8.890646220415566958e+00 1.284270745720547915e+09
8.926208805297228821e+00 1.096626508385483027e+09
8.961913640518417878e+00 1.037169522598421812e+09
8.997761295080492161e+00 1.225992058363345385e+09
9.033752340260813085e+00 1.199335379301614523e+09
9.069887349621856387e+00 1.177741543940038443e+09
9.106166899020346150e+00 1.205795381813498497e+09
9.142591566616424359e+00 1.241045412856930017e+09
9.179161932882891506e+00 1.234521091497460842e+09
9.215878580614422333e+00 1.210861394813494682e+09
9.252742094936881045e+00 1.273483633608706236e+09
9.289753063316627646e+00 1.129309798411629677e+09
9.326912075569895322e+00 1.194084686232975960e+09
9.364219723872173162e+00 1.280149065124650717e+09
9.401676602767663482e+00 1.202916100566608906e+09
9.439283309178733816e+00 1.062629954468698978e+09
9.477040442415447075e+00 1.115882895018246651e+09
9.514948604185111236e+00 1.196669841787487745e+09
9.553008398601852136e+00 1.310878236857965231e+09
9.591220432196260859e+00 1.183636694828218937e+09
9.629585313925044687e+00 1.122770804853515387e+09
9.668103655180747324e+00 1.127150270749250174e+09
9.706776069801470896e+00 1.169238977281500816e+09
9.745603174080676112e+00 1.250881940426645279e+09
9.784585586776998412e+00 1.322720663610725403e+09
9.823723929124106746e+00 1.022166332728735685e+09
9.863018824840601440e+00 1.129524132212988138e+09
9.902470900139965337e+00 8.843336335155650377e+08
9.942080783740523842e+00 1.158275358014840364e+09
9.981849106875488431e+00 1.186550622328735828e+09
1.002177650330298952e+01 1.139586922676184654e+09
1.006186360931619994e+01 1.020154330151360989e+09
1.010211106375346723e+01 1.002706374102485657e+09
1.014251950800847979e+01 1.154928637775566339e+09
1.018308958604051284e+01 1.150730329564141035e+09
1.022382194438467451e+01 1.108858017334210157e+09
1.026471723216221399e+01 9.895278641936686039e+08
1.030577610109086173e+01 9.200134481186480522e+08
1.034699920549522467e+01 5.571152793724820614e+08
1.038838720231720458e+01 5.335236274449149966e+08
1.042994075112647501e+01 5.827018458778446913e+08
1.047166051413097954e+01 6.190064303144137859e+08
1.051354715618750468e+01 6.803600433133001328e+08
1.055560134481225454e+01 7.414432105820398331e+08
1.059782375019150358e+01 7.387054235545461178e+08
1.064021504519226902e+01 7.177360952608366013e+08
1.068277590537303823e+01 7.066548936975317001e+08
1.072550700899452991e+01 5.359951291950228214e+08
1.076840903703050856e+01 5.767186770187686682e+08
1.081148267317863088e+01 7.228125982859346867e+08
1.085472860387134553e+01 6.797191435607053041e+08
1.089814751828683015e+01 6.952958856418606043e+08
1.094174010835997635e+01 6.344334747329500914e+08
1.098550706879341909e+01 5.495787312938635349e+08
1.102944909706859100e+01 5.642213512912782431e+08
1.107356689345686540e+01 7.205597466184952259e+08
1.111786116103069233e+01 7.604123485976964235e+08
1.116233260567481622e+01 7.367932658632911444e+08
1.120698193609751492e+01 7.476940857974407673e+08
1.125180986384190440e+01 5.857484167829164267e+08
1.129681710329727373e+01 7.575235633663603067e+08
1.134200437171046083e+01 7.172669941968340874e+08
1.138737238919730466e+01 7.089744023745063543e+08
1.143292187875409383e+01 7.533585528349149227e+08
1.147865356626910938e+01 6.886346145526294708e+08
1.152456818053418530e+01 6.460679500731070042e+08
1.157066645325632237e+01 5.999778392910356522e+08
1.161694911906934635e+01 6.070549846454503536e+08
1.166341691554562487e+01 5.898768672862197161e+08
1.171007058320780736e+01 4.569069490938737988e+08
1.175691086554063958e+01 4.859244151597568393e+08
1.180393850900279951e+01 5.507219845324629545e+08
1.185115426303881137e+01 6.106675777684290409e+08
1.189855888009096674e+01 5.452671918989777565e+08
1.194615311561133097e+01 5.773546591962416172e+08
1.199393772807377623e+01 5.422155230293197632e+08
1.204191347898607134e+01 5.886022044102495909e+08
1.209008113290201614e+01 4.282874706603751779e+08
1.213844145743362368e+01 5.536003011411776543e+08
1.218699522326335938e+01 6.219260784040400982e+08
1.223574320415641381e+01 4.949430111353611946e+08
1.228468617697303777e+01 4.377859287088947296e+08
1.233382492168093059e+01 5.292562912424971461e+08
1.238316022136765504e+01 3.579183863923348188e+08
1.243269286225312520e+01 4.126099507921299934e+08
1.248242363370213859e+01 4.754838204687600136e+08
1.253235332823694748e+01 3.686982315288726687e+08
1.258248274154989410e+01 3.758075811230988503e+08
1.263281267251609385e+01 4.425900812070102096e+08
1.268334392320615756e+01 4.329446779825482965e+08
1.273407729889898299e+01 3.824383882897912860e+08
1.278501360809457665e+01 4.341772144539288282e+08
1.283615366252695544e+01 3.828615767152571678e+08
1.288749827717706253e+01 3.973212786350352764e+08
1.293904827028577031e+01 3.971919862977721095e+08
1.299080446336691352e+01 4.043196758890154958e+08
1.304276768122038099e+01 3.327440053794360161e+08
1.309493875194526424e+01 4.118507547799977660e+08
1.314731850695304693e+01 3.468925423646625280e+08
1.319990778098085649e+01 3.869576265556582808e+08
1.325270741210477965e+01 3.101827504729503989e+08
1.330571824175319939e+01 2.924396124585456848e+08
1.335894111472021173e+01 3.533689232694453001e+08
1.341237687917909227e+01 3.045984455870283246e+08
1.346602638669580898e+01 2.716579863118438125e+08
1.351989049224258999e+01 3.292505766206043363e+08
1.357397005421156067e+01 3.227246548455958962e+08
1.362826593442840917e+01 3.101955166311719418e+08
1.368277899816612297e+01 3.010509452977211475e+08
1.373751011415878942e+01 2.854755314588177204e+08
1.379246015461542463e+01 3.170855493185743690e+08
1.384762999523388416e+01 2.772361950311998129e+08
1.390302051521481808e+01 3.048647060523571372e+08
1.395863259727567751e+01 3.133475027410504818e+08
1.401446712766477987e+01 2.516773594125532210e+08
1.407052499617543972e+01 2.927089634352623224e+08
1.412680709616014063e+01 2.670552677985211015e+08
1.418331432454478147e+01 2.231237774147064090e+08
1.424004758184296193e+01 2.498469779100383818e+08
1.429700777217033369e+01 2.857499069132053852e+08
1.435419580325901379e+01 2.232610472204107940e+08
1.441161258647204946e+01 2.162099730500054657e+08
1.446925903681793812e+01 2.149597172809190452e+08
1.452713607296521126e+01 1.996860253265721500e+08
1.458524461725707155e+01 2.506349386038676202e+08
1.464358559572609764e+01 2.418659026894469261e+08
1.470215993810900557e+01 2.334621333467930257e+08
1.476096857786143879e+01 2.468099298676641285e+08
1.482001245217288599e+01 2.177442523003988564e+08
1.487929250198157760e+01 1.896970346954907477e+08
1.493880967198950316e+01 2.009971170086474717e+08
1.499856491067746056e+01 2.065664593186141253e+08
1.505855917032016933e+01 2.057199872102825046e+08
1.511879340700144958e+01 2.135632578070285916e+08
1.517926858062945605e+01 1.825986440660356581e+08
1.523998565495197433e+01 2.249712687459377348e+08
1.530094559757178274e+01 2.143895928593574762e+08
1.536214937996206764e+01 1.863976705649161041e+08
1.542359797748191674e+01 1.843941265543631911e+08
1.548529236939184450e+01 1.796320631998780668e+08
1.554723353886941339e+01 1.575250515623175502e+08
1.560942247302489072e+01 1.635140563593680561e+08
1.567186016291699069e+01 1.745862870733926594e+08
1.573454760356865556e+01 1.441059155366001129e+08
1.579748579398293096e+01 1.506679040109201968e+08
1.586067573715886247e+01 1.656391273322383761e+08
1.592411844010749888e+01 1.765967352147369981e+08
1.598781491386792730e+01 1.290233138894197643e+08
1.605176617352340074e+01 1.632094550754907131e+08
1.611597323821749228e+01 1.430999970438500345e+08
1.618043713117036120e+01 1.630671367872600555e+08
1.624515887969504391e+01 1.313086712589842975e+08
1.631013951521382310e+01 1.446127438117707968e+08
1.637538007327468037e+01 1.511597001402294636e+08
1.644088159356778078e+01 1.441325971841363013e+08
1.650664511994205341e+01 1.368117868454831839e+08
1.657267170042182158e+01 1.349926248504257202e+08
1.663896238722350418e+01 1.114241028127830476e+08
1.670551823677240222e+01 1.283388374042059332e+08
1.677234030971949608e+01 1.475333178017148674e+08
1.683942967095837062e+01 1.358005859357285500e+08
1.690678738964220429e+01 1.134673770854334235e+08
1.697441453920077237e+01 1.236806043590244949e+08
1.704231219735757108e+01 1.423040261052262783e+08
1.711048144614700561e+01 1.004905284641265869e+08
1.717892337193159236e+01 1.203051989419078976e+08
1.724763906541932101e+01 1.106584920308067352e+08
1.731662962168099895e+01 1.134603486973440498e+08
1.738589614016772344e+01 9.112078168980415165e+07
1.745543972472839300e+01 1.176580951912908107e+08
1.752526148362730751e+01 1.062025105012650937e+08
1.759536252956181812e+01 1.065530525844626129e+08
1.766574397968006238e+01 1.082454379558502883e+08
1.773640695559878466e+01 1.000513337688442916e+08
1.780735258342117433e+01 1.043274806113307029e+08
1.787858199375486024e+01 1.105362095298711956e+08
1.795009632172988034e+01 9.178087710394082963e+07
1.802189670701679702e+01 1.030078990304186940e+08
1.809398429384486562e+01 1.014502941348106116e+08
1.816636023102024211e+01 7.896878169793146849e+07
1.823902567194432578e+01 9.293878166780637205e+07
1.831198177463210186e+01 9.369287769999545813e+07
1.838522970173062987e+01 9.192887525635837018e+07
1.845877062053754969e+01 9.233293232760462165e+07
1.853260570301970134e+01 7.873279903022883832e+07
1.860673612583178027e+01 7.311624828985351324e+07
1.868116307033510637e+01 8.239065233842830360e+07
1.875588772261644976e+01 7.996775983696538210e+07
1.883091127350691352e+01 1.018662546969757378e+08
1.890623491860094063e+01 8.736872332437334955e+07
1.898185985827534594e+01 7.054188399434798956e+07
1.905778729770844748e+01 8.690027457235716283e+07
1.913401844689928311e+01 8.495819733489149809e+07
1.921055452068688041e+01 7.347128947657752037e+07
1.928739673876962968e+01 6.590334004551426321e+07
1.936454632572470658e+01 6.758556368831560016e+07
1.944200451102760141e+01 5.616901808760707080e+07
1.951977252907171589e+01 7.289044636135871708e+07
1.959785161918800256e+01 6.218961195445450395e+07
1.967624302566475691e+01 6.738244308299832046e+07
1.991079942767366973e+01 6.474111289294002950e+07
2.030901541622714390e+01 5.848422265433769673e+07
2.071519572455168756e+01 5.746477502751985192e+07
2.112949963904272010e+01 4.777605054154176265e+07
2.155208963182357707e+01 4.648936915576114506e+07
2.198313142446004420e+01 4.310128609651644528e+07
2.242279405294924643e+01 3.853737615836194903e+07
2.287124993400822959e+01 4.003216191261868924e+07
2.332867493268839709e+01 3.867103575806253403e+07
2.379524843134216638e+01 2.928799061529861391e+07
2.427115339996900900e+01 3.540146655321089923e+07
2.475657646796839018e+01 2.996089445009000972e+07
2.525170799732775961e+01 2.352152743140598014e+07
2.575674215727431715e+01 2.662290851144719124e+07
2.627187700041980278e+01 2.402323885131363943e+07
2.679731454042819649e+01 1.922785109024335071e+07
2.733326083123676042e+01 2.282035167171657458e+07
2.787992604786149542e+01 1.855827639007449523e+07
2.843752456881871993e+01 1.428482399895740114e+07
2.900627506019509738e+01 1.663888350656649843e+07
2.958640056139899599e+01 1.459536144327499345e+07
3.017812857262697435e+01 1.399254340973490104e+07
3.078169114407952023e+01 1.131149025346767344e+07
3.139732496696110431e+01 1.260897541414014436e+07
3.202527146630033172e+01 1.130520953273495659e+07
3.266577689562632969e+01 1.024372621978392452e+07
3.331909243353885586e+01 8.561242005916664377e+06
3.398547428220963695e+01 9.808929225386148319e+06
3.466518376785383282e+01 7.700663737803242169e+06
3.535848744321090464e+01 6.700510356810573488e+06
3.606565719207512188e+01 6.414395903167048469e+06
3.678697033591662802e+01 6.683120216115528718e+06
3.752270974263496583e+01 5.797447003064570948e+06
3.827316393748766643e+01 6.361420734922134317e+06
3.903862721623740839e+01 5.019458478490053676e+06
3.981939976056215613e+01 4.566182286574407481e+06
4.061578775577340394e+01 3.908576557972877752e+06
4.142810351088887444e+01 4.623952799683435820e+06
4.225666558110664539e+01 4.094392273022762034e+06
4.310179889272878029e+01 3.299030678085083142e+06
4.396383487058335504e+01 3.053747198007981759e+06
4.484311156799503095e+01 2.888626564223111141e+06
4.573997379935492091e+01 2.874712339657863602e+06
4.665477327534202345e+01 2.400168663749213796e+06
4.758786874084886165e+01 2.395081603600314353e+06
4.853962611566583973e+01 2.339687644247082993e+06
4.951041863797915710e+01 1.900426976277437294e+06
5.050062701073873939e+01 1.867071172379247611e+06
5.151063955095351332e+01 1.650814995059945155e+06
5.254085234197258103e+01 1.877667424540452659e+06
5.359166938881203635e+01 1.617889643992511556e+06
5.466350277658827395e+01 1.493822943141441792e+06
5.575677283212004198e+01 1.240036487217921531e+06
5.687190828876244098e+01 1.153775744621250313e+06
5.800934645453768468e+01 1.124554192950931843e+06
5.916953338362844050e+01 1.061076104875196004e+06
6.035292405130100946e+01 9.781919345136577031e+05
6.155998253232701956e+01 1.011759024244863656e+06
6.279118218297357146e+01 8.016693034159940435e+05
6.404700582663303976e+01 7.306472779842808377e+05
6.532794594316570169e+01 6.681270690363772446e+05
6.663450486202900436e+01 5.983336426176308887e+05
6.796719495926959098e+01 6.656266414982142160e+05
6.932653885845499531e+01 6.471017681830779184e+05
7.071306963562409464e+01 5.223978675735851866e+05
7.212733102833657028e+01 4.517563045979741728e+05
7.356987764890331505e+01 4.641840761871586437e+05
7.504127520188137623e+01 3.944926510868570185e+05
7.654210070591901172e+01 4.037671216549975798e+05
7.807294272003738911e+01 3.542418276704159216e+05
7.963440157443814371e+01 3.427993656768923975e+05
8.122708960592690630e+01 2.934947039928415907e+05
8.285163139804545551e+01 2.697245701343357796e+05
8.450866402600635752e+01 2.615457647349082399e+05
8.619883730652648524e+01 2.685728746525323368e+05
8.792281405265701721e+01 2.912870455188405467e+05
8.968127033371015955e+01 2.250751912221475504e+05
9.147489574038435478e+01 2.103513164648348175e+05
9.330439365519204387e+01 1.803990401462359005e+05
9.517048152829590890e+01 1.547176100923507474e+05
9.707389115886181230e+01 1.750138204965613550e+05
9.901536898203904968e+01 1.325713557776218804e+05
