# Wavelength [um]       Fp [W/m2/m]  
1.000553076518779783e-01 6.903700772237635341e-01
1.004555288824854897e-01 1.747410027956606529e-28
1.008573509980154326e-01 1.204673625114183877e-26
1.012607804020075053e-01 1.913725094794550891e-26
1.016658235236155422e-01 2.054708504146120244e-28
1.020724868177099870e-01 4.319026426023445589e-20
1.024807767649808382e-01 8.328542670693655274e-21
1.028906998720407612e-01 1.245993679379392952e-25
1.033022626715289355e-01 3.894771940334319067e-19
1.037154717222150413e-01 3.572366588561289907e-27
1.041303336091038839e-01 2.925740517214373955e-24
1.045468549435403099e-01 1.328456710755213680e-22
1.049650423633144702e-01 5.617056823745055538e-28
1.053849025327677214e-01 4.618641827322970518e-20
1.058064421428987906e-01 1.851540139701074800e-25
1.062296679114703990e-01 1.018503425313602077e-19
1.066545865831162732e-01 1.370270460918920433e-21
1.070812049294487533e-01 1.451381646397094631e-22
1.075095297491665408e-01 2.446741100212053642e-18
1.079395678681632220e-01 1.412746248961300217e-22
1.083713261396358624e-01 8.132761704718410448e-18
1.088048114441943909e-01 1.851355261072619137e-18
1.092400306899711654e-01 5.538725913320518998e-14
1.096769908127310511e-01 4.620829308694125674e-18
1.101156987759819850e-01 2.531120470676863761e-18
1.105561615710859147e-01 3.175032693862389044e-14
1.109983862173702651e-01 9.819970060301150104e-16
1.114423797622397516e-01 7.134161671264113157e-17
1.118881492812886930e-01 8.644562505042967467e-18
1.123357018784138517e-01 1.000192073220999007e-16
1.127850446859275102e-01 3.725153261355290681e-12
1.132361848646712132e-01 4.877623906367357263e-13
1.136891296041298988e-01 7.106195634191329711e-13
1.141438861225464035e-01 1.076213460597615752e-12
1.146004616670366072e-01 1.809631263863242477e-12
1.150588635137047705e-01 1.117940295310080355e-12
1.155190989677595953e-01 5.495466588362894436e-13
1.159811753636306314e-01 2.101360384115292515e-12
1.164451000650851553e-01 1.475552623117672573e-13
1.169108804653455069e-01 1.309582222505361488e-13
1.173785239872068981e-01 5.003078239952993394e-14
1.178480380831557206e-01 2.022759477351668682e-14
1.183194302354883543e-01 2.301376320872411893e-13
1.187927079564302935e-01 1.536371232873778203e-15
1.192678787882560099e-01 1.796221276420897441e-15
1.197449503034090645e-01 1.002876216227458230e-15
1.202239301046226783e-01 2.795261408608636870e-17
1.207048258250411760e-01 1.767107143608071652e-14
1.211876451283413342e-01 2.777288944307449550e-15
1.216723957088547137e-01 1.512726690906922651e-15
1.221590852916901310e-01 5.778550185816662217e-14
1.226477216328568792e-01 3.975489166396569660e-13
1.231383125193883099e-01 4.838635200199908148e-16
1.236308657694658586e-01 5.066501681807063992e-14
1.241253892325437369e-01 8.852634396225169735e-14
1.246218907894739159e-01 1.646710600825294969e-16
1.251203783526317892e-01 5.233781740775956029e-15
1.256208598660423226e-01 2.087310438969473604e-12
1.261233433055065078e-01 8.448326834586543061e-13
1.266278366787285392e-01 3.685822964852087658e-15
1.271343480254434610e-01 1.327179804673927800e-12
1.276428854175452321e-01 3.763288146762019723e-13
1.281534569592154005e-01 7.487231562705945646e-14
1.286660707870522780e-01 7.949472471727460308e-13
1.291807350702004475e-01 1.567131360010489871e-12
1.296974580104812425e-01 1.500381954066844820e-12
1.302162478425231973e-01 1.956921640758133815e-13
1.307371128338932764e-01 8.168325557755313064e-12
1.312600612852288795e-01 1.324428572965032444e-11
1.317851015303697915e-01 7.586813379248749795e-12
1.323122419364912705e-01 4.885277926444007715e-11
1.328414909042372472e-01 1.209261202671044769e-10
1.333728568678542170e-01 6.858257874690745084e-11
1.339063482953256612e-01 5.856212914492345092e-12
1.344419736885069383e-01 9.251195755833464574e-11
1.349797415832609815e-01 3.085027067662147833e-10
1.355196605495940232e-01 2.030155916570230544e-10
1.360617391917924301e-01 4.960349523286158070e-10
1.366059861485595939e-01 1.519165419169248661e-10
1.371524100931538481e-01 1.272537659617400462e-11
1.377010197335264696e-01 8.912732009073765235e-11
1.382518238124605670e-01 2.483717552446389376e-09
1.388048311077104136e-01 1.002828610655037866e-09
1.393600504321412248e-01 1.737726591162187483e-10
1.399174906338697677e-01 1.315365547031564926e-10
1.404771605964052761e-01 5.223128775766981672e-09
1.410390692387908651e-01 8.967421025499960942e-10
1.416032255157460562e-01 2.209713722459394242e-08
1.421696384178090522e-01 2.207410343804640630e-11
1.427383169714803168e-01 4.163937661140762212e-09
1.433092702393662099e-01 2.795562858025629964e-07
1.438825073203236771e-01 1.354329426459297766e-08
1.444580373496049674e-01 1.341987968077489594e-07
1.450358694990033503e-01 1.455275105077262200e-08
1.456160129769993872e-01 4.566306454142677114e-07
1.461984770289073976e-01 9.256507753234861567e-07
1.467832709370230082e-01 7.942074982456687699e-08
1.473704040207710897e-01 8.791420545267748282e-07
1.479598856368541382e-01 8.423132084636141995e-09
1.485517251794015725e-01 2.211639399443118471e-07
1.491459320801191979e-01 4.795612561566318412e-07
1.497425158084396690e-01 7.784279125415128342e-08
1.503414858716734248e-01 8.707018870229177972e-07
1.509428518151600951e-01 1.510827226239316962e-07
1.515466232224207677e-01 2.453895641268851871e-08
1.521528097153104220e-01 1.430115080322809541e-07
1.527614209541716672e-01 3.114027417916671278e-08
1.533724666379883694e-01 3.108994991560134571e-08
1.539859565045403056e-01 3.581063204520924272e-08
1.546019003305584838e-01 8.306288606054461055e-10
1.552203079318807133e-01 1.481842030721685212e-08
1.558411891636082569e-01 1.464222284760003679e-08
1.564645539202626778e-01 1.242139936255432027e-08
1.570904121359437411e-01 3.272626996679638596e-08
1.577187737844875093e-01 1.438952919524443670e-08
1.583496488796254653e-01 4.497578328870947162e-08
1.589830474751439959e-01 8.322172282481921679e-08
1.596189796650445414e-01 4.014065814493885701e-08
1.602574555837047166e-01 5.757324638860973742e-08
1.608984854060395708e-01 9.622985797409958188e-08
1.615420793476636807e-01 7.736107387305423660e-08
1.621882476650543525e-01 1.437306585459166076e-07
1.628370006557145755e-01 1.335096137533463997e-07
1.634883486583374457e-01 1.995977890165294647e-07
1.641423020529707844e-01 3.178511330158090076e-07
1.647988712611826723e-01 2.725453220341314173e-07
1.654580667462274002e-01 2.030269578810253174e-07
1.661198990132123077e-01 5.323645050311364751e-07
1.667843786092651215e-01 5.177459870657723088e-07
1.674515161237022098e-01 8.926462753160331573e-07
1.681213221881969755e-01 1.645941362043100104e-06
1.687938074769497754e-01 1.663589039419991113e-06
1.694689827068575905e-01 4.032121131549047183e-06
1.701468586376850278e-01 3.718819543926491553e-06
1.708274460722357391e-01 4.086613048107975395e-06
1.715107558565246715e-01 5.456024586057367822e-06
1.721967988799507909e-01 5.684990607905119196e-06
1.728855860754705820e-01 8.354519120078246488e-06
1.735771284197724640e-01 8.323316005025394824e-06
1.742714369334515678e-01 9.351833636571700248e-06
1.749685226811853456e-01 2.051576015364118353e-05
1.756683967719100681e-01 1.776805259719801690e-05
1.763710703589977391e-01 3.671998864582286725e-05
1.770765546404337309e-01 4.155114972283488131e-05
1.777848608589954471e-01 2.496847765425392389e-05
1.784960003024314568e-01 6.618761563639587446e-05
1.792099843036411844e-01 6.056607893914221275e-05
1.799268242408557650e-01 7.654675965701897950e-05
1.806465315378191772e-01 1.542027802697889236e-04
1.813691176639704306e-01 8.096415760135371295e-05
1.820945941346263086e-01 1.523130789503006463e-04
1.828229725111648329e-01 2.345699197616843326e-04
1.835542644012094771e-01 1.176603829311278148e-04
1.842884814588143239e-01 2.793324216517095076e-04
1.850256353846495561e-01 5.812213199022349484e-04
1.857657379261881403e-01 2.662963973861185449e-04
1.865088008778928996e-01 7.365203006214859861e-04
1.872548360814044743e-01 6.509200380290610559e-04
1.880038554257300876e-01 4.615391539417206587e-04
1.887558708474330049e-01 1.259487752009275270e-03
1.895108943308226879e-01 9.764249629817316157e-04
1.902689379081460019e-01 8.732904724952250024e-04
1.910300136597785636e-01 2.572113555696527859e-03
1.917941337144176972e-01 1.665039852022091003e-03
1.925613102492753359e-01 2.208991524528732073e-03
1.933315554902724498e-01 4.442544201847352728e-03
1.941048817122335568e-01 3.733468606935015470e-03
1.948813012390824828e-01 3.897292732349993700e-03
1.956608264440388156e-01 8.461618105445999766e-03
1.964434697498149418e-01 5.045643974512689124e-03
1.972292436288141937e-01 7.266792536612170714e-03
1.980181606033294406e-01 1.181177946693866797e-02
1.988102332457427346e-01 9.910329111024738721e-03
1.996054741787257336e-01 1.004813495738063681e-02
2.004038960754406518e-01 1.331872190142651888e-02
2.012055116597424309e-01 1.471067522151348929e-02
2.020103337063813842e-01 1.599355062079736711e-02
2.028183750412069219e-01 1.475884040408453196e-02
2.036296485413717494e-01 2.009742887873989386e-02
2.044441671355372303e-01 2.065794899506330842e-02
2.052619438040793887e-01 2.798907264074696963e-02
2.060829915792957157e-01 2.953687901091503129e-02
2.069073235456129201e-01 3.267788249089825098e-02
2.077349528397953449e-01 3.786127279857735145e-02
2.085658926511545219e-01 4.601223444616571456e-02
2.094001562217591150e-01 5.211708037342785427e-02
2.102377568466461677e-01 5.837137513170671810e-02
2.110787078740327671e-01 6.139488760433985809e-02
2.119230227055288740e-01 7.590375848441208162e-02
2.127707147963510126e-01 8.850189236325531339e-02
2.136217976555363773e-01 1.046815062150961845e-01
2.144762848461585492e-01 1.040418715692198043e-01
2.153341899855431840e-01 1.339154154791792894e-01
2.161955267454853669e-01 1.652076566367362553e-01
2.170603088524672986e-01 1.937999032456009518e-01
2.179285500878772042e-01 1.974812675623148495e-01
2.188002642882286852e-01 2.297820583967849217e-01
2.196754653453815986e-01 2.993328624358317369e-01
2.205541672067631020e-01 3.222442116613168372e-01
2.214363838755901703e-01 4.679607920203810445e-01
2.223221294110925284e-01 4.112157720197667232e-01
2.232114179287369160e-01 7.271873705596711979e-01
2.241042636004518529e-01 6.383771091289068833e-01
2.250006806548536520e-01 1.137616889863262370e+00
2.259006833774730438e-01 9.104639089691501930e-01
2.268042861109829667e-01 1.209755884497724754e+00
2.277115032554268836e-01 1.449168303291450854e+00
2.286223492684485714e-01 1.630553089888493679e+00
2.295368386655223802e-01 2.980984254825794544e+00
2.304549860201844658e-01 1.628111993577106009e+00
2.313768059642651864e-01 3.099806046110821445e+00
2.323023131881222503e-01 3.073697527877037761e+00
2.332315224408747223e-01 4.753034158029048939e+00
2.341644485306381973e-01 5.773392359817669295e+00
2.351011063247607502e-01 3.466370375146784255e+00
2.360415107500598020e-01 7.482494756133540648e+00
2.369856767930600405e-01 4.340964391714270398e+00
2.379336195002322851e-01 9.824769660336640342e+00
2.388853539782332114e-01 8.848177846675483238e+00
2.398408953941461863e-01 2.197915896487486975e+01
2.408002589757227141e-01 2.513295519897635799e+01
2.417634600116256582e-01 1.148531245045509230e+01
2.427305138516721306e-01 3.708852161782963464e+01
2.437014359070788505e-01 2.997964111387823749e+01
2.446762416507071713e-01 9.117212197441126875e+01
2.456549466173099938e-01 4.304949516887511152e+01
2.466375664037792625e-01 7.653758596260811942e+01
2.476241166693943785e-01 1.185216140703659562e+02
2.486146131360719436e-01 3.216830181111387077e+01
2.496090715886161993e-01 1.111758376081213555e+02
2.506075078749706586e-01 7.079829073566784814e+01
2.516099379064705155e-01 1.298536297488875846e+02
2.526163776580964138e-01 4.331202935317837728e+02
2.536268431687287994e-01 7.474330934596298448e+02
2.546413505414037437e-01 1.074276411113688482e+03
2.556599159435693491e-01 3.978732293333808343e+02
2.566825556073435988e-01 3.643632166992859993e+02
2.577092858297729827e-01 4.259793425072122091e+02
2.587401229730920682e-01 3.182827582336106502e+02
2.597750834649844576e-01 6.102448072736540325e+02
2.608141837988444123e-01 5.130596217112474733e+02
2.618574405340398092e-01 1.350345199882249744e+03
2.629048702961759298e-01 2.564669134918339751e+03
2.639564897773606367e-01 2.558710497455706900e+03
2.650123157364701054e-01 2.423665296306790424e+03
2.660723649994159445e-01 2.097933071543518963e+03
2.671366544594135917e-01 2.182573088074686439e+03
2.682052010772512096e-01 3.068394385366020742e+03
2.692780218815602478e-01 2.383513652480447490e+03
2.703551339690865030e-01 3.978765506070700667e+03
2.714365545049627904e-01 3.919156773952788171e+03
2.725223007229827243e-01 3.914853705623236237e+03
2.736123899258746106e-01 4.611365915245708493e+03
2.747068394855781692e-01 6.405281325086378274e+03
2.758056668435204806e-01 5.910207398381950043e+03
2.769088895108945403e-01 8.265745630959034315e+03
2.780165250689380918e-01 6.497896517584160392e+03
2.791285911692138466e-01 6.928210448081837058e+03
2.802451055338907038e-01 5.885746207132730888e+03
2.813660859560263017e-01 4.833280559202060431e+03
2.824915502998503469e-01 3.558186468657595015e+03
2.836215165010497197e-01 2.275706694036050521e+03
2.847560025670539119e-01 1.360056407662069660e+03
2.858950265773221866e-01 1.666243007296018050e+03
2.870386066836315142e-01 3.535557297621272483e+03
2.881867611103660631e-01 6.790590770492489355e+03
2.893395081548075787e-01 1.257647747550124586e+04
2.904968661874267610e-01 1.956670782503914961e+04
2.916588536521764197e-01 3.035041799665709186e+04
2.928254890667851273e-01 4.162095346259912913e+04
2.939967910230522619e-01 5.578789460073790542e+04
2.951727781871444911e-01 7.470244257083506091e+04
2.963534692998930908e-01 9.429660443143307930e+04
2.975388831770926501e-01 1.155647025838848494e+05
2.987290387098009981e-01 1.513234383795309695e+05
2.999239548646402409e-01 1.678493070409950742e+05
3.011236506840988536e-01 2.083969809531175124e+05
3.023281452868351593e-01 2.263423789949445927e+05
3.035374578679824742e-01 2.146815181980171183e+05
3.047516076994544187e-01 3.086986172253058758e+05
3.059706141302522830e-01 3.579606083211617661e+05
3.071944965867733357e-01 4.020876363631204003e+05
3.084232745731204095e-01 4.593480955449407338e+05
3.096569676714128194e-01 3.706388217561320635e+05
3.108955955420985018e-01 4.193076508402475738e+05
3.121391779242668751e-01 6.315768358255800558e+05
3.133877346359639215e-01 7.039410659419156145e+05
3.146412855745078230e-01 7.799447961188300978e+05
3.158998507168058190e-01 8.400909011159590445e+05
3.171634501196730627e-01 9.138581110837935703e+05
3.184321039201517545e-01 9.506384260286164936e+05
3.197058323358323295e-01 9.704051335945691681e+05
3.209846556651756444e-01 7.951694671729884576e+05
3.222685942878363852e-01 4.971061707669789903e+05
3.235576686649877520e-01 9.243593661967406515e+05
3.248518993396476984e-01 7.990187970689028734e+05
3.261513069370062801e-01 5.229125461548347957e+05
3.274559121647543369e-01 1.865374648007432406e+05
3.287657358134133401e-01 1.356589711021087533e+04
3.300807987566670154e-01 1.409200586493433605e+01
3.314011219516936890e-01 1.939208835245465707e+03
3.327267264395004642e-01 1.093527742576388846e+05
3.340576333452584534e-01 5.887813631301018177e+05
3.353938638786395088e-01 1.298234297870150069e+06
3.367354393341540630e-01 2.014324493609711295e+06
3.380823810914907468e-01 2.671282789649250917e+06
3.394347106158566718e-01 3.258829277334451675e+06
3.407924494583201014e-01 3.761801551524279173e+06
3.421556192561533982e-01 4.060138222860471345e+06
3.435242417331779707e-01 3.305268722784341313e+06
3.448983387001106626e-01 7.537412256351605756e+05
3.462779320549111417e-01 4.569196989757977426e+06
3.476630437831307319e-01 5.870374083049974404e+06
3.490536959582632992e-01 6.616030594312477857e+06
3.504499107420963600e-01 7.714771703057919629e+06
3.518517103850647421e-01 8.445930961543165147e+06
3.532591172266050239e-01 9.374535887075033039e+06
3.546721536955114717e-01 1.056353163070286438e+07
3.560908423102934761e-01 1.082151029777725786e+07
3.575152056795346533e-01 1.127544105195977911e+07
3.589452665022527800e-01 1.270211356200161763e+07
3.603810475682617254e-01 1.402305117290953547e+07
3.618225717585348278e-01 1.487263661045123078e+07
3.632698620455689364e-01 1.601943691531504504e+07
3.647229414937512293e-01 1.711780078795634583e+07
3.661818332597261971e-01 1.900726904006802663e+07
3.676465605927651259e-01 1.894026876437884569e+07
3.691171468351361895e-01 2.046542750582459942e+07
3.705936154224767076e-01 2.112322704356244579e+07
3.720759898841666247e-01 2.234800782043455169e+07
3.735642938437032656e-01 2.394000023875011504e+07
3.750585510190780902e-01 2.577074330008696765e+07
3.765587852231543908e-01 2.853899792117616907e+07
3.780650203640470441e-01 3.209537913484735042e+07
3.795772804455032068e-01 3.359707884754741192e+07
3.810955895672852312e-01 3.585594248231732100e+07
3.826199719255543585e-01 3.618871774196272343e+07
3.841504518132565771e-01 3.954037278673489392e+07
3.856870536205096456e-01 4.075439491548980772e+07
3.872298018349916715e-01 4.388712326914892346e+07
3.887787210423316320e-01 4.641035802935421467e+07
3.903338359265008939e-01 4.993449444078820944e+07
3.918951712702069545e-01 5.335031580637867749e+07
3.934627519552877928e-01 5.767920370175051689e+07
3.950366029631089404e-01 6.627852700954810530e+07
3.966167493749613859e-01 7.041834387561093271e+07
3.982032163724612550e-01 7.395177668108643591e+07
3.997960292379510450e-01 7.441354748849293590e+07
4.013952133549028578e-01 6.807034380108593404e+07
4.030007942083224659e-01 3.598284909835558385e+07
4.046127973851557647e-01 9.643974027723047184e+05
4.062312485746963908e-01 3.832001566015364230e+07
4.078561735689951728e-01 8.239231299718135595e+07
4.094875982632711353e-01 1.013401134340130240e+08
4.111255486563242245e-01 1.119189179017158002e+08
4.127700508509495880e-01 1.196726073020325452e+08
4.144211310543532978e-01 1.264825741966187060e+08
4.160788155785707931e-01 1.329189846054481715e+08
4.177431308408850463e-01 1.393610949574608803e+08
4.194141033642486138e-01 1.463021253174095750e+08
4.210917597777056320e-01 1.540232336300298572e+08
4.227761268168164221e-01 1.629275722954017818e+08
4.244672313240837602e-01 1.731320437166562676e+08
4.261651002493800910e-01 1.847926290345601439e+08
4.278697606503775730e-01 1.975811050870341659e+08
4.295812396929790666e-01 2.116691008149532080e+08
4.312995646517510107e-01 2.274639799393582940e+08
4.330247629103580187e-01 2.441167537222052813e+08
4.347568619619994745e-01 2.621639840178498924e+08
4.364958894098474596e-01 2.781367956757497191e+08
4.382418729674867897e-01 2.901140900234849453e+08
4.399948404593567730e-01 3.183402117315876484e+08
4.417548198211941890e-01 3.380490991711964607e+08
4.435218391004789873e-01 3.537302483956430554e+08
4.452959264568808750e-01 3.775799989189760685e+08
4.470771101627084021e-01 4.056376421656631231e+08
4.488654186033592119e-01 4.259784769095188379e+08
4.506608802777726241e-01 4.650362137057071924e+08
4.524635237988837710e-01 4.931333926720944047e+08
4.542733778940792333e-01 5.216340226873054504e+08
4.560904714056555065e-01 5.406374188564687967e+08
4.579148332912781894e-01 5.539173061037036180e+08
4.597464926244433370e-01 6.034879064867581129e+08
4.615854785949410899e-01 6.347359566868238449e+08
4.634318205093208576e-01 6.644373369640583992e+08
4.652855477913582227e-01 6.945485579861994982e+08
4.671466899825236219e-01 7.209361109077152014e+08
4.690152767424536906e-01 7.507639217986319065e+08
4.708913378494234969e-01 7.695402797842184305e+08
4.727749032008212171e-01 7.707021190180168152e+08
4.746660028136244769e-01 7.513569828764868975e+08
4.765646668248789131e-01 7.035687629659277201e+08
4.784709254921784560e-01 5.987341578126688004e+08
4.803848091941470555e-01 5.164504019605880976e+08
4.823063484309236815e-01 4.216294492711566687e+08
4.842355738246474361e-01 3.293504497947683930e+08
4.861725161199459966e-01 2.592487752008939087e+08
4.881172061844257226e-01 2.049317696233795285e+08
4.900696750091634302e-01 1.636778536366049349e+08
4.920299537092001074e-01 1.278540830267955810e+08
4.939980735240369625e-01 9.321546965406994522e+07
4.959740658181330253e-01 6.274738840843381733e+07
4.979579620814056362e-01 3.844709929617217928e+07
4.999497939297311566e-01 2.194525412915655971e+07
5.019495931054501758e-01 1.232678877499808371e+07
5.039573914778719965e-01 7.841946655402883887e+06
5.059732210437835054e-01 6.175733619892108254e+06
5.079971139279585435e-01 5.771274423717061058e+06
5.100291023836703852e-01 5.623091501514396630e+06
5.120692187932051054e-01 5.268500530276444741e+06
5.141174956683780550e-01 4.864183437433483079e+06
5.161739656510514473e-01 4.612983656434178352e+06
5.182386615136556074e-01 4.376721922925433144e+06
5.203116161597103329e-01 4.010157916675848421e+06
5.223928626243490303e-01 3.629285298069041222e+06
5.244824340748465152e-01 3.317668007085699122e+06
5.265803638111459239e-01 2.993479956962753553e+06
5.286866852663905103e-01 2.665056633807391394e+06
5.308014320074561088e-01 2.407489355213521048e+06
5.329246377354859288e-01 2.176091289694015402e+06
5.350563362864277916e-01 1.948712935752722202e+06
5.371965616315735881e-01 1.774504508901423076e+06
5.393453478780998456e-01 1.618138525416397490e+06
5.415027292696121819e-01 1.457546377093593124e+06
5.436687401866906466e-01 1.332005257461777888e+06
5.458434151474373941e-01 1.212816416140130488e+06
5.480267888080271321e-01 1.090830899458953878e+06
5.502188959632591247e-01 9.926486776593166869e+05
5.524197715471121928e-01 9.012623386977518676e+05
5.546294506333006025e-01 8.104330204270752147e+05
5.568479684358338400e-01 7.312822300797706703e+05
5.590753603095770519e-01 6.618994964871262200e+05
5.613116617508153716e-01 5.914339450469560688e+05
5.635569083978186899e-01 5.354828961390107870e+05
5.658111360314097560e-01 4.785161306216763915e+05
5.680743805755354980e-01 4.318019348154160543e+05
5.703466780978375672e-01 3.903137732020345284e+05
5.726280648102289872e-01 3.553091399878009688e+05
5.749185770694699160e-01 3.231758946185972309e+05
5.772182513777477375e-01 2.931978616051365971e+05
5.795271243832587071e-01 2.639832461194958305e+05
5.818452328807918184e-01 2.352352967785993242e+05
5.841726138123150003e-01 2.068877590808332316e+05
5.865093042675643131e-01 1.531464189326359774e+05
5.888553414846344758e-01 1.100853451634367957e+05
5.912107628505729462e-01 1.419542148585927789e+05
5.935756059019753339e-01 2.450355207615823019e+05
5.959499083255832552e-01 3.570355098921232857e+05
5.983337079588855190e-01 4.832675474725606618e+05
6.007270427907210886e-01 6.492536559934606776e+05
6.031299509618840426e-01 8.824396862062305445e+05
6.055424707657315331e-01 1.196563802641219692e+06
6.079646406487945187e-01 1.626633953307783930e+06
6.103964992113897203e-01 2.232025058365231380e+06
6.128380852082353503e-01 3.067709696058301721e+06
6.152894375490681744e-01 4.201211960023230873e+06
6.177505952992645710e-01 5.684066023180230521e+06
6.202215976804615893e-01 7.605006998628367670e+06
6.227024840711834486e-01 1.010146860696264170e+07
6.251932940074681477e-01 1.336066423037667759e+07
6.276940671834980723e-01 1.756905077645444870e+07
6.302048434522321552e-01 2.308247691340830177e+07
6.327256628260409244e-01 3.010020973579127342e+07
6.352565654773452142e-01 3.880548852658372372e+07
6.377975917392545435e-01 4.966083911897277832e+07
6.403487821062116003e-01 6.300209148672150820e+07
6.429101772346363930e-01 7.925818721884559095e+07
6.454818179435749537e-01 9.919035354936382174e+07
6.480637452153492628e-01 1.236462103653736264e+08
6.506560001962106154e-01 1.536454084960516393e+08
6.532586241969955410e-01 1.904661399378844798e+08
6.558716586937833881e-01 2.354255205251533091e+08
6.584951453285585732e-01 2.896388932110140920e+08
6.611291259098727169e-01 3.553534995879805088e+08
6.637736424135122215e-01 4.346865987627127171e+08
6.664287369831662922e-01 5.280104931009828448e+08
6.690944519310989547e-01 6.357979248994411230e+08
6.717708297388232941e-01 7.604619222191840410e+08
6.744579130577786907e-01 9.011370316760472059e+08
6.771557447100098326e-01 1.049587545507224202e+09
6.798643676888498355e-01 1.189663812933475494e+09
6.825838251596052508e-01 1.303665417399994373e+09
6.853141604602436265e-01 1.371116334325465679e+09
6.880554171020846210e-01 1.379487224411123514e+09
6.908076387704928933e-01 1.335482516994052649e+09
6.935708693255748791e-01 1.274242906643297911e+09
6.963451528028771209e-01 1.253493139535361767e+09
6.991305334140887062e-01 1.264864638100654840e+09
7.019270555477450380e-01 1.318634011627741337e+09
7.047347637699360456e-01 1.404557166578246117e+09
7.075537028250157290e-01 1.498773089002925396e+09
7.103839176363159202e-01 1.586893869203901052e+09
7.132254533068611568e-01 1.669349386040901661e+09
7.160783551200886610e-01 1.717613378221225023e+09
7.189426685405689854e-01 1.754062452530428171e+09
7.218184392147313222e-01 1.763737682767338991e+09
7.247057129715901436e-01 1.717379203368217707e+09
7.276045358234763949e-01 1.662332491352693319e+09
7.305149539667704639e-01 1.565647630119517803e+09
7.334370137826373703e-01 1.478648109228064299e+09
7.363707618377679509e-01 1.384178661138037205e+09
7.393162448851190449e-01 1.291596918205890656e+09
7.422735098646596752e-01 1.187706835404932976e+09
7.452426039041182282e-01 1.089550804275544167e+09
7.482235743197346300e-01 9.890965019633150101e+08
7.512164686170136330e-01 8.683808985986326933e+08
7.542213344914817652e-01 7.643836675397447348e+08
7.572382198294477229e-01 6.584899916343441010e+08
7.602671727087656484e-01 5.032805004339780807e+08
7.633082413996006288e-01 2.306767879492556751e+08
7.663614743651989691e-01 2.437183828995467722e+07
7.694269202626597970e-01 3.394531583319245279e+07
7.725046279437104424e-01 1.632700648092562258e+08
7.755946464554852593e-01 3.835335639910638928e+08
7.786970250413072225e-01 6.962533610220961571e+08
7.818118131414724115e-01 1.013068353750247717e+09
7.849390603940383793e-01 1.327912385481839895e+09
7.880788166356144098e-01 1.688963530857971191e+09
7.912311319021569922e-01 2.106247823577975750e+09
7.943960564297655180e-01 2.597240631306206226e+09
7.975736406554845281e-01 3.167017919316742420e+09
8.007639352181065151e-01 3.807480412859250546e+09
8.039669909589789443e-01 4.501154308645314217e+09
8.071828589228148276e-01 5.265881493990285873e+09
8.104115903585061842e-01 6.063128507232522011e+09
8.136532367199402760e-01 6.940523155532722473e+09
8.169078496668199518e-01 7.903012088158593178e+09
8.201754810654874328e-01 8.468231669231297493e+09
8.234561829897493190e-01 1.022670453731654358e+10
8.267500077217083687e-01 1.180036038643994904e+10
8.300570077525952772e-01 1.311015432177156639e+10
8.333772357836056743e-01 1.460790317841453552e+10
8.367107447267401188e-01 1.611893921692034912e+10
8.400575877056470908e-01 1.788776484003360748e+10
8.434178180564695371e-01 1.975996067916947937e+10
8.467914893286955236e-01 2.175917571117340851e+10
8.501786552860102208e-01 2.380215205706120300e+10
8.535793699071543283e-01 2.597078370377069473e+10
8.569936873867830540e-01 2.815457634600759506e+10
8.604216621363300899e-01 2.710520969533567810e+10
8.638633487848753623e-01 1.902305048814736557e+10
8.673188021800150027e-01 2.353951308365288925e+10
8.707880773887352044e-01 2.409393029143132782e+10
8.742712296982900755e-01 2.640575785351292419e+10
8.777683146170831563e-01 2.887703850872785187e+10
8.812793878755513788e-01 3.217326212435386276e+10
8.848045054270535781e-01 3.642329335024626923e+10
8.883437234487617795e-01 3.887908773188317871e+10
8.918970983425568155e-01 4.195664404327124023e+10
8.954646867359271623e-01 4.254837485131495667e+10
8.990465454828707736e-01 4.636764329744851685e+10
9.026427316648023558e-01 5.055566924199815369e+10
9.062533025914615292e-01 5.309868619961209106e+10
9.098783158018273198e-01 5.636575961595295715e+10
9.135178290650346478e-01 5.903690254063587952e+10
9.171719003812948134e-01 6.055291461301148224e+10
9.208405879828199803e-01 6.512253805290626526e+10
9.245239503347512100e-01 6.624049019115378571e+10
9.282220461360901620e-01 4.452022431061001587e+10
9.319349343206346781e-01 4.660454319772277069e+10
9.356626740579171431e-01 5.264882359154746246e+10
9.394053247541488405e-01 6.373817088317020416e+10
9.431629460531654185e-01 6.381045575753827667e+10
9.469355978373780180e-01 6.465739082076656342e+10
9.507233402287275092e-01 6.466373724440666962e+10
9.545262335896426142e-01 6.840001622637442780e+10
9.583443385240012491e-01 6.463490727014283752e+10
9.621777158780971950e-01 6.807743038743695831e+10
9.660264267416096562e-01 7.363813913699879456e+10
9.698905324485760371e-01 7.968339590905209351e+10
9.737700945783701600e-01 8.079568440383505249e+10
9.776651749566835914e-01 8.586776966686338806e+10
9.815758356565105203e-01 9.016494333045129395e+10
9.855021389991363012e-01 9.385183040618777466e+10
9.894441475551331022e-01 9.608830244717173767e+10
9.934019241453534432e-01 9.313411997870462036e+10
9.973755318419349480e-01 8.398529331264820862e+10
1.001365033969302543e+00 6.991708973985369873e+10
1.005370494105179757e+00 7.928151395608752441e+10
1.009391976081600362e+00 8.568577082381181335e+10
1.013429543985926884e+00 9.384214392236199951e+10
1.017483262161870350e+00 1.009604498740951996e+11
1.021553195210518128e+00 1.046047959209153595e+11
1.025639407991360219e+00 1.107100096703714142e+11
1.029741965623325539e+00 1.147832026570960388e+11
1.033860933485818867e+00 1.190332673212282715e+11
1.037996377219762012e+00 1.247115081621135101e+11
1.042148362728641198e+00 1.278489469040587006e+11
1.046316956179555557e+00 1.329668110731160736e+11
1.050502224004274066e+00 1.364092812287401123e+11
1.054704232900291139e+00 1.404503804402196960e+11
1.058923049831892227e+00 1.423274158145468750e+11
1.063158742031219628e+00 1.464720762382877197e+11
1.067411376999344741e+00 1.478264875644997253e+11
1.071681022507342096e+00 1.505109558571713257e+11
1.075967746597371377e+00 1.537253084107965698e+11
1.080271617583760779e+00 1.561468568850143433e+11
1.084592704054095913e+00 1.571209770563538513e+11
1.088931074870312044e+00 1.511834201503166504e+11
1.093286799169793433e+00 1.341389755721916962e+11
1.097659946366472461e+00 1.193576127685287018e+11
1.102050586151938294e+00 1.013176263141780090e+11
1.106458788496546219e+00 8.719519142540350342e+10
1.110884623650532532e+00 7.275352538981921387e+10
1.115328162145134749e+00 6.403344033371243286e+10
1.119789474793714934e+00 7.478204385320597839e+10
1.124268632692889902e+00 8.247038195034344482e+10
1.128765707223661430e+00 9.310541292476911926e+10
1.133280770052556230e+00 5.523864747487597656e+10
1.137813893132766374e+00 8.364516651107865906e+10
1.142365148705297484e+00 8.532275199911126709e+10
1.146934609300118479e+00 9.694504980071191406e+10
1.151522347737319096e+00 9.164605598649008179e+10
1.156128437128268516e+00 8.844499848863357544e+10
1.160752950876781542e+00 8.665635795404852295e+10
1.165395962680288999e+00 8.877204591163681030e+10
1.170057546531009907e+00 7.786089057360462952e+10
1.174737776717134086e+00 8.755764534924145508e+10
1.179436727824002773e+00 8.150796565151971436e+10
1.184154474735298557e+00 1.086235170988076782e+11
1.188891092634239977e+00 1.247394948071318970e+11
1.193646657004777012e+00 1.352559974787921143e+11
1.198421243632796118e+00 1.440951305179891968e+11
1.203214928607327261e+00 1.524129532422687378e+11
1.208027788321756724e+00 1.631487805915635071e+11
1.212859899475043468e+00 1.658935734251069336e+11
1.217711339072943710e+00 1.759194281400910950e+11
1.222582184429235275e+00 1.791638361453795776e+11
1.227472513166952384e+00 1.857055980603722229e+11
1.232382403219620226e+00 1.903212772163122559e+11
1.237311932832498407e+00 1.953809255031117554e+11
1.242261180563828615e+00 1.854032956481621094e+11
1.247230225286083849e+00 2.002682392344668274e+11
1.252219146187228072e+00 1.849682047747588196e+11
1.257228022771976983e+00 2.077381121664173279e+11
1.262256934863064783e+00 2.089318937586500854e+11
1.267305962602517155e+00 2.098667062137578735e+11
1.272375186452927354e+00 2.063138899192801514e+11
1.277464687198738957e+00 2.071295774074496155e+11
1.282574545947533950e+00 2.015467599236573181e+11
1.287704844131324133e+00 1.959936162022512207e+11
1.292855663507849417e+00 1.931358225660383606e+11
1.298027086161880783e+00 1.892311001156986694e+11
1.303219194506528344e+00 1.903110689846296387e+11
1.308432071284554521e+00 1.871498862106454163e+11
1.313665799569692760e+00 1.807881225489504089e+11
1.318920462767971591e+00 1.790577899001314697e+11
1.324196144619043336e+00 1.547528179483356323e+11
1.329492929197519491e+00 1.094130498195070190e+11
1.334810900914309650e+00 3.737504122824593353e+10
1.340150144517967101e+00 1.514888444128876877e+10
1.345510745096038852e+00 1.061018521851451874e+10
1.350892788076423212e+00 8.756898332687118530e+09
1.356296359228728932e+00 5.494890422103957176e+09
1.361721544665643879e+00 7.928628692640120506e+09
1.367168430844306393e+00 1.107315674939613152e+10
1.372637104567683730e+00 1.041998607015315247e+10
1.378127652985954299e+00 1.779818482397887039e+10
1.383640163597898098e+00 1.237673945041628456e+10
1.389174724252289828e+00 1.277904338918820190e+10
1.394731423149298877e+00 1.012016051198398209e+10
1.400310348841896202e+00 1.050026245656237984e+10
1.405911590237263642e+00 1.197229279106745148e+10
1.411535236598212784e+00 8.697614495433597565e+09
1.417181377544605603e+00 9.356726151802413940e+09
1.422850103054784210e+00 9.746285378220325470e+09
1.428541503467003038e+00 1.304023278071016121e+10
1.434255669480871243e+00 1.126405222391901588e+10
1.439992692158794885e+00 1.285732136024733734e+10
1.445752662927429988e+00 1.707479457852205658e+10
1.451535673579139596e+00 2.298624401357106781e+10
1.457341816273456159e+00 2.798299577159154129e+10
1.463171183538549913e+00 2.612369849085823059e+10
1.469023868272704147e+00 2.519390110266413116e+10
1.474899963745795128e+00 3.129399032145045471e+10
1.480799563600778246e+00 3.496920674665800476e+10
1.486722761855181485e+00 3.594427112534243774e+10
1.492669652902602007e+00 4.091345516250361633e+10
1.498640331514212276e+00 4.511694382617630768e+10
1.504634892840269300e+00 4.968805509538024902e+10
1.510653432411630304e+00 5.513284639294998169e+10
1.516696046141276843e+00 6.450600502282337952e+10
1.522762830325842032e+00 7.316489434111080933e+10
1.528853881647145307e+00 8.013998972995159912e+10
1.534969297173733649e+00 8.789422251989498901e+10
1.541109174362428780e+00 9.653709001699992371e+10
1.547273611059878373e+00 1.127568392256106567e+11
1.553462705504118135e+00 1.169285863613777008e+11
1.559676556326134556e+00 1.240786937612437286e+11
1.565915262551438980e+00 1.331971914706604309e+11
1.572178923601644795e+00 1.397495168862815247e+11
1.578467639296051495e+00 1.469744154445621948e+11
1.584781509853235626e+00 1.555295245606769104e+11
1.591120635892648405e+00 1.572889547149333801e+11
1.597485118436219098e+00 1.621727521352263489e+11
1.603875058909963958e+00 1.652943383612300110e+11
1.610290559145603595e+00 1.659465328529008789e+11
1.616731721382186127e+00 1.683877447453151550e+11
1.623198648267714761e+00 1.677202965094080811e+11
1.629691442860785600e+00 1.668045504678918152e+11
1.636210208632228769e+00 1.675007199959114990e+11
1.642755049466757766e+00 1.653710068272459412e+11
1.649326069664624805e+00 1.642455685073661499e+11
1.655923373943283039e+00 1.614607517451309509e+11
1.662547067439056336e+00 1.570063775006680603e+11
1.669197255708812611e+00 1.548710466137535095e+11
1.675874044731648027e+00 1.535408758539213867e+11
1.682577540910574321e+00 1.548957903833723450e+11
1.689307851074216771e+00 1.439144371670847778e+11
1.696065082478513508e+00 1.391620797112124329e+11
1.702849342808427480e+00 1.345218466030395203e+11
1.709660740179661298e+00 1.237428085054161987e+11
1.716499383140379864e+00 1.034080387848405762e+11
1.723365380672941427e+00 9.585289815881614685e+10
1.730258842195633306e+00 8.107229406365405273e+10
1.737179877564415831e+00 7.002507730811663818e+10
1.744128597074673603e+00 5.603559629681045532e+10
1.751105111462972097e+00 5.069239126571073914e+10
1.758109531908824241e+00 4.038127308903041840e+10
1.765141970036459451e+00 3.429608622774342346e+10
1.772202537916605314e+00 2.860082668838933563e+10
1.779291348068271716e+00 2.182973339929131317e+10
1.786408513460544745e+00 1.879931382342922211e+10
1.793554147514387020e+00 1.387103286937239265e+10
1.800728364104444257e+00 1.517139425733813477e+10
1.807931277560862249e+00 1.140596426942403412e+10
1.815163002671105641e+00 1.416008501224985123e+10
1.822423654681789795e+00 1.520997316583776855e+10
1.829713349300517100e+00 1.000647622246479797e+10
1.837032202697718830e+00 1.052766929114159203e+10
1.844380331508509885e+00 1.157900617964020920e+10
1.851757852834543527e+00 1.023139877323605347e+10
1.859164884245881888e+00 7.114002756306634903e+09
1.866601543782865358e+00 6.639940409653903961e+09
1.874067949957996859e+00 8.558715344795746803e+09
1.881564221757828781e+00 1.531239293275559998e+10
1.889090478644860127e+00 1.521381980571237946e+10
1.896646840559439662e+00 2.018530449631073761e+10
1.904233427921677269e+00 1.601898302634447289e+10
1.911850361633363971e+00 1.870502002759352112e+10
1.919497763079897279e+00 1.695966091522826576e+10
1.927175754132217200e+00 1.320047837255208778e+10
1.934884457148745796e+00 1.107177436377011490e+10
1.942623994977340729e+00 9.385946742223939896e+09
1.950394490957250149e+00 1.271391230450092697e+10
1.958196068921079336e+00 1.065482949971847916e+10
1.966028853196763793e+00 1.415550119604128456e+10
1.973892968609550991e+00 1.378665019985713959e+10
1.981788540483989447e+00 1.631218125913291550e+10
1.989715694645925126e+00 1.759767761274906921e+10
1.997674557424508723e+00 2.073354339383226395e+10
2.005665255654207169e+00 2.330898833519156647e+10
2.013687916676823786e+00 2.556300098911457825e+10
2.021742668343530891e+00 3.106246825166157532e+10
2.029829639016905052e+00 3.057409240953022385e+10
2.037948957572972564e+00 3.491381212053038025e+10
2.046100753403264694e+00 3.877977059555921936e+10
2.054285156416877811e+00 4.152281271594944763e+10
2.062502297042545507e+00 4.390303583978137970e+10
2.070752306230715600e+00 4.697671600995299530e+10
2.079035315455638244e+00 4.683688930361528778e+10
2.087351456717461140e+00 4.934970927816348267e+10
2.095700862544330967e+00 5.022080905575105286e+10
2.104083665994508134e+00 5.095000826499935913e+10
2.112500000658485977e+00 5.165971706160496521e+10
2.120950000661120161e+00 5.119433055565418243e+10
2.129433800663764753e+00 5.139691501826482391e+10
2.137951535866419839e+00 5.102601199534436798e+10
2.146503342009885351e+00 5.107116529567372131e+10
2.155089355377924676e+00 4.977323445437081146e+10
2.163709712799436691e+00 4.893665831298216248e+10
2.172364551650634468e+00 4.800679090404711151e+10
2.181054009857236853e+00 4.673557728526487732e+10
2.189778225896665376e+00 4.582968450076879120e+10
2.198537338800252705e+00 4.372403288013115692e+10
2.207331488155453325e+00 4.315909539315095520e+10
2.216160814108075083e+00 4.235453737561774445e+10
2.225025457364507631e+00 4.132555031380854034e+10
2.233925559193965515e+00 4.099733270114425659e+10
2.242861261430741493e+00 3.899098150385380554e+10
2.251832706476463830e+00 3.850627281953120422e+10
2.260840037302370042e+00 3.748214930006494904e+10
2.269883397451579299e+00 3.533493173962860870e+10
2.278962931041386142e+00 3.538033385548212433e+10
2.288078782765551100e+00 3.433388036588647461e+10
2.297231097896613505e+00 3.095504568848678589e+10
2.306420022288200311e+00 3.013472268404238510e+10
2.315645702377353121e+00 2.750246891470607376e+10
2.324908285186861878e+00 2.686189950594337463e+10
2.334207918327609654e+00 2.864624808734086609e+10
2.343544750000919663e+00 2.774545354275835800e+10
2.352918929000923143e+00 2.804169237041576767e+10
2.362330604716927240e+00 2.761620908704928970e+10
2.371779927135795329e+00 2.627009852367989349e+10
2.381267046844337987e+00 2.453895337508664322e+10
2.390792115031715070e+00 2.551705371446118927e+10
2.400355283491842240e+00 2.562387176473741150e+10
2.409956704625809465e+00 2.337333482034490585e+10
2.419596531444312859e+00 2.106360115607283401e+10
2.429274917570089620e+00 2.118178693287166214e+10
2.438992017240370291e+00 1.765939929538626480e+10
2.448747985309331465e+00 1.385138808264264488e+10
2.458542977250568917e+00 1.469719547658392525e+10
2.468377149159570738e+00 1.236880749687694550e+10
2.478250657756209563e+00 8.776278506392898560e+09
2.488163660387234355e+00 9.403900012976335526e+09
2.498116315028783063e+00 8.294565796942425728e+09
2.508108780288898387e+00 5.538325891494750023e+09
2.518141215410053757e+00 5.090718689591683388e+09
2.528213780271693967e+00 3.861822735021400452e+09
2.538326635392781139e+00 3.975890488400254250e+09
2.548479941934351789e+00 3.037056463718833447e+09
2.558673861702089436e+00 3.879475121492976189e+09
2.568908557148898097e+00 3.368780133740944862e+09
2.579184191377493551e+00 3.467019578416512012e+09
2.589500928143003478e+00 3.185463519482326984e+09
2.599858931855575594e+00 3.753580852625165939e+09
2.610258367582998229e+00 4.995370345262818336e+09
2.620699401053329769e+00 5.570024531647047043e+09
2.631182198657543214e+00 5.081961852645707130e+09
2.641706927452173392e+00 7.649314262432698250e+09
2.652273755161981938e+00 6.408674972492794991e+09
2.662882850182629824e+00 4.478690363321100235e+09
2.673534381583360542e+00 2.217671662304319382e+09
2.684228519109693956e+00 2.286109771430777073e+09
2.694965433186132575e+00 3.081828047398883343e+09
2.705745294918877164e+00 2.981569486865051746e+09
2.716568276098552559e+00 3.226679341793362141e+09
2.727434549202946812e+00 5.081591742297827721e+09
2.738344287399758326e+00 3.426584857634338856e+09
2.749297664549357201e+00 5.759324015775136948e+09
2.760294855207554576e+00 3.701255090468550682e+09
2.771336034628385292e+00 3.691737496175609112e+09
2.782421378766898545e+00 2.879187697804918766e+09
2.793551064281966312e+00 4.807521432658959389e+09
2.804725268539093985e+00 3.059961824151955605e+09
2.815944169613250558e+00 4.105247750293395996e+09
2.827207946291703244e+00 5.817776604844441414e+09
2.838516778076869862e+00 3.848532412127340794e+09
2.849870845189177437e+00 4.321378643036479950e+09
2.861270328569933685e+00 5.408714338700277328e+09
2.872715409884213589e+00 5.071368292703927040e+09
2.884206271523750420e+00 5.542940235389598846e+09
2.895743096609845413e+00 6.013641388821667671e+09
2.907326068996284985e+00 5.954803251826775551e+09
2.918955373272270393e+00 6.906175093312242508e+09
2.930631194765359826e+00 8.206179833925488472e+09
2.942353719544420709e+00 7.803274830921491623e+09
2.954123134422598440e+00 7.756609666056207657e+09
2.965939626960289122e+00 8.017151131244735718e+09
2.977803385468130504e+00 8.813007563118829727e+09
2.989714599010003138e+00 9.977759909472648621e+09
3.001673457406043077e+00 8.930657886486494064e+09
3.013680151235667015e+00 1.119180641569018173e+10
3.025734871840609408e+00 1.053367337536713600e+10
3.037837811327972037e+00 1.244433013986859512e+10
3.049989162573283785e+00 1.003955820505482483e+10
3.062189119223576395e+00 1.410529655965173149e+10
3.074437875700470890e+00 1.374490852797968864e+10
3.086735627203272880e+00 1.424909022720230675e+10
3.099082569712085622e+00 1.600930906966204262e+10
3.111478899990933744e+00 1.447096099181205940e+10
3.123924815590897186e+00 1.843902208650278091e+10
3.136420514853261121e+00 1.597052011085964203e+10
3.148966196912674320e+00 1.666554767725684166e+10
3.161562061700325277e+00 1.820772664615167236e+10
3.174208309947126327e+00 1.655055198274933434e+10
3.186905143186915090e+00 1.849509639712746048e+10
3.199652763759662566e+00 1.318307090247574997e+10
3.212451374814701222e+00 1.692068416079700279e+10
3.225301180313960625e+00 1.841269308919153595e+10
3.238202385035215958e+00 1.914290139358636856e+10
3.251155194575356955e+00 2.360190976846362686e+10
3.264159815353658622e+00 2.177289337078448486e+10
3.277216454615073271e+00 2.074734348578363037e+10
3.290325320433533207e+00 2.334719514060479736e+10
3.303486621715267635e+00 1.929167153436470795e+10
3.316700568202128441e+00 1.179567655213559723e+10
3.329967370474937294e+00 1.309244174474364662e+10
3.343287239956836743e+00 1.618233976443411636e+10
3.356660388916663962e+00 1.858747822556825256e+10
3.370087030472330714e+00 2.288853525262516785e+10
3.383567378594220187e+00 2.106775364045818710e+10
3.397101648108596716e+00 2.246095201258482361e+10
3.410690054701031482e+00 2.062078817943337250e+10
3.424332814919834878e+00 2.314275282998751831e+10
3.438030146179514634e+00 2.276400357639396667e+10
3.451782266764232610e+00 2.388551028392503738e+10
3.465589395831289998e+00 2.556033260295698166e+10
3.479451753414614767e+00 2.582476767711169434e+10
3.493369560428273068e+00 2.397907248895841980e+10
3.507343038669985980e+00 2.990919681300135040e+10
3.521372410824665788e+00 2.913073429136759567e+10
3.535457900467964709e+00 3.033075308669097137e+10
3.549599732069836477e+00 3.065716457830382919e+10
3.563798130998116154e+00 3.203679165536632156e+10
3.578053323522108364e+00 3.249457814232760620e+10
3.592365536816196858e+00 3.587332754762290192e+10
3.606734998963461614e+00 3.551770892957038879e+10
3.621161938959315041e+00 3.566051658630319214e+10
3.635646586715152839e+00 3.749429242416245270e+10
3.650189173062013293e+00 3.843132186950876617e+10
3.664789929754260545e+00 3.860796650306180573e+10
3.679449089473277645e+00 3.868176941656050110e+10
3.694166885831170699e+00 3.994262303415872192e+10
3.708943553374495661e+00 4.057845231936916351e+10
3.723779327587993571e+00 4.255924969911174774e+10
3.738674444898345328e+00 3.910258924089756012e+10
3.753629142677938901e+00 4.189678268667777252e+10
3.768643659248651190e+00 4.153723386619335175e+10
3.783718233885645432e+00 4.247373702967070770e+10
3.798853106821188153e+00 4.255097544760697937e+10
3.814048519248473657e+00 4.088846956185219574e+10
3.829304713325467180e+00 4.026749941182405853e+10
3.844621932178768908e+00 4.221584421384134674e+10
3.860000419907484215e+00 4.222899149854993439e+10
3.875440421587113882e+00 4.173442306250318146e+10
3.890942183273462529e+00 3.997183678462880707e+10
3.906505952006555926e+00 4.038595541464437103e+10
3.922131975814582727e+00 4.083742243229962158e+10
3.937820503717840648e+00 3.930165964872146606e+10
3.953571785732711508e+00 3.869056097692351532e+10
3.969386072875642490e+00 3.722976809065364075e+10
3.985263617167145167e+00 3.556648449429734039e+10
4.001204671635814059e+00 3.428624712219314194e+10
4.017209490322357190e+00 3.383667323829606628e+10
4.033278328283646630e+00 3.077323448991487503e+10
4.049411441596781458e+00 3.007022812011840439e+10
4.065609087363168506e+00 2.864664375850776291e+10
4.081871523712622185e+00 2.436146383889017868e+10
4.098199009807472315e+00 2.466954030949444580e+10
4.114591805846702144e+00 2.365061193010194778e+10
4.131050173070089038e+00 2.052236586277123260e+10
4.147574373762369149e+00 2.207663313747828674e+10
4.164164671257418959e+00 1.856751037244635010e+10
4.180821329942449260e+00 1.801987840428985596e+10
4.197544615262219558e+00 1.949322235626569748e+10
4.214334793723269357e+00 1.691051201035836983e+10
4.231192132898162761e+00 1.873316629059069443e+10
4.248116901429755288e+00 1.438312143619418907e+10
4.265109369035473996e+00 1.671722389259848404e+10
4.282169806511615384e+00 1.500423445652700615e+10
4.299298485737661935e+00 1.220526262000527382e+10
4.316495679680612874e+00 1.203137992218533134e+10
4.333761662399335357e+00 1.311162044655299568e+10
4.351096709048932532e+00 1.267309509688135719e+10
4.368501095885127583e+00 1.294397040622090721e+10
4.385975100268668214e+00 1.132706213121532822e+10
4.403519000669743555e+00 9.954266428548328400e+09
4.421133076672422391e+00 9.947045750671403885e+09
4.438817608979111817e+00 7.990158471534504890e+09
4.456572879415028332e+00 8.344790563134527206e+09
4.474399170932688463e+00 6.640885083179041862e+09
4.492296767616419828e+00 6.690426431032795906e+09
4.510265954686884626e+00 6.493768351475212097e+09
4.528307018505633330e+00 5.553313564400335312e+09
4.546420246579655711e+00 5.923259461483600616e+09
4.564605927565974497e+00 5.357442815755197525e+09
4.582864351276237258e+00 6.013143470366224289e+09
4.601195808681342925e+00 5.967968636824501038e+09
4.619600591916067422e+00 5.556170941905152321e+09
4.638078994283731937e+00 6.227292066123807907e+09
4.656631310260867629e+00 6.915061018994474411e+09
4.675257835501911430e+00 6.275707940115782738e+09
4.693958866843916944e+00 7.447461053501662254e+09
4.712734702311292878e+00 6.395182398349479675e+09
4.731585641120538810e+00 5.678369878350597382e+09
4.750511983685020923e+00 6.057134563998988152e+09
4.769514031619761063e+00 5.501838609812804222e+09
4.788592087746240011e+00 4.941895941104393005e+09
4.807746456097224730e+00 6.014855584400616646e+09
4.826977441921613377e+00 6.070246396236264229e+09
4.846285351689299858e+00 5.071175939269261360e+09
4.865670493096057925e+00 6.203827638974660873e+09
4.885133175068442135e+00 5.705897649297989845e+09
4.904673707768715474e+00 5.499592552269998550e+09
4.924292402599791174e+00 5.578450753740160942e+09
4.943989572210189642e+00 5.630535317587224007e+09
4.963765530499030021e+00 4.907992407134306908e+09
4.983620592621027079e+00 6.555280374059685707e+09
5.003555074991511198e+00 6.197763402330456734e+09
5.023569295291476777e+00 4.910163052904004097e+09
5.043663572472643075e+00 6.326932928195834160e+09
5.063838226762532813e+00 6.761813161222492218e+09
5.084093579669583640e+00 5.479811256892353058e+09
5.104429953988261381e+00 6.126757697727422714e+09
5.124847673804215020e+00 6.305283529681523323e+09
5.145347064499431688e+00 4.323557210584065437e+09
5.165928452757428957e+00 4.747493913854318619e+09
5.186592166568458673e+00 6.424251915680833817e+09
5.207338535234733001e+00 3.773081415272315502e+09
5.228167889375671784e+00 5.225762012799050331e+09
5.249080560933174766e+00 5.059286116750316620e+09
5.270076883176907145e+00 4.539338479882692337e+09
5.291157190709615321e+00 4.446927226672419548e+09
5.312321819472453299e+00 4.828821899526767731e+09
5.333571106750343738e+00 5.556423622021859169e+09
5.354905391177344320e+00 3.297373492099284649e+09
5.376325012742054099e+00 3.732460811947048187e+09
5.397830312793021612e+00 4.230161695017005920e+09
5.419421634044193858e+00 2.398408032395208359e+09
5.441099320580370602e+00 4.104002669364792347e+09
5.462863717862692425e+00 3.276331841986675262e+09
5.484715172734142996e+00 3.699261859047397137e+09
5.506654033425078865e+00 3.588868124387812614e+09
5.528680649558780580e+00 3.025940651728206158e+09
5.550795372157015350e+00 2.869340362747787952e+09
5.572998553645643227e+00 2.615222610132259846e+09
5.595290547860225949e+00 3.249695722834498882e+09
5.617671710051667766e+00 3.040660984792913437e+09
5.640142396891874021e+00 2.909610317799980164e+09
5.662702966479441713e+00 2.992669855174664021e+09
5.685353778345359821e+00 2.533872600592205048e+09
5.708095193458740724e+00 2.461156173154770851e+09
5.730927574232576482e+00 2.316796557804050446e+09
5.753851284529505783e+00 2.750324671983801842e+09
5.776866689667624399e+00 2.258234815467874050e+09
5.799974156426294769e+00 3.054856982987834930e+09
5.823174053051999977e+00 1.973769692209997177e+09
5.846466749264207508e+00 2.725603408579826355e+09
5.869852616261264977e+00 2.026215425627296209e+09
5.893332026726310069e+00 1.977916694966964006e+09
5.916905354833215114e+00 2.786114578900957108e+09
5.940572976252548543e+00 1.868063602570689201e+09
5.964335268157558545e+00 2.651961444305271626e+09
5.988192609230189589e+00 2.659919529101072788e+09
6.012145379667110490e+00 2.998894493372750282e+09
6.036193961185778889e+00 2.416795936353970528e+09
6.060338737030522616e+00 2.032955047488223553e+09
6.084580091978644134e+00 3.076219848304100990e+09
6.108918412346558746e+00 2.354362978349977016e+09
6.133354085995945226e+00 3.897582463004062653e+09
6.157887502339929320e+00 2.415629236091976166e+09
6.182519052349287669e+00 2.691490947589961529e+09
6.207249128558685491e+00 3.215104254443443775e+09
6.232078125072920471e+00 3.275627626723833084e+09
6.257006437573212843e+00 3.651640064062935829e+09
6.282034463323505236e+00 3.523811444420776844e+09
6.307162601176800720e+00 3.848071478503962994e+09
6.332391251581507063e+00 3.488878551154611111e+09
6.357720816587833390e+00 3.101007264731917858e+09
6.383151699854184180e+00 2.628288705412146091e+09
6.408684306653601226e+00 1.830793951998707771e+09
6.434319043880215361e+00 2.035984166265624285e+09
6.460056320055736379e+00 1.890696329410849333e+09
6.485896545335958052e+00 1.291439640204838037e+09
6.511840131517302233e+00 1.531956143597645521e+09
6.537887492043371829e+00 1.709935647382502317e+09
6.564039042011545533e+00 1.369308367148582697e+09
6.590295198179591196e+00 1.266818798183687449e+09
6.616656378972309405e+00 1.330662826533953667e+09
6.643123004488199257e+00 1.417063724093292475e+09
6.669695496506150789e+00 1.580127795438273907e+09
6.696374278492176479e+00 1.809082740707288742e+09
6.723159775606144528e+00 1.447520676580521584e+09
6.750052414708568094e+00 1.961152297836937666e+09
6.777052624367403411e+00 1.488115322855032682e+09
6.804160834864871887e+00 1.534253308364903450e+09
6.831377478204331055e+00 1.474131365220571280e+09
6.858702988117148180e+00 1.274677430008145809e+09
6.886137800069615622e+00 1.921819434745323181e+09
6.913682351269895499e+00 1.884503192691858530e+09
6.941337080674975013e+00 2.016901795858068228e+09
6.969102428997675069e+00 1.548222200432869196e+09
6.996978838713665994e+00 1.776494351454583406e+09
7.024966754068519670e+00 1.705521405621237755e+09
7.053066621084793653e+00 1.382891499264444590e+09
7.081278887569133929e+00 1.738803568524567604e+09
7.109604003119409654e+00 1.592533364354053497e+09
7.138042419131887861e+00 1.707134161043955326e+09
7.166594588808414379e+00 1.501307764693707705e+09
7.195260967163648047e+00 1.703464751168193102e+09
7.224042011032302923e+00 1.648925347435341120e+09
7.252938179076432235e+00 1.704870761465308428e+09
7.281949931792737196e+00 1.490136903027496815e+09
7.311077731519908696e+00 1.958961818158201933e+09
7.340322042445988515e+00 1.410170922404664993e+09
7.369683330615771411e+00 1.593705563514203787e+09
7.399162063938235612e+00 1.854002967900984049e+09
7.428758712193988423e+00 1.620316790629435539e+09
7.458473747042765112e+00 1.414001221866456270e+09
7.488307642030935796e+00 1.562477458663750887e+09
7.518260872599060285e+00 1.913813463908240557e+09
7.548333916089456253e+00 1.613433340088210106e+09
7.578527251753813587e+00 1.395766727386045933e+09
7.608841360760829176e+00 1.236298563827898026e+09
7.639276726203872769e+00 1.846980591389751196e+09
7.669833833108687493e+00 1.700976527225264311e+09
7.700513168441122325e+00 1.659040277933199883e+09
7.731315221114887670e+00 1.527592568895561457e+09
7.762240481999347352e+00 1.359422595481584787e+09
7.793289443927344351e+00 1.726338564982501507e+09
7.824462601703054077e+00 1.790276781280251265e+09
7.855760452109866065e+00 1.628652514931300879e+09
7.887183493918306532e+00 1.197620157032382011e+09
7.918732227893980458e+00 1.621862574501229525e+09
7.950407156805555431e+00 1.585548195911593914e+09
7.982208785432777454e+00 1.906109918447170496e+09
8.014137620574508958e+00 1.703813081780426979e+09
8.046194171056805899e+00 1.394298574739505291e+09
8.078378947741034821e+00 1.814217439639672279e+09
8.110692463531997021e+00 1.676695377260806799e+09
8.143135233386125549e+00 1.676102993808591127e+09
8.175707774319670662e+00 1.539413101735929012e+09
8.208410605416949224e+00 1.569509856035631418e+09
8.241244247838615422e+00 1.602579142171406031e+09
8.274209224829968790e+00 1.678141071825874805e+09
8.307306061729288871e+00 1.921824984881117582e+09
8.340535285976207192e+00 1.502875361208364964e+09
8.373897427120111203e+00 1.572895518614292383e+09
8.407393016828594412e+00 2.026402023247983694e+09
8.441022588895906509e+00 1.552618266988361359e+09
8.474786679251490540e+00 1.850224148441091776e+09
8.508685825968495209e+00 1.442076733343409061e+09
8.542720569272368891e+00 1.771042282196338177e+09
8.576891451549458978e+00 1.773923195472974539e+09
8.611199017355655627e+00 1.838459606621806860e+09
8.645643813425078150e+00 1.649910225379112959e+09
8.680226388678779159e+00 1.660661534114341259e+09
8.714947294233493125e+00 1.745507022627637148e+09
8.749807083410427566e+00 1.620643648391612768e+09
8.784806311744070229e+00 1.596539502328075409e+09
8.819945536991047774e+00 1.615336746547380447e+09
8.855225319139009343e+00 1.758749503569995165e+09
8.890646220415566958e+00 1.877548544684409380e+09
8.926208805297228821e+00 1.600428294632262230e+09
8.961913640518417878e+00 1.450873420221196175e+09
8.997761295080492161e+00 1.662078986764791965e+09
9.033752340260813085e+00 1.577531505455885410e+09
9.069887349621856387e+00 1.600207301357308388e+09
9.106166899020346150e+00 1.602685596597166300e+09
9.142591566616424359e+00 1.636440638188141823e+09
9.179161932882891506e+00 1.639333611623481750e+09
9.215878580614422333e+00 1.588745317622656584e+09
9.252742094936881045e+00 1.623719794975288868e+09
9.289753063316627646e+00 1.491336492497080088e+09
9.326912075569895322e+00 1.538042855887895584e+09
9.364219723872173162e+00 1.616526343446310282e+09
9.401676602767663482e+00 1.492494095338066339e+09
9.439283309178733816e+00 1.338167467160795927e+09
9.477040442415447075e+00 1.417731459594785213e+09
9.514948604185111236e+00 1.496408224566209316e+09
9.553008398601852136e+00 1.616042340797716618e+09
9.591220432196260859e+00 1.443395799956646442e+09
9.629585313925044687e+00 1.409945689084216356e+09
9.668103655180747324e+00 1.400919343119080067e+09
9.706776069801470896e+00 1.464658362264227867e+09
9.745603174080676112e+00 1.525222178532620668e+09
9.784585586776998412e+00 1.587896873423196793e+09
9.823723929124106746e+00 1.249960886175634861e+09
9.863018824840601440e+00 1.361831640924250364e+09
9.902470900139965337e+00 1.049334034106709719e+09
9.942080783740523842e+00 1.383312394924048185e+09
9.981849106875488431e+00 1.402034173825653315e+09
1.002177650330298952e+01 1.356916958204186916e+09
1.006186360931619994e+01 1.266739403372004986e+09
1.010211106375346723e+01 1.228030434713908911e+09
1.014251950800847979e+01 1.391041392541671515e+09
1.018308958604051284e+01 1.366490676865753174e+09
1.022382194438467451e+01 1.336545696033313036e+09
1.026471723216221399e+01 1.198727084814837456e+09
1.030577610109086173e+01 1.112257730710490942e+09
1.034699920549522467e+01 8.080196854858430624e+08
1.038838720231720458e+01 7.613036482966226339e+08
1.042994075112647501e+01 7.947082869295945168e+08
1.047166051413097954e+01 8.423080016400438547e+08
1.051354715618750468e+01 9.462377667533056736e+08
1.055560134481225454e+01 9.704100792149555683e+08
1.059782375019150358e+01 9.507451789711655378e+08
1.064021504519226902e+01 9.406105109762564898e+08
1.068277590537303823e+01 9.522619304958356619e+08
1.072550700899452991e+01 7.836771060633565187e+08
1.076840903703050856e+01 7.966025864437650442e+08
1.081148267317863088e+01 9.474606045172126293e+08
1.085472860387134553e+01 8.612643278572399616e+08
1.089814751828683015e+01 8.783838384389678240e+08
1.094174010835997635e+01 8.205659332819763422e+08
1.098550706879341909e+01 6.960970825830684900e+08
1.102944909706859100e+01 7.192024075908548832e+08
1.107356689345686540e+01 8.638794646614558697e+08
1.111786116103069233e+01 9.300441534148507118e+08
1.116233260567481622e+01 8.842032978063772917e+08
1.120698193609751492e+01 9.062163511245216131e+08
1.125180986384190440e+01 7.425775768277773857e+08
1.129681710329727373e+01 8.936127145753334761e+08
1.134200437171046083e+01 8.472501823748774529e+08
1.138737238919730466e+01 8.628084958952801228e+08
1.143292187875409383e+01 8.699922122629643679e+08
1.147865356626910938e+01 8.322952205027027130e+08
1.152456818053418530e+01 7.895784423767042160e+08
1.157066645325632237e+01 7.043042387747433186e+08
1.161694911906934635e+01 6.966529342032513618e+08
1.166341691554562487e+01 7.113002506380257607e+08
1.171007058320780736e+01 5.766439478475253582e+08
1.175691086554063958e+01 5.777905726806924343e+08
1.180393850900279951e+01 6.719696564558256865e+08
1.185115426303881137e+01 7.243847529947359562e+08
1.189855888009096674e+01 6.412205183208748102e+08
1.194615311561133097e+01 6.949971654173543453e+08
1.199393772807377623e+01 6.618114050195578337e+08
1.204191347898607134e+01 7.022349252065029144e+08
1.209008113290201614e+01 5.305150214274921417e+08
1.213844145743362368e+01 6.528629976938121319e+08
1.218699522326335938e+01 7.201633408213940859e+08
1.223574320415641381e+01 5.928739890307966471e+08
1.228468617697303777e+01 5.337140705382434726e+08
1.233382492168093059e+01 6.262686588346652985e+08
1.238316022136765504e+01 4.466066717786319852e+08
1.243269286225312520e+01 4.845205120301672220e+08
1.248242363370213859e+01 5.633185635813785791e+08
1.253235332823694748e+01 4.466773446836419106e+08
1.258248274154989410e+01 4.674783441961211562e+08
1.263281267251609385e+01 5.229269988559089899e+08
1.268334392320615756e+01 5.259521659949052334e+08
1.273407729889898299e+01 4.740338948953253031e+08
1.278501360809457665e+01 5.062416077883067727e+08
1.283615366252695544e+01 4.648744539090038538e+08
1.288749827717706253e+01 4.892283514910420775e+08
1.293904827028577031e+01 4.771709640564120412e+08
1.299080446336691352e+01 4.823812770690800548e+08
1.304276768122038099e+01 4.066115546474220753e+08
1.309493875194526424e+01 4.811920131547671556e+08
1.314731850695304693e+01 4.122139208865202665e+08
1.319990778098085649e+01 4.605777947455799580e+08
1.325270741210477965e+01 3.699885225107202530e+08
1.330571824175319939e+01 3.431730835218790770e+08
1.335894111472021173e+01 4.295651590739345551e+08
1.341237687917909227e+01 3.680710671711868048e+08
1.346602638669580898e+01 3.183895534839947820e+08
1.351989049224258999e+01 3.817432026565639973e+08
1.357397005421156067e+01 3.817933296782411337e+08
1.362826593442840917e+01 3.684396488650342822e+08
1.368277899816612297e+01 3.544696303336614370e+08
1.373751011415878942e+01 3.438081290432763100e+08
1.379246015461542463e+01 3.798906566175249815e+08
1.384762999523388416e+01 3.191125638782634139e+08
1.390302051521481808e+01 3.501850803417763114e+08
1.395863259727567751e+01 3.569889877554612756e+08
1.401446712766477987e+01 2.907779505105648041e+08
1.407052499617543972e+01 3.585403220971325040e+08
1.412680709616014063e+01 3.160929018304815292e+08
1.418331432454478147e+01 2.575083883381859958e+08
1.424004758184296193e+01 2.902796585751444101e+08
1.429700777217033369e+01 3.373907848685957789e+08
1.435419580325901379e+01 2.605936166544706225e+08
1.441161258647204946e+01 2.481522703201786280e+08
1.446925903681793812e+01 2.572020230753279328e+08
1.452713607296521126e+01 2.332092676981027424e+08
1.458524461725707155e+01 2.891440670113046169e+08
1.464358559572609764e+01 2.781403064576919675e+08
1.470215993810900557e+01 2.722833452855364680e+08
1.476096857786143879e+01 2.897183041189437509e+08
1.482001245217288599e+01 2.495975873832672536e+08
1.487929250198157760e+01 2.162743476049398482e+08
1.493880967198950316e+01 2.342136791808089912e+08
1.499856491067746056e+01 2.367751655170038044e+08
1.505855917032016933e+01 2.383442024676723182e+08
1.511879340700144958e+01 2.498689968346601129e+08
1.517926858062945605e+01 2.089172546477584839e+08
1.523998565495197433e+01 2.634234246342928112e+08
1.530094559757178274e+01 2.526766473833904564e+08
1.536214937996206764e+01 2.162495942150551677e+08
1.542359797748191674e+01 2.111193137744388282e+08
1.548529236939184450e+01 2.112321956715361178e+08
1.554723353886941339e+01 1.793819083052737713e+08
1.560942247302489072e+01 1.885145212058009505e+08
1.567186016291699069e+01 2.081573287029064000e+08
1.573454760356865556e+01 1.637683231237777472e+08
1.579748579398293096e+01 1.789583925112234652e+08
1.586067573715886247e+01 1.986742301783838868e+08
1.592411844010749888e+01 2.145839589785981476e+08
1.598781491386792730e+01 1.470355733048929870e+08
1.605176617352340074e+01 1.894802782815519571e+08
1.611597323821749228e+01 1.636012021308028698e+08
1.618043713117036120e+01 1.923415985086784661e+08
1.624515887969504391e+01 1.489831283982659280e+08
1.631013951521382310e+01 1.663144041494637728e+08
1.637538007327468037e+01 1.733447082855071425e+08
1.644088159356778078e+01 1.641009561428566575e+08
1.650664511994205341e+01 1.548180378232209384e+08
1.657267170042182158e+01 1.553591466246769428e+08
1.663896238722350418e+01 1.256252784657285362e+08
1.670551823677240222e+01 1.464470244775316715e+08
1.677234030971949608e+01 1.722288725941423774e+08
1.683942967095837062e+01 1.579699845026111305e+08
1.690678738964220429e+01 1.303410205218597800e+08
1.697441453920077237e+01 1.390924270137186646e+08
1.704231219735757108e+01 1.615101516711758673e+08
1.711048144614700561e+01 1.131256273957212418e+08
1.717892337193159236e+01 1.382654110025568008e+08
1.724763906541932101e+01 1.249180387713169307e+08
1.731662962168099895e+01 1.282282434604604095e+08
1.738589614016772344e+01 1.022726076545052677e+08
1.745543972472839300e+01 1.333262197050402611e+08
1.752526148362730751e+01 1.220112664456560165e+08
1.759536252956181812e+01 1.211146928785462976e+08
1.766574397968006238e+01 1.226478635891472846e+08
1.773640695559878466e+01 1.133312246078997701e+08
1.780735258342117433e+01 1.166381073794328570e+08
1.787858199375486024e+01 1.257044611823404580e+08
1.795009632172988034e+01 1.033414419437690079e+08
1.802189670701679702e+01 1.168077574968065172e+08
1.809398429384486562e+01 1.153696338291964382e+08
1.816636023102024211e+01 8.845187475122766197e+07
1.823902567194432578e+01 1.062494622647736222e+08
1.831198177463210186e+01 1.079122299706682861e+08
1.838522970173062987e+01 1.035749867852397859e+08
1.845877062053754969e+01 1.035109605919956118e+08
1.853260570301970134e+01 8.795245945285116136e+07
1.860673612583178027e+01 8.178666644550390542e+07
1.868116307033510637e+01 9.327895918226002157e+07
1.875588772261644976e+01 9.010824592418374121e+07
1.883091127350691352e+01 1.161702485024730861e+08
1.890623491860094063e+01 9.880217475956881046e+07
1.898185985827534594e+01 7.920434098449267447e+07
1.905778729770844748e+01 9.906760920807974041e+07
1.913401844689928311e+01 9.610994894227750599e+07
1.921055452068688041e+01 8.341576427975536883e+07
1.928739673876962968e+01 7.449419319735935330e+07
1.936454632572470658e+01 7.691872514185920358e+07
1.944200451102760141e+01 6.237415138388004154e+07
1.951977252907171589e+01 8.372864761978049576e+07
1.959785161918800256e+01 6.981490880163818598e+07
1.967624302566475691e+01 7.599617848301307857e+07
1.991079942767366973e+01 7.400925513366553187e+07
2.030901541622714390e+01 6.573152708928899467e+07
2.071519572455168756e+01 6.508889217194300145e+07
2.112949963904272010e+01 5.364124878477319330e+07
2.155208963182357707e+01 5.224198109925077856e+07
2.198313142446004420e+01 4.860883578524808586e+07
2.242279405294924643e+01 4.322262763821882755e+07
2.287124993400822959e+01 4.503851268991355598e+07
2.332867493268839709e+01 4.356167216356957704e+07
2.379524843134216638e+01 3.279178966062211245e+07
2.427115339996900900e+01 3.971112231724617630e+07
2.475657646796839018e+01 3.338822158607028052e+07
2.525170799732775961e+01 2.631666620092765614e+07
2.575674215727431715e+01 2.975712833455568552e+07
2.627187700041980278e+01 2.696389371506863460e+07
2.679731454042819649e+01 2.137354266479176655e+07
2.733326083123676042e+01 2.566929175103031471e+07
2.787992604786149542e+01 2.077954479183144867e+07
2.843752456881871993e+01 1.579090107573683001e+07
2.900627506019509738e+01 1.870153469753525406e+07
2.958640056139899599e+01 1.627752224049344100e+07
3.017812857262697435e+01 1.564167089197711647e+07
3.078169114407952023e+01 1.252841613294881023e+07
3.139732496696110431e+01 1.403631341462096199e+07
3.202527146630033172e+01 1.263652553565440141e+07
3.266577689562632969e+01 1.147117435085779801e+07
3.331909243353885586e+01 9.449308095079060644e+06
3.398547428220963695e+01 1.118530766445059329e+07
3.466518376785383282e+01 8.568771904728570953e+06
3.535848744321090464e+01 7.379034963448529132e+06
3.606565719207512188e+01 7.100895471252585761e+06
3.678697033591662802e+01 7.704831815725062974e+06
3.752270974263496583e+01 6.376507027796220034e+06
3.827316393748766643e+01 7.066605013052685186e+06
3.903862721623740839e+01 5.583952755623696372e+06
3.981939976056215613e+01 5.089155302932905033e+06
4.061578775577340394e+01 4.268332098809160292e+06
4.142810351088887444e+01 5.127807539089534432e+06
4.225666558110664539e+01 4.689778610818597488e+06
4.310179889272878029e+01 3.615774711212835275e+06
4.396383487058335504e+01 3.368226387619889807e+06
4.484311156799503095e+01 3.183732385222624056e+06
4.573997379935492091e+01 3.164972800213898066e+06
4.665477327534202345e+01 2.644947690029503778e+06
4.758786874084886165e+01 2.651338360400193837e+06
4.853962611566583973e+01 2.594715506624485832e+06
4.951041863797915710e+01 2.079592555256501539e+06
5.050062701073873939e+01 2.068327812145547010e+06
5.151063955095351332e+01 1.798824609973257640e+06
5.254085234197258103e+01 2.094545391732972115e+06
5.359166938881203635e+01 1.786042425781650934e+06
5.466350277658827395e+01 1.650472044289390324e+06
5.575677283212004198e+01 1.348904924020468490e+06
5.687190828876244098e+01 1.274209159723366145e+06
5.800934645453768468e+01 1.239647015418329509e+06
5.916953338362844050e+01 1.171690085781455040e+06
6.035292405130100946e+01 1.071474376207397552e+06
6.155998253232701956e+01 1.120138032889812253e+06
6.279118218297357146e+01 8.819830594107838115e+05
6.404700582663303976e+01 7.942056756721360143e+05
6.532794594316570169e+01 7.270417750480341492e+05
6.663450486202900436e+01 6.510500548961018212e+05
6.796719495926959098e+01 7.444900392235192703e+05
6.932653885845499531e+01 7.162920327512356453e+05
7.071306963562409464e+01 5.721354178435922367e+05
7.212733102833657028e+01 4.950249116446279804e+05
7.356987764890331505e+01 5.083920809698309167e+05
7.504127520188137623e+01 4.282979552918957197e+05
7.654210070591901172e+01 4.443174429930386250e+05
7.807294272003738911e+01 3.889968515778910369e+05
7.963440157443814371e+01 3.769248498767010169e+05
8.122708960592690630e+01 3.184004572636786033e+05
8.285163139804545551e+01 2.930982396323928260e+05
8.450866402600635752e+01 2.922208915572562255e+05
8.619883730652648524e+01 2.959598966276525753e+05
8.792281405265701721e+01 3.274725968349708710e+05
8.968127033371015955e+01 2.475989668788329582e+05
9.147489574038435478e+01 2.351770178681192629e+05
9.330439365519204387e+01 1.978489943976011709e+05
9.517048152829590890e+01 1.675008954897232761e+05
9.707389115886181230e+01 1.954797077793255448e+05
9.901536898203904968e+01 1.433020345914866775e+05
