# Wavelength [um]       Fp [W/m2/m]  
1.000553076518779783e-01 1.297582555566893348e+02
1.004555288824854897e-01 8.472625298835875979e-18
1.008573509980154326e-01 2.515632154841408881e-17
1.012607804020075053e-01 3.254421328364249847e-17
1.016658235236155422e-01 1.762446407490738382e-17
1.020724868177099870e-01 1.596490173866377378e-14
1.024807767649808382e-01 1.467713817372050551e-15
1.028906998720407612e-01 1.236778134289708056e-16
1.033022626715289355e-01 1.202408230919736692e-13
1.037154717222150413e-01 9.057316488795549236e-17
1.041303336091038839e-01 3.966100909360404920e-16
1.045468549435403099e-01 1.549668141177236786e-15
1.049650423633144702e-01 6.529213942650060551e-17
1.053849025327677214e-01 8.709005149294748069e-15
1.058064421428987906e-01 3.919496361350609992e-16
1.062296679114703990e-01 1.810315597335909402e-14
1.066545865831162732e-01 6.552871652237069919e-15
1.070812049294487533e-01 3.841020032890347148e-15
1.075095297491665408e-01 7.110583136073841441e-13
1.079395678681632220e-01 5.907069785436150149e-15
1.083713261396358624e-01 4.268531418081396837e-13
1.088048114441943909e-01 1.118628565997661053e-13
1.092400306899711654e-01 2.114004237354692952e-10
1.096769908127310511e-01 2.346449626223690476e-13
1.101156987759819850e-01 2.462748884675702008e-13
1.105561615710859147e-01 1.936701620253843813e-10
1.109983862173702651e-01 3.891117568133059309e-11
1.114423797622397516e-01 2.475388292786709848e-12
1.118881492812886930e-01 4.800948993698727808e-13
1.123357018784138517e-01 2.214540631695712756e-12
1.127850446859275102e-01 3.314139188786917095e-09
1.132361848646712132e-01 1.690289508864537084e-09
1.136891296041298988e-01 1.930247117702516210e-09
1.141438861225464035e-01 2.377012900736240312e-09
1.146004616670366072e-01 2.939255111443593097e-09
1.150588635137047705e-01 2.729255975682084553e-09
1.155190989677595953e-01 2.108782866292738204e-09
1.159811753636306314e-01 3.699261285214442169e-09
1.164451000650851553e-01 7.456116622600381979e-10
1.169108804653455069e-01 8.338046386550926729e-10
1.173785239872068981e-01 3.859180306479869873e-10
1.178480380831557206e-01 1.475063245174007370e-10
1.183194302354883543e-01 5.199778927083337790e-10
1.187927079564302935e-01 2.539345664644273159e-11
1.192678787882560099e-01 3.212932554650337490e-11
1.197449503034090645e-01 2.448604641688954156e-11
1.202239301046226783e-01 5.122833738674506431e-12
1.207048258250411760e-01 8.427013321160562464e-11
1.211876451283413342e-01 5.647081611852747819e-11
1.216723957088547137e-01 1.280648476825748493e-12
1.221590852916901310e-01 6.855531198290304448e-11
1.226477216328568792e-01 5.833852898487468161e-10
1.231383125193883099e-01 5.907020341025363597e-12
1.236308657694658586e-01 3.977058201231264350e-11
1.241253892325437369e-01 2.857911087723026420e-11
1.246218907894739159e-01 1.575916996895987120e-11
1.251203783526317892e-01 1.818673228085571125e-10
1.256208598660423226e-01 8.369144925838290299e-10
1.261233433055065078e-01 4.133108883301559980e-10
1.266278366787285392e-01 1.177779720420916202e-11
1.271343480254434610e-01 2.557943317551540695e-09
1.276428854175452321e-01 9.040098549045273711e-10
1.281534569592154005e-01 2.307847780261988090e-10
1.286660707870522780e-01 1.470086472715259475e-09
1.291807350702004475e-01 3.190271245203674666e-09
1.296974580104812425e-01 4.270301002511952654e-09
1.302162478425231973e-01 7.125972976276927636e-12
1.307371128338932764e-01 1.067710635192025081e-09
1.312600612852288795e-01 2.269979124513106791e-08
1.317851015303697915e-01 5.905617573633697160e-10
1.323122419364912705e-01 6.661834148668224758e-09
1.328414909042372472e-01 1.798576178533559310e-08
1.333728568678542170e-01 7.502553727544602631e-09
1.339063482953256612e-01 1.585084731827254328e-10
1.344419736885069383e-01 1.075277381591536304e-08
1.349797415832609815e-01 2.026399023928604539e-08
1.355196605495940232e-01 1.392221636751166917e-08
1.360617391917924301e-01 2.492656043652694023e-08
1.366059861485595939e-01 7.242328579554134382e-09
1.371524100931538481e-01 1.396284121168083468e-10
1.377010197335264696e-01 2.100858863137903460e-09
1.382518238124605670e-01 3.046953870720598628e-07
1.388048311077104136e-01 5.499989693655023736e-08
1.393600504321412248e-01 2.934828251423107735e-09
1.399174906338697677e-01 1.571994620459589170e-09
1.404771605964052761e-01 1.853994900191779728e-07
1.410390692387908651e-01 2.185242576421402874e-08
1.416032255157460562e-01 5.145402780414578188e-07
1.421696384178090522e-01 1.042765577415626859e-10
1.427383169714803168e-01 1.195294766211485210e-07
1.433092702393662099e-01 1.004878924780719772e-05
1.438825073203236771e-01 4.095592312462180111e-07
1.444580373496049674e-01 5.491460757150326021e-06
1.450358694990033503e-01 3.700090286736464515e-07
1.456160129769993872e-01 1.150131948774637024e-05
1.461984770289073976e-01 3.609820621955318540e-05
1.467832709370230082e-01 1.578266755798647664e-06
1.473704040207710897e-01 1.689986411757062485e-05
1.479598856368541382e-01 8.232342079557475959e-08
1.485517251794015725e-01 3.691739641158856652e-06
1.491459320801191979e-01 1.009816643378046954e-05
1.497425158084396690e-01 1.728853629095218052e-06
1.503414858716734248e-01 4.181717603629261508e-05
1.509428518151600951e-01 4.934011276647129292e-06
1.515466232224207677e-01 5.427016879613318784e-07
1.521528097153104220e-01 7.358775333714151212e-06
1.527614209541716672e-01 8.926003661785796285e-07
1.533724666379883694e-01 1.361345139435699924e-06
1.539859565045403056e-01 1.548776985010052955e-06
1.546019003305584838e-01 1.723089779497730415e-08
1.552203079318807133e-01 7.319206263031765967e-07
1.558411891636082569e-01 7.502083519971327370e-07
1.564645539202626778e-01 6.237238019598049021e-07
1.570904121359437411e-01 1.417401476136545768e-06
1.577187737844875093e-01 7.620845675099014485e-07
1.583496488796254653e-01 2.025328313976977132e-06
1.589830474751439959e-01 4.032224537221616514e-06
1.596189796650445414e-01 1.973399793161658798e-06
1.602574555837047166e-01 2.913719596262698889e-06
1.608984854060395708e-01 5.041219071880121811e-06
1.615420793476636807e-01 3.510563197896279986e-06
1.621882476650543525e-01 7.972756722457862447e-06
1.628370006557145755e-01 6.812975472253597214e-06
1.634883486583374457e-01 1.012872881321197542e-05
1.641423020529707844e-01 1.879074191602494803e-05
1.647988712611826723e-01 1.275935691969076413e-05
1.654580667462274002e-01 8.628228457827516492e-06
1.661198990132123077e-01 2.530990602251814334e-05
1.667843786092651215e-01 2.202117887742939710e-05
1.674515161237022098e-01 3.978838534231113940e-05
1.681213221881969755e-01 7.215496289134990643e-05
1.687938074769497754e-01 7.989425515760041586e-05
1.694689827068575905e-01 1.562897173936791235e-04
1.701468586376850278e-01 1.483885022055975590e-04
1.708274460722357391e-01 1.345727248634112497e-04
1.715107558565246715e-01 1.716383810949735297e-04
1.721967988799507909e-01 1.927402418671209778e-04
1.728855860754705820e-01 2.356017010430103413e-04
1.735771284197724640e-01 3.211727907086192341e-04
1.742714369334515678e-01 3.669011820410839108e-04
1.749685226811853456e-01 6.050655951261496492e-04
1.756683967719100681e-01 7.269378166400629554e-04
1.763710703589977391e-01 1.190980738462749837e-03
1.770765546404337309e-01 1.117299693158705547e-03
1.777848608589954471e-01 9.359398494740535975e-04
1.784960003024314568e-01 1.644353738319994209e-03
1.792099843036411844e-01 1.617256693269449952e-03
1.799268242408557650e-01 2.267762642191771538e-03
1.806465315378191772e-01 3.394304024014658649e-03
1.813691176639704306e-01 2.943919369089340824e-03
1.820945941346263086e-01 4.537650065223784550e-03
1.828229725111648329e-01 6.924014614251435343e-03
1.835542644012094771e-01 4.557816651848106866e-03
1.842884814588143239e-01 7.242035965267961013e-03
1.850256353846495561e-01 1.148811902764182262e-02
1.857657379261881403e-01 8.811660427912948804e-03
1.865088008778928996e-01 1.548000040352401872e-02
1.872548360814044743e-01 1.598004156640847259e-02
1.880038554257300876e-01 1.560678284051953378e-02
1.887558708474330049e-01 2.596219347101761526e-02
1.895108943308226879e-01 2.537852847475903853e-02
1.902689379081460019e-01 2.663825463310688299e-02
1.910300136597785636e-01 4.648307252332112977e-02
1.917941337144176972e-01 4.155936697175579425e-02
1.925613102492753359e-01 5.032508851192615124e-02
1.933315554902724498e-01 7.641356949275952826e-02
1.941048817122335568e-01 7.573337176287116279e-02
1.948813012390824828e-01 8.397057348783767972e-02
1.956608264440388156e-01 1.343178538998545113e-01
1.964434697498149418e-01 1.114647878205783232e-01
1.972292436288141937e-01 1.423027112508328251e-01
1.980181606033294406e-01 1.968038196947478058e-01
1.988102332457427346e-01 1.925893632484494411e-01
1.996054741787257336e-01 2.087464678290638920e-01
2.004038960754406518e-01 2.571748753922123432e-01
2.012055116597424309e-01 2.924654209466307497e-01
2.020103337063813842e-01 3.357276034353089966e-01
2.028183750412069219e-01 4.030918554620452343e-01
2.036296485413717494e-01 4.229736910512398862e-01
2.044441671355372303e-01 4.666922785921072681e-01
2.052619438040793887e-01 5.682517685577874733e-01
2.060829915792957157e-01 6.318063477374639136e-01
2.069073235456129201e-01 7.154670062419205001e-01
2.077349528397953449e-01 8.223957953331708648e-01
2.085658926511545219e-01 9.645146981014939280e-01
2.094001562217591150e-01 1.097409512376233964e+00
2.102377568466461677e-01 1.250352984802195255e+00
2.110787078740327671e-01 1.389914996947294146e+00
2.119230227055288740e-01 1.631699981330082760e+00
2.127707147963510126e-01 1.880574779487644399e+00
2.136217976555363773e-01 2.175998026010816488e+00
2.144762848461585492e-01 2.384711959402299630e+00
2.153341899855431840e-01 2.823341045416714046e+00
2.161955267454853669e-01 3.298775641805391068e+00
2.170603088524672986e-01 3.803244134734363957e+00
2.179285500878772042e-01 4.204241415518723102e+00
2.188002642882286852e-01 4.831172038499433441e+00
2.196754653453815986e-01 5.730801086742896899e+00
2.205541672067631020e-01 6.425776192137202081e+00
2.214363838755901703e-01 7.841915852225254113e+00
2.223221294110925284e-01 8.303428300599719591e+00
2.232114179287369160e-01 1.083214783665007452e+01
2.241042636004518529e-01 1.134190290130555212e+01
2.250006806548536520e-01 1.491388443237027950e+01
2.259006833774730438e-01 1.505481514398693221e+01
2.268042861109829667e-01 1.805605616429796356e+01
2.277115032554268836e-01 2.091752864251190758e+01
2.286223492684485714e-01 2.367266966474211642e+01
2.295368386655223802e-01 3.208950466352876418e+01
2.304549860201844658e-01 2.807015163492674148e+01
2.313768059642651864e-01 3.750782656951305682e+01
2.323023131881222503e-01 4.072306209755330997e+01
2.332315224408747223e-01 5.135332336176797696e+01
2.341644485306381973e-01 5.962038287167588635e+01
2.351011063247607502e-01 5.403311993036884786e+01
2.360415107500598020e-01 7.585242559321171996e+01
2.369856767930600405e-01 6.871705198396912806e+01
2.379336195002322851e-01 9.730402506850512623e+01
2.388853539782332114e-01 1.009649949782787672e+02
2.398408953941461863e-01 1.579838217232027660e+02
2.408002589757227141e-01 1.798221959868213844e+02
2.417634600116256582e-01 1.398514648431051057e+02
2.427305138516721306e-01 2.478289165374862932e+02
2.437014359070788505e-01 2.365421847419762571e+02
2.446762416507071713e-01 4.647462193510717157e+02
2.456549466173099938e-01 3.141961062008987824e+02
2.466375664037792625e-01 4.412765787012526744e+02
2.476241166693943785e-01 6.072716544049916365e+02
2.486146131360719436e-01 3.370422507477355225e+02
2.496090715886161993e-01 6.229744411290912467e+02
2.506075078749706586e-01 5.260435349721443572e+02
2.516099379064705155e-01 7.491993596963366144e+02
2.526163776580964138e-01 2.042242332911767335e+03
2.536268431687287994e-01 3.432741996959282915e+03
2.546413505414037437e-01 5.182043417369489362e+03
2.556599159435693491e-01 1.872669499971374535e+03
2.566825556073435988e-01 1.743167065555565159e+03
2.577092858297729827e-01 1.982622683026951336e+03
2.587401229730920682e-01 1.713199001315370424e+03
2.597750834649844576e-01 2.723893665569440145e+03
2.608141837988444123e-01 2.521032571789753092e+03
2.618574405340398092e-01 6.440970309224134326e+03
2.629048702961759298e-01 1.349839383879371235e+04
2.639564897773606367e-01 1.366977258676845122e+04
2.650123157364701054e-01 1.328349008368722571e+04
2.660723649994159445e-01 1.031583124755989775e+04
2.671366544594135917e-01 1.262427812857595745e+04
2.682052010772512096e-01 1.540541312708926671e+04
2.692780218815602478e-01 1.132459464200810180e+04
2.703551339690865030e-01 2.233893768213042131e+04
2.714365545049627904e-01 1.916428736398457113e+04
2.725223007229827243e-01 2.048674696355750712e+04
2.736123899258746106e-01 2.628350134507919211e+04
2.747068394855781692e-01 4.099499301407318126e+04
2.758056668435204806e-01 4.622514685039880715e+04
2.769088895108945403e-01 8.773125426936578879e+04
2.780165250689380918e-01 7.578516290393089002e+04
2.791285911692138466e-01 1.036332265066233958e+05
2.802451055338907038e-01 9.714639269458346826e+04
2.813660859560263017e-01 9.805210378159384709e+04
2.824915502998503469e-01 9.492246715925955505e+04
2.836215165010497197e-01 1.322758175476206234e+05
2.847560025670539119e-01 1.335297824585674680e+05
2.858950265773221866e-01 2.227335947251034377e+05
2.870386066836315142e-01 2.201142459767971595e+05
2.881867611103660631e-01 3.341677155282583553e+05
2.893395081548075787e-01 4.098291604348906549e+05
2.904968661874267610e-01 4.285142407289977418e+05
2.916588536521764197e-01 4.850833943306574947e+05
2.928254890667851273e-01 4.933239611045973143e+05
2.939967910230522619e-01 5.574602280324362218e+05
2.951727781871444911e-01 6.530475747419730760e+05
2.963534692998930908e-01 7.748730553938603261e+05
2.975388831770926501e-01 8.929637668571595568e+05
2.987290387098009981e-01 1.199705062908290653e+06
2.999239548646402409e-01 1.174898570241481066e+06
3.011236506840988536e-01 1.657131986595265334e+06
3.023281452868351593e-01 1.538246462542185094e+06
3.035374578679824742e-01 1.834416771420379169e+06
3.047516076994544187e-01 2.077856749529080698e+06
3.059706141302522830e-01 2.426563343831839506e+06
3.071944965867733357e-01 2.654540075476693455e+06
3.084232745731204095e-01 3.174789858328864910e+06
3.096569676714128194e-01 2.893686916393700056e+06
3.108955955420985018e-01 3.372776629306325223e+06
3.121391779242668751e-01 4.423603486941104755e+06
3.133877346359639215e-01 4.960264447768205777e+06
3.146412855745078230e-01 5.671187007190410979e+06
3.158998507168058190e-01 6.016456204607881606e+06
3.171634501196730627e-01 6.883854179179465398e+06
3.184321039201517545e-01 6.905143872376846150e+06
3.197058323358323295e-01 7.228582864713560790e+06
3.209846556651756444e-01 7.360501795823149383e+06
3.222685942878363852e-01 5.558940107921972871e+06
3.235576686649877520e-01 8.587471095640797168e+06
3.248518993396476984e-01 8.973567518525144085e+06
3.261513069370062801e-01 7.943183326590361074e+06
3.274559121647543369e-01 5.536185599940544926e+06
3.287657358134133401e-01 1.366496525958808605e+06
3.300807987566670154e-01 6.485116383131037765e+03
3.314011219516936890e-01 3.981179709109694231e+05
3.327267264395004642e-01 4.948293984256770462e+06
3.340576333452584534e-01 1.135854551675707661e+07
3.353938638786395088e-01 1.621807869638546742e+07
3.367354393341540630e-01 1.994796044275210053e+07
3.380823810914907468e-01 2.299841090365835279e+07
3.394347106158566718e-01 2.523094341290498152e+07
3.407924494583201014e-01 2.675997507599381357e+07
3.421556192561533982e-01 2.727608333217198029e+07
3.435242417331779707e-01 2.419983876901203021e+07
3.448983387001106626e-01 1.070743604588666558e+07
3.462779320549111417e-01 2.990777790721357241e+07
3.476630437831307319e-01 3.338147126678318530e+07
3.490536959582632992e-01 3.617921634106629342e+07
3.504499107420963600e-01 4.303365770459088683e+07
3.518517103850647421e-01 4.565767347012059391e+07
3.532591172266050239e-01 5.209450919454611093e+07
3.546721536955114717e-01 6.044630325516052544e+07
3.560908423102934761e-01 5.550819406688915938e+07
3.575152056795346533e-01 5.595577305538488179e+07
3.589452665022527800e-01 6.476108272480479628e+07
3.603810475682617254e-01 7.267559499891491234e+07
3.618225717585348278e-01 7.395459128386129439e+07
3.632698620455689364e-01 7.938780161506153643e+07
3.647229414937512293e-01 8.385186549460262060e+07
3.661818332597261971e-01 9.587552696476531029e+07
3.676465605927651259e-01 8.897716874497568607e+07
3.691171468351361895e-01 9.479559693586626649e+07
3.705936154224767076e-01 9.587764859251235425e+07
3.720759898841666247e-01 1.003247530033442974e+08
3.735642938437032656e-01 1.065902148904356956e+08
3.750585510190780902e-01 1.138346022016214430e+08
3.765587852231543908e-01 1.258595046902150959e+08
3.780650203640470441e-01 1.448222244186859131e+08
3.795772804455032068e-01 1.468461706095036566e+08
3.810955895672852312e-01 1.569966843402741849e+08
3.826199719255543585e-01 1.540350592748919427e+08
3.841504518132565771e-01 1.679295292353050113e+08
3.856870536205096456e-01 1.709780235256493390e+08
3.872298018349916715e-01 1.832754251270902157e+08
3.887787210423316320e-01 1.927144510094079375e+08
3.903338359265008939e-01 2.066208498225077689e+08
3.918951712702069545e-01 2.205926727315431535e+08
3.934627519552877928e-01 2.405250163853960931e+08
3.950366029631089404e-01 3.047751435198690891e+08
3.966167493749613859e-01 3.329343532795326710e+08
3.982032163724612550e-01 3.766994039742515087e+08
3.997960292379510450e-01 3.929848606456961036e+08
4.013952133549028578e-01 4.087709910283519626e+08
4.030007942083224659e-01 3.254407541747812629e+08
4.046127973851557647e-01 3.433721756046823412e+07
4.062312485746963908e-01 3.390729816842009425e+08
4.078561735689951728e-01 5.082394582784935236e+08
4.094875982632711353e-01 5.840412519861500263e+08
4.111255486563242245e-01 6.434989585093858242e+08
4.127700508509495880e-01 6.503464168266190290e+08
4.144211310543532978e-01 6.718450474696767330e+08
4.160788155785707931e-01 7.780351334615162611e+08
4.177431308408850463e-01 7.781738805510764122e+08
4.194141033642486138e-01 8.202855799063868523e+08
4.210917597777056320e-01 7.430819849480522871e+08
4.227761268168164221e-01 8.575306743921445608e+08
4.244672313240837602e-01 9.752553022775586843e+08
4.261651002493800910e-01 1.001291513123873234e+09
4.278697606503775730e-01 1.039560597326041341e+09
4.295812396929790666e-01 1.082158543702838182e+09
4.312995646517510107e-01 1.140464959926789522e+09
4.330247629103580187e-01 1.189295385747081041e+09
4.347568619619994745e-01 1.356961213774225235e+09
4.364958894098474596e-01 1.337048190027885914e+09
4.382418729674867897e-01 1.096159023410479546e+09
4.399948404593567730e-01 1.420797925688268185e+09
4.417548198211941890e-01 1.462924571490938425e+09
4.435218391004789873e-01 1.502600224808279991e+09
4.452959264568808750e-01 1.673005977277820826e+09
4.470771101627084021e-01 1.705692451742222309e+09
4.488654186033592119e-01 1.723408920730666399e+09
4.506608802777726241e-01 2.109718704206134319e+09
4.524635237988837710e-01 2.156025209983040810e+09
4.542733778940792333e-01 2.342325061048265457e+09
4.560904714056555065e-01 2.248722953329979897e+09
4.579148332912781894e-01 2.300013358287627697e+09
4.597464926244433370e-01 2.630399202913787365e+09
4.615854785949410899e-01 2.807200360814963341e+09
4.634318205093208576e-01 2.860421037419398308e+09
4.652855477913582227e-01 2.963074662229355812e+09
4.671466899825236219e-01 3.066002989858842373e+09
4.690152767424536906e-01 3.096645225129617214e+09
4.708913378494234969e-01 3.297090220337996006e+09
4.727749032008212171e-01 3.260070990197152138e+09
4.746660028136244769e-01 3.358841026072950363e+09
4.765646668248789131e-01 3.269050749917013168e+09
4.784709254921784560e-01 2.468221747847358227e+09
4.803848091941470555e-01 2.533448587611471653e+09
4.823063484309236815e-01 2.245528644024039268e+09
4.842355738246474361e-01 2.357795127659172535e+09
4.861725161199459966e-01 2.353612971804798126e+09
4.881172061844257226e-01 2.200707064408164978e+09
4.900696750091634302e-01 2.078381511649534702e+09
4.920299537092001074e-01 1.856567301715543270e+09
4.939980735240369625e-01 1.640024286378779411e+09
4.959740658181330253e-01 1.336622040061303854e+09
4.979579620814056362e-01 1.007736301628883243e+09
4.999497939297311566e-01 7.213340487655624151e+08
5.019495931054501758e-01 4.496729032514247298e+08
5.039573914778719965e-01 3.312219861544664502e+08
5.059732210437835054e-01 2.708169951113224626e+08
5.079971139279585435e-01 2.569560831275245845e+08
5.100291023836703852e-01 2.541741116852001548e+08
5.120692187932051054e-01 2.435731311839281917e+08
5.141174956683780550e-01 2.301472455897059739e+08
5.161739656510514473e-01 2.197110161724630892e+08
5.182386615136556074e-01 2.110406888106080294e+08
5.203116161597103329e-01 1.970141647220524848e+08
5.223928626243490303e-01 1.788558228144622147e+08
5.244824340748465152e-01 1.612436800840435028e+08
5.265803638111459239e-01 1.482710964884225726e+08
5.286866852663905103e-01 1.327089506192492247e+08
5.308014320074561088e-01 1.208575434956437349e+08
5.329246377354859288e-01 1.093065414656083733e+08
5.350563362864277916e-01 9.788383819253569841e+07
5.371965616315735881e-01 8.868547808871346712e+07
5.393453478780998456e-01 8.013687835604046285e+07
5.415027292696121819e-01 7.136726390002256632e+07
5.436687401866906466e-01 6.426323761764481664e+07
5.458434151474373941e-01 5.744680600068496913e+07
5.480267888080271321e-01 5.043458726400627941e+07
5.502188959632591247e-01 4.482170829095435143e+07
5.524197715471121928e-01 3.952072043729604781e+07
5.546294506333006025e-01 3.434695026035775244e+07
5.568479684358338400e-01 2.981161161684839427e+07
5.590753603095770519e-01 2.580064246095446870e+07
5.613116617508153716e-01 2.182495566581219435e+07
5.635569083978186899e-01 1.857781428921061009e+07
5.658111360314097560e-01 1.533393575612988323e+07
5.680743805755354980e-01 1.256918159613307565e+07
5.703466780978375672e-01 1.013961494366049767e+07
5.726280648102289872e-01 8.031116401721877046e+06
5.749185770694699160e-01 6.166044853437263519e+06
5.772182513777477375e-01 4.586365950147325173e+06
5.795271243832587071e-01 3.321347765354543924e+06
5.818452328807918184e-01 2.387376476572281215e+06
5.841726138123150003e-01 1.744253259385860758e+06
5.865093042675643131e-01 9.476042554136833642e+05
5.888553414846344758e-01 3.451454901481841225e+05
5.912107628505729462e-01 6.465856153961153468e+05
5.935756059019753339e-01 1.827553797521182569e+06
5.959499083255832552e-01 3.420726144236419350e+06
5.983337079588855190e-01 5.919432646164498292e+06
6.007270427907210886e-01 1.016161903259928338e+07
6.031299509618840426e-01 1.712333387715899944e+07
6.055424707657315331e-01 2.704977183635113016e+07
6.079646406487945187e-01 4.083985585808576643e+07
6.103964992113897203e-01 6.025316052908353508e+07
6.128380852082353503e-01 8.683494278765687346e+07
6.152894375490681744e-01 1.223646317649296522e+08
6.177505952992645710e-01 1.681145431406047642e+08
6.202215976804615893e-01 2.257952192737987638e+08
6.227024840711834486e-01 2.985525772182425857e+08
6.251932940074681477e-01 3.902356610884076953e+08
6.276940671834980723e-01 5.039087464910846949e+08
6.302048434522321552e-01 6.465018190834488869e+08
6.327256628260409244e-01 8.193819809183179140e+08
6.352565654773452142e-01 1.024037581848846674e+09
6.377975917392545435e-01 1.267140315867453814e+09
6.403487821062116003e-01 1.551488320385421038e+09
6.429101772346363930e-01 1.882220029728266954e+09
6.454818179435749537e-01 2.267483042625675678e+09
6.480637452153492628e-01 2.696545121102560520e+09
6.506560001962106154e-01 3.206504171941252708e+09
6.532586241969955410e-01 3.791591209875628948e+09
6.558716586937833881e-01 4.466785587312475204e+09
6.584951453285585732e-01 5.244200750733112335e+09
6.611291259098727169e-01 6.119934662109871864e+09
6.637736424135122215e-01 7.111870577988306999e+09
6.664287369831662922e-01 8.206267050744249344e+09
6.690944519310989547e-01 9.392529508468214035e+09
6.717708297388232941e-01 1.066901797636023140e+10
6.744579130577786907e-01 1.204199161225804520e+10
6.771557447100098326e-01 1.337488996274079704e+10
6.798643676888498355e-01 1.460640460010332870e+10
6.825838251596052508e-01 1.552004954814295197e+10
6.853141604602436265e-01 1.604223697056355476e+10
6.880554171020846210e-01 1.599971804426873398e+10
6.908076387704928933e-01 1.514753610873913956e+10
6.935708693255748791e-01 1.427320376209950829e+10
6.963451528028771209e-01 1.417356180764159203e+10
6.991305334140887062e-01 1.400621627021342659e+10
7.019270555477450380e-01 1.445756224738121986e+10
7.047347637699360456e-01 1.508188652363939857e+10
7.075537028250157290e-01 1.590349718425462151e+10
7.103839176363159202e-01 1.663360075212858200e+10
7.132254533068611568e-01 1.734527101159191132e+10
7.160783551200886610e-01 1.750748951425995255e+10
7.189426685405689854e-01 1.787256829907697296e+10
7.218184392147313222e-01 1.811267196697043610e+10
7.247057129715901436e-01 1.763396866835898209e+10
7.276045358234763949e-01 1.719729536927435303e+10
7.305149539667704639e-01 1.615766257037049103e+10
7.334370137826373703e-01 1.527504268188076210e+10
7.363707618377679509e-01 1.389699852156102180e+10
7.393162448851190449e-01 1.277552132460800362e+10
7.422735098646596752e-01 1.162924215258935928e+10
7.452426039041182282e-01 1.052310182331724167e+10
7.482235743197346300e-01 9.494482283901956558e+09
7.512164686170136330e-01 8.311621094770019531e+09
7.542213344914817652e-01 7.279819953210484505e+09
7.572382198294477229e-01 6.140103807728581429e+09
7.602671727087656484e-01 4.537433868530818939e+09
7.633082413996006288e-01 1.975168249003709316e+09
7.663614743651989691e-01 1.752105438053159714e+08
7.694269202626597970e-01 2.416618665570913553e+08
7.725046279437104424e-01 1.348971708854365826e+09
7.755946464554852593e-01 3.477982742764403343e+09
7.786970250413072225e-01 6.282811511900310516e+09
7.818118131414724115e-01 9.091659758819780350e+09
7.849390603940383793e-01 1.185390048909895706e+10
7.880788166356144098e-01 1.474362605300978279e+10
7.912311319021569922e-01 1.781722625653218842e+10
7.943960564297655180e-01 2.129760487413309097e+10
7.975736406554845281e-01 2.451215549434711456e+10
8.007639352181065151e-01 2.832503333765708160e+10
8.039669909589789443e-01 3.316870769586032486e+10
8.071828589228148276e-01 3.777838935302914429e+10
8.104115903585061842e-01 4.192901496267819214e+10
8.136532367199402760e-01 4.629683972798157501e+10
8.169078496668199518e-01 5.007631133627876282e+10
8.201754810654874328e-01 4.710061911850167084e+10
8.234561829897493190e-01 6.200970853577158356e+10
8.267500077217083687e-01 6.978390296701023865e+10
8.300570077525952772e-01 7.429559777631039429e+10
8.333772357836056743e-01 8.025548294400805664e+10
8.367107447267401188e-01 8.461683530416050720e+10
8.400575877056470908e-01 8.979767581681150818e+10
8.434178180564695371e-01 9.541201108901310730e+10
8.467914893286955236e-01 1.003955511592463531e+11
8.501786552860102208e-01 1.058441344442658691e+11
8.535793699071543283e-01 1.116254741163811188e+11
8.569936873867830540e-01 1.153112492908929749e+11
8.604216621363300899e-01 1.068260568648683777e+11
8.638633487848753623e-01 7.294034286098771667e+10
8.673188021800150027e-01 9.011528543143049622e+10
8.707880773887352044e-01 8.227641725305554199e+10
8.742712296982900755e-01 8.819266177288446045e+10
8.777683146170831563e-01 9.620895697248815918e+10
8.812793878755513788e-01 1.054350605334759216e+11
8.848045054270535781e-01 1.192829624405168762e+11
8.883437234487617795e-01 1.229022754529734039e+11
8.918970983425568155e-01 1.276358983912317505e+11
8.954646867359271623e-01 1.311993363971377563e+11
8.990465454828707736e-01 1.389166880118077698e+11
9.026427316648023558e-01 1.453148710798217773e+11
9.062533025914615292e-01 1.478049314527322388e+11
9.098783158018273198e-01 1.568374541451221619e+11
9.135178290650346478e-01 1.589024291163450317e+11
9.171719003812948134e-01 1.593615512515730591e+11
9.208405879828199803e-01 1.733009360272994080e+11
9.245239503347512100e-01 1.688854259669241333e+11
9.282220461360901620e-01 1.056251421094254303e+11
9.319349343206346781e-01 1.138111516028518982e+11
9.356626740579171431e-01 1.204984329458265381e+11
9.394053247541488405e-01 1.354516271573348389e+11
9.431629460531654185e-01 1.399541025553895264e+11
9.469355978373780180e-01 1.457992325503516235e+11
9.507233402287275092e-01 1.424620445193857117e+11
9.545262335896426142e-01 1.521324242521560059e+11
9.583443385240012491e-01 1.382600662188991699e+11
9.621777158780971950e-01 1.437948182844794617e+11
9.660264267416096562e-01 1.489228531678122864e+11
9.698905324485760371e-01 1.548315060838700867e+11
9.737700945783701600e-01 1.524728419831396484e+11
9.776651749566835914e-01 1.594808244272698364e+11
9.815758356565105203e-01 1.664221839020489197e+11
9.855021389991363012e-01 1.732861933309831848e+11
9.894441475551331022e-01 1.771750328774822693e+11
9.934019241453534432e-01 1.582009592172034607e+11
9.973755318419349480e-01 1.592061446243452148e+11
1.001365033969302543e+00 1.411018155371515503e+11
1.005370494105179757e+00 1.532452663523625793e+11
1.009391976081600362e+00 1.632944718721822815e+11
1.013429543985926884e+00 1.784365933058069153e+11
1.017483262161870350e+00 1.923665006480568848e+11
1.021553195210518128e+00 2.007618224762734680e+11
1.025639407991360219e+00 2.086173661992015076e+11
1.029741965623325539e+00 2.148365893662870789e+11
1.033860933485818867e+00 2.216045793209005737e+11
1.037996377219762012e+00 2.378664160831390686e+11
1.042148362728641198e+00 2.430794877671203613e+11
1.046316956179555557e+00 2.538342174303331604e+11
1.050502224004274066e+00 2.534378469392813110e+11
1.054704232900291139e+00 2.630041070322074890e+11
1.058923049831892227e+00 2.622333161553514404e+11
1.063158742031219628e+00 2.707970648966773376e+11
1.067411376999344741e+00 2.714443225450046082e+11
1.071681022507342096e+00 2.762798402777888794e+11
1.075967746597371377e+00 2.898304758900996704e+11
1.080271617583760779e+00 2.963741631354005127e+11
1.084592704054095913e+00 2.985969442385363770e+11
1.088931074870312044e+00 2.789012572838553467e+11
1.093286799169793433e+00 2.286020863551094971e+11
1.097659946366472461e+00 2.003149544209942322e+11
1.102050586151938294e+00 1.802949128856724243e+11
1.106458788496546219e+00 1.627886059691542969e+11
1.110884623650532532e+00 1.435031355679258728e+11
1.115328162145134749e+00 1.293734905053184509e+11
1.119789474793714934e+00 1.415877652597833557e+11
1.124268632692889902e+00 1.511110544181469421e+11
1.128765707223661430e+00 1.618289492763442383e+11
1.133280770052556230e+00 1.050598604834078674e+11
1.137813893132766374e+00 1.290791705524305115e+11
1.142365148705297484e+00 1.327522449810178833e+11
1.146934609300118479e+00 1.582297578655393372e+11
1.151522347737319096e+00 1.493233497413562012e+11
1.156128437128268516e+00 1.503448710546906738e+11
1.160752950876781542e+00 1.491983322783283997e+11
1.165395962680288999e+00 1.480317742718424377e+11
1.170057546531009907e+00 1.259008457775961914e+11
1.174737776717134086e+00 1.418740001354079285e+11
1.179436727824002773e+00 1.249795533656059875e+11
1.184154474735298557e+00 1.613748986613940125e+11
1.188891092634239977e+00 1.815804328012483215e+11
1.193646657004777012e+00 2.019124753793096619e+11
1.198421243632796118e+00 2.088259416772483215e+11
1.203214928607327261e+00 2.228898895325262756e+11
1.208027788321756724e+00 2.473004922682217407e+11
1.212859899475043468e+00 2.480790879776294556e+11
1.217711339072943710e+00 2.683293999565503235e+11
1.222582184429235275e+00 2.735231886640148926e+11
1.227472513166952384e+00 2.913984555661921387e+11
1.232382403219620226e+00 3.003507604761763306e+11
1.237311932832498407e+00 3.121136070012136230e+11
1.242261180563828615e+00 2.686258802432976685e+11
1.247230225286083849e+00 3.261938157811647949e+11
1.252219146187228072e+00 2.711348302764647827e+11
1.257228022771976983e+00 3.370897111380750122e+11
1.262256934863064783e+00 3.344842566051067505e+11
1.267305962602517155e+00 3.429709422427014160e+11
1.272375186452927354e+00 3.343386809190580444e+11
1.277464687198738957e+00 3.397923468500697021e+11
1.282574545947533950e+00 3.307740293657907715e+11
1.287704844131324133e+00 3.139846187584693604e+11
1.292855663507849417e+00 3.112882643815441895e+11
1.298027086161880783e+00 3.049039531587395630e+11
1.303219194506528344e+00 3.078993949342490845e+11
1.308432071284554521e+00 2.920331133791352539e+11
1.313665799569692760e+00 2.835716465680783081e+11
1.318920462767971591e+00 2.710201267429239197e+11
1.324196144619043336e+00 2.349686853642673950e+11
1.329492929197519491e+00 1.676563240260231323e+11
1.334810900914309650e+00 6.255461312245439911e+10
1.340150144517967101e+00 3.821657582324489594e+10
1.345510745096038852e+00 2.822600671082561111e+10
1.350892788076423212e+00 2.496958731303106689e+10
1.356296359228728932e+00 1.842409626706038666e+10
1.361721544665643879e+00 2.194297198707138062e+10
1.367168430844306393e+00 2.793632718950449371e+10
1.372637104567683730e+00 2.311280615942602158e+10
1.378127652985954299e+00 3.163893514701540756e+10
1.383640163597898098e+00 2.852937573872955322e+10
1.389174724252289828e+00 3.029945824543219757e+10
1.394731423149298877e+00 2.604062354046372986e+10
1.400310348841896202e+00 2.447374843706497955e+10
1.405911590237263642e+00 2.626083657088396835e+10
1.411535236598212784e+00 2.045596157677144241e+10
1.417181377544605603e+00 2.093069393238444519e+10
1.422850103054784210e+00 2.021728181917617416e+10
1.428541503467003038e+00 2.267205824929448318e+10
1.434255669480871243e+00 2.119041211104566193e+10
1.439992692158794885e+00 2.426191072416573334e+10
1.445752662927429988e+00 2.756508719057704544e+10
1.451535673579139596e+00 3.419152622366980362e+10
1.457341816273456159e+00 4.361601321037845612e+10
1.463171183538549913e+00 3.864137272244213104e+10
1.469023868272704147e+00 3.703680691472801208e+10
1.474899963745795128e+00 4.225823976877973175e+10
1.480799563600778246e+00 4.876064928536041260e+10
1.486722761855181485e+00 4.864030430829876709e+10
1.492669652902602007e+00 5.294258643490398407e+10
1.498640331514212276e+00 5.682542875328916168e+10
1.504634892840269300e+00 6.154498798384275818e+10
1.510653432411630304e+00 6.821656468653125763e+10
1.516696046141276843e+00 7.754491744249237061e+10
1.522762830325842032e+00 8.351293471551654053e+10
1.528853881647145307e+00 9.131662542860859680e+10
1.534969297173733649e+00 9.839709545916340637e+10
1.541109174362428780e+00 1.064345324416250305e+11
1.547273611059878373e+00 1.248316983943792725e+11
1.553462705504118135e+00 1.326086625339786377e+11
1.559676556326134556e+00 1.430460278376550903e+11
1.565915262551438980e+00 1.565129680933542175e+11
1.572178923601644795e+00 1.658490476421130371e+11
1.578467639296051495e+00 1.813700946044667969e+11
1.584781509853235626e+00 1.973096353089599304e+11
1.591120635892648405e+00 2.021864387083420410e+11
1.597485118436219098e+00 2.164433338883475037e+11
1.603875058909963958e+00 2.297811738030433044e+11
1.610290559145603595e+00 2.356447523417550659e+11
1.616731721382186127e+00 2.510623362473266602e+11
1.623198648267714761e+00 2.565179834382723083e+11
1.629691442860785600e+00 2.626996117500865784e+11
1.636210208632228769e+00 2.753664520772001343e+11
1.642755049466757766e+00 2.790235164077288818e+11
1.649326069664624805e+00 2.833488209890468140e+11
1.655923373943283039e+00 2.839201113280887451e+11
1.662547067439056336e+00 2.816068625821703491e+11
1.669197255708812611e+00 2.923018054762875977e+11
1.675874044731648027e+00 2.977578722493710327e+11
1.682577540910574321e+00 3.032135489460131226e+11
1.689307851074216771e+00 2.818032594985307617e+11
1.696065082478513508e+00 2.652304560435810242e+11
1.702849342808427480e+00 2.516207060085171204e+11
1.709660740179661298e+00 2.259103675655426636e+11
1.716499383140379864e+00 1.724092684799937744e+11
1.723365380672941427e+00 1.660218774937901001e+11
1.730258842195633306e+00 1.398018151643041382e+11
1.737179877564415831e+00 1.237559835890798340e+11
1.744128597074673603e+00 1.051959005797452087e+11
1.751105111462972097e+00 9.710431642869470215e+10
1.758109531908824241e+00 8.260905209129193115e+10
1.765141970036459451e+00 7.231512236698010254e+10
1.772202537916605314e+00 6.038914452987448120e+10
1.779291348068271716e+00 4.978981977706012726e+10
1.786408513460544745e+00 4.423916915759471130e+10
1.793554147514387020e+00 3.577502322054977417e+10
1.800728364104444257e+00 3.735453217981817627e+10
1.807931277560862249e+00 2.881850998032818985e+10
1.815163002671105641e+00 3.460281019957769775e+10
1.822423654681789795e+00 3.300456830650246429e+10
1.829713349300517100e+00 2.845178588673411942e+10
1.837032202697718830e+00 2.815756033800192642e+10
1.844380331508509885e+00 2.692497842510451889e+10
1.851757852834543527e+00 2.518666145962177658e+10
1.859164884245881888e+00 1.702737375314114952e+10
1.866601543782865358e+00 1.849208424672356796e+10
1.874067949957996859e+00 2.229071756761607742e+10
1.881564221757828781e+00 3.045814078238692474e+10
1.889090478644860127e+00 3.331983202516789627e+10
1.896646840559439662e+00 4.049822712445218658e+10
1.904233427921677269e+00 3.643073730255496216e+10
1.911850361633363971e+00 4.234206338741075134e+10
1.919497763079897279e+00 3.929831665717380524e+10
1.927175754132217200e+00 3.495814067766660309e+10
1.934884457148745796e+00 2.933438489271998596e+10
1.942623994977340729e+00 2.402519569610300827e+10
1.950394490957250149e+00 3.219860401356962967e+10
1.958196068921079336e+00 2.601385722945025253e+10
1.966028853196763793e+00 3.127041960409043121e+10
1.973892968609550991e+00 3.140880193624852753e+10
1.981788540483989447e+00 3.229833342555653381e+10
1.989715694645925126e+00 3.429413923292457199e+10
1.997674557424508723e+00 3.862190430666860199e+10
2.005665255654207169e+00 4.041571113684902191e+10
2.013687916676823786e+00 4.393328844296597290e+10
2.021742668343530891e+00 5.444393633877465057e+10
2.029829639016905052e+00 5.253777803973168945e+10
2.037948957572972564e+00 6.016109610300305939e+10
2.046100753403264694e+00 6.692418893810007477e+10
2.054285156416877811e+00 7.363169697898916626e+10
2.062502297042545507e+00 7.940635768761364746e+10
2.070752306230715600e+00 8.893820293242935181e+10
2.079035315455638244e+00 9.134671310656925964e+10
2.087351456717461140e+00 9.832866484598339844e+10
2.095700862544330967e+00 1.062068270377771149e+11
2.104083665994508134e+00 1.168288804328722992e+11
2.112500000658485977e+00 1.234586836213858948e+11
2.120950000661120161e+00 1.263567992923869171e+11
2.129433800663764753e+00 1.318922091904298553e+11
2.137951535866419839e+00 1.400335216702713318e+11
2.146503342009885351e+00 1.504039771966884766e+11
2.155089355377924676e+00 1.492735856563340759e+11
2.163709712799436691e+00 1.528351184046708679e+11
2.172364551650634468e+00 1.582891752575989380e+11
2.181054009857236853e+00 1.556325932528585815e+11
2.189778225896665376e+00 1.546038285046743469e+11
2.198537338800252705e+00 1.528837845300675354e+11
2.207331488155453325e+00 1.525048200488691101e+11
2.216160814108075083e+00 1.504622579979598389e+11
2.225025457364507631e+00 1.493712371449598083e+11
2.233925559193965515e+00 1.510828670990401917e+11
2.242861261430741493e+00 1.466504631294051514e+11
2.251832706476463830e+00 1.435686330934118347e+11
2.260840037302370042e+00 1.416440783177791748e+11
2.269883397451579299e+00 1.338588712021028900e+11
2.278962931041386142e+00 1.364393725955973816e+11
2.288078782765551100e+00 1.361961717390901947e+11
2.297231097896613505e+00 1.006758209198586121e+11
2.306420022288200311e+00 1.134905053281609650e+11
2.315645702377353121e+00 1.069084008246234131e+11
2.324908285186861878e+00 9.241418143540075684e+10
2.334207918327609654e+00 1.009649564856774750e+11
2.343544750000919663e+00 9.465276640266903687e+10
2.352918929000923143e+00 8.970436702178619385e+10
2.362330604716927240e+00 8.560070895804835510e+10
2.371779927135795329e+00 8.145904453621925354e+10
2.381267046844337987e+00 7.082468310924053955e+10
2.390792115031715070e+00 7.510727988776460266e+10
2.400355283491842240e+00 6.913140203428831482e+10
2.409956704625809465e+00 5.732877686682446289e+10
2.419596531444312859e+00 5.011041032908294678e+10
2.429274917570089620e+00 4.539641733875478363e+10
2.438992017240370291e+00 3.875906299655304718e+10
2.448747985309331465e+00 2.977507253939841461e+10
2.458542977250568917e+00 3.233449232605353546e+10
2.468377149159570738e+00 2.682919653581014252e+10
2.478250657756209563e+00 1.919272199305302811e+10
2.488163660387234355e+00 2.006931042705789566e+10
2.498116315028783063e+00 1.871032915306597900e+10
2.508108780288898387e+00 1.211145821024941254e+10
2.518141215410053757e+00 1.144096310407932281e+10
2.528213780271693967e+00 9.149392486452964783e+09
2.538326635392781139e+00 8.856580582748861313e+09
2.548479941934351789e+00 7.214981819062880516e+09
2.558673861702089436e+00 8.514939815643317223e+09
2.568908557148898097e+00 8.340462044207523346e+09
2.579184191377493551e+00 8.169467518977519989e+09
2.589500928143003478e+00 7.946264539698793411e+09
2.599858931855575594e+00 9.100024619026575089e+09
2.610258367582998229e+00 1.133560811176721573e+10
2.620699401053329769e+00 1.138587493345954132e+10
2.631182198657543214e+00 1.094807189775285721e+10
2.641706927452173392e+00 1.467834365559100914e+10
2.652273755161981938e+00 1.347695579427526283e+10
2.662882850182629824e+00 1.116932211752378845e+10
2.673534381583360542e+00 5.901569717620780945e+09
2.684228519109693956e+00 5.710614528258668900e+09
2.694965433186132575e+00 6.884670236791252136e+09
2.705745294918877164e+00 6.504766416460235596e+09
2.716568276098552559e+00 6.781324327809026718e+09
2.727434549202946812e+00 9.301815709030706406e+09
2.738344287399758326e+00 7.489510381525604248e+09
2.749297664549357201e+00 1.075925579210846519e+10
2.760294855207554576e+00 8.309068326158610344e+09
2.771336034628385292e+00 8.019720606642851830e+09
2.782421378766898545e+00 6.359911025381154060e+09
2.793551064281966312e+00 9.367744240030797958e+09
2.804725268539093985e+00 6.759194008022867203e+09
2.815944169613250558e+00 7.998188270682978630e+09
2.827207946291703244e+00 1.127283625925823593e+10
2.838516778076869862e+00 7.491416408511308670e+09
2.849870845189177437e+00 8.069898811060564041e+09
2.861270328569933685e+00 1.004773526574512291e+10
2.872715409884213589e+00 9.584680814263364792e+09
2.884206271523750420e+00 9.805994522235582352e+09
2.895743096609845413e+00 1.062445762921428490e+10
2.907326068996284985e+00 9.900646139669931412e+09
2.918955373272270393e+00 1.092020492055466080e+10
2.930631194765359826e+00 1.274514760762576675e+10
2.942353719544420709e+00 1.225929485434485435e+10
2.954123134422598440e+00 1.235134408553930855e+10
2.965939626960289122e+00 1.259049622688219643e+10
2.977803385468130504e+00 1.387197186006223488e+10
2.989714599010003138e+00 1.462736228024621201e+10
3.001673457406043077e+00 1.475046396599826431e+10
3.013680151235667015e+00 1.642697271124243546e+10
3.025734871840609408e+00 1.562444385216662598e+10
3.037837811327972037e+00 1.818215584967935944e+10
3.049989162573283785e+00 1.536912932007745934e+10
3.062189119223576395e+00 2.016034883495306778e+10
3.074437875700470890e+00 1.996609579011037827e+10
3.086735627203272880e+00 2.027837479540788269e+10
3.099082569712085622e+00 2.250446290088076782e+10
3.111478899990933744e+00 2.051712292371014404e+10
3.123924815590897186e+00 2.468855988975186920e+10
3.136420514853261121e+00 2.277051513689337921e+10
3.148966196912674320e+00 2.376217305563965988e+10
3.161562061700325277e+00 2.624552296726090622e+10
3.174208309947126327e+00 2.375188736057114410e+10
3.186905143186915090e+00 2.944620957771541977e+10
3.199652763759662566e+00 2.112337276705680847e+10
3.212451374814701222e+00 2.690701359480201721e+10
3.225301180313960625e+00 2.862404291452399826e+10
3.238202385035215958e+00 2.775853437020418930e+10
3.251155194575356955e+00 3.313711759307191467e+10
3.264159815353658622e+00 3.139573023675446320e+10
3.277216454615073271e+00 2.966954513197858810e+10
3.290325320433533207e+00 3.241271657455093765e+10
3.303486621715267635e+00 2.834654639510953903e+10
3.316700568202128441e+00 3.006606866521931458e+10
3.329967370474937294e+00 3.493324003077827454e+10
3.343287239956836743e+00 2.968788689691698074e+10
3.356660388916663962e+00 3.007631763030541992e+10
3.370087030472330714e+00 3.392264837391201782e+10
3.383567378594220187e+00 3.114421046400353241e+10
3.397101648108596716e+00 3.302230117916881561e+10
3.410690054701031482e+00 3.180971296769225693e+10
3.424332814919834878e+00 3.359147339929284286e+10
3.438030146179514634e+00 3.384978822307144928e+10
3.451782266764232610e+00 3.478354905947047424e+10
3.465589395831289998e+00 3.737336971624752045e+10
3.479451753414614767e+00 3.609473062616994476e+10
3.493369560428273068e+00 3.280250310154867172e+10
3.507343038669985980e+00 4.184926825301168823e+10
3.521372410824665788e+00 3.880993736075265503e+10
3.535457900467964709e+00 3.998241740843076324e+10
3.549599732069836477e+00 3.985676998353780365e+10
3.563798130998116154e+00 4.151149186884995270e+10
3.578053323522108364e+00 4.180609460341927338e+10
3.592365536816196858e+00 4.492007532988636017e+10
3.606734998963461614e+00 4.415113246256023407e+10
3.621161938959315041e+00 4.398745186152983856e+10
3.635646586715152839e+00 4.555574009835219574e+10
3.650189173062013293e+00 4.655350593302196503e+10
3.664789929754260545e+00 4.682038508696357727e+10
3.679449089473277645e+00 4.565737377180319977e+10
3.694166885831170699e+00 4.780292964911981201e+10
3.708943553374495661e+00 4.959994178024206543e+10
3.723779327587993571e+00 5.234180906437410736e+10
3.738674444898345328e+00 4.606605489842017365e+10
3.753629142677938901e+00 5.046760770219210052e+10
3.768643659248651190e+00 5.027715125920187378e+10
3.783718233885645432e+00 5.297910922508340454e+10
3.798853106821188153e+00 5.265705031845281219e+10
3.814048519248473657e+00 5.074044199363546753e+10
3.829304713325467180e+00 4.837704222853115082e+10
3.844621932178768908e+00 5.284736967766883850e+10
3.860000419907484215e+00 5.373215200647703552e+10
3.875440421587113882e+00 5.317760647160248566e+10
3.890942183273462529e+00 5.037434064568121338e+10
3.906505952006555926e+00 5.154158131389448547e+10
3.922131975814582727e+00 5.251057912162928009e+10
3.937820503717840648e+00 4.989020484352944183e+10
3.953571785732711508e+00 4.915705465023353577e+10
3.969386072875642490e+00 4.629901365211712646e+10
3.985263617167145167e+00 4.344802492323722839e+10
4.001204671635814059e+00 4.143524388917642975e+10
4.017209490322357190e+00 4.092290111564572906e+10
4.033278328283646630e+00 3.720071631155659485e+10
4.049411441596781458e+00 3.586215823337551880e+10
4.065609087363168506e+00 3.345333299857844925e+10
4.081871523712622185e+00 2.778003438866952515e+10
4.098199009807472315e+00 2.904585478044031906e+10
4.114591805846702144e+00 2.671876708913232040e+10
4.131050173070089038e+00 2.470232473133044434e+10
4.147574373762369149e+00 2.635532803848939896e+10
4.164164671257418959e+00 2.165564857809759903e+10
4.180821329942449260e+00 2.027798085480117798e+10
4.197544615262219558e+00 1.812438333287119293e+10
4.214334793723269357e+00 1.439234754751799774e+10
4.231192132898162761e+00 1.400898166998773003e+10
4.248116901429755288e+00 1.092622880370471573e+10
4.265109369035473996e+00 1.165752550138463211e+10
4.282169806511615384e+00 1.052802077532347870e+10
4.299298485737661935e+00 9.125272446628026962e+09
4.316495679680612874e+00 9.005345245142860413e+09
4.333761662399335357e+00 9.523015888484052658e+09
4.351096709048932532e+00 9.667166390256692886e+09
4.368501095885127583e+00 1.026869662386951637e+10
4.385975100268668214e+00 1.010465452375137329e+10
4.403519000669743555e+00 9.888825962203052521e+09
4.421133076672422391e+00 1.023096054779591942e+10
4.438817608979111817e+00 9.181702067677915573e+09
4.456572879415028332e+00 1.014210236941899872e+10
4.474399170932688463e+00 9.066139572153398514e+09
4.492296767616419828e+00 9.621553806769479752e+09
4.510265954686884626e+00 9.633956675911937714e+09
4.528307018505633330e+00 8.491152096703336716e+09
4.546420246579655711e+00 9.371792323323289871e+09
4.564605927565974497e+00 8.572906770557291985e+09
4.582864351276237258e+00 9.520799847997953415e+09
4.601195808681342925e+00 9.427035730969663620e+09
4.619600591916067422e+00 8.756504563183933258e+09
4.638078994283731937e+00 9.415985287916444778e+09
4.656631310260867629e+00 9.794094063265960693e+09
4.675257835501911430e+00 8.929026708492435455e+09
4.693958866843916944e+00 1.104698444847312737e+10
4.712734702311292878e+00 8.816082212344070435e+09
4.731585641120538810e+00 8.716946188629064560e+09
4.750511983685020923e+00 9.444048494502300262e+09
4.769514031619761063e+00 8.021828451905651093e+09
4.788592087746240011e+00 7.497071131196532249e+09
4.807746456097224730e+00 8.890870811145637512e+09
4.826977441921613377e+00 8.557365743430706978e+09
4.846285351689299858e+00 7.773304478270319939e+09
4.865670493096057925e+00 8.342971911103798866e+09
4.885133175068442135e+00 8.016417206889850616e+09
4.904673707768715474e+00 7.953637298297376633e+09
4.924292402599791174e+00 7.931656813414176941e+09
4.943989572210189642e+00 8.134412854675253868e+09
4.963765530499030021e+00 7.022863909058633804e+09
4.983620592621027079e+00 8.952951715283555984e+09
5.003555074991511198e+00 8.564907690883946419e+09
5.023569295291476777e+00 7.181232213862318993e+09
5.043663572472643075e+00 8.928648684719968796e+09
5.063838226762532813e+00 8.899876746642316818e+09
5.084093579669583640e+00 7.701615581411972046e+09
5.104429953988261381e+00 8.143316286509524345e+09
5.124847673804215020e+00 8.574624254085189819e+09
5.145347064499431688e+00 6.341039982799983025e+09
5.165928452757428957e+00 6.595829350118891716e+09
5.186592166568458673e+00 8.508906793522171021e+09
5.207338535234733001e+00 5.776970085606811523e+09
5.228167889375671784e+00 7.284564332376842499e+09
5.249080560933174766e+00 6.910634906537063599e+09
5.270076883176907145e+00 6.411237885945217133e+09
5.291157190709615321e+00 6.412399493244725227e+09
5.312321819472453299e+00 6.652166634250172615e+09
5.333571106750343738e+00 7.403409134794704437e+09
5.354905391177344320e+00 5.020605275215579987e+09
5.376325012742054099e+00 5.464851071646970749e+09
5.397830312793021612e+00 5.734369132010273933e+09
5.419421634044193858e+00 3.651732072044208527e+09
5.441099320580370602e+00 5.768403390122038841e+09
5.462863717862692425e+00 4.962216752082641602e+09
5.484715172734142996e+00 5.361494422404632568e+09
5.506654033425078865e+00 5.199307054217267990e+09
5.528680649558780580e+00 4.328805335396779060e+09
5.550795372157015350e+00 4.249509791527832031e+09
5.572998553645643227e+00 4.000239820003189564e+09
5.595290547860225949e+00 4.857106865445482254e+09
5.617671710051667766e+00 4.538408408349086761e+09
5.640142396891874021e+00 4.503336897671232224e+09
5.662702966479441713e+00 4.507658971219633102e+09
5.685353778345359821e+00 3.767148213896334171e+09
5.708095193458740724e+00 3.732710601841768265e+09
5.730927574232576482e+00 3.552968628015774727e+09
5.753851284529505783e+00 4.222747577614425659e+09
5.776866689667624399e+00 3.401307079419518948e+09
5.799974156426294769e+00 4.421516200830741882e+09
5.823174053051999977e+00 3.008192214786945343e+09
5.846466749264207508e+00 3.936187729627603531e+09
5.869852616261264977e+00 3.177674768376991272e+09
5.893332026726310069e+00 3.045996309346533775e+09
5.916905354833215114e+00 4.199477334483724117e+09
5.940572976252548543e+00 2.866005642930517197e+09
5.964335268157558545e+00 4.002785923762798309e+09
5.988192609230189589e+00 3.968623005274256706e+09
6.012145379667110490e+00 4.448181557908679008e+09
6.036193961185778889e+00 3.580961996500443935e+09
6.060338737030522616e+00 3.163962776134302616e+09
6.084580091978644134e+00 4.617945856389670372e+09
6.108918412346558746e+00 3.664619802269360065e+09
6.133354085995945226e+00 6.047039464369183540e+09
6.157887502339929320e+00 3.787498430338571548e+09
6.182519052349287669e+00 4.225079785783719540e+09
6.207249128558685491e+00 4.754942813372142792e+09
6.232078125072920471e+00 4.800663089439469337e+09
6.257006437573212843e+00 5.085641512533145905e+09
6.282034463323505236e+00 5.248642642178127289e+09
6.307162601176800720e+00 5.292677526910141945e+09
6.332391251581507063e+00 5.082248056195997238e+09
6.357720816587833390e+00 4.703209895139608383e+09
6.383151699854184180e+00 3.901306658934574127e+09
6.408684306653601226e+00 2.826979359513842106e+09
6.434319043880215361e+00 3.140451616732003689e+09
6.460056320055736379e+00 2.832200140060457706e+09
6.485896545335958052e+00 1.941721681035785675e+09
6.511840131517302233e+00 2.233115698652488232e+09
6.537887492043371829e+00 2.452414068176047802e+09
6.564039042011545533e+00 1.986093133423279285e+09
6.590295198179591196e+00 1.822264265908787489e+09
6.616656378972309405e+00 1.876317314668831348e+09
6.643123004488199257e+00 1.960223631396107197e+09
6.669695496506150789e+00 2.215190969631591797e+09
6.696374278492176479e+00 2.420664613239954948e+09
6.723159775606144528e+00 2.028988390428495407e+09
6.750052414708568094e+00 2.671603421279975891e+09
6.777052624367403411e+00 2.098965056347671986e+09
6.804160834864871887e+00 2.096375795601387501e+09
6.831377478204331055e+00 1.996953921979714394e+09
6.858702988117148180e+00 1.851397796181015730e+09
6.886137800069615622e+00 2.555002189334944248e+09
6.913682351269895499e+00 2.577379576114023685e+09
6.941337080674975013e+00 2.691036113953740120e+09
6.969102428997675069e+00 2.172124924928207874e+09
6.996978838713665994e+00 2.470357669737067223e+09
7.024966754068519670e+00 2.313985788229813576e+09
7.053066621084793653e+00 1.961772440592361689e+09
7.081278887569133929e+00 2.325179430310679436e+09
7.109604003119409654e+00 2.155646583971889973e+09
7.138042419131887861e+00 2.365661545167693138e+09
7.166594588808414379e+00 2.136923566968010902e+09
7.195260967163648047e+00 2.373710821818117142e+09
7.224042011032302923e+00 2.255487987852864265e+09
7.252938179076432235e+00 2.323342165299057484e+09
7.281949931792737196e+00 2.096429945409974098e+09
7.311077731519908696e+00 2.708004849544440746e+09
7.340322042445988515e+00 1.958766836015737772e+09
7.369683330615771411e+00 2.161247764650546551e+09
7.399162063938235612e+00 2.504370622770374775e+09
7.428758712193988423e+00 2.164599048471810341e+09
7.458473747042765112e+00 1.973705760877033949e+09
7.488307642030935796e+00 2.119003870066732407e+09
7.518260872599060285e+00 2.512033837454924583e+09
7.548333916089456253e+00 2.162950787429104805e+09
7.578527251753813587e+00 1.883493365547032356e+09
7.608841360760829176e+00 1.665744829902190685e+09
7.639276726203872769e+00 2.410043827159228325e+09
7.669833833108687493e+00 2.388075829971800804e+09
7.700513168441122325e+00 2.220136597759141922e+09
7.731315221114887670e+00 2.081134749014927149e+09
7.762240481999347352e+00 1.851333282670793295e+09
7.793289443927344351e+00 2.243309149450468063e+09
7.824462601703054077e+00 2.339921079711226463e+09
7.855760452109866065e+00 2.124787812484296322e+09
7.887183493918306532e+00 1.569632915208451986e+09
7.918732227893980458e+00 2.072510444842136860e+09
7.950407156805555431e+00 2.051927801823875666e+09
7.982208785432777454e+00 2.270558842098495007e+09
8.014137620574508958e+00 2.195399651180869102e+09
8.046194171056805899e+00 1.797233614201319695e+09
8.078378947741034821e+00 2.278398769808917046e+09
8.110692463531997021e+00 2.043701405137903214e+09
8.143135233386125549e+00 2.095116951551137686e+09
8.175707774319670662e+00 1.937664845435350657e+09
8.208410605416949224e+00 1.954096191237788439e+09
8.241244247838615422e+00 2.029768106083776712e+09
8.274209224829968790e+00 2.045769423077731133e+09
8.307306061729288871e+00 2.334913840204007626e+09
8.340535285976207192e+00 1.844546292019982576e+09
8.373897427120111203e+00 1.952614479675967693e+09
8.407393016828594412e+00 2.510881075321989536e+09
8.441022588895906509e+00 1.902444690888222694e+09
8.474786679251490540e+00 2.297866143447373867e+09
8.508685825968495209e+00 1.903940415097219706e+09
8.542720569272368891e+00 2.158379837100548267e+09
8.576891451549458978e+00 2.097295345638281584e+09
8.611199017355655627e+00 2.262482787712132454e+09
8.645643813425078150e+00 2.217519506208284378e+09
8.680226388678779159e+00 2.047606818329185486e+09
8.714947294233493125e+00 2.162773329781959534e+09
8.749807083410427566e+00 1.961023146583070993e+09
8.784806311744070229e+00 2.088610524651957035e+09
8.819945536991047774e+00 2.004147760715077162e+09
8.855225319139009343e+00 2.100632036074768305e+09
8.890646220415566958e+00 2.249024622998792648e+09
8.926208805297228821e+00 2.065063355253424168e+09
8.961913640518417878e+00 1.873205780143820524e+09
8.997761295080492161e+00 2.046106382439217567e+09
9.033752340260813085e+00 1.920150954397730112e+09
9.069887349621856387e+00 2.050751718441565514e+09
9.106166899020346150e+00 2.000950080930163860e+09
9.142591566616424359e+00 2.094976929380296707e+09
9.179161932882891506e+00 2.039659366518360615e+09
9.215878580614422333e+00 2.055407593331085205e+09
9.252742094936881045e+00 1.967069661973604441e+09
9.289753063316627646e+00 1.911246536929062128e+09
9.326912075569895322e+00 1.981796534817335367e+09
9.364219723872173162e+00 2.054543665400733232e+09
9.401676602767663482e+00 1.844767171258898497e+09
9.439283309178733816e+00 1.699617432036760569e+09
9.477040442415447075e+00 1.822424951862604856e+09
9.514948604185111236e+00 1.853790237221800804e+09
9.553008398601852136e+00 2.088239078768244028e+09
9.591220432196260859e+00 1.766494319171485186e+09
9.629585313925044687e+00 1.783626262229412794e+09
9.668103655180747324e+00 1.813963805468219280e+09
9.706776069801470896e+00 1.805077094862155914e+09
9.745603174080676112e+00 1.921727010852705002e+09
9.784585586776998412e+00 2.055006440060821772e+09
9.823723929124106746e+00 1.569660047490686655e+09
9.863018824840601440e+00 1.810697261592315674e+09
9.902470900139965337e+00 1.294733705293765783e+09
9.942080783740523842e+00 1.774845053761095047e+09
9.981849106875488431e+00 1.733182789194277763e+09
1.002177650330298952e+01 1.685238920641536236e+09
1.006186360931619994e+01 1.606809355801031113e+09
1.010211106375346723e+01 1.532192529303209543e+09
1.014251950800847979e+01 1.729930955929290533e+09
1.018308958604051284e+01 1.717171113022127151e+09
1.022382194438467451e+01 1.611526304289346218e+09
1.026471723216221399e+01 1.510648111707597971e+09
1.030577610109086173e+01 1.436835722319326878e+09
1.034699920549522467e+01 1.302862158211872339e+09
1.038838720231720458e+01 1.241423783706677675e+09
1.042994075112647501e+01 1.209763036273385525e+09
1.047166051413097954e+01 1.238931803684655666e+09
1.051354715618750468e+01 1.477653714968060970e+09
1.055560134481225454e+01 1.371625708259996653e+09
1.059782375019150358e+01 1.269733388138450623e+09
1.064021504519226902e+01 1.321671237205062389e+09
1.068277590537303823e+01 1.465867484689496279e+09
1.072550700899452991e+01 1.290077605873500109e+09
1.076840903703050856e+01 1.240274469540941954e+09
1.081148267317863088e+01 1.432334996683782578e+09
1.085472860387134553e+01 1.237659528839411974e+09
1.089814751828683015e+01 1.179845263057352304e+09
1.094174010835997635e+01 1.158148707034385681e+09
1.098550706879341909e+01 8.987768547994955778e+08
1.102944909706859100e+01 9.434235173773359060e+08
1.107356689345686540e+01 1.104326513496229887e+09
1.111786116103069233e+01 1.194833770815950632e+09
1.116233260567481622e+01 1.083067407784407377e+09
1.120698193609751492e+01 1.128047871929213762e+09
1.125180986384190440e+01 1.007445540938074827e+09
1.129681710329727373e+01 1.093321486637030125e+09
1.134200437171046083e+01 1.025670609656591535e+09
1.138737238919730466e+01 1.097605278173398733e+09
1.143292187875409383e+01 1.088271717372059107e+09
1.147865356626910938e+01 1.019878363040602088e+09
1.152456818053418530e+01 1.033334577348566055e+09
1.157066645325632237e+01 8.649584642520760298e+08
1.161694911906934635e+01 8.677375998087412119e+08
1.166341691554562487e+01 8.965256594792407751e+08
1.171007058320780736e+01 7.592819852061542273e+08
1.175691086554063958e+01 7.019598050252659321e+08
1.180393850900279951e+01 8.565200163574243784e+08
1.185115426303881137e+01 8.792528043391281366e+08
1.189855888009096674e+01 7.753286871542042494e+08
1.194615311561133097e+01 8.504470450117150545e+08
1.199393772807377623e+01 8.468598955132210255e+08
1.204191347898607134e+01 8.537132814604032040e+08
1.209008113290201614e+01 6.944435814188535213e+08
1.213844145743362368e+01 7.713756555198259354e+08
1.218699522326335938e+01 8.683976546857806444e+08
1.223574320415641381e+01 7.419275199755662680e+08
1.228468617697303777e+01 6.737153920996907949e+08
1.233382492168093059e+01 7.537753304314161539e+08
1.238316022136765504e+01 5.832368103135415316e+08
1.243269286225312520e+01 5.771893977472380400e+08
1.248242363370213859e+01 6.802556574825350046e+08
1.253235332823694748e+01 5.511471522177689075e+08
1.258248274154989410e+01 5.861362485518591404e+08
1.263281267251609385e+01 6.241749747917350531e+08
1.268334392320615756e+01 6.497679430608639717e+08
1.273407729889898299e+01 5.963932244237570763e+08
1.278501360809457665e+01 5.926083780602427721e+08
1.283615366252695544e+01 5.649501366000101566e+08
1.288749827717706253e+01 6.165954760071166754e+08
1.293904827028577031e+01 5.609936139866635799e+08
1.299080446336691352e+01 5.893244354095175266e+08
1.304276768122038099e+01 5.094936952395659685e+08
1.309493875194526424e+01 5.757376166719068289e+08
1.314731850695304693e+01 4.979828951335746646e+08
1.319990778098085649e+01 5.562703036291434765e+08
1.325270741210477965e+01 4.419041310748248696e+08
1.330571824175319939e+01 4.176915273062865734e+08
1.335894111472021173e+01 5.274731360253437161e+08
1.341237687917909227e+01 4.560081605975162387e+08
1.346602638669580898e+01 3.813033880751572847e+08
1.351989049224258999e+01 4.566855412928077579e+08
1.357397005421156067e+01 4.572905216283847094e+08
1.362826593442840917e+01 4.386804993642945886e+08
1.368277899816612297e+01 4.258732405926840901e+08
1.373751011415878942e+01 4.095271191022126079e+08
1.379246015461542463e+01 4.528987698947205544e+08
1.384762999523388416e+01 3.681074702963210940e+08
1.390302051521481808e+01 4.115685898404857516e+08
1.395863259727567751e+01 4.244806120523716807e+08
1.401446712766477987e+01 3.452519767572761774e+08
1.407052499617543972e+01 4.302100537081758976e+08
1.412680709616014063e+01 3.725032603820350766e+08
1.418331432454478147e+01 3.107771153130287528e+08
1.424004758184296193e+01 3.459667727962472439e+08
1.429700777217033369e+01 4.000114689509859085e+08
1.435419580325901379e+01 3.100310080720999241e+08
1.441161258647204946e+01 2.985837735545877218e+08
1.446925903681793812e+01 3.053544486477934718e+08
1.452713607296521126e+01 2.803340919897977710e+08
1.458524461725707155e+01 3.355795421561164856e+08
1.464358559572609764e+01 3.200719618320869207e+08
1.470215993810900557e+01 3.144274486339800954e+08
1.476096857786143879e+01 3.386682107429891825e+08
1.482001245217288599e+01 2.906526324830448627e+08
1.487929250198157760e+01 2.544276783088470399e+08
1.493880967198950316e+01 2.586360893173992336e+08
1.499856491067746056e+01 2.760620839601888657e+08
1.505855917032016933e+01 2.830840123325983286e+08
1.511879340700144958e+01 2.832056960485716462e+08
1.517926858062945605e+01 2.465141526591647267e+08
1.523998565495197433e+01 3.013121822244098186e+08
1.530094559757178274e+01 2.857397647169778943e+08
1.536214937996206764e+01 2.535311662889201641e+08
1.542359797748191674e+01 2.446464122197132707e+08
1.548529236939184450e+01 2.486518690436424613e+08
1.554723353886941339e+01 2.138422450851297379e+08
1.560942247302489072e+01 2.261881484773938954e+08
1.567186016291699069e+01 2.451955343504828811e+08
1.573454760356865556e+01 1.959454061168723702e+08
1.579748579398293096e+01 2.164232996201908290e+08
1.586067573715886247e+01 2.340509590329610407e+08
1.592411844010749888e+01 2.667575287173804343e+08
1.598781491386792730e+01 1.745678446199488938e+08
1.605176617352340074e+01 2.215844796763293147e+08
1.611597323821749228e+01 1.916385999194903970e+08
1.618043713117036120e+01 2.270330828239637315e+08
1.624515887969504391e+01 1.755727942999607027e+08
1.631013951521382310e+01 1.992178709949192107e+08
1.637538007327468037e+01 2.042210620121935904e+08
1.644088159356778078e+01 1.918218242600153089e+08
1.650664511994205341e+01 1.819563554493509829e+08
1.657267170042182158e+01 1.825676153294656277e+08
1.663896238722350418e+01 1.479122804163501859e+08
1.670551823677240222e+01 1.739020624428433180e+08
1.677234030971949608e+01 2.021884854855549037e+08
1.683942967095837062e+01 1.864088897516747117e+08
1.690678738964220429e+01 1.557977861194657087e+08
1.697441453920077237e+01 1.641637577952399552e+08
1.704231219735757108e+01 1.941901146539131403e+08
1.711048144614700561e+01 1.328486093345362693e+08
1.717892337193159236e+01 1.646739989843815863e+08
1.724763906541932101e+01 1.472858146078288257e+08
1.731662962168099895e+01 1.508098512473209500e+08
1.738589614016772344e+01 1.203558938130091280e+08
1.745543972472839300e+01 1.573086298177147508e+08
1.752526148362730751e+01 1.437723743019095659e+08
1.759536252956181812e+01 1.416725437831887603e+08
1.766574397968006238e+01 1.420982374753483534e+08
1.773640695559878466e+01 1.339619097095391452e+08
1.780735258342117433e+01 1.360633502309105396e+08
1.787858199375486024e+01 1.478769890382937193e+08
1.795009632172988034e+01 1.207505256114595085e+08
1.802189670701679702e+01 1.400352863299148977e+08
1.809398429384486562e+01 1.347846137170514464e+08
1.816636023102024211e+01 1.040621814586077780e+08
1.823902567194432578e+01 1.271259873510981649e+08
1.831198177463210186e+01 1.293179299429025054e+08
1.838522970173062987e+01 1.215833026634927392e+08
1.845877062053754969e+01 1.204693491552957594e+08
1.853260570301970134e+01 1.025641676208530515e+08
1.860673612583178027e+01 9.503793984628184140e+07
1.868116307033510637e+01 1.097663543327322602e+08
1.875588772261644976e+01 1.040781200446525812e+08
1.883091127350691352e+01 1.357743200119132698e+08
1.890623491860094063e+01 1.142766945228286088e+08
1.898185985827534594e+01 9.328926669046853483e+07
1.905778729770844748e+01 1.178814575990187079e+08
1.913401844689928311e+01 1.141720564175421596e+08
1.921055452068688041e+01 9.559817642542909086e+07
1.928739673876962968e+01 8.854150057831738889e+07
1.936454632572470658e+01 9.251497930829928815e+07
1.944200451102760141e+01 7.263116192369322479e+07
1.951977252907171589e+01 9.909298195321914554e+07
1.959785161918800256e+01 8.220818446383541822e+07
1.967624302566475691e+01 8.860540246021386981e+07
1.991079942767366973e+01 8.716023990023344755e+07
2.030901541622714390e+01 7.700055239611612260e+07
2.071519572455168756e+01 7.652540951916122437e+07
2.112949963904272010e+01 6.297257633609037846e+07
2.155208963182357707e+01 6.150988182512257248e+07
2.198313142446004420e+01 5.708009618221298605e+07
2.242279405294924643e+01 5.065989842883254588e+07
2.287124993400822959e+01 5.279108542310233414e+07
2.332867493268839709e+01 5.070564413015533984e+07
2.379524843134216638e+01 3.865498410008577257e+07
2.427115339996900900e+01 4.561711366085241735e+07
2.475657646796839018e+01 3.854325914644844085e+07
2.525170799732775961e+01 3.094119630778754503e+07
2.575674215727431715e+01 3.423832119622619450e+07
2.627187700041980278e+01 3.169161085630075261e+07
2.679731454042819649e+01 2.496745294967226312e+07
2.733326083123676042e+01 2.951536343719694391e+07
2.787992604786149542e+01 2.434925582215590402e+07
2.843752456881871993e+01 1.844750893126493320e+07
2.900627506019509738e+01 2.206024149524534866e+07
2.958640056139899599e+01 1.889652650518265367e+07
3.017812857262697435e+01 1.814995560844896734e+07
3.078169114407952023e+01 1.459161121413748711e+07
3.139732496696110431e+01 1.624001681064046174e+07
3.202527146630033172e+01 1.473065342513014562e+07
3.266577689562632969e+01 1.342282816875353269e+07
3.331909243353885586e+01 1.090631970432734489e+07
3.398547428220963695e+01 1.296279578281276301e+07
3.466518376785383282e+01 9.967044961105402559e+06
3.535848744321090464e+01 8.552111054519826546e+06
3.606565719207512188e+01 8.274458312997715548e+06
3.678697033591662802e+01 8.951793626311538741e+06
3.752270974263496583e+01 7.317449819282209501e+06
3.827316393748766643e+01 7.984255121423152275e+06
3.903862721623740839e+01 6.490607341578969732e+06
3.981939976056215613e+01 5.915530776874246076e+06
4.061578775577340394e+01 4.901649475318381563e+06
4.142810351088887444e+01 5.792305008247386664e+06
4.225666558110664539e+01 5.363691156403838657e+06
4.310179889272878029e+01 4.159782302878209855e+06
4.396383487058335504e+01 3.906223440275106579e+06
4.484311156799503095e+01 3.702096945051841438e+06
4.573997379935492091e+01 3.591553165223713033e+06
4.665477327534202345e+01 3.048651957405166700e+06
4.758786874084886165e+01 3.041288668815398123e+06
4.853962611566583973e+01 2.972810385504723527e+06
4.951041863797915710e+01 2.392405549020834267e+06
5.050062701073873939e+01 2.378429457378834486e+06
5.151063955095351332e+01 2.054710683128080796e+06
5.254085234197258103e+01 2.374260427662395407e+06
5.359166938881203635e+01 2.050377886067665415e+06
5.466350277658827395e+01 1.885093612787862308e+06
5.575677283212004198e+01 1.538078434459296986e+06
5.687190828876244098e+01 1.463952789299241733e+06
5.800934645453768468e+01 1.426548592708315700e+06
5.916953338362844050e+01 1.354543162649609149e+06
6.035292405130100946e+01 1.224472385064958362e+06
6.155998253232701956e+01 1.287644345722391969e+06
6.279118218297357146e+01 1.017249374657614622e+06
6.404700582663303976e+01 8.961767047062737402e+05
6.532794594316570169e+01 8.292096656499073142e+05
6.663450486202900436e+01 7.527107459378909552e+05
6.796719495926959098e+01 8.521266014733233023e+05
6.932653885845499531e+01 8.225701188943522284e+05
7.071306963562409464e+01 6.597288721590684727e+05
7.212733102833657028e+01 5.661067282559168525e+05
7.356987764890331505e+01 5.759377762301075272e+05
7.504127520188137623e+01 4.903669242599274730e+05
7.654210070591901172e+01 5.107475047465614625e+05
7.807294272003738911e+01 4.490437374431833159e+05
7.963440157443814371e+01 4.335080356598129147e+05
8.122708960592690630e+01 3.622013294629179290e+05
8.285163139804545551e+01 3.349277693301999825e+05
8.450866402600635752e+01 3.348382660785869230e+05
8.619883730652648524e+01 3.359905348977642134e+05
8.792281405265701721e+01 3.754028049990988220e+05
8.968127033371015955e+01 2.854101691223221715e+05
9.147489574038435478e+01 2.721142417813697248e+05
9.330439365519204387e+01 2.288658552626642922e+05
9.517048152829590890e+01 1.921234411119339638e+05
9.707389115886181230e+01 2.259692227258462808e+05
9.901536898203904968e+01 1.634278336057009001e+05
