# Wavelength [um]       Fp [W/m2/m]  
1.000553076518779783e-01 8.457977198284116760e-02
1.004555288824854897e-01 5.955142994969847444e-33
1.008573509980154326e-01 7.018932868878774818e-31
1.012607804020075053e-01 1.197562584502821960e-30
1.016658235236155422e-01 8.091504251324028883e-33
1.020724868177099870e-01 2.327216322242349097e-22
1.024807767649808382e-01 2.277254781445508642e-23
1.028906998720407612e-01 9.906905242586463649e-30
1.033022626715289355e-01 5.850999522340943175e-21
1.037154717222150413e-01 1.767460513856883048e-31
1.041303336091038839e-01 5.089611778577550752e-28
1.045468549435403099e-01 6.139215901559352706e-26
1.049650423633144702e-01 3.259135969150097365e-32
1.053849025327677214e-01 1.280585266601829647e-22
1.058064421428987906e-01 1.469611600575080257e-29
1.062296679114703990e-01 3.037225776911828454e-22
1.066545865831162732e-01 9.355189794908145152e-25
1.070812049294487533e-01 5.204323578795212163e-26
1.075095297491665408e-01 1.673366171425191155e-20
1.079395678681632220e-01 4.129265864654684692e-26
1.083713261396358624e-01 8.046559663575649863e-20
1.088048114441943909e-01 9.103003886477556289e-21
1.092400306899711654e-01 4.848317015643404822e-15
1.096769908127310511e-01 2.582065882588202563e-20
1.101156987759819850e-01 1.067674780294578672e-20
1.105561615710859147e-01 3.808566421086492733e-15
1.109983862173702651e-01 1.137177496831859542e-16
1.114423797622397516e-01 8.314955066254367134e-19
1.118881492812886930e-01 4.300453461754213668e-20
1.123357018784138517e-01 1.038545741210819276e-18
1.127850446859275102e-01 2.731043454090729344e-13
1.132361848646712132e-01 4.634812648835058085e-14
1.136891296041298988e-01 7.437381568664517223e-14
1.141438861225464035e-01 1.166242834109987071e-13
1.146004616670366072e-01 2.069590377114594879e-13
1.150588635137047705e-01 1.428335938007024131e-13
1.155190989677595953e-01 7.810155052956034562e-14
1.159811753636306314e-01 3.100966964094234047e-13
1.164451000650851553e-01 4.780721058703104226e-14
1.169108804653455069e-01 3.190499745643698155e-14
1.173785239872068981e-01 7.403324279452541679e-14
1.178480380831557206e-01 5.270518995156280922e-14
1.183194302354883543e-01 2.212024501868151186e-13
1.187927079564302935e-01 1.505757948300392880e-15
1.192678787882560099e-01 3.739284773602226255e-15
1.197449503034090645e-01 3.380073030572402960e-15
1.202239301046226783e-01 8.893928981472340820e-17
1.207048258250411760e-01 1.253171310351305566e-15
1.211876451283413342e-01 7.757318296381939265e-16
1.216723957088547137e-01 1.254579265834135506e-15
1.221590852916901310e-01 6.648407271943496881e-15
1.226477216328568792e-01 1.085259961516868519e-13
1.231383125193883099e-01 4.612405605849411052e-15
1.236308657694658586e-01 6.418427475010537871e-14
1.241253892325437369e-01 3.520879955690113723e-14
1.246218907894739159e-01 4.418263431389513310e-15
1.251203783526317892e-01 2.967747058144358442e-15
1.256208598660423226e-01 1.576313898341868403e-12
1.261233433055065078e-01 8.346279855443132945e-13
1.266278366787285392e-01 1.477121592263723279e-15
1.271343480254434610e-01 1.213350275113111983e-13
1.276428854175452321e-01 2.738151975420727394e-13
1.281534569592154005e-01 1.390919273024764653e-14
1.286660707870522780e-01 7.842030027934170962e-14
1.291807350702004475e-01 5.417263068065912178e-13
1.296974580104812425e-01 2.905027402571709377e-13
1.302162478425231973e-01 3.457880545244794041e-13
1.307371128338932764e-01 4.095370673181603097e-12
1.312600612852288795e-01 1.207282990410590879e-12
1.317851015303697915e-01 5.205021396774385745e-12
1.323122419364912705e-01 4.035365749353275594e-11
1.328414909042372472e-01 9.687140537073157200e-11
1.333728568678542170e-01 5.048795904606119325e-11
1.339063482953256612e-01 5.374129186995815825e-12
1.344419736885069383e-01 4.400028300766181708e-11
1.349797415832609815e-01 4.200989827520992079e-10
1.355196605495940232e-01 2.583183156347956527e-10
1.360617391917924301e-01 8.124113217201370524e-10
1.366059861485595939e-01 1.234762589954269726e-10
1.371524100931538481e-01 1.928500763916746312e-11
1.377010197335264696e-01 7.476488536271536853e-11
1.382518238124605670e-01 1.256134545178214166e-09
1.388048311077104136e-01 7.520730509627207833e-10
1.393600504321412248e-01 1.404376773337384049e-10
1.399174906338697677e-01 1.161656444364280429e-10
1.404771605964052761e-01 7.091387740441190135e-09
1.410390692387908651e-01 7.560075414521224513e-10
1.416032255157460562e-01 2.508481108386273886e-08
1.421696384178090522e-01 9.978415447715678139e-11
1.427383169714803168e-01 6.342372079788513544e-09
1.433092702393662099e-01 1.289596810262165355e-07
1.438825073203236771e-01 2.032497086877379027e-08
1.444580373496049674e-01 8.266309308804008537e-08
1.450358694990033503e-01 2.517600063216056064e-08
1.456160129769993872e-01 2.427051418972072454e-07
1.461984770289073976e-01 3.752456202164028578e-07
1.467832709370230082e-01 1.127816730164308927e-07
1.473704040207710897e-01 4.758949744833461685e-07
1.479598856368541382e-01 7.571066989084142759e-09
1.485517251794015725e-01 2.467106611525812122e-07
1.491459320801191979e-01 3.688667202997976306e-07
1.497425158084396690e-01 9.413767746265532360e-08
1.503414858716734248e-01 4.127969691087190682e-07
1.509428518151600951e-01 9.408402665259841253e-08
1.515466232224207677e-01 6.768934755354188707e-09
1.521528097153104220e-01 2.188217927823828057e-08
1.527614209541716672e-01 6.969770893804463008e-09
1.533724666379883694e-01 6.276741652365719272e-09
1.539859565045403056e-01 7.932598952575781866e-09
1.546019003305584838e-01 6.025735834284114960e-10
1.552203079318807133e-01 2.889703098763405738e-09
1.558411891636082569e-01 2.849472602042688697e-09
1.564645539202626778e-01 2.170408329524302450e-09
1.570904121359437411e-01 6.041467110507636578e-09
1.577187737844875093e-01 2.745714820064324448e-09
1.583496488796254653e-01 8.454922048044565950e-09
1.589830474751439959e-01 1.433271166696144262e-08
1.596189796650445414e-01 6.992704428527045006e-09
1.602574555837047166e-01 9.337791788480453274e-09
1.608984854060395708e-01 1.618507970468272861e-08
1.615420793476636807e-01 1.504243594420618128e-08
1.621882476650543525e-01 2.176276866551097082e-08
1.628370006557145755e-01 2.225999973781186878e-08
1.634883486583374457e-01 3.193955564654064624e-08
1.641423020529707844e-01 4.385005435645219294e-08
1.647988712611826723e-01 4.828161275294886576e-08
1.654580667462274002e-01 3.613904961931726082e-08
1.661198990132123077e-01 8.517594876882117190e-08
1.667843786092651215e-01 9.425360309502983799e-08
1.674515161237022098e-01 1.476501679902403566e-07
1.681213221881969755e-01 2.846846556996728027e-07
1.687938074769497754e-01 2.455049086909406412e-07
1.694689827068575905e-01 7.412934651600972857e-07
1.701468586376850278e-01 6.444486564568787972e-07
1.708274460722357391e-01 8.145975336621210488e-07
1.715107558565246715e-01 1.100964501158596545e-06
1.721967988799507909e-01 1.085413405843092596e-06
1.728855860754705820e-01 1.840702753017379573e-06
1.735771284197724640e-01 1.495388405090378716e-06
1.742714369334515678e-01 1.546014669928638491e-06
1.749685226811853456e-01 4.291914723276634696e-06
1.756683967719100681e-01 2.773412623497283874e-06
1.763710703589977391e-01 7.279422064595485887e-06
1.770765546404337309e-01 9.366522344407571685e-06
1.777848608589954471e-01 4.367014243218210900e-06
1.784960003024314568e-01 1.545489843718590275e-05
1.792099843036411844e-01 1.320379810830036723e-05
1.799268242408557650e-01 1.530719296143709604e-05
1.806465315378191772e-01 3.719749353940403683e-05
1.813691176639704306e-01 1.280967484397050394e-05
1.820945941346263086e-01 3.086667744163947962e-05
1.828229725111648329e-01 7.483203718705538725e-05
1.835542644012094771e-01 1.593920622342635067e-05
1.842884814588143239e-01 6.180846465154421206e-05
1.850256353846495561e-01 1.495474845270370733e-04
1.857657379261881403e-01 4.503781613411069411e-05
1.865088008778928996e-01 1.860707052863720418e-04
1.872548360814044743e-01 1.463711776722452821e-04
1.880038554257300876e-01 7.547787451466043073e-05
1.887558708474330049e-01 3.248402860821455085e-04
1.895108943308226879e-01 2.081072412553825520e-04
1.902689379081460019e-01 1.558349393486075643e-04
1.910300136597785636e-01 7.113059842198076171e-04
1.917941337144176972e-01 3.621834533011458854e-04
1.925613102492753359e-01 5.178420501397350490e-04
1.933315554902724498e-01 1.255463886472640150e-03
1.941048817122335568e-01 9.454191796883166035e-04
1.948813012390824828e-01 9.344244268958292301e-04
1.956608264440388156e-01 2.417894954688600603e-03
1.964434697498149418e-01 1.176756358738090388e-03
1.972292436288141937e-01 1.832620722670684661e-03
1.980181606033294406e-01 3.297322478200319720e-03
1.988102332457427346e-01 2.481764519385895422e-03
1.996054741787257336e-01 2.366949203686958929e-03
2.004038960754406518e-01 3.363929103209222296e-03
2.012055116597424309e-01 3.654138861144658971e-03
2.020103337063813842e-01 4.109619082582941473e-03
2.028183750412069219e-01 5.534130022991041314e-03
2.036296485413717494e-01 4.628453117890767715e-03
2.044441671355372303e-01 4.244177559750143824e-03
2.052619438040793887e-01 6.495858330282806500e-03
2.060829915792957157e-01 6.361910560078548778e-03
2.069073235456129201e-01 6.783495680259390113e-03
2.077349528397953449e-01 7.823966827105306027e-03
2.085658926511545219e-01 9.884555867334559806e-03
2.094001562217591150e-01 1.103283186174539889e-02
2.102377568466461677e-01 1.192342801526748673e-02
2.110787078740327671e-01 1.123005624123459174e-02
2.119230227055288740e-01 1.502125357552567576e-02
2.127707147963510126e-01 1.761635372457023493e-02
2.136217976555363773e-01 2.129114009995327142e-02
2.144762848461585492e-01 1.713466960894001467e-02
2.153341899855431840e-01 2.576825436996338717e-02
2.161955267454853669e-01 3.413250890282404360e-02
2.170603088524672986e-01 4.060460733496633334e-02
2.179285500878772042e-01 3.481353316363305916e-02
2.188002642882286852e-01 4.048892856137559920e-02
2.196754653453815986e-01 6.283820042258757288e-02
2.205541672067631020e-01 6.085922996003942376e-02
2.214363838755901703e-01 1.171490121172186621e-01
2.223221294110925284e-01 7.206703703166082720e-02
2.232114179287369160e-01 2.045083510742048138e-01
2.241042636004518529e-01 1.382860774012298621e-01
2.250006806548536520e-01 3.605355433880939042e-01
2.259006833774730438e-01 2.173022448060509260e-01
2.268042861109829667e-01 3.269620236147908754e-01
2.277115032554268836e-01 3.998921602775444839e-01
2.286223492684485714e-01 4.408370496787422654e-01
2.295368386655223802e-01 1.090386623959605616e+00
2.304549860201844658e-01 3.232153478283748549e-01
2.313768059642651864e-01 1.010797218630319128e+00
2.323023131881222503e-01 8.982078062924188089e-01
2.332315224408747223e-01 1.725964808130664885e+00
2.341644485306381973e-01 2.162234607657508967e+00
2.351011063247607502e-01 7.720117798574696044e-01
2.360415107500598020e-01 2.828553325289806519e+00
2.369856767930600405e-01 8.958171960014676971e-01
2.379336195002322851e-01 3.778461351692900205e+00
2.388853539782332114e-01 2.933961938607483777e+00
2.398408953941461863e-01 1.017525667907542442e+01
2.408002589757227141e-01 1.186899144321622224e+01
2.417634600116256582e-01 3.449756033074570905e+00
2.427305138516721306e-01 1.832321280221762549e+01
2.437014359070788505e-01 1.298207583335794268e+01
2.446762416507071713e-01 4.594531012313412788e+01
2.456549466173099938e-01 1.991326520802632061e+01
2.466375664037792625e-01 3.731560561922700003e+01
2.476241166693943785e-01 5.546696475928276726e+01
2.486146131360719436e-01 1.112921593541521759e+01
2.496090715886161993e-01 5.349837300479283897e+01
2.506075078749706586e-01 3.234218314866722466e+01
2.516099379064705155e-01 6.350431923334974016e+01
2.526163776580964138e-01 1.802004428868403920e+02
2.536268431687287994e-01 3.195430086622976091e+02
2.546413505414037437e-01 4.334634593664374620e+02
2.556599159435693491e-01 1.917377566955383941e+02
2.566825556073435988e-01 1.761986921267026389e+02
2.577092858297729827e-01 2.096363633373403275e+02
2.587401229730920682e-01 1.647723278869446233e+02
2.597750834649844576e-01 3.087475229534506411e+02
2.608141837988444123e-01 2.729720417502358032e+02
2.618574405340398092e-01 6.037401445179549455e+02
2.629048702961759298e-01 1.129202368305745495e+03
2.639564897773606367e-01 1.136874151763614236e+03
2.650123157364701054e-01 1.099524749839476044e+03
2.660723649994159445e-01 1.007225891481621943e+03
2.671366544594135917e-01 9.695328140700229369e+02
2.682052010772512096e-01 1.557664948704758444e+03
2.692780218815602478e-01 1.247921386156790049e+03
2.703551339690865030e-01 2.108702608711851099e+03
2.714365545049627904e-01 2.258798705509261254e+03
2.725223007229827243e-01 2.308851241392558677e+03
2.736123899258746106e-01 2.845382430512467636e+03
2.747068394855781692e-01 4.193110552241863843e+03
2.758056668435204806e-01 4.146409203782476652e+03
2.769088895108945403e-01 6.614825183376261521e+03
2.780165250689380918e-01 6.018358384491228207e+03
2.791285911692138466e-01 8.076873186545872159e+03
2.802451055338907038e-01 8.591005461081424073e+03
2.813660859560263017e-01 9.508084312828899783e+03
2.824915502998503469e-01 1.063597869501374953e+04
2.836215165010497197e-01 1.385219220063116882e+04
2.847560025670539119e-01 1.420013636126391611e+04
2.858950265773221866e-01 2.043883997903457930e+04
2.870386066836315142e-01 2.017506704807670758e+04
2.881867611103660631e-01 2.593862555269155928e+04
2.893395081548075787e-01 3.049759000627389833e+04
2.904968661874267610e-01 3.316445147831561189e+04
2.916588536521764197e-01 3.985962755860777543e+04
2.928254890667851273e-01 4.399051667502432247e+04
2.939967910230522619e-01 4.959450135993061849e+04
2.951727781871444911e-01 5.750588259236461454e+04
2.963534692998930908e-01 6.444257007434043044e+04
2.975388831770926501e-01 7.154091615306063613e+04
2.987290387098009981e-01 8.388418361317392555e+04
2.999239548646402409e-01 8.953633647579389799e+04
3.011236506840988536e-01 9.902226026698009809e+04
3.023281452868351593e-01 1.055759615474853053e+05
3.035374578679824742e-01 9.441000639458278602e+04
3.047516076994544187e-01 1.321379986174807709e+05
3.059706141302522830e-01 1.475627336027272686e+05
3.071944965867733357e-01 1.637843716040814761e+05
3.084232745731204095e-01 1.802387799666504434e+05
3.096569676714128194e-01 1.427550034983668011e+05
3.108955955420985018e-01 1.571996569261905970e+05
3.121391779242668751e-01 2.354925765992360830e+05
3.133877346359639215e-01 2.594321928876024031e+05
3.146412855745078230e-01 2.823166861310901004e+05
3.158998507168058190e-01 3.032119687203678186e+05
3.171634501196730627e-01 3.244095127432423760e+05
3.184321039201517545e-01 3.371820293163588503e+05
3.197058323358323295e-01 3.398472898249097634e+05
3.209846556651756444e-01 2.756429406690942706e+05
3.222685942878363852e-01 1.717769853841867298e+05
3.235576686649877520e-01 3.166642603695737780e+05
3.248518993396476984e-01 2.693636226669110474e+05
3.261513069370062801e-01 1.725524640378190670e+05
3.274559121647543369e-01 5.928620630766267277e+04
3.287657358134133401e-01 4.027139107485202658e+03
3.300807987566670154e-01 3.506185181847003118e+00
3.314011219516936890e-01 5.421752259931440676e+02
3.327267264395004642e-01 3.438662382648170751e+04
3.340576333452584534e-01 1.942527220969759219e+05
3.353938638786395088e-01 4.411262351226710016e+05
3.367354393341540630e-01 6.969961615906913066e+05
3.380823810914907468e-01 9.358024725316205295e+05
3.394347106158566718e-01 1.153690863199049374e+06
3.407924494583201014e-01 1.345136517687670188e+06
3.421556192561533982e-01 1.464852328133352334e+06
3.435242417331779707e-01 1.177566354879440274e+06
3.448983387001106626e-01 2.703929471231181524e+05
3.462779320549111417e-01 1.653003500118111726e+06
3.476630437831307319e-01 2.119991392647430766e+06
3.490536959582632992e-01 2.397295410913233180e+06
3.504499107420963600e-01 2.856731775473677553e+06
3.518517103850647421e-01 3.161900324076015502e+06
3.532591172266050239e-01 3.493607302034792490e+06
3.546721536955114717e-01 3.955550930421863683e+06
3.560908423102934761e-01 4.114214691961478908e+06
3.575152056795346533e-01 4.257218983160538599e+06
3.589452665022527800e-01 4.849374874649346806e+06
3.603810475682617254e-01 5.371210726627724245e+06
3.618225717585348278e-01 5.741672446568085812e+06
3.632698620455689364e-01 6.201310169439906254e+06
3.647229414937512293e-01 6.639847943127248436e+06
3.661818332597261971e-01 7.409408914571393281e+06
3.676465605927651259e-01 7.281775807563746348e+06
3.691171468351361895e-01 7.998143309886259958e+06
3.705936154224767076e-01 8.049996639133546501e+06
3.720759898841666247e-01 8.428987532197291031e+06
3.735642938437032656e-01 9.063347437089042738e+06
3.750585510190780902e-01 9.865080555253814906e+06
3.765587852231543908e-01 1.131963338497541845e+07
3.780650203640470441e-01 1.298756622659238987e+07
3.795772804455032068e-01 1.366002829463165812e+07
3.810955895672852312e-01 1.455793692534285039e+07
3.826199719255543585e-01 1.422332014858224802e+07
3.841504518132565771e-01 1.595590703739004955e+07
3.856870536205096456e-01 1.593213281397881359e+07
3.872298018349916715e-01 1.743989005207818747e+07
3.887787210423316320e-01 1.836128266187739372e+07
3.903338359265008939e-01 2.004422550288973376e+07
3.918951712702069545e-01 2.155741799586303160e+07
3.934627519552877928e-01 2.362466146995037794e+07
3.950366029631089404e-01 2.789825054104691371e+07
3.966167493749613859e-01 2.977192569183525071e+07
3.982032163724612550e-01 3.121405306600202620e+07
3.997960292379510450e-01 3.152560225768924877e+07
4.013952133549028578e-01 2.882428273076441884e+07
4.030007942083224659e-01 1.509477552619817667e+07
4.046127973851557647e-01 3.948962550183610874e+05
4.062312485746963908e-01 1.619924399915199354e+07
4.078561735689951728e-01 3.557174621502923965e+07
4.094875982632711353e-01 4.390222103248389065e+07
4.111255486563242245e-01 4.858977156246606261e+07
4.127700508509495880e-01 5.194486496990761161e+07
4.144211310543532978e-01 5.468771250042588264e+07
4.160788155785707931e-01 5.708315861063297838e+07
4.177431308408850463e-01 5.934520585975553095e+07
4.194141033642486138e-01 6.178634013648880273e+07
4.210917597777056320e-01 6.472987055911136419e+07
4.227761268168164221e-01 6.851848839568492770e+07
4.244672313240837602e-01 7.332269807135362923e+07
4.261651002493800910e-01 7.918303631871387362e+07
4.278697606503775730e-01 8.592356740722686052e+07
4.295812396929790666e-01 9.334787694167943299e+07
4.312995646517510107e-01 1.017049192881379128e+08
4.330247629103580187e-01 1.103701466644041687e+08
4.347568619619994745e-01 1.194746031342515051e+08
4.364958894098474596e-01 1.276346956272227168e+08
4.382418729674867897e-01 1.333970710356884152e+08
4.399948404593567730e-01 1.479979871637734771e+08
4.417548198211941890e-01 1.577757444032862484e+08
4.435218391004789873e-01 1.650323013788808286e+08
4.452959264568808750e-01 1.782607673768623769e+08
4.470771101627084021e-01 1.908705630647633970e+08
4.488654186033592119e-01 2.013791988789135814e+08
4.506608802777726241e-01 2.194928409977699220e+08
4.524635237988837710e-01 2.331974389618107080e+08
4.542733778940792333e-01 2.470794289115222096e+08
4.560904714056555065e-01 2.565274106601600945e+08
4.579148332912781894e-01 2.641051148422212005e+08
4.597464926244433370e-01 2.867287473860995770e+08
4.615854785949410899e-01 3.020902526702491045e+08
4.634318205093208576e-01 3.166930719993039370e+08
4.652855477913582227e-01 3.317263609954434633e+08
4.671466899825236219e-01 3.461797582512598634e+08
4.690152767424536906e-01 3.607720016070572138e+08
4.708913378494234969e-01 3.701770614122403860e+08
4.727749032008212171e-01 3.713764137129646540e+08
4.746660028136244769e-01 3.622903535119823813e+08
4.765646668248789131e-01 3.395807909672014117e+08
4.784709254921784560e-01 2.921449538059393167e+08
4.803848091941470555e-01 2.520866569310083389e+08
4.823063484309236815e-01 2.052277557255757451e+08
4.842355738246474361e-01 1.592955824670700431e+08
4.861725161199459966e-01 1.245951513932848871e+08
4.881172061844257226e-01 9.787256350036722422e+07
4.900696750091634302e-01 7.782981121649686992e+07
4.920299537092001074e-01 6.020910216629000753e+07
4.939980735240369625e-01 4.336931605389064550e+07
4.959740658181330253e-01 2.870850138430768624e+07
4.979579620814056362e-01 1.731739015336304903e+07
4.999497939297311566e-01 9.621916360979354009e+06
5.019495931054501758e-01 5.282456400502972305e+06
5.039573914778719965e-01 3.304430419463363476e+06
5.059732210437835054e-01 2.586067056129454169e+06
5.079971139279585435e-01 2.414913255131744780e+06
5.100291023836703852e-01 2.353958120385788381e+06
5.120692187932051054e-01 2.205176531924118288e+06
5.141174956683780550e-01 2.035915591875961283e+06
5.161739656510514473e-01 1.932313039035595953e+06
5.182386615136556074e-01 1.835019423414898571e+06
5.203116161597103329e-01 1.682057530149717350e+06
5.223928626243490303e-01 1.523197250830213539e+06
5.244824340748465152e-01 1.393714901407544035e+06
5.265803638111459239e-01 1.258672388360868441e+06
5.286866852663905103e-01 1.121629517324324232e+06
5.308014320074561088e-01 1.014497655164030031e+06
5.329246377354859288e-01 9.183339391950299032e+05
5.350563362864277916e-01 8.237742976124570705e+05
5.371965616315735881e-01 7.517184896027999930e+05
5.393453478780998456e-01 6.871742593880422646e+05
5.415027292696121819e-01 6.207770941519474145e+05
5.436687401866906466e-01 5.692079414061695570e+05
5.458434151474373941e-01 5.202658486205833033e+05
5.480267888080271321e-01 4.700362726517998381e+05
5.502188959632591247e-01 4.298449209878848633e+05
5.524197715471121928e-01 3.924236505591238383e+05
5.546294506333006025e-01 3.550869539047318394e+05
5.568479684358338400e-01 3.225931063572323765e+05
5.590753603095770519e-01 2.941207367129225167e+05
5.613116617508153716e-01 2.650004612729645451e+05
5.635569083978186899e-01 2.419762090164590627e+05
5.658111360314097560e-01 2.183181956639802665e+05
5.680743805755354980e-01 1.989886060552831914e+05
5.703466780978375672e-01 1.816941303507689736e+05
5.726280648102289872e-01 1.671503430743475619e+05
5.749185770694699160e-01 1.537316604276849248e+05
5.772182513777477375e-01 1.411587716780698393e+05
5.795271243832587071e-01 1.288265998881805863e+05
5.818452328807918184e-01 1.166576396711980196e+05
5.841726138123150003e-01 1.045614238385123463e+05
5.865093042675643131e-01 8.080535436849693360e+04
5.888553414846344758e-01 6.195287335839709704e+04
5.912107628505729462e-01 7.777803360888396855e+04
5.935756059019753339e-01 1.268914633483857906e+05
5.959499083255832552e-01 1.805864724462418817e+05
5.983337079588855190e-01 2.413114176242346293e+05
6.007270427907210886e-01 3.209780237543557305e+05
6.031299509618840426e-01 4.323683592191560892e+05
6.055424707657315331e-01 5.818856060139395995e+05
6.079646406487945187e-01 7.858985331141545903e+05
6.103964992113897203e-01 1.072404656513408059e+06
6.128380852082353503e-01 1.467721507836089469e+06
6.152894375490681744e-01 2.004406787220182363e+06
6.177505952992645710e-01 2.708468381917079445e+06
6.202215976804615893e-01 3.624170407359413337e+06
6.227024840711834486e-01 4.819797103936667554e+06
6.251932940074681477e-01 6.389133502348197624e+06
6.276940671834980723e-01 8.427979204478710890e+06
6.302048434522321552e-01 1.111533658770097792e+07
6.327256628260409244e-01 1.455966237714180537e+07
6.352565654773452142e-01 1.886310471550462395e+07
6.377975917392545435e-01 2.426867821898033842e+07
6.403487821062116003e-01 3.096215942405308038e+07
6.429101772346363930e-01 3.918317205812299997e+07
6.454818179435749537e-01 4.935099446724569798e+07
6.480637452153492628e-01 6.192412547902031243e+07
6.506560001962106154e-01 7.746993868407262862e+07
6.532586241969955410e-01 9.673670273850819468e+07
6.558716586937833881e-01 1.204979393570972681e+08
6.584951453285585732e-01 1.494480293603971303e+08
6.611291259098727169e-01 1.848993794226816595e+08
6.637736424135122215e-01 2.281788596186705530e+08
6.664287369831662922e-01 2.796642637494415641e+08
6.690944519310989547e-01 3.398540951280326247e+08
6.717708297388232941e-01 4.103052723232048154e+08
6.744579130577786907e-01 4.908051525766409039e+08
6.771557447100098326e-01 5.769601069350374937e+08
6.798643676888498355e-01 6.596518851612522602e+08
6.825838251596052508e-01 7.285229722117516994e+08
6.853141604602436265e-01 7.712222291744892597e+08
6.880554171020846210e-01 7.801510826248872280e+08
6.908076387704928933e-01 7.592521027528538704e+08
6.935708693255748791e-01 7.282933298910039663e+08
6.963451528028771209e-01 7.168300430043085814e+08
6.991305334140887062e-01 7.255246223162449598e+08
7.019270555477450380e-01 7.593141337384384871e+08
7.047347637699360456e-01 8.121065480462555885e+08
7.075537028250157290e-01 8.702148589920816422e+08
7.103839176363159202e-01 9.251894001050333977e+08
7.132254533068611568e-01 9.770553259222253561e+08
7.160783551200886610e-01 1.011857932196996212e+09
7.189426685405689854e-01 1.038278502019006491e+09
7.218184392147313222e-01 1.044371904565158606e+09
7.247057129715901436e-01 1.021273273497558713e+09
7.276045358234763949e-01 9.901873032470279932e+08
7.305149539667704639e-01 9.361098655655710697e+08
7.334370137826373703e-01 8.855493224637260437e+08
7.363707618377679509e-01 8.318226127856606245e+08
7.393162448851190449e-01 7.785170281880954504e+08
7.422735098646596752e-01 7.178766452682938576e+08
7.452426039041182282e-01 6.610725701894632578e+08
7.482235743197346300e-01 6.028090686045906544e+08
7.512164686170136330e-01 5.322124152175200582e+08
7.542213344914817652e-01 4.704294854487982988e+08
7.572382198294477229e-01 4.077852857042732835e+08
7.602671727087656484e-01 3.152297365301724076e+08
7.633082413996006288e-01 1.454027275384849906e+08
7.663614743651989691e-01 1.573494891445707716e+07
7.694269202626597970e-01 2.201633777014439553e+07
7.725046279437104424e-01 1.014873488186498284e+08
7.755946464554852593e-01 2.358892003676025867e+08
7.786970250413072225e-01 4.320619922364047766e+08
7.818118131414724115e-01 6.305866437764045000e+08
7.849390603940383793e-01 8.259393909655312300e+08
7.880788166356144098e-01 1.049770482404063821e+09
7.912311319021569922e-01 1.309352602734695435e+09
7.943960564297655180e-01 1.616520637893197298e+09
7.975736406554845281e-01 1.976566188602845907e+09
8.007639352181065151e-01 2.384307784092432499e+09
8.039669909589789443e-01 2.828904436006073952e+09
8.071828589228148276e-01 3.325754400469187737e+09
8.104115903585061842e-01 3.861366212358793736e+09
8.136532367199402760e-01 4.445247105766681671e+09
8.169078496668199518e-01 5.101428407730285645e+09
8.201754810654874328e-01 5.589831223397589684e+09
8.234561829897493190e-01 6.637319999076614380e+09
8.267500077217083687e-01 7.656180379613328934e+09
8.300570077525952772e-01 8.554597336532048225e+09
8.333772357836056743e-01 9.560620785436162949e+09
8.367107447267401188e-01 1.059312641647982025e+10
8.400575877056470908e-01 1.179019519081210518e+10
8.434178180564695371e-01 1.305220062116292191e+10
8.467914893286955236e-01 1.441050920048671722e+10
8.501786552860102208e-01 1.579485538324579811e+10
8.535793699071543283e-01 1.724825362823183441e+10
8.569936873867830540e-01 1.874637753268726730e+10
8.604216621363300899e-01 1.798071325989832687e+10
8.638633487848753623e-01 1.250464426803465652e+10
8.673188021800150027e-01 1.582046107353404617e+10
8.707880773887352044e-01 1.634258219636701012e+10
8.742712296982900755e-01 1.804318607301009369e+10
8.777683146170831563e-01 1.985424675387719727e+10
8.812793878755513788e-01 2.219751954119984436e+10
8.848045054270535781e-01 2.499595192291667175e+10
8.883437234487617795e-01 2.668955046382517624e+10
8.918970983425568155e-01 2.903171219206293488e+10
8.954646867359271623e-01 2.963273278893259048e+10
8.990465454828707736e-01 3.223236544526762009e+10
9.026427316648023558e-01 3.532878972636478424e+10
9.062533025914615292e-01 3.726715211083679199e+10
9.098783158018273198e-01 3.971225200193856049e+10
9.135178290650346478e-01 4.176008996676247406e+10
9.171719003812948134e-01 4.317290053417895508e+10
9.208405879828199803e-01 4.624238715366752625e+10
9.245239503347512100e-01 4.746172628923223114e+10
9.282220461360901620e-01 3.441861272705713654e+10
9.319349343206346781e-01 3.543047642701486206e+10
9.356626740579171431e-01 4.002487749694690704e+10
9.394053247541488405e-01 4.792302313474990845e+10
9.431629460531654185e-01 4.790698719997801208e+10
9.469355978373780180e-01 4.830509215727932739e+10
9.507233402287275092e-01 4.877530040393238068e+10
9.545262335896426142e-01 5.126469180835372925e+10
9.583443385240012491e-01 4.935514128715910339e+10
9.621777158780971950e-01 5.195757677922052002e+10
9.660264267416096562e-01 5.595297943688061523e+10
9.698905324485760371e-01 6.045414044735196686e+10
9.737700945783701600e-01 6.156031403941922760e+10
9.776651749566835914e-01 6.516908018277075195e+10
9.815758356565105203e-01 6.810157241084585571e+10
9.855021389991363012e-01 7.082221897549008179e+10
9.894441475551331022e-01 7.158022707604209900e+10
9.934019241453534432e-01 6.939769643370233154e+10
9.973755318419349480e-01 6.276444872870821381e+10
1.001365033969302543e+00 5.327771803593502808e+10
1.005370494105179757e+00 6.060463846710243988e+10
1.009391976081600362e+00 6.553419165141555023e+10
1.013429543985926884e+00 7.094481979703805542e+10
1.017483262161870350e+00 7.544454298295021057e+10
1.021553195210518128e+00 7.809160975346253967e+10
1.025639407991360219e+00 8.235123801289453125e+10
1.029741965623325539e+00 8.525760760711383057e+10
1.033860933485818867e+00 8.816258384605427551e+10
1.037996377219762012e+00 9.202520937195480347e+10
1.042148362728641198e+00 9.427876972920449829e+10
1.046316956179555557e+00 9.765683074353712463e+10
1.050502224004274066e+00 1.001072103208244629e+11
1.054704232900291139e+00 1.027226487432678070e+11
1.058923049831892227e+00 1.040959305127439880e+11
1.063158742031219628e+00 1.069025063707718048e+11
1.067411376999344741e+00 1.079658387814901276e+11
1.071681022507342096e+00 1.098616009850565948e+11
1.075967746597371377e+00 1.117799367640913696e+11
1.080271617583760779e+00 1.132689218305191193e+11
1.084592704054095913e+00 1.141119789421936798e+11
1.088931074870312044e+00 1.113805317059951630e+11
1.093286799169793433e+00 1.022588957257882690e+11
1.097659946366472461e+00 9.318855862801640320e+10
1.102050586151938294e+00 8.056892446639743042e+10
1.106458788496546219e+00 6.977274473499069214e+10
1.110884623650532532e+00 5.886900582238663483e+10
1.115328162145134749e+00 5.170688801638970184e+10
1.119789474793714934e+00 5.979571619328540802e+10
1.124268632692889902e+00 6.560003967534535217e+10
1.128765707223661430e+00 7.491634765096192932e+10
1.133280770052556230e+00 4.624059835409564209e+10
1.137813893132766374e+00 6.995771853953973389e+10
1.142365148705297484e+00 7.160491283883842468e+10
1.146934609300118479e+00 7.756050047572184753e+10
1.151522347737319096e+00 7.232988925799560547e+10
1.156128437128268516e+00 6.918954685129963684e+10
1.160752950876781542e+00 6.829168582911744690e+10
1.165395962680288999e+00 7.249765003533816528e+10
1.170057546531009907e+00 6.614351218940190887e+10
1.174737776717134086e+00 7.026375169422048950e+10
1.179436727824002773e+00 6.901650826128172302e+10
1.184154474735298557e+00 8.869663356235650635e+10
1.188891092634239977e+00 1.008833041754483643e+11
1.193646657004777012e+00 1.077986585712671356e+11
1.198421243632796118e+00 1.144804006157687531e+11
1.203214928607327261e+00 1.200821771840966339e+11
1.208027788321756724e+00 1.268553177650179596e+11
1.212859899475043468e+00 1.294082042331120300e+11
1.217711339072943710e+00 1.354293480400376587e+11
1.222582184429235275e+00 1.381737455020582886e+11
1.227472513166952384e+00 1.423200018112809143e+11
1.232382403219620226e+00 1.455144829177410278e+11
1.237311932832498407e+00 1.487828812690930176e+11
1.242261180563828615e+00 1.456205000838400574e+11
1.247230225286083849e+00 1.530555819519909363e+11
1.252219146187228072e+00 1.477587144970405579e+11
1.257228022771976983e+00 1.583364958953320312e+11
1.262256934863064783e+00 1.596765324714839172e+11
1.267305962602517155e+00 1.603411892053529358e+11
1.272375186452927354e+00 1.586900220874920349e+11
1.277464687198738957e+00 1.590388692656941833e+11
1.282574545947533950e+00 1.555723573721300659e+11
1.287704844131324133e+00 1.524100146780736694e+11
1.292855663507849417e+00 1.506554136057755737e+11
1.298027086161880783e+00 1.478947029765055847e+11
1.303219194506528344e+00 1.481189608498574524e+11
1.308432071284554521e+00 1.464781900175511780e+11
1.313665799569692760e+00 1.422738905459530334e+11
1.318920462767971591e+00 1.416657192290256958e+11
1.324196144619043336e+00 1.252636140942426910e+11
1.329492929197519491e+00 9.220733015706388855e+10
1.334810900914309650e+00 3.475975233366813660e+10
1.340150144517967101e+00 1.323294495815198517e+10
1.345510745096038852e+00 9.100509929954563141e+09
1.350892788076423212e+00 7.399894502820007324e+09
1.356296359228728932e+00 4.648765053052608490e+09
1.361721544665643879e+00 6.816579009373523712e+09
1.367168430844306393e+00 9.958872462825996399e+09
1.372637104567683730e+00 9.794329178866136551e+09
1.378127652985954299e+00 1.678244193957249451e+10
1.383640163597898098e+00 1.051973688076920700e+10
1.389174724252289828e+00 1.089055342420844460e+10
1.394731423149298877e+00 8.525118202994840622e+09
1.400310348841896202e+00 9.346460970034078598e+09
1.405911590237263642e+00 1.083870590094451141e+10
1.411535236598212784e+00 7.804747706441954613e+09
1.417181377544605603e+00 8.558520508747123718e+09
1.422850103054784210e+00 8.991813127724590302e+09
1.428541503467003038e+00 1.245872567756745148e+10
1.434255669480871243e+00 1.066208259559788132e+10
1.439992692158794885e+00 1.217611350659212685e+10
1.445752662927429988e+00 1.669334135956729317e+10
1.451535673579139596e+00 2.230884032514241028e+10
1.457341816273456159e+00 2.690640978523621750e+10
1.463171183538549913e+00 2.552103043353295135e+10
1.469023868272704147e+00 2.463804597443481445e+10
1.474899963745795128e+00 3.069289514737192917e+10
1.480799563600778246e+00 3.361596932874207306e+10
1.486722761855181485e+00 3.525677729337195587e+10
1.492669652902602007e+00 3.999602251639595032e+10
1.498640331514212276e+00 4.450884474453477478e+10
1.504634892840269300e+00 4.842598808220099640e+10
1.510653432411630304e+00 5.250632812668403625e+10
1.516696046141276843e+00 6.054981938015662384e+10
1.522762830325842032e+00 6.857955801956285858e+10
1.528853881647145307e+00 7.411501561319857788e+10
1.534969297173733649e+00 8.023768872754280090e+10
1.541109174362428780e+00 8.691958992773867798e+10
1.547273611059878373e+00 9.818069624363999939e+10
1.553462705504118135e+00 1.006066840888906097e+11
1.559676556326134556e+00 1.052866237212736511e+11
1.565915262551438980e+00 1.103860128588784790e+11
1.572178923601644795e+00 1.139684283096419678e+11
1.578467639296051495e+00 1.169944146088507233e+11
1.584781509853235626e+00 1.205308865935650940e+11
1.591120635892648405e+00 1.197170572702398987e+11
1.597485118436219098e+00 1.193983684582548828e+11
1.603875058909963958e+00 1.165585545103544464e+11
1.610290559145603595e+00 1.114257606386071777e+11
1.616731721382186127e+00 1.065356947848786163e+11
1.623198648267714761e+00 1.012329693908059387e+11
1.629691442860785600e+00 9.795735577459330750e+10
1.636210208632228769e+00 9.754034897507205200e+10
1.642755049466757766e+00 9.777287891302319336e+10
1.649326069664624805e+00 9.868720224721115112e+10
1.655923373943283039e+00 9.632961464288273621e+10
1.662547067439056336e+00 9.339964291397004700e+10
1.669197255708812611e+00 7.872173154980268860e+10
1.675874044731648027e+00 8.324207407389025879e+10
1.682577540910574321e+00 8.637084268658244324e+10
1.689307851074216771e+00 8.075792549307801819e+10
1.696065082478513508e+00 7.682709888792147827e+10
1.702849342808427480e+00 7.517526552506616211e+10
1.709660740179661298e+00 7.379432375851390076e+10
1.716499383140379864e+00 6.586070280121794891e+10
1.723365380672941427e+00 6.271699118378853607e+10
1.730258842195633306e+00 5.463928503607524109e+10
1.737179877564415831e+00 4.845080637317896271e+10
1.744128597074673603e+00 4.084317560787794495e+10
1.751105111462972097e+00 3.736924573142173767e+10
1.758109531908824241e+00 3.046135355627425766e+10
1.765141970036459451e+00 2.553504835336537933e+10
1.772202537916605314e+00 2.210523743930379486e+10
1.779291348068271716e+00 1.735140997781551361e+10
1.786408513460544745e+00 1.489891089407308769e+10
1.793554147514387020e+00 1.104439836459864998e+10
1.800728364104444257e+00 1.191409412758654022e+10
1.807931277560862249e+00 9.277207123343004227e+09
1.815163002671105641e+00 1.115820772736052132e+10
1.822423654681789795e+00 1.221063160623848343e+10
1.829713349300517100e+00 8.151762159712926865e+09
1.837032202697718830e+00 8.617242186974502563e+09
1.844380331508509885e+00 9.638314272949306488e+09
1.851757852834543527e+00 8.486301143717347145e+09
1.859164884245881888e+00 6.200053117231198311e+09
1.866601543782865358e+00 5.640024385943863869e+09
1.874067949957996859e+00 7.215569577007471085e+09
1.881564221757828781e+00 1.283042475272983932e+10
1.889090478644860127e+00 1.253237559634744453e+10
1.896646840559439662e+00 1.607852305666443634e+10
1.904233427921677269e+00 1.259111339443654442e+10
1.911850361633363971e+00 1.415208034444976425e+10
1.919497763079897279e+00 1.268267699332361794e+10
1.927175754132217200e+00 1.007467216230580711e+10
1.934884457148745796e+00 8.771180204361225128e+09
1.942623994977340729e+00 7.626948802550269127e+09
1.950394490957250149e+00 1.001142727669017792e+10
1.958196068921079336e+00 8.643708451898376465e+09
1.966028853196763793e+00 1.136513724890255165e+10
1.973892968609550991e+00 1.094566184320955658e+10
1.981788540483989447e+00 1.312749509323628044e+10
1.989715694645925126e+00 1.404936079578425217e+10
1.997674557424508723e+00 1.644189123620251083e+10
2.005665255654207169e+00 1.816259597544634247e+10
2.013687916676823786e+00 1.966466029116880798e+10
2.021742668343530891e+00 2.248036959570146179e+10
2.029829639016905052e+00 2.238076027873017502e+10
2.037948957572972564e+00 2.468540097717826843e+10
2.046100753403264694e+00 2.670363470469352722e+10
2.054285156416877811e+00 2.772241906576545334e+10
2.062502297042545507e+00 2.874028628551210403e+10
2.070752306230715600e+00 2.976455652569619370e+10
2.079035315455638244e+00 2.943422371582870483e+10
2.087351456717461140e+00 3.012902000255398941e+10
2.095700862544330967e+00 3.002334394649736023e+10
2.104083665994508134e+00 2.981265918217716599e+10
2.112500000658485977e+00 2.964494508526704407e+10
2.120950000661120161e+00 2.906577046210473633e+10
2.129433800663764753e+00 2.869416293509403229e+10
2.137951535866419839e+00 2.811295687168503189e+10
2.146503342009885351e+00 2.751447201783329391e+10
2.155089355377924676e+00 2.656045339639094925e+10
2.163709712799436691e+00 2.543528882184179688e+10
2.172364551650634468e+00 2.466998971232606888e+10
2.181054009857236853e+00 2.342761113537159348e+10
2.189778225896665376e+00 2.206582154005404663e+10
2.198537338800252705e+00 1.875955713493842697e+10
2.207331488155453325e+00 1.714634053433737373e+10
2.216160814108075083e+00 1.849318470223152924e+10
2.225025457364507631e+00 1.788805677532317352e+10
2.233925559193965515e+00 1.703238095305023384e+10
2.242861261430741493e+00 1.570505134657846451e+10
2.251832706476463830e+00 1.505378460452956200e+10
2.260840037302370042e+00 1.405012492566016197e+10
2.269883397451579299e+00 1.399053258084023476e+10
2.278962931041386142e+00 1.341421619472876358e+10
2.288078782765551100e+00 1.271958049047313881e+10
2.297231097896613505e+00 1.255831318631141853e+10
2.306420022288200311e+00 1.446559411365288162e+10
2.315645702377353121e+00 1.336739214158841324e+10
2.324908285186861878e+00 1.153335126482473755e+10
2.334207918327609654e+00 1.094151355008677101e+10
2.343544750000919663e+00 1.048590117731416702e+10
2.352918929000923143e+00 1.143459338338269806e+10
2.362330604716927240e+00 1.273659686943848610e+10
2.371779927135795329e+00 1.056403508847557640e+10
2.381267046844337987e+00 1.034845894639694214e+10
2.390792115031715070e+00 1.212273646271396065e+10
2.400355283491842240e+00 1.259253938080821419e+10
2.409956704625809465e+00 1.240508099706481934e+10
2.419596531444312859e+00 1.180080702414820099e+10
2.429274917570089620e+00 1.240486332663330078e+10
2.438992017240370291e+00 1.116091617316316032e+10
2.448747985309331465e+00 9.723751729508110046e+09
2.458542977250568917e+00 1.028719606771784210e+10
2.468377149159570738e+00 9.194413101009246826e+09
2.478250657756209563e+00 7.129290598531603813e+09
2.488163660387234355e+00 7.534331692729601860e+09
2.498116315028783063e+00 6.920530185189937592e+09
2.508108780288898387e+00 4.919999598500413895e+09
2.518141215410053757e+00 4.580880460710127831e+09
2.528213780271693967e+00 3.566470753293701649e+09
2.538326635392781139e+00 3.707449055966938496e+09
2.548479941934351789e+00 2.895483475069411278e+09
2.558673861702089436e+00 3.666249553699190140e+09
2.568908557148898097e+00 3.169051016425521374e+09
2.579184191377493551e+00 3.231717138886035919e+09
2.589500928143003478e+00 3.041117116456907272e+09
2.599858931855575594e+00 3.529131725315001488e+09
2.610258367582998229e+00 4.626353267060284615e+09
2.620699401053329769e+00 5.152957549757083893e+09
2.631182198657543214e+00 4.768268175394613266e+09
2.641706927452173392e+00 6.954776469657691002e+09
2.652273755161981938e+00 5.961240811045096397e+09
2.662882850182629824e+00 4.167985963904634476e+09
2.673534381583360542e+00 2.217727516385241985e+09
2.684228519109693956e+00 2.282032296671394825e+09
2.694965433186132575e+00 3.013994350089245319e+09
2.705745294918877164e+00 2.954530093269639015e+09
2.716568276098552559e+00 3.203151617603398800e+09
2.727434549202946812e+00 4.914487842113955498e+09
2.738344287399758326e+00 3.314474476940993309e+09
2.749297664549357201e+00 5.482416442917801857e+09
2.760294855207554576e+00 3.552640710050172329e+09
2.771336034628385292e+00 3.557963836541052818e+09
2.782421378766898545e+00 2.842842546712174892e+09
2.793551064281966312e+00 4.637255180513304710e+09
2.804725268539093985e+00 2.986581983267634392e+09
2.815944169613250558e+00 3.926713566661167622e+09
2.827207946291703244e+00 5.449598614657947540e+09
2.838516778076869862e+00 3.721908613063746452e+09
2.849870845189177437e+00 4.227902792583239555e+09
2.861270328569933685e+00 5.116037988475008011e+09
2.872715409884213589e+00 4.815827254704911232e+09
2.884206271523750420e+00 5.309397382346917152e+09
2.895743096609845413e+00 5.683181864667038918e+09
2.907326068996284985e+00 5.672584621272280693e+09
2.918955373272270393e+00 6.612586328516944885e+09
2.930631194765359826e+00 7.691363844737322807e+09
2.942353719544420709e+00 7.410822025365645409e+09
2.954123134422598440e+00 7.252325321879082680e+09
2.965939626960289122e+00 7.547408329215970039e+09
2.977803385468130504e+00 8.258677333760442734e+09
2.989714599010003138e+00 9.388626244500658035e+09
3.001673457406043077e+00 6.947853458154148102e+09
3.013680151235667015e+00 9.691126769546804428e+09
3.025734871840609408e+00 9.622069349526596069e+09
3.037837811327972037e+00 1.106001154374258995e+10
3.049989162573283785e+00 8.943679578135318756e+09
3.062189119223576395e+00 1.127929840355082703e+10
3.074437875700470890e+00 1.009356429446623230e+10
3.086735627203272880e+00 9.048190339427930832e+09
3.099082569712085622e+00 9.260904163587726593e+09
3.111478899990933744e+00 8.051656366431773186e+09
3.123924815590897186e+00 8.723803793656589508e+09
3.136420514853261121e+00 7.047453319455169678e+09
3.148966196912674320e+00 6.512798448776017189e+09
3.161562061700325277e+00 5.861503498318373680e+09
3.174208309947126327e+00 5.619681142413420677e+09
3.186905143186915090e+00 5.267163140732597351e+09
3.199652763759662566e+00 4.628976813203150749e+09
3.212451374814701222e+00 5.239170634880535126e+09
3.225301180313960625e+00 5.292438354110033989e+09
3.238202385035215958e+00 5.872800048746967316e+09
3.251155194575356955e+00 6.613697941528635025e+09
3.264159815353658622e+00 7.290700379530184746e+09
3.277216454615073271e+00 8.254418869335598946e+09
3.290325320433533207e+00 9.262910309335079193e+09
3.303486621715267635e+00 8.055498649334988594e+09
3.316700568202128441e+00 2.063127504350492954e+09
3.329967370474937294e+00 1.527335573036383867e+09
3.343287239956836743e+00 3.341753153633601665e+09
3.356660388916663962e+00 5.444627592647242546e+09
3.370087030472330714e+00 7.263125700613403320e+09
3.383567378594220187e+00 7.247786236458465576e+09
3.397101648108596716e+00 6.962768966151744843e+09
3.410690054701031482e+00 6.549605795870359421e+09
3.424332814919834878e+00 6.357129211457763672e+09
3.438030146179514634e+00 6.133485904758246422e+09
3.451782266764232610e+00 6.155341432569621086e+09
3.465589395831289998e+00 6.606389619425704956e+09
3.479451753414614767e+00 6.632440689185297012e+09
3.493369560428273068e+00 7.067682290333476067e+09
3.507343038669985980e+00 7.869516490458644867e+09
3.521372410824665788e+00 8.226836301319010735e+09
3.535457900467964709e+00 8.283002137572380066e+09
3.549599732069836477e+00 8.756526970543664932e+09
3.563798130998116154e+00 9.474016942873373032e+09
3.578053323522108364e+00 1.043403738355641747e+10
3.592365536816196858e+00 1.184096065294325447e+10
3.606734998963461614e+00 1.231907311180868530e+10
3.621161938959315041e+00 1.384076319328182793e+10
3.635646586715152839e+00 1.535830852502360153e+10
3.650189173062013293e+00 1.654268290778542519e+10
3.664789929754260545e+00 1.782441175314537811e+10
3.679449089473277645e+00 1.967930262449140549e+10
3.694166885831170699e+00 2.035105516333053970e+10
3.708943553374495661e+00 2.142935375068438339e+10
3.723779327587993571e+00 2.240666153745301437e+10
3.738674444898345328e+00 2.338371294063169098e+10
3.753629142677938901e+00 2.465792524686798096e+10
3.768643659248651190e+00 2.453065672575111008e+10
3.783718233885645432e+00 2.515669866742044067e+10
3.798853106821188153e+00 2.581437284428829956e+10
3.814048519248473657e+00 2.636997568901097107e+10
3.829304713325467180e+00 2.705951940003031921e+10
3.844621932178768908e+00 2.699231148700942612e+10
3.860000419907484215e+00 2.788171613437576675e+10
3.875440421587113882e+00 2.800279742439935684e+10
3.890942183273462529e+00 2.788571691549159622e+10
3.906505952006555926e+00 2.807758312329160309e+10
3.922131975814582727e+00 2.835562267427530670e+10
3.937820503717840648e+00 2.830858738919136047e+10
3.953571785732711508e+00 2.793761983860784531e+10
3.969386072875642490e+00 2.765013187180877304e+10
3.985263617167145167e+00 2.717576307222256088e+10
4.001204671635814059e+00 2.659849154882713318e+10
4.017209490322357190e+00 2.654553860082419968e+10
4.033278328283646630e+00 2.506729954102598190e+10
4.049411441596781458e+00 2.466761591561380768e+10
4.065609087363168506e+00 2.406993341776540375e+10
4.081871523712622185e+00 2.158368245091925430e+10
4.098199009807472315e+00 2.165796517717998886e+10
4.114591805846702144e+00 2.110664833634779358e+10
4.131050173070089038e+00 1.884672225369205475e+10
4.147574373762369149e+00 1.998609636102114868e+10
4.164164671257418959e+00 1.753978788983115768e+10
4.180821329942449260e+00 1.688675209634615898e+10
4.197544615262219558e+00 1.802797050501145935e+10
4.214334793723269357e+00 1.600877299301403999e+10
4.231192132898162761e+00 1.741076829953864670e+10
4.248116901429755288e+00 1.394951461661960030e+10
4.265109369035473996e+00 1.577915471343381882e+10
4.282169806511615384e+00 1.437356785686316681e+10
4.299298485737661935e+00 1.202713059624973869e+10
4.316495679680612874e+00 1.197255138557283401e+10
4.333761662399335357e+00 1.286487861663738823e+10
4.351096709048932532e+00 1.250729299649799156e+10
4.368501095885127583e+00 1.340509384902412605e+10
4.385975100268668214e+00 1.293395755195604706e+10
4.403519000669743555e+00 1.213158391043227386e+10
4.421133076672422391e+00 1.309855862842951393e+10
4.438817608979111817e+00 1.098391621024287033e+10
4.456572879415028332e+00 1.272430068172945213e+10
4.474399170932688463e+00 1.067116147293537712e+10
4.492296767616419828e+00 1.165405046876203918e+10
4.510265954686884626e+00 1.207416413900008965e+10
4.528307018505633330e+00 9.698482251606756210e+09
4.546420246579655711e+00 1.248195796106123734e+10
4.564605927565974497e+00 1.141353181274967003e+10
4.582864351276237258e+00 1.221594860324544144e+10
4.601195808681342925e+00 1.183393984617628479e+10
4.619600591916067422e+00 9.694026573030906677e+09
4.638078994283731937e+00 1.086010142816523552e+10
4.656631310260867629e+00 1.001430537665750694e+10
4.675257835501911430e+00 9.156745350701873779e+09
4.693958866843916944e+00 1.183680988764667130e+10
4.712734702311292878e+00 9.586879996393392563e+09
4.731585641120538810e+00 9.483395602584863663e+09
4.750511983685020923e+00 1.071980138853421211e+10
4.769514031619761063e+00 8.846035205359292984e+09
4.788592087746240011e+00 7.884721344899215698e+09
4.807746456097224730e+00 9.182204522435880661e+09
4.826977441921613377e+00 9.035192012900691986e+09
4.846285351689299858e+00 7.512701592202849388e+09
4.865670493096057925e+00 8.675782706581871033e+09
4.885133175068442135e+00 7.950979333323485374e+09
4.904673707768715474e+00 7.733387265519678116e+09
4.924292402599791174e+00 7.850406663731282234e+09
4.943989572210189642e+00 6.808503920557418823e+09
4.963765530499030021e+00 5.973049596952679634e+09
4.983620592621027079e+00 8.124105441983452797e+09
5.003555074991511198e+00 6.885523491377997398e+09
5.023569295291476777e+00 5.125952500271753311e+09
5.043663572472643075e+00 6.727574956045961380e+09
5.063838226762532813e+00 7.070851247404311180e+09
5.084093579669583640e+00 5.421321073611861229e+09
5.104429953988261381e+00 5.963186847938507080e+09
5.124847673804215020e+00 6.157201915498291969e+09
5.145347064499431688e+00 4.228937179461883545e+09
5.165928452757428957e+00 4.656717827402139664e+09
5.186592166568458673e+00 6.114984217004094124e+09
5.207338535234733001e+00 3.690825086821749210e+09
5.228167889375671784e+00 5.010892983986569405e+09
5.249080560933174766e+00 4.863329449983758926e+09
5.270076883176907145e+00 4.375585498215538025e+09
5.291157190709615321e+00 4.284967600318029881e+09
5.312321819472453299e+00 4.615445089953077316e+09
5.333571106750343738e+00 5.286913544913708687e+09
5.354905391177344320e+00 3.233371991906545162e+09
5.376325012742054099e+00 3.639914923186280251e+09
5.397830312793021612e+00 4.144603754815289974e+09
5.419421634044193858e+00 2.428669424811110973e+09
5.441099320580370602e+00 3.969044675434033394e+09
5.462863717862692425e+00 3.189393184982120514e+09
5.484715172734142996e+00 3.578306384695727825e+09
5.506654033425078865e+00 3.457500420189944744e+09
5.528680649558780580e+00 2.995047165081698418e+09
5.550795372157015350e+00 2.843546980169844151e+09
5.572998553645643227e+00 2.603715238011003971e+09
5.595290547860225949e+00 3.134510562301681995e+09
5.617671710051667766e+00 2.960728496821793556e+09
5.640142396891874021e+00 2.837958105987896919e+09
5.662702966479441713e+00 2.892679107429772854e+09
5.685353778345359821e+00 2.514922302314254761e+09
5.708095193458740724e+00 2.455164511391203880e+09
5.730927574232576482e+00 2.319669532044661999e+09
5.753851284529505783e+00 2.666382492897140503e+09
5.776866689667624399e+00 2.266349851316219807e+09
5.799974156426294769e+00 2.941293547213054180e+09
5.823174053051999977e+00 1.992341341375904083e+09
5.846466749264207508e+00 2.646140198881213665e+09
5.869852616261264977e+00 2.051085582585780621e+09
5.893332026726310069e+00 2.020894462087276936e+09
5.916905354833215114e+00 2.704257035002540588e+09
5.940572976252548543e+00 1.910664499587983608e+09
5.964335268157558545e+00 2.580455856010179996e+09
5.988192609230189589e+00 2.582217215587783337e+09
6.012145379667110490e+00 2.854983170911599159e+09
6.036193961185778889e+00 2.361880000727731705e+09
6.060338737030522616e+00 2.032467675139031649e+09
6.084580091978644134e+00 2.803578612984303951e+09
6.108918412346558746e+00 2.208315647760439396e+09
6.133354085995945226e+00 2.938889517840641022e+09
6.157887502339929320e+00 2.075730931732064962e+09
6.182519052349287669e+00 2.304994508272361279e+09
6.207249128558685491e+00 2.711730150275498867e+09
6.232078125072920471e+00 2.782767126824983120e+09
6.257006437573212843e+00 3.037603224732889175e+09
6.282034463323505236e+00 2.994082201865130424e+09
6.307162601176800720e+00 3.247570034244173050e+09
6.332391251581507063e+00 2.948830521921324730e+09
6.357720816587833390e+00 2.784256839480872631e+09
6.383151699854184180e+00 2.449034566799768925e+09
6.408684306653601226e+00 1.799753530211109400e+09
6.434319043880215361e+00 1.983146559298165560e+09
6.460056320055736379e+00 1.834739054000096083e+09
6.485896545335958052e+00 1.350931533634274006e+09
6.511840131517302233e+00 1.562978461821354866e+09
6.537887492043371829e+00 1.716755496356665611e+09
6.564039042011545533e+00 1.423895072388446808e+09
6.590295198179591196e+00 1.324760678419233561e+09
6.616656378972309405e+00 1.380684707534195185e+09
6.643123004488199257e+00 1.457263885068542004e+09
6.669695496506150789e+00 1.597592463178073645e+09
6.696374278492176479e+00 1.784613143169215441e+09
6.723159775606144528e+00 1.480739971079590321e+09
6.750052414708568094e+00 1.882791678911482811e+09
6.777052624367403411e+00 1.508575561788437366e+09
6.804160834864871887e+00 1.534732531869507790e+09
6.831377478204331055e+00 1.495120582663164854e+09
6.858702988117148180e+00 1.315344775553451777e+09
6.886137800069615622e+00 1.830005597313848257e+09
6.913682351269895499e+00 1.824940083487586021e+09
6.941337080674975013e+00 1.900073835424889326e+09
6.969102428997675069e+00 1.545662353099996805e+09
6.996978838713665994e+00 1.719653216835456371e+09
7.024966754068519670e+00 1.650018518005410433e+09
7.053066621084793653e+00 1.385869971778938293e+09
7.081278887569133929e+00 1.642908046255799532e+09
7.109604003119409654e+00 1.514125409622973204e+09
7.138042419131887861e+00 1.556845536631541729e+09
7.166594588808414379e+00 1.394574911996341944e+09
7.195260967163648047e+00 1.447709133572174549e+09
7.224042011032302923e+00 1.405839712604098558e+09
7.252938179076432235e+00 1.354875254304776192e+09
7.281949931792737196e+00 1.249165591328957558e+09
7.311077731519908696e+00 1.357382294119738817e+09
7.340322042445988515e+00 1.134418264754651308e+09
7.369683330615771411e+00 1.214301762028078318e+09
7.399162063938235612e+00 1.319634852122560740e+09
7.428758712193988423e+00 1.231808690044916391e+09
7.458473747042765112e+00 1.095360398203497648e+09
7.488307642030935796e+00 1.226679890730587482e+09
7.518260872599060285e+00 1.391717078871974468e+09
7.548333916089456253e+00 1.330984832401540279e+09
7.578527251753813587e+00 1.283027067625856400e+09
7.608841360760829176e+00 1.205903046940552950e+09
7.639276726203872769e+00 1.593245487255551338e+09
7.669833833108687493e+00 9.601091674670528173e+08
7.700513168441122325e+00 9.909097838323454857e+08
7.731315221114887670e+00 9.733213943609688282e+08
7.762240481999347352e+00 9.835538818315552473e+08
7.793289443927344351e+00 1.142748651476284266e+09
7.824462601703054077e+00 1.178189429722480774e+09
7.855760452109866065e+00 1.171909917933535814e+09
7.887183493918306532e+00 1.056978430263860106e+09
7.918732227893980458e+00 1.186029833087833166e+09
7.950407156805555431e+00 1.247580593587525606e+09
7.982208785432777454e+00 1.391202280407788992e+09
8.014137620574508958e+00 1.232838072427313328e+09
8.046194171056805899e+00 1.132251929580694675e+09
8.078378947741034821e+00 1.280943122402779341e+09
8.110692463531997021e+00 1.371772351078996420e+09
8.143135233386125549e+00 1.234460069834282637e+09
8.175707774319670662e+00 1.172294156615502834e+09
8.208410605416949224e+00 1.196434938223313093e+09
8.241244247838615422e+00 1.227047635079905748e+09
8.274209224829968790e+00 1.310660617195763826e+09
8.307306061729288871e+00 1.359324593039942503e+09
8.340535285976207192e+00 1.237144694238978386e+09
8.373897427120111203e+00 1.177094489110236168e+09
8.407393016828594412e+00 1.394672641934884548e+09
8.441022588895906509e+00 1.317133208894768953e+09
8.474786679251490540e+00 1.384883234481443882e+09
8.508685825968495209e+00 1.166890443568219662e+09
8.542720569272368891e+00 1.365470601678277731e+09
8.576891451549458978e+00 1.439223235771536350e+09
8.611199017355655627e+00 1.408191388968005419e+09
8.645643813425078150e+00 1.263610749348200321e+09
8.680226388678779159e+00 1.348010093726593256e+09
8.714947294233493125e+00 1.452091431986900568e+09
8.749807083410427566e+00 1.350049772049365282e+09
8.784806311744070229e+00 1.282643071899083138e+09
8.819945536991047774e+00 1.331178462716276646e+09
8.855225319139009343e+00 1.475234180017467022e+09
8.890646220415566958e+00 1.522903355241341114e+09
8.926208805297228821e+00 1.329224388170332432e+09
8.961913640518417878e+00 1.194543537260703564e+09
8.997761295080492161e+00 1.414259043130044460e+09
9.033752340260813085e+00 1.389138325732331991e+09
9.069887349621856387e+00 1.328966558801666021e+09
9.106166899020346150e+00 1.342447816812603235e+09
9.142591566616424359e+00 1.365718730537027597e+09
9.179161932882891506e+00 1.366665838194596291e+09
9.215878580614422333e+00 1.304009266875010729e+09
9.252742094936881045e+00 1.423061347326188564e+09
9.289753063316627646e+00 1.236692805315395594e+09
9.326912075569895322e+00 1.289068500673275709e+09
9.364219723872173162e+00 1.381794553890723944e+09
9.401676602767663482e+00 1.305870092857200384e+09
9.439283309178733816e+00 1.172739341626415491e+09
9.477040442415447075e+00 1.194778497826355934e+09
9.514948604185111236e+00 1.306393245955780029e+09
9.553008398601852136e+00 1.353347401907779455e+09
9.591220432196260859e+00 1.293163782584770918e+09
9.629585313925044687e+00 1.222877709831712961e+09
9.668103655180747324e+00 1.186085637207942009e+09
9.706776069801470896e+00 1.263343335630420208e+09
9.745603174080676112e+00 1.299838432400760889e+09
9.784585586776998412e+00 1.332864077650634289e+09
9.823723929124106746e+00 1.135357702222198486e+09
9.863018824840601440e+00 1.175558382615386724e+09
9.902470900139965337e+00 9.976423975876998901e+08
9.942080783740523842e+00 1.201762644974656820e+09
9.981849106875488431e+00 1.252918786195533514e+09
1.002177650330298952e+01 1.202481991796197653e+09
1.006186360931619994e+01 1.101443286193320036e+09
1.010211106375346723e+01 1.090792996798874378e+09
1.014251950800847979e+01 1.207204359743929148e+09
1.018308958604051284e+01 1.187636159524968863e+09
1.022382194438467451e+01 1.179570827720165730e+09
1.026471723216221399e+01 1.048388380250821114e+09
1.030577610109086173e+01 9.779839710909416676e+08
1.034699920549522467e+01 5.915020188185825348e+08
1.038838720231720458e+01 5.619464340107911825e+08
1.042994075112647501e+01 6.236901824081797600e+08
1.047166051413097954e+01 6.562983389725165367e+08
1.051354715618750468e+01 6.749280794926846027e+08
1.055560134481225454e+01 7.559589954399790764e+08
1.059782375019150358e+01 7.779748307554014921e+08
1.064021504519226902e+01 7.422954187827640772e+08
1.068277590537303823e+01 6.975857077921559811e+08
1.072550700899452991e+01 5.450855079930088520e+08
1.076840903703050856e+01 5.798771851386071444e+08
1.081148267317863088e+01 6.906375474188916683e+08
1.085472860387134553e+01 7.137016980550462008e+08
1.089814751828683015e+01 7.152685818307023048e+08
1.094174010835997635e+01 6.672007845862580538e+08
1.098550706879341909e+01 6.120648469670475721e+08
1.102944909706859100e+01 6.222152517561618090e+08
1.107356689345686540e+01 7.528348148263410330e+08
1.111786116103069233e+01 7.750543896558628082e+08
1.116233260567481622e+01 7.796457311850969791e+08
1.120698193609751492e+01 7.750823220648764372e+08
1.125180986384190440e+01 6.252767673795166016e+08
1.129681710329727373e+01 7.837454459510715008e+08
1.134200437171046083e+01 7.563489980403643847e+08
1.138737238919730466e+01 7.449440483065615892e+08
1.143292187875409383e+01 7.761041307952460051e+08
1.147865356626910938e+01 7.217409306040716171e+08
1.152456818053418530e+01 6.598568314099203348e+08
1.157066645325632237e+01 6.425510069910488129e+08
1.161694911906934635e+01 6.481697626650482416e+08
1.166341691554562487e+01 6.375580381596115828e+08
1.171007058320780736e+01 4.982837046522216797e+08
1.175691086554063958e+01 5.423337834758301973e+08
1.180393850900279951e+01 5.864987511187225580e+08
1.185115426303881137e+01 6.404951302126353979e+08
1.189855888009096674e+01 6.051479442919864655e+08
1.194615311561133097e+01 6.060656027294515371e+08
1.199393772807377623e+01 5.598785655502505302e+08
1.204191347898607134e+01 6.180479842310247421e+08
1.209008113290201614e+01 4.648576445885326266e+08
1.213844145743362368e+01 5.886359438596919775e+08
1.218699522326335938e+01 6.377412227536913157e+08
1.223574320415641381e+01 5.209595653755737543e+08
1.228468617697303777e+01 4.741327489442071319e+08
1.233382492168093059e+01 5.553788598975044489e+08
1.238316022136765504e+01 3.938313793969971538e+08
1.243269286225312520e+01 4.564575262384783626e+08
1.248242363370213859e+01 5.189161646809263825e+08
1.253235332823694748e+01 4.078883463841624856e+08
1.258248274154989410e+01 4.151447809928307533e+08
1.263281267251609385e+01 4.796469892069510221e+08
1.268334392320615756e+01 4.571622721886606812e+08
1.273407729889898299e+01 4.133196902109999657e+08
1.278501360809457665e+01 4.649998823417962193e+08
1.283615366252695544e+01 4.153736553186427355e+08
1.288749827717706253e+01 4.292636097974537611e+08
1.293904827028577031e+01 4.301693456766839027e+08
1.299080446336691352e+01 4.329091064140049219e+08
1.304276768122038099e+01 3.605807978062102199e+08
1.309493875194526424e+01 4.372326607173194885e+08
1.314731850695304693e+01 3.749433171556501985e+08
1.319990778098085649e+01 4.140245464188514352e+08
1.325270741210477965e+01 3.466910030279465318e+08
1.330571824175319939e+01 3.263610655709714890e+08
1.335894111472021173e+01 3.737698645100280046e+08
1.341237687917909227e+01 3.288476627535710931e+08
1.346602638669580898e+01 3.083359956808289289e+08
1.351989049224258999e+01 3.620777217913834453e+08
1.357397005421156067e+01 3.456412044275199175e+08
1.362826593442840917e+01 3.382168136836817861e+08
1.368277899816612297e+01 3.294443159438188076e+08
1.373751011415878942e+01 3.117621887454295754e+08
1.379246015461542463e+01 3.402822825479758978e+08
1.384762999523388416e+01 3.076798759053876996e+08
1.390302051521481808e+01 3.297796659988820553e+08
1.395863259727567751e+01 3.370178189594268799e+08
1.401446712766477987e+01 2.812431390264694691e+08
1.407052499617543972e+01 3.159549380093938112e+08
1.412680709616014063e+01 2.929787937540497780e+08
1.418331432454478147e+01 2.520376453616134524e+08
1.424004758184296193e+01 2.738814817460425496e+08
1.429700777217033369e+01 3.095454006554421186e+08
1.435419580325901379e+01 2.527684709427264035e+08
1.441161258647204946e+01 2.444189060989320874e+08
1.446925903681793812e+01 2.395049705594558418e+08
1.452713607296521126e+01 2.301494576909312904e+08
1.458524461725707155e+01 2.728093486146333218e+08
1.464358559572609764e+01 2.619767341038022041e+08
1.470215993810900557e+01 2.553793146084128022e+08
1.476096857786143879e+01 2.711816607898936868e+08
1.482001245217288599e+01 2.405761071865368187e+08
1.487929250198157760e+01 2.134186717013560534e+08
1.493880967198950316e+01 2.238032990867591500e+08
1.499856491067746056e+01 2.282804293967277706e+08
1.505855917032016933e+01 2.259984436499666572e+08
1.511879340700144958e+01 2.361655818970212638e+08
1.517926858062945605e+01 2.056449815024887025e+08
1.523998565495197433e+01 2.440941325775845647e+08
1.530094559757178274e+01 2.365421192965126038e+08
1.536214937996206764e+01 2.076461956304920018e+08
1.542359797748191674e+01 2.019721015602137744e+08
1.548529236939184450e+01 1.984624170935546160e+08
1.554723353886941339e+01 1.761200417820670605e+08
1.560942247302489072e+01 1.833257108494016230e+08
1.567186016291699069e+01 1.957730326899144053e+08
1.573454760356865556e+01 1.628618940600834191e+08
1.579748579398293096e+01 1.690371635728354752e+08
1.586067573715886247e+01 1.820409998669895828e+08
1.592411844010749888e+01 1.882539457126984894e+08
1.598781491386792730e+01 1.472071118304245174e+08
1.605176617352340074e+01 1.785514339574986994e+08
1.611597323821749228e+01 1.618127306813474596e+08
1.618043713117036120e+01 1.798398278652902544e+08
1.624515887969504391e+01 1.478131012719399631e+08
1.631013951521382310e+01 1.599844127093752325e+08
1.637538007327468037e+01 1.661618731156463027e+08
1.644088159356778078e+01 1.596162029084855616e+08
1.650664511994205341e+01 1.526406164537188709e+08
1.657267170042182158e+01 1.510874430380780399e+08
1.663896238722350418e+01 1.267712936795429289e+08
1.670551823677240222e+01 1.442377264604184330e+08
1.677234030971949608e+01 1.646627762404704094e+08
1.683942967095837062e+01 1.497827438562339842e+08
1.690678738964220429e+01 1.311193414530579597e+08
1.697441453920077237e+01 1.376357950465759933e+08
1.704231219735757108e+01 1.571144626988642812e+08
1.711048144614700561e+01 1.147839366392033845e+08
1.717892337193159236e+01 1.355359049569800198e+08
1.724763906541932101e+01 1.251636855087884367e+08
1.731662962168099895e+01 1.272140485802001208e+08
1.738589614016772344e+01 1.042008109586555362e+08
1.745543972472839300e+01 1.320239880126138031e+08
1.752526148362730751e+01 1.215678887166647315e+08
1.759536252956181812e+01 1.212650841969532967e+08
1.766574397968006238e+01 1.209085228235752136e+08
1.773640695559878466e+01 1.136568821379245818e+08
1.780735258342117433e+01 1.162106788645732701e+08
1.787858199375486024e+01 1.232145404019252956e+08
1.795009632172988034e+01 1.038344622358736098e+08
1.802189670701679702e+01 1.148587296407144815e+08
1.809398429384486562e+01 1.133038184474877864e+08
1.816636023102024211e+01 9.012055071614326537e+07
1.823902567194432578e+01 1.056070173255533576e+08
1.831198177463210186e+01 1.079924358726070523e+08
1.838522970173062987e+01 1.034448508904949427e+08
1.845877062053754969e+01 1.033685157549318522e+08
1.853260570301970134e+01 8.894296451191505790e+07
1.860673612583178027e+01 8.325458855666337907e+07
1.868116307033510637e+01 9.364888346317045391e+07
1.875588772261644976e+01 9.069632590269015729e+07
1.883091127350691352e+01 1.122349141539428234e+08
1.890623491860094063e+01 9.814259154224354029e+07
1.898185985827534594e+01 8.055795171438698471e+07
1.905778729770844748e+01 9.778208681107839942e+07
1.913401844689928311e+01 9.475031279298080504e+07
1.921055452068688041e+01 8.384587488482891023e+07
1.928739673876962968e+01 7.571140743060781062e+07
1.936454632572470658e+01 7.788721645713301003e+07
1.944200451102760141e+01 6.442656652290272713e+07
1.951977252907171589e+01 8.211926864970912039e+07
1.959785161918800256e+01 7.091684592552383244e+07
1.967624302566475691e+01 7.625696788108813763e+07
1.991079942767366973e+01 7.262885761670580506e+07
2.030901541622714390e+01 6.593155933285113424e+07
2.071519572455168756e+01 6.528784617269197106e+07
2.112949963904272010e+01 5.466999476954554766e+07
2.155208963182357707e+01 5.292393063094209880e+07
2.198313142446004420e+01 4.938309664343912154e+07
2.242279405294924643e+01 4.408221067047015578e+07
2.287124993400822959e+01 4.533664965048195422e+07
2.332867493268839709e+01 4.365018890161644667e+07
2.379524843134216638e+01 3.379779109639093280e+07
2.427115339996900900e+01 3.941382143700078875e+07
2.475657646796839018e+01 3.363173914167391509e+07
2.525170799732775961e+01 2.719879297309893370e+07
2.575674215727431715e+01 2.988937658122859523e+07
2.627187700041980278e+01 2.714470003675986826e+07
2.679731454042819649e+01 2.202617906184184179e+07
2.733326083123676042e+01 2.547265593190487474e+07
2.787992604786149542e+01 2.101227873446780443e+07
2.843752456881871993e+01 1.652824437268831953e+07
2.900627506019509738e+01 1.875968293737905473e+07
2.958640056139899599e+01 1.660437666877127625e+07
3.017812857262697435e+01 1.582076425352726504e+07
3.078169114407952023e+01 1.297642121781842783e+07
3.139732496696110431e+01 1.413544085083572380e+07
3.202527146630033172e+01 1.272297000650520250e+07
3.266577689562632969e+01 1.151748408902775310e+07
3.331909243353885586e+01 9.786281723575327545e+06
3.398547428220963695e+01 1.085187561890800670e+07
3.466518376785383282e+01 8.723815443741312250e+06
3.535848744321090464e+01 7.677151025892966427e+06
3.606565719207512188e+01 7.351861719582770020e+06
3.678697033591662802e+01 7.353660552384049632e+06
3.752270974263496583e+01 6.546490977202983573e+06
3.827316393748766643e+01 7.105171775122795254e+06
3.903862721623740839e+01 5.683308119203187525e+06
3.981939976056215613e+01 5.146295980162209831e+06
4.061578775577340394e+01 4.467000916780904867e+06
4.142810351088887444e+01 5.173707416549557820e+06
4.225666558110664539e+01 4.509162467027273960e+06
4.310179889272878029e+01 3.717879481429486535e+06
4.396383487058335504e+01 3.498816498994848225e+06
4.484311156799503095e+01 3.293826385120039806e+06
4.573997379935492091e+01 3.212538660436337348e+06
4.665477327534202345e+01 2.703647715586819686e+06
4.758786874084886165e+01 2.729231622305596713e+06
4.853962611566583973e+01 2.645178054396853782e+06
4.951041863797915710e+01 2.172429159631129820e+06
5.050062701073873939e+01 2.082246277519503376e+06
5.151063955095351332e+01 1.868075310527892783e+06
5.254085234197258103e+01 2.112766037919331342e+06
5.359166938881203635e+01 1.821326049190153601e+06
5.466350277658827395e+01 1.685818118010262260e+06
5.575677283212004198e+01 1.396983638516700128e+06
5.687190828876244098e+01 1.294363132988229860e+06
5.800934645453768468e+01 1.276473994164791424e+06
5.916953338362844050e+01 1.204828613178412896e+06
6.035292405130100946e+01 1.100883442485102918e+06
6.155998253232701956e+01 1.133010247946655611e+06
6.279118218297357146e+01 8.949796923522634897e+05
6.404700582663303976e+01 8.218400781173116993e+05
6.532794594316570169e+01 7.576745090956459753e+05
6.663450486202900436e+01 6.849504812741194619e+05
6.796719495926959098e+01 7.596627966416078852e+05
6.932653885845499531e+01 7.226331456619416131e+05
7.071306963562409464e+01 5.904771915733412607e+05
7.212733102833657028e+01 5.050538096770286211e+05
7.356987764890331505e+01 5.211714600854111486e+05
7.504127520188137623e+01 4.461865287804981344e+05
7.654210070591901172e+01 4.552242895705987466e+05
7.807294272003738911e+01 4.024961130575249554e+05
7.963440157443814371e+01 3.867232026983460528e+05
8.122708960592690630e+01 3.308358823636135203e+05
8.285163139804545551e+01 3.053124450619140407e+05
8.450866402600635752e+01 2.904225882501032320e+05
8.619883730652648524e+01 3.011296425007969956e+05
8.792281405265701721e+01 3.262557587702104356e+05
8.968127033371015955e+01 2.529918230950007855e+05
9.147489574038435478e+01 2.403048418611878878e+05
9.330439365519204387e+01 2.040095749565870792e+05
9.517048152829590890e+01 1.753480880889125983e+05
9.707389115886181230e+01 1.979745659696943767e+05
9.901536898203904968e+01 1.499323201092727832e+05
