# Wavelength [um]       Fp [W/m2/m]  
1.000553076518779783e-01 1.723531121250278630e+00
1.004555288824854897e-01 5.594394356800479224e-26
1.008573509980154326e-01 1.452348326731327377e-24
1.012607804020075053e-01 2.234861275794202235e-24
1.016658235236155422e-01 9.071350387259467775e-26
1.020724868177099870e-01 2.173762310836291529e-18
1.024807767649808382e-01 4.272393952087061732e-19
1.028906998720407612e-01 1.327301897387987863e-23
1.033022626715289355e-01 1.576814455752547433e-17
1.037154717222150413e-01 1.066636614486100060e-24
1.041303336091038839e-01 2.021601304247385893e-22
1.045468549435403099e-01 8.898439900520128060e-21
1.049650423633144702e-01 4.332969080475696176e-25
1.053849025327677214e-01 1.977048906992279219e-18
1.058064421428987906e-01 2.397694638879608541e-23
1.062296679114703990e-01 4.359609412990234781e-18
1.066545865831162732e-01 6.843338102460529128e-20
1.070812049294487533e-01 7.290261688528848569e-21
1.075095297491665408e-01 1.009632777661977665e-16
1.079395678681632220e-01 7.341415152279126289e-21
1.083713261396358624e-01 2.665187393932307926e-16
1.088048114441943909e-01 6.260814144412781959e-17
1.092400306899711654e-01 1.530999409503963538e-13
1.096769908127310511e-01 1.497990746267058254e-16
1.101156987759819850e-01 8.747291745955983378e-17
1.105561615710859147e-01 5.675163523946167521e-14
1.109983862173702651e-01 1.080522142800973137e-14
1.114423797622397516e-01 2.086693028877397919e-15
1.118881492812886930e-01 2.411819491059733361e-16
1.123357018784138517e-01 2.693854807291487204e-15
1.127850446859275102e-01 2.302646988196623932e-11
1.132361848646712132e-01 1.402343201932840676e-12
1.136891296041298988e-01 1.788548791269472749e-12
1.141438861225464035e-01 2.120614360170336966e-12
1.146004616670366072e-01 3.759552971969907130e-12
1.150588635137047705e-01 1.893710664096245975e-13
1.155190989677595953e-01 5.290778522870265343e-13
1.159811753636306314e-01 1.620048896342911217e-14
1.164451000650851553e-01 4.885036938465308387e-17
1.169108804653455069e-01 1.995296172132380463e-16
1.173785239872068981e-01 5.057564611528912269e-16
1.178480380831557206e-01 1.413760974266217344e-17
1.183194302354883543e-01 1.833321466161259717e-16
1.187927079564302935e-01 8.515111205554067711e-15
1.192678787882560099e-01 6.785905526149483811e-15
1.197449503034090645e-01 1.098919096689523203e-15
1.202239301046226783e-01 1.682375259368252889e-20
1.207048258250411760e-01 5.011725804946868424e-17
1.211876451283413342e-01 2.301531987928490691e-16
1.216723957088547137e-01 3.474097478266444987e-21
1.221590852916901310e-01 1.571082188118642395e-19
1.226477216328568792e-01 1.247343190798953198e-17
1.231383125193883099e-01 7.583394694677777031e-19
1.236308657694658586e-01 1.116852204487114050e-17
1.241253892325437369e-01 1.901926813643807457e-18
1.246218907894739159e-01 1.472371551482261844e-17
1.251203783526317892e-01 2.167105999255615936e-14
1.256208598660423226e-01 2.982577822551378944e-15
1.261233433055065078e-01 2.495329768279535686e-15
1.266278366787285392e-01 8.359626353256272325e-21
1.271343480254434610e-01 2.327211022369486309e-13
1.276428854175452321e-01 4.630851221232869749e-13
1.281534569592154005e-01 4.089882525822535131e-17
1.286660707870522780e-01 3.092224154533928775e-15
1.291807350702004475e-01 3.276275250477235892e-12
1.296974580104812425e-01 1.767938558730394379e-12
1.302162478425231973e-01 4.581225773246206098e-20
1.307371128338932764e-01 1.488381410516878459e-16
1.312600612852288795e-01 7.006497383592916854e-11
1.317851015303697915e-01 2.493412577015827562e-17
1.323122419364912705e-01 5.188294427019172845e-15
1.328414909042372472e-01 2.917562662202394272e-14
1.333728568678542170e-01 8.031998881731311217e-15
1.339063482953256612e-01 4.886028274707255015e-18
1.344419736885069383e-01 1.485989105305862038e-14
1.349797415832609815e-01 3.934204553980782756e-14
1.355196605495940232e-01 1.407176437836418934e-14
1.360617391917924301e-01 4.858680878462543363e-14
1.366059861485595939e-01 4.174783267824375828e-15
1.371524100931538481e-01 9.134541579926774439e-18
1.377010197335264696e-01 2.105222698161543416e-16
1.382518238124605670e-01 1.500145366426086735e-12
1.388048311077104136e-01 1.167717095924132648e-13
1.393600504321412248e-01 5.489026215567967098e-16
1.399174906338697677e-01 2.264828369447129853e-16
1.404771605964052761e-01 1.203354183274508098e-12
1.410390692387908651e-01 1.543221896795549334e-14
1.416032255157460562e-01 3.340781708736154545e-12
1.421696384178090522e-01 1.467224081545037736e-17
1.427383169714803168e-01 3.807420609352802131e-13
1.433092702393662099e-01 4.849492230551390845e-11
1.438825073203236771e-01 1.503422070097605710e-12
1.444580373496049674e-01 5.325271638614278729e-11
1.450358694990033503e-01 1.494085745719132443e-12
1.456160129769993872e-01 4.273773507668301325e-11
1.461984770289073976e-01 3.050763289675625149e-10
1.467832709370230082e-01 9.156919221452211124e-12
1.473704040207710897e-01 1.647199170933099521e-10
1.479598856368541382e-01 4.876701765778337087e-14
1.485517251794015725e-01 4.512724080727956454e-11
1.491459320801191979e-01 1.717813293842597598e-10
1.497425158084396690e-01 8.588928695212202574e-12
1.503414858716734248e-01 2.458355288936162524e-08
1.509428518151600951e-01 1.348250605817772755e-10
1.515466232224207677e-01 1.140033697147301389e-11
1.521528097153104220e-01 5.315560091154491662e-08
1.527614209541716672e-01 9.205172861431238447e-10
1.533724666379883694e-01 3.430440187897322407e-09
1.539859565045403056e-01 4.410218373544643040e-08
1.546019003305584838e-01 3.990400573424556313e-14
1.552203079318807133e-01 1.595065644603061058e-08
1.558411891636082569e-01 3.206571252351425011e-08
1.564645539202626778e-01 7.503889245924137836e-09
1.570904121359437411e-01 5.969958289471485813e-08
1.577187737844875093e-01 4.444343333202362622e-08
1.583496488796254653e-01 9.620225812238142420e-08
1.589830474751439959e-01 1.993001108912163231e-07
1.596189796650445414e-01 7.521454800926842347e-08
1.602574555837047166e-01 1.456307680487843012e-07
1.608984854060395708e-01 3.173894317547792662e-07
1.615420793476636807e-01 1.963068192846447510e-07
1.621882476650543525e-01 5.590002072341191383e-07
1.628370006557145755e-01 5.549745874577388436e-07
1.634883486583374457e-01 7.240239669279573975e-07
1.641423020529707844e-01 1.912018534819745113e-06
1.647988712611826723e-01 7.834308569245053364e-07
1.654580667462274002e-01 9.560096756838237616e-07
1.661198990132123077e-01 2.424104048976272892e-06
1.667843786092651215e-01 1.951726849882738958e-06
1.674515161237022098e-01 4.806669101597582282e-06
1.681213221881969755e-01 6.866820053143574469e-06
1.687938074769497754e-01 7.776321999671876968e-06
1.694689827068575905e-01 1.908059987885084765e-05
1.701468586376850278e-01 1.516981847732543685e-05
1.708274460722357391e-01 1.163368623395998355e-05
1.715107558565246715e-01 2.070977568458464649e-05
1.721967988799507909e-01 1.576069982013221117e-05
1.728855860754705820e-01 2.079078886907409105e-05
1.735771284197724640e-01 4.326022275109079566e-05
1.742714369334515678e-01 4.467597004133270919e-05
1.749685226811853456e-01 6.841098117198764195e-05
1.756683967719100681e-01 1.219074806240537498e-04
1.763710703589977391e-01 1.916822176507244142e-04
1.770765546404337309e-01 1.687408958968344345e-04
1.777848608589954471e-01 1.503718595090296510e-04
1.784960003024314568e-01 2.281204233536399367e-04
1.792099843036411844e-01 2.246924439103125575e-04
1.799268242408557650e-01 3.732927534611345786e-04
1.806465315378191772e-01 3.961957411989759040e-04
1.813691176639704306e-01 5.086273868103292038e-04
1.820945941346263086e-01 7.693954810168704070e-04
1.828229725111648329e-01 1.139960107134991175e-03
1.835542644012094771e-01 8.795229845233529112e-04
1.842884814588143239e-01 1.250020583285173757e-03
1.850256353846495561e-01 1.748889671296383497e-03
1.857657379261881403e-01 1.774612955632370176e-03
1.865088008778928996e-01 2.777251193855381946e-03
1.872548360814044743e-01 2.896258063634866119e-03
1.880038554257300876e-01 3.662653921507767318e-03
1.887558708474330049e-01 5.383777568795749396e-03
1.895108943308226879e-01 6.388991547353714551e-03
1.902689379081460019e-01 6.708340510922119852e-03
1.910300136597785636e-01 9.619517275814644733e-03
1.917941337144176972e-01 1.026701508367211003e-02
1.925613102492753359e-01 1.255270301640940174e-02
1.933315554902724498e-01 1.690821666943195106e-02
1.941048817122335568e-01 1.869895195933939103e-02
1.948813012390824828e-01 2.268150257951335319e-02
1.956608264440388156e-01 3.019468316001227073e-02
1.964434697498149418e-01 3.191740725975484444e-02
1.972292436288141937e-01 3.886409988419386313e-02
1.980181606033294406e-01 4.842757312126736574e-02
1.988102332457427346e-01 5.401165829538364521e-02
1.996054741787257336e-01 6.171552579634147218e-02
2.004038960754406518e-01 7.438169531194747941e-02
2.012055116597424309e-01 8.650464110786966476e-02
2.020103337063813842e-01 1.014755706141091673e-01
2.028183750412069219e-01 1.202822413040987026e-01
2.036296485413717494e-01 1.365949172415915069e-01
2.044441671355372303e-01 1.577540164085919072e-01
2.052619438040793887e-01 1.871354406880033905e-01
2.060829915792957157e-01 2.162372928274937656e-01
2.069073235456129201e-01 2.509309713598679714e-01
2.077349528397953449e-01 2.923418037052503693e-01
2.085658926511545219e-01 3.423227517896001437e-01
2.094001562217591150e-01 3.971671379400847357e-01
2.102377568466461677e-01 4.607903956393331613e-01
2.110787078740327671e-01 5.307458407325289507e-01
2.119230227055288740e-01 6.201235850313533415e-01
2.127707147963510126e-01 7.204656277012018162e-01
2.136217976555363773e-01 8.374479374189338632e-01
2.144762848461585492e-01 9.589084321105072473e-01
2.153341899855431840e-01 1.120274755231327690e+00
2.161955267454853669e-01 1.303762290030807458e+00
2.170603088524672986e-01 1.510669722131379844e+00
2.179285500878772042e-01 1.729534476995781667e+00
2.188002642882286852e-01 2.000097427450914900e+00
2.196754653453815986e-01 2.331726128100639617e+00
2.205541672067631020e-01 2.675877868857718056e+00
2.214363838755901703e-01 3.142888838817265107e+00
2.223221294110925284e-01 3.545010893306264066e+00
2.232114179287369160e-01 4.238181180023598671e+00
2.241042636004518529e-01 4.757207325723175728e+00
2.250006806548536520e-01 5.704863110482045307e+00
2.259006833774730438e-01 6.323482704493557094e+00
2.268042861109829667e-01 7.366495267060293450e+00
2.277115032554268836e-01 8.494779938744613901e+00
2.286223492684485714e-01 9.725280249223393625e+00
2.295368386655223802e-01 1.177345812699906524e+01
2.304549860201844658e-01 1.246012441232946877e+01
2.313768059642651864e-01 1.495376066080200772e+01
2.323023131881222503e-01 1.686414554990085080e+01
2.332315224408747223e-01 1.992430543713159707e+01
2.341644485306381973e-01 2.293461494574694370e+01
2.351011063247607502e-01 2.447847670224450312e+01
2.360415107500598020e-01 2.979119362579656638e+01
2.369856767930600405e-01 3.176572263687992503e+01
2.379336195002322851e-01 3.871553400219639940e+01
2.388853539782332114e-01 4.289973346412894983e+01
2.398408953941461863e-01 5.462545396923032825e+01
2.408002589757227141e-01 6.225354652301403036e+01
2.417634600116256582e-01 6.233877718752606256e+01
2.427305138516721306e-01 8.273506967803801615e+01
2.437014359070788505e-01 8.811499139607285258e+01
2.446762416507071713e-01 1.270175944914085449e+02
2.456549466173099938e-01 1.151943840023970296e+02
2.466375664037792625e-01 1.428038726560855594e+02
2.476241166693943785e-01 1.771349688295015312e+02
2.486146131360719436e-01 1.521900291392211386e+02
2.496090715886161993e-01 2.062932652339290769e+02
2.506075078749706586e-01 2.084246842663939674e+02
2.516099379064705155e-01 2.578075989918131086e+02
2.526163776580964138e-01 4.657034404031004442e+02
2.536268431687287994e-01 6.926291933423325418e+02
2.546413505414037437e-01 1.027244246435335299e+03
2.556599159435693491e-01 5.142287485898085606e+02
2.566825556073435988e-01 5.304879518606711599e+02
2.577092858297729827e-01 6.021323583382629749e+02
2.587401229730920682e-01 6.019438764782800035e+02
2.597750834649844576e-01 7.962320677198538306e+02
2.608141837988444123e-01 8.142618176806067822e+02
2.618574405340398092e-01 1.483124991758690612e+03
2.629048702961759298e-01 2.942226145387232009e+03
2.639564897773606367e-01 2.951913175891798801e+03
2.650123157364701054e-01 2.955967025241247029e+03
2.660723649994159445e-01 2.379007007051665369e+03
2.671366544594135917e-01 2.971299114217270926e+03
2.682052010772512096e-01 3.474202796347726689e+03
2.692780218815602478e-01 2.868675072775665285e+03
2.703551339690865030e-01 5.204588246528670425e+03
2.714365545049627904e-01 4.447473522440561283e+03
2.725223007229827243e-01 4.894117817809988992e+03
2.736123899258746106e-01 6.139386731136722119e+03
2.747068394855781692e-01 9.509586415101555758e+03
2.758056668435204806e-01 1.167936192474514792e+04
2.769088895108945403e-01 2.434902930083733008e+04
2.780165250689380918e-01 2.080072956839470135e+04
2.791285911692138466e-01 2.952677652704631328e+04
2.802451055338907038e-01 2.862593702705664691e+04
2.813660859560263017e-01 2.869431844756509599e+04
2.824915502998503469e-01 2.351860815156440003e+04
2.836215165010497197e-01 3.593573900558704918e+04
2.847560025670539119e-01 3.522979862661433435e+04
2.858950265773221866e-01 5.967509048001698102e+04
2.870386066836315142e-01 6.650225425430414907e+04
2.881867611103660631e-01 1.098346702584938321e+05
2.893395081548075787e-01 1.428644044219374482e+05
2.904968661874267610e-01 1.526728738830690854e+05
2.916588536521764197e-01 1.574275796573412954e+05
2.928254890667851273e-01 1.556124752061096078e+05
2.939967910230522619e-01 1.692993974517536117e+05
2.951727781871444911e-01 1.938783120017579349e+05
2.963534692998930908e-01 2.455267818361867103e+05
2.975388831770926501e-01 2.911087168787223636e+05
2.987290387098009981e-01 4.290273177933371626e+05
2.999239548646402409e-01 4.147537074299330707e+05
3.011236506840988536e-01 5.576003431372109335e+05
3.023281452868351593e-01 4.613930997262044693e+05
3.035374578679824742e-01 3.744086326928929775e+05
3.047516076994544187e-01 6.455089828750338638e+05
3.059706141302522830e-01 7.977874018464167602e+05
3.071944965867733357e-01 8.007693513493409846e+05
3.084232745731204095e-01 9.600899510808805935e+05
3.096569676714128194e-01 5.417806393068977632e+05
3.108955955420985018e-01 6.930534156182182487e+05
3.121391779242668751e-01 1.313046255214555189e+06
3.133877346359639215e-01 1.500816749141991371e+06
3.146412855745078230e-01 1.716758816025556996e+06
3.158998507168058190e-01 1.661784482483449625e+06
3.171634501196730627e-01 1.839596246589134913e+06
3.184321039201517545e-01 1.669215231304448796e+06
3.197058323358323295e-01 1.536920101838262519e+06
3.209846556651756444e-01 7.857738938437321922e+05
3.222685942878363852e-01 3.536044558338267379e+05
3.235576686649877520e-01 6.876851156547829742e+05
3.248518993396476984e-01 3.713126921820574789e+05
3.261513069370062801e-01 1.099129051209185709e+05
3.274559121647543369e-01 1.329465429799930826e+04
3.287657358134133401e-01 4.536917270462232636e+02
3.300807987566670154e-01 1.812110949555813866e+00
3.314011219516936890e-01 7.406017636617265509e+01
3.327267264395004642e-01 5.183149399229565461e+03
3.340576333452584534e-01 7.680948380111092411e+04
3.353938638786395088e-01 4.181137583420881419e+05
3.367354393341540630e-01 1.191883929059925722e+06
3.380823810914907468e-01 2.345323919080490712e+06
3.394347106158566718e-01 3.708136051074206363e+06
3.407924494583201014e-01 5.070277161658640951e+06
3.421556192561533982e-01 5.882652407108394429e+06
3.435242417331779707e-01 3.687186391919476911e+06
3.448983387001106626e-01 2.822235590815059259e+05
3.462779320549111417e-01 6.429254703434422612e+06
3.476630437831307319e-01 1.195021800816684961e+07
3.490536959582632992e-01 1.503853484806217626e+07
3.504499107420963600e-01 1.759148646884722635e+07
3.518517103850647421e-01 1.997090117204689234e+07
3.532591172266050239e-01 2.230904674745223299e+07
3.546721536955114717e-01 2.474181176258681342e+07
3.560908423102934761e-01 2.716821543467218056e+07
3.575152056795346533e-01 2.963357511628587544e+07
3.589452665022527800e-01 3.243848367450291663e+07
3.603810475682617254e-01 3.528108705392929912e+07
3.618225717585348278e-01 3.823024395017393678e+07
3.632698620455689364e-01 4.134766434874672443e+07
3.647229414937512293e-01 4.462023551554098725e+07
3.661818332597261971e-01 4.818619735890067369e+07
3.676465605927651259e-01 5.153422048154632002e+07
3.691171468351361895e-01 5.562715038400056213e+07
3.705936154224767076e-01 5.919759440388283879e+07
3.720759898841666247e-01 6.263979407556959242e+07
3.735642938437032656e-01 6.708608944215462357e+07
3.750585510190780902e-01 7.194950832084792852e+07
3.765587852231543908e-01 7.803345788769410551e+07
3.780650203640470441e-01 8.364048056137484312e+07
3.795772804455032068e-01 8.905629270485474169e+07
3.810955895672852312e-01 9.489296661344070733e+07
3.826199719255543585e-01 9.924179705653798580e+07
3.841504518132565771e-01 1.065421168512057662e+08
3.856870536205096456e-01 1.113825515221214443e+08
3.872298018349916715e-01 1.195432152257121950e+08
3.887787210423316320e-01 1.257462570452567786e+08
3.903338359265008939e-01 1.329305212374762148e+08
3.918951712702069545e-01 1.395489398541445136e+08
3.934627519552877928e-01 1.455898674014053941e+08
3.950366029631089404e-01 1.519172867031755149e+08
3.966167493749613859e-01 1.538292672150404453e+08
3.982032163724612550e-01 1.498936835284793675e+08
3.997960292379510450e-01 1.337234978883692175e+08
4.013952133549028578e-01 9.145414782491306961e+07
4.030007942083224659e-01 2.269801809198004380e+07
4.046127973851557647e-01 2.291662517419361975e+05
4.062312485746963908e-01 2.370932194463879243e+07
4.078561735689951728e-01 1.118708775032570958e+08
4.094875982632711353e-01 1.857451863268816471e+08
4.111255486563242245e-01 2.347363806861441731e+08
4.127700508509495880e-01 2.708147448417330384e+08
4.144211310543532978e-01 3.005301586760961413e+08
4.160788155785707931e-01 3.269731631710419655e+08
4.177431308408850463e-01 3.517051785181157589e+08
4.194141033642486138e-01 3.745997859617770314e+08
4.210917597777056320e-01 3.896422316940340400e+08
4.227761268168164221e-01 4.043849859952442646e+08
4.244672313240837602e-01 4.392457059169285297e+08
4.261651002493800910e-01 4.759129107650775909e+08
4.278697606503775730e-01 5.007457886838754416e+08
4.295812396929790666e-01 5.349652396029205322e+08
4.312995646517510107e-01 5.656855034407182932e+08
4.330247629103580187e-01 5.894082933227096796e+08
4.347568619619994745e-01 6.274188077174817324e+08
4.364958894098474596e-01 6.644711784719809294e+08
4.382418729674867897e-01 6.944021621481447220e+08
4.399948404593567730e-01 7.194472172701784372e+08
4.417548198211941890e-01 7.723173724431221485e+08
4.435218391004789873e-01 8.148767427659617662e+08
4.452959264568808750e-01 8.578180500569548607e+08
4.470771101627084021e-01 9.018348029059339762e+08
4.488654186033592119e-01 9.318804754411233664e+08
4.506608802777726241e-01 9.741014579841128588e+08
4.524635237988837710e-01 1.044206715297309518e+09
4.542733778940792333e-01 1.088879195630034685e+09
4.560904714056555065e-01 1.136048138824704409e+09
4.579148332912781894e-01 1.137067403292265892e+09
4.597464926244433370e-01 1.195275622560343742e+09
4.615854785949410899e-01 1.230792815769800901e+09
4.634318205093208576e-01 1.259170370057950497e+09
4.652855477913582227e-01 1.271479937049087286e+09
4.671466899825236219e-01 1.221988163090705872e+09
4.690152767424536906e-01 1.295668497482184172e+09
4.708913378494234969e-01 1.240116260410888433e+09
4.727749032008212171e-01 1.124218309798929930e+09
4.746660028136244769e-01 9.388566638438912630e+08
4.765646668248789131e-01 7.254743280862231255e+08
4.784709254921784560e-01 4.879836236455162764e+08
4.803848091941470555e-01 2.891566860661881566e+08
4.823063484309236815e-01 1.533699987075064480e+08
4.842355738246474361e-01 8.174645143971741199e+07
4.861725161199459966e-01 4.825870865190783888e+07
4.881172061844257226e-01 3.174538611474492028e+07
4.900696750091634302e-01 2.258194186358503625e+07
4.920299537092001074e-01 1.586963181392513774e+07
4.939980735240369625e-01 1.070677953645107150e+07
4.959740658181330253e-01 6.937386225541954860e+06
4.979579620814056362e-01 4.285644351725908928e+06
4.999497939297311566e-01 2.637724532110322732e+06
5.019495931054501758e-01 1.691578007315723691e+06
5.039573914778719965e-01 1.239759429234561045e+06
5.059732210437835054e-01 1.075873881388376467e+06
5.079971139279585435e-01 1.056413988608807791e+06
5.100291023836703852e-01 1.068029096824835055e+06
5.120692187932051054e-01 1.051012423441408202e+06
5.141174956683780550e-01 1.024712489351597964e+06
5.161739656510514473e-01 1.018144865812352044e+06
5.182386615136556074e-01 1.012578874976776424e+06
5.203116161597103329e-01 9.837885999366601463e+05
5.223928626243490303e-01 9.489787232581323478e+05
5.244824340748465152e-01 9.222453545016540447e+05
5.265803638111459239e-01 8.890402045574954245e+05
5.286866852663905103e-01 8.499709117477268446e+05
5.308014320074561088e-01 8.205295320197154069e+05
5.329246377354859288e-01 7.922281723436503671e+05
5.350563362864277916e-01 7.600165860533455852e+05
5.371965616315735881e-01 7.366747080643057125e+05
5.393453478780998456e-01 7.141311055601561675e+05
5.415027292696121819e-01 6.861929368593641557e+05
5.436687401866906466e-01 6.651867038387916982e+05
5.458434151474373941e-01 6.427328258100015810e+05
5.480267888080271321e-01 6.156035123656089418e+05
5.502188959632591247e-01 5.939380890149679035e+05
5.524197715471121928e-01 5.718845601457604207e+05
5.546294506333006025e-01 5.467871878464673646e+05
5.568479684358338400e-01 5.236166857324859011e+05
5.590753603095770519e-01 5.018119808557603392e+05
5.613116617508153716e-01 4.755528045425571036e+05
5.635569083978186899e-01 4.532869002512146253e+05
5.658111360314097560e-01 4.255606723433225416e+05
5.680743805755354980e-01 3.987838321668482386e+05
5.703466780978375672e-01 3.718198456515040598e+05
5.726280648102289872e-01 3.444662287539682584e+05
5.749185770694699160e-01 3.156900206635880168e+05
5.772182513777477375e-01 2.868177633925186819e+05
5.795271243832587071e-01 2.588808691395651549e+05
5.818452328807918184e-01 2.329651836447167152e+05
5.841726138123150003e-01 2.097415019799696456e+05
5.865093042675643131e-01 1.644792907463124720e+05
5.888553414846344758e-01 1.284178677974268649e+05
5.912107628505729462e-01 1.592007030517437088e+05
5.935756059019753339e-01 2.541857736420189030e+05
5.959499083255832552e-01 3.595076953440505313e+05
5.983337079588855190e-01 4.835369161307681352e+05
6.007270427907210886e-01 6.505424487370444695e+05
6.031299509618840426e-01 8.778013420308385976e+05
6.055424707657315331e-01 1.158215283072565682e+06
6.079646406487945187e-01 1.501571589916217374e+06
6.103964992113897203e-01 1.932446395459137391e+06
6.128380852082353503e-01 2.467194579755870625e+06
6.152894375490681744e-01 3.125838826247223187e+06
6.177505952992645710e-01 3.921284312884632964e+06
6.202215976804615893e-01 4.872797499912540428e+06
6.227024840711834486e-01 6.018166875240688212e+06
6.251932940074681477e-01 7.402393947480594739e+06
6.276940671834980723e-01 9.058658341305637732e+06
6.302048434522321552e-01 1.106863817976066284e+07
6.327256628260409244e-01 1.344940714329008944e+07
6.352565654773452142e-01 1.621719462919994816e+07
6.377975917392545435e-01 1.946253693849674985e+07
6.403487821062116003e-01 2.323572864752645046e+07
6.429101772346363930e-01 2.760452540939082578e+07
6.454818179435749537e-01 3.270006773491097987e+07
6.480637452153492628e-01 3.868863683288533241e+07
6.506560001962106154e-01 4.574493053995429724e+07
6.532586241969955410e-01 5.407786363486969471e+07
6.558716586937833881e-01 6.390095356999428570e+07
6.584951453285585732e-01 7.540507434932136536e+07
6.611291259098727169e-01 8.901950559784939885e+07
6.637736424135122215e-01 1.051508742150684744e+08
6.664287369831662922e-01 1.239786756688792109e+08
6.690944519310989547e-01 1.457458142814860940e+08
6.717708297388232941e-01 1.711121582912462652e+08
6.744579130577786907e-01 2.004002086216100454e+08
6.771557447100098326e-01 2.328828368390408158e+08
6.798643676888498355e-01 2.669122051285225153e+08
6.825838251596052508e-01 3.005013921854819059e+08
6.853141604602436265e-01 3.311843100977669954e+08
6.880554171020846210e-01 3.560166419020164013e+08
6.908076387704928933e-01 3.730397324263306260e+08
6.935708693255748791e-01 3.849638897617040277e+08
6.963451528028771209e-01 4.058167095837022662e+08
6.991305334140887062e-01 4.302607309534001946e+08
7.019270555477450380e-01 4.626616016324647665e+08
7.047347637699360456e-01 5.027832338255916238e+08
7.075537028250157290e-01 5.455032731083593369e+08
7.103839176363159202e-01 5.882324719486001730e+08
7.132254533068611568e-01 6.309811002648178339e+08
7.160783551200886610e-01 6.615312984497122765e+08
7.189426685405689854e-01 6.947871105967319012e+08
7.218184392147313222e-01 7.240671632973874807e+08
7.247057129715901436e-01 7.341556732238415480e+08
7.276045358234763949e-01 7.433169284571264982e+08
7.305149539667704639e-01 7.333102930779209137e+08
7.334370137826373703e-01 7.297275489724599123e+08
7.363707618377679509e-01 7.181464386718376875e+08
7.393162448851190449e-01 7.059573511293358803e+08
7.422735098646596752e-01 6.868665750418863297e+08
7.452426039041182282e-01 6.667493293671765327e+08
7.482235743197346300e-01 6.424019366214776039e+08
7.512164686170136330e-01 6.060439715435750484e+08
7.542213344914817652e-01 5.738269503398337364e+08
7.572382198294477229e-01 5.345759495390138626e+08
7.602671727087656484e-01 4.599498264498204589e+08
7.633082413996006288e-01 2.768425410694400072e+08
7.663614743651989691e-01 4.932586891980724782e+07
7.694269202626597970e-01 6.617075032560869306e+07
7.725046279437104424e-01 2.314544142340059876e+08
7.755946464554852593e-01 4.412736308587871194e+08
7.786970250413072225e-01 6.443950292250862122e+08
7.818118131414724115e-01 8.206244950761320591e+08
7.849390603940383793e-01 9.882157103859483004e+08
7.880788166356144098e-01 1.172127866317121744e+09
7.912311319021569922e-01 1.376262045186335325e+09
7.943960564297655180e-01 1.607549431097931147e+09
7.975736406554845281e-01 1.864663276907155037e+09
8.007639352181065151e-01 2.146421604507302284e+09
8.039669909589789443e-01 2.444329537057732105e+09
8.071828589228148276e-01 2.758824761233748913e+09
8.104115903585061842e-01 3.075172369430247784e+09
8.136532367199402760e-01 3.410509899929775238e+09
8.169078496668199518e-01 3.789005095876542091e+09
8.201754810654874328e-01 3.864302486962923050e+09
8.234561829897493190e-01 4.769180555940063477e+09
8.267500077217083687e-01 5.458660750824552536e+09
8.300570077525952772e-01 5.993230850553173065e+09
8.333772357836056743e-01 6.648895155259738922e+09
8.367107447267401188e-01 7.292267250417619705e+09
8.400575877056470908e-01 8.099356816143771172e+09
8.434178180564695371e-01 8.976891541162612915e+09
8.467914893286955236e-01 9.948745548088384628e+09
8.501786552860102208e-01 1.095830329182246590e+10
8.535793699071543283e-01 1.207669924386429214e+10
8.569936873867830540e-01 1.327293798338711548e+10
8.604216621363300899e-01 1.412390528971166992e+10
8.638633487848753623e-01 1.387249318461064339e+10
8.673188021800150027e-01 1.530250738363492203e+10
8.707880773887352044e-01 1.618339664039013290e+10
8.742712296982900755e-01 1.738509872118684769e+10
8.777683146170831563e-01 1.867205161439907837e+10
8.812793878755513788e-01 2.019554848319681549e+10
8.848045054270535781e-01 2.208791612852145004e+10
8.883437234487617795e-01 2.310233946371633911e+10
8.918970983425568155e-01 2.357562901527159882e+10
8.954646867359271623e-01 2.515334881070873260e+10
8.990465454828707736e-01 2.649762850086329651e+10
9.026427316648023558e-01 3.044753328563285828e+10
9.062533025914615292e-01 3.281148469412461853e+10
9.098783158018273198e-01 3.511849033081787872e+10
9.135178290650346478e-01 3.737353807021178436e+10
9.171719003812948134e-01 3.880309551471204376e+10
9.208405879828199803e-01 4.269770710463943481e+10
9.245239503347512100e-01 4.420135623244380951e+10
9.282220461360901620e-01 2.927896527383703232e+10
9.319349343206346781e-01 3.234516211642305374e+10
9.356626740579171431e-01 3.627443680378383636e+10
9.394053247541488405e-01 4.367984246238639069e+10
9.431629460531654185e-01 4.571688672084651947e+10
9.469355978373780180e-01 4.738861788846678925e+10
9.507233402287275092e-01 4.730866739494712067e+10
9.545262335896426142e-01 5.199496664858603668e+10
9.583443385240012491e-01 4.863747255157907867e+10
9.621777158780971950e-01 5.268366913882118225e+10
9.660264267416096562e-01 5.668254292727341461e+10
9.698905324485760371e-01 6.180651532361238861e+10
9.737700945783701600e-01 6.308750920861887360e+10
9.776651749566835914e-01 6.793666064591693115e+10
9.815758356565105203e-01 7.234431398846075439e+10
9.855021389991363012e-01 7.682709385597723389e+10
9.894441475551331022e-01 8.404888092882998657e+10
9.934019241453534432e-01 8.734871658426696777e+10
9.973755318419349480e-01 7.475174916868998718e+10
1.001365033969302543e+00 5.642178058475869751e+10
1.005370494105179757e+00 6.143754649356754303e+10
1.009391976081600362e+00 6.497993291818379974e+10
1.013429543985926884e+00 7.371136650030267334e+10
1.017483262161870350e+00 8.367500791699147034e+10
1.021553195210518128e+00 8.982510912692059326e+10
1.025639407991360219e+00 9.778026833395216370e+10
1.029741965623325539e+00 1.060055336205596008e+11
1.033860933485818867e+00 1.125273707431575775e+11
1.037996377219762012e+00 1.187663666340473328e+11
1.042148362728641198e+00 1.235740552692325592e+11
1.046316956179555557e+00 1.314257573757145233e+11
1.050502224004274066e+00 1.380450463302533875e+11
1.054704232900291139e+00 1.417350470998222046e+11
1.058923049831892227e+00 1.455254705036027527e+11
1.063158742031219628e+00 1.529396606541899414e+11
1.067411376999344741e+00 1.571147346908136902e+11
1.071681022507342096e+00 1.603998293970742798e+11
1.075967746597371377e+00 1.643099731553398438e+11
1.080271617583760779e+00 1.688266642312782593e+11
1.084592704054095913e+00 1.681024114178144836e+11
1.088931074870312044e+00 1.566347962364287109e+11
1.093286799169793433e+00 1.300493524488822174e+11
1.097659946366472461e+00 1.129133158562067413e+11
1.102050586151938294e+00 9.663764323265827942e+10
1.106458788496546219e+00 8.454936914225367737e+10
1.110884623650532532e+00 7.074039522861724854e+10
1.115328162145134749e+00 6.147904792684307861e+10
1.119789474793714934e+00 7.177101206404255676e+10
1.124268632692889902e+00 7.777045320308523560e+10
1.128765707223661430e+00 8.607201923967015076e+10
1.133280770052556230e+00 5.148218074541040039e+10
1.137813893132766374e+00 6.314986451466870117e+10
1.142365148705297484e+00 6.627947702711876678e+10
1.146934609300118479e+00 8.377134572467684937e+10
1.151522347737319096e+00 7.392871379918069458e+10
1.156128437128268516e+00 6.926529103683894348e+10
1.160752950876781542e+00 6.984406925031945801e+10
1.165395962680288999e+00 7.253457427785153198e+10
1.170057546531009907e+00 5.356831115551967621e+10
1.174737776717134086e+00 5.287424445180241394e+10
1.179436727824002773e+00 5.159876059617163086e+10
1.184154474735298557e+00 7.938175584035504150e+10
1.188891092634239977e+00 9.860796733770838928e+10
1.193646657004777012e+00 1.116036442440397644e+11
1.198421243632796118e+00 1.243974809412118683e+11
1.203214928607327261e+00 1.356347543409570007e+11
1.208027788321756724e+00 1.511159549464119873e+11
1.212859899475043468e+00 1.571796815704138184e+11
1.217711339072943710e+00 1.719054513504248352e+11
1.222582184429235275e+00 1.794879048371022644e+11
1.227472513166952384e+00 1.889518025659926758e+11
1.232382403219620226e+00 1.975701299910079651e+11
1.237311932832498407e+00 2.058673029706813660e+11
1.242261180563828615e+00 1.665175463802969055e+11
1.247230225286083849e+00 2.071789781566052246e+11
1.252219146187228072e+00 1.511231070683192749e+11
1.257228022771976983e+00 2.249544772994487305e+11
1.262256934863064783e+00 2.311463925699573975e+11
1.267305962602517155e+00 2.318211758017702637e+11
1.272375186452927354e+00 2.257027318306722717e+11
1.277464687198738957e+00 2.278922938140037842e+11
1.282574545947533950e+00 2.193525145718495178e+11
1.287704844131324133e+00 2.129876692114331055e+11
1.292855663507849417e+00 2.082107554240133972e+11
1.298027086161880783e+00 2.014493496423551636e+11
1.303219194506528344e+00 1.993217701396865845e+11
1.308432071284554521e+00 1.906977800383290405e+11
1.313665799569692760e+00 1.801197164683520508e+11
1.318920462767971591e+00 1.720000145806490479e+11
1.324196144619043336e+00 1.445410916829867554e+11
1.329492929197519491e+00 9.568029139413591003e+10
1.334810900914309650e+00 3.166160843935860825e+10
1.340150144517967101e+00 1.760837146312429047e+10
1.345510745096038852e+00 1.299303539642095375e+10
1.350892788076423212e+00 1.134503206472612762e+10
1.356296359228728932e+00 8.119527479544727325e+09
1.361721544665643879e+00 9.364694961370973587e+09
1.367168430844306393e+00 1.229187677904507446e+10
1.372637104567683730e+00 1.043704486953830910e+10
1.378127652985954299e+00 1.416711443672553825e+10
1.383640163597898098e+00 1.212343462620258904e+10
1.389174724252289828e+00 1.294419199859255791e+10
1.394731423149298877e+00 1.095446582874580765e+10
1.400310348841896202e+00 1.045099268549178314e+10
1.405911590237263642e+00 1.164996720381215286e+10
1.411535236598212784e+00 9.692360921308433533e+09
1.417181377544605603e+00 1.023190263336440468e+10
1.422850103054784210e+00 1.030307806087178230e+10
1.428541503467003038e+00 1.206476551671019363e+10
1.434255669480871243e+00 1.142926665780124283e+10
1.439992692158794885e+00 1.309653698839571762e+10
1.445752662927429988e+00 1.553055427699708748e+10
1.451535673579139596e+00 1.983682729035451126e+10
1.457341816273456159e+00 2.473832943961152267e+10
1.463171183538549913e+00 2.262447064323130798e+10
1.469023868272704147e+00 2.204972207872575378e+10
1.474899963745795128e+00 2.578091100529065323e+10
1.480799563600778246e+00 2.997614423474605942e+10
1.486722761855181485e+00 3.005319492362696075e+10
1.492669652902602007e+00 3.365840761539025116e+10
1.498640331514212276e+00 3.644063467949636078e+10
1.504634892840269300e+00 4.010743251878159332e+10
1.510653432411630304e+00 4.490148668227554321e+10
1.516696046141276843e+00 5.209850838680525970e+10
1.522762830325842032e+00 5.735002063386249542e+10
1.528853881647145307e+00 6.374904625671198273e+10
1.534969297173733649e+00 6.996853254427331543e+10
1.541109174362428780e+00 7.752238026529606628e+10
1.547273611059878373e+00 9.295717331650494385e+10
1.553462705504118135e+00 9.783366992646023560e+10
1.559676556326134556e+00 9.636883611756097412e+10
1.565915262551438980e+00 1.122681805660552216e+11
1.572178923601644795e+00 1.223746966671188202e+11
1.578467639296051495e+00 1.234964583822213440e+11
1.584781509853235626e+00 1.358040252955412598e+11
1.591120635892648405e+00 1.396299275374222717e+11
1.597485118436219098e+00 1.390004276554604492e+11
1.603875058909963958e+00 1.309241710404825287e+11
1.610290559145603595e+00 1.210783116082803802e+11
1.616731721382186127e+00 1.096917246103498688e+11
1.623198648267714761e+00 9.913246878058271790e+10
1.629691442860785600e+00 9.370641502530485535e+10
1.636210208632228769e+00 1.005347928613236694e+11
1.642755049466757766e+00 1.101258224140873108e+11
1.649326069664624805e+00 1.158343067418946228e+11
1.655923373943283039e+00 1.134773696642975922e+11
1.662547067439056336e+00 1.134319246713361511e+11
1.669197255708812611e+00 7.156852481324601746e+10
1.675874044731648027e+00 8.214373055865397644e+10
1.682577540910574321e+00 1.011992940603963013e+11
1.689307851074216771e+00 9.188239022661251831e+10
1.696065082478513508e+00 7.954672700744648743e+10
1.702849342808427480e+00 7.714996924274295044e+10
1.709660740179661298e+00 8.264794233524034119e+10
1.716499383140379864e+00 6.501977019086382294e+10
1.723365380672941427e+00 6.924999251803649902e+10
1.730258842195633306e+00 5.347856344997535706e+10
1.737179877564415831e+00 4.615379058465925598e+10
1.744128597074673603e+00 4.160857896744143677e+10
1.751105111462972097e+00 4.127123239190534210e+10
1.758109531908824241e+00 3.470688334766160583e+10
1.765141970036459451e+00 3.078882634561688995e+10
1.772202537916605314e+00 2.575734857636582947e+10
1.779291348068271716e+00 2.312244653235844040e+10
1.786408513460544745e+00 2.089930390760291672e+10
1.793554147514387020e+00 1.623730947087272263e+10
1.800728364104444257e+00 1.856027426614485931e+10
1.807931277560862249e+00 1.586673142313679314e+10
1.815163002671105641e+00 1.883803211315763474e+10
1.822423654681789795e+00 1.903532853811026382e+10
1.829713349300517100e+00 1.610412242128661537e+10
1.837032202697718830e+00 1.618795955301462555e+10
1.844380331508509885e+00 1.648719654775710487e+10
1.851757852834543527e+00 1.552037729586441803e+10
1.859164884245881888e+00 1.178586182347748566e+10
1.866601543782865358e+00 1.243772363615972710e+10
1.874067949957996859e+00 1.452425082890283394e+10
1.881564221757828781e+00 1.982395296986428070e+10
1.889090478644860127e+00 2.133915883861262131e+10
1.896646840559439662e+00 2.567154858530897141e+10
1.904233427921677269e+00 2.323809987074662399e+10
1.911850361633363971e+00 2.689319273543787766e+10
1.919497763079897279e+00 2.515676959123160172e+10
1.927175754132217200e+00 2.206325727757410049e+10
1.934884457148745796e+00 1.918352104692767334e+10
1.942623994977340729e+00 1.633466251977079964e+10
1.950394490957250149e+00 2.092214684330058670e+10
1.958196068921079336e+00 1.776946465997681046e+10
1.966028853196763793e+00 2.121406777966711426e+10
1.973892968609550991e+00 2.121409223368676376e+10
1.981788540483989447e+00 2.247892382496675110e+10
1.989715694645925126e+00 2.379766644185821915e+10
1.997674557424508723e+00 2.662257186976519012e+10
2.005665255654207169e+00 2.834446048306570053e+10
2.013687916676823786e+00 3.070326058617335510e+10
2.021742668343530891e+00 3.733685488864733887e+10
2.029829639016905052e+00 3.614801619894123077e+10
2.037948957572972564e+00 4.143827645516740417e+10
2.046100753403264694e+00 4.592061053937413025e+10
2.054285156416877811e+00 5.025752189846657562e+10
2.062502297042545507e+00 5.381017350303308105e+10
2.070752306230715600e+00 5.899898422403137207e+10
2.079035315455638244e+00 5.937571569022280884e+10
2.087351456717461140e+00 6.316154880873183441e+10
2.095700862544330967e+00 6.505920124401292419e+10
2.104083665994508134e+00 6.790471513034809875e+10
2.112500000658485977e+00 6.865700708925863647e+10
2.120950000661120161e+00 6.643862064670779419e+10
2.129433800663764753e+00 6.518129330153661346e+10
2.137951535866419839e+00 6.391628227817337799e+10
2.146503342009885351e+00 6.181290710438726807e+10
2.155089355377924676e+00 5.663282777926707458e+10
2.163709712799436691e+00 4.992491059207934570e+10
2.172364551650634468e+00 4.706780559723628235e+10
2.181054009857236853e+00 4.015805842369557190e+10
2.189778225896665376e+00 3.037666437056165695e+10
2.198537338800252705e+00 1.649244615518811798e+10
2.207331488155453325e+00 9.714608212352005005e+09
2.216160814108075083e+00 1.528886646394721794e+10
2.225025457364507631e+00 1.497349468905037498e+10
2.233925559193965515e+00 1.263278857290860367e+10
2.242861261430741493e+00 9.912495961000288010e+09
2.251832706476463830e+00 8.375910736276995659e+09
2.260840037302370042e+00 7.331593583679313660e+09
2.269883397451579299e+00 7.319690897382426262e+09
2.278962931041386142e+00 6.255460336058029175e+09
2.288078782765551100e+00 5.095261513754031181e+09
2.297231097896613505e+00 4.820768895776357651e+09
2.306420022288200311e+00 7.460781981800328255e+09
2.315645702377353121e+00 7.947672104033091545e+09
2.324908285186861878e+00 4.274188367772998810e+09
2.334207918327609654e+00 3.649578625629274368e+09
2.343544750000919663e+00 3.863062408382455349e+09
2.352918929000923143e+00 4.840137205486624718e+09
2.362330604716927240e+00 6.117300467858897209e+09
2.371779927135795329e+00 4.869871440803660393e+09
2.381267046844337987e+00 3.948554969250092506e+09
2.390792115031715070e+00 6.025416199490498543e+09
2.400355283491842240e+00 7.496176270743096352e+09
2.409956704625809465e+00 8.343007523111200333e+09
2.419596531444312859e+00 8.134031487933958054e+09
2.429274917570089620e+00 8.446849869020071983e+09
2.438992017240370291e+00 8.195119400247091293e+09
2.448747985309331465e+00 8.279381039703123093e+09
2.458542977250568917e+00 9.320060924790344238e+09
2.468377149159570738e+00 9.408811697443248749e+09
2.478250657756209563e+00 8.870999238101257324e+09
2.488163660387234355e+00 9.624620070546354294e+09
2.498116315028783063e+00 1.017017424158146095e+10
2.508108780288898387e+00 8.511823753134939194e+09
2.518141215410053757e+00 8.567127646945352554e+09
2.528213780271693967e+00 7.690909970143330574e+09
2.538326635392781139e+00 7.808753489218452454e+09
2.548479941934351789e+00 6.818372702947768211e+09
2.558673861702089436e+00 7.478419478822223663e+09
2.568908557148898097e+00 7.348228424001723289e+09
2.579184191377493551e+00 6.913213616121556282e+09
2.589500928143003478e+00 6.948713541571969986e+09
2.599858931855575594e+00 7.936847567636471748e+09
2.610258367582998229e+00 9.159305569776102066e+09
2.620699401053329769e+00 9.121539971958024979e+09
2.631182198657543214e+00 9.266595552633893967e+09
2.641706927452173392e+00 1.183491420207929230e+10
2.652273755161981938e+00 1.135512586283079338e+10
2.662882850182629824e+00 9.968442188345050812e+09
2.673534381583360542e+00 6.574165050126044273e+09
2.684228519109693956e+00 6.502239829915744781e+09
2.694965433186132575e+00 7.224407110864400864e+09
2.705745294918877164e+00 7.123794452467246056e+09
2.716568276098552559e+00 7.416384258241525650e+09
2.727434549202946812e+00 9.331278995522819519e+09
2.738344287399758326e+00 7.978567705480830193e+09
2.749297664549357201e+00 1.057437460673921204e+10
2.760294855207554576e+00 8.714611548068035126e+09
2.771336034628385292e+00 8.453371454877011299e+09
2.782421378766898545e+00 7.143296807847718239e+09
2.793551064281966312e+00 9.533614533790483475e+09
2.804725268539093985e+00 7.428431248840738297e+09
2.815944169613250558e+00 8.290084993293506622e+09
2.827207946291703244e+00 1.088539126158983040e+10
2.838516778076869862e+00 7.987898290162934303e+09
2.849870845189177437e+00 8.492040608383143425e+09
2.861270328569933685e+00 9.911016926533895493e+09
2.872715409884213589e+00 9.642694989393684387e+09
2.884206271523750420e+00 9.828822378207515717e+09
2.895743096609845413e+00 1.034706236114571190e+10
2.907326068996284985e+00 9.757087231439058304e+09
2.918955373272270393e+00 1.068463327388259888e+10
2.930631194765359826e+00 1.193451982109088707e+10
2.942353719544420709e+00 1.144807394690109444e+10
2.954123134422598440e+00 1.146629662112748146e+10
2.965939626960289122e+00 1.170057220710128784e+10
2.977803385468130504e+00 1.239092474713999748e+10
2.989714599010003138e+00 1.274259695557160759e+10
3.001673457406043077e+00 1.237602190164902687e+10
3.013680151235667015e+00 1.291380620375325012e+10
3.025734871840609408e+00 1.178347619233201599e+10
3.037837811327972037e+00 1.137945837229395485e+10
3.049989162573283785e+00 9.304422982981758118e+09
3.062189119223576395e+00 8.297836452126753807e+09
3.074437875700470890e+00 7.332082165436648369e+09
3.086735627203272880e+00 6.497813303362403870e+09
3.099082569712085622e+00 5.870087260005101204e+09
3.111478899990933744e+00 5.006448722651120186e+09
3.123924815590897186e+00 4.567782929812497139e+09
3.136420514853261121e+00 3.837622632928171635e+09
3.148966196912674320e+00 3.388213624043009758e+09
3.161562061700325277e+00 3.066627464554197311e+09
3.174208309947126327e+00 2.940440214946837425e+09
3.186905143186915090e+00 2.701638043434874058e+09
3.199652763759662566e+00 2.614558247091370106e+09
3.212451374814701222e+00 2.731612446388824463e+09
3.225301180313960625e+00 2.682733056308881760e+09
3.238202385035215958e+00 2.831867472921717167e+09
3.251155194575356955e+00 2.977036130554238796e+09
3.264159815353658622e+00 3.401044335432670116e+09
3.277216454615073271e+00 3.855839332528094769e+09
3.290325320433533207e+00 4.038961024488943100e+09
3.303486621715267635e+00 3.680684794830467224e+09
3.316700568202128441e+00 1.604819702929314375e+09
3.329967370474937294e+00 1.020922560746479869e+09
3.343287239956836743e+00 1.630234872900704622e+09
3.356660388916663962e+00 2.468396685226013184e+09
3.370087030472330714e+00 3.124023176403851509e+09
3.383567378594220187e+00 3.409581934528616905e+09
3.397101648108596716e+00 3.380901193804358006e+09
3.410690054701031482e+00 3.239394338253428936e+09
3.424332814919834878e+00 3.057116922551399708e+09
3.438030146179514634e+00 2.907709490433925629e+09
3.451782266764232610e+00 2.971029143309915066e+09
3.465589395831289998e+00 3.164172472094769478e+09
3.479451753414614767e+00 3.133203871052392960e+09
3.493369560428273068e+00 3.320889612034331322e+09
3.507343038669985980e+00 3.617967936367572784e+09
3.521372410824665788e+00 3.719813678389238358e+09
3.535457900467964709e+00 3.693348289055158138e+09
3.549599732069836477e+00 3.829049249434380531e+09
3.563798130998116154e+00 4.025459610289262772e+09
3.578053323522108364e+00 4.441476995812511444e+09
3.592365536816196858e+00 4.762620978976630211e+09
3.606734998963461614e+00 4.859548060056585312e+09
3.621161938959315041e+00 5.295903884044713020e+09
3.635646586715152839e+00 5.822116632864962578e+09
3.650189173062013293e+00 6.484934448334272385e+09
3.664789929754260545e+00 7.087933078014329910e+09
3.679449089473277645e+00 8.041897113208186150e+09
3.694166885831170699e+00 8.484489876591214180e+09
3.708943553374495661e+00 9.412820849792606354e+09
3.723779327587993571e+00 9.884971077358392715e+09
3.738674444898345328e+00 1.090954120047903824e+10
3.753629142677938901e+00 1.190060827897230721e+10
3.768643659248651190e+00 1.207994117316562653e+10
3.783718233885645432e+00 1.241341878480264664e+10
3.798853106821188153e+00 1.365870015136428642e+10
3.814048519248473657e+00 1.492506753185796165e+10
3.829304713325467180e+00 1.640493171555868721e+10
3.844621932178768908e+00 1.595276910011246490e+10
3.860000419907484215e+00 1.769696968465056229e+10
3.875440421587113882e+00 1.794555399139226913e+10
3.890942183273462529e+00 1.884364503193589783e+10
3.906505952006555926e+00 1.944826769995964432e+10
3.922131975814582727e+00 1.984584239620629501e+10
3.937820503717840648e+00 2.115592650114066696e+10
3.953571785732711508e+00 2.042028461959337234e+10
3.969386072875642490e+00 2.049741903017702866e+10
3.985263617167145167e+00 2.049211640818073654e+10
4.001204671635814059e+00 1.964778552219323349e+10
4.017209490322357190e+00 1.991929082908585739e+10
4.033278328283646630e+00 1.878532653888189316e+10
4.049411441596781458e+00 1.854958797054815674e+10
4.065609087363168506e+00 1.761820649717372513e+10
4.081871523712622185e+00 1.604084536189689064e+10
4.098199009807472315e+00 1.642808045335831261e+10
4.114591805846702144e+00 1.581721879895545578e+10
4.131050173070089038e+00 1.499404261246851730e+10
4.147574373762369149e+00 1.594911983682966805e+10
4.164164671257418959e+00 1.471837628559273911e+10
4.180821329942449260e+00 1.224579344556270218e+10
4.197544615262219558e+00 1.118413551293908119e+10
4.214334793723269357e+00 9.398891469826496124e+09
4.231192132898162761e+00 8.398231575933114052e+09
4.248116901429755288e+00 7.571840721258989334e+09
4.265109369035473996e+00 7.421200903626408577e+09
4.282169806511615384e+00 6.960389319938838959e+09
4.299298485737661935e+00 6.253698279682006836e+09
4.316495679680612874e+00 6.070047806016933441e+09
4.333761662399335357e+00 6.370429484304726601e+09
4.351096709048932532e+00 6.606202079305944443e+09
4.368501095885127583e+00 6.858197469266240120e+09
4.385975100268668214e+00 6.879804422684856415e+09
4.403519000669743555e+00 6.792094549213419914e+09
4.421133076672422391e+00 6.944700685755051613e+09
4.438817608979111817e+00 6.733781797301566124e+09
4.456572879415028332e+00 7.083939647389450073e+09
4.474399170932688463e+00 6.767128019504165649e+09
4.492296767616419828e+00 6.984267721323137283e+09
4.510265954686884626e+00 7.039470949872263908e+09
4.528307018505633330e+00 6.668883346213123322e+09
4.546420246579655711e+00 6.901673078626427650e+09
4.564605927565974497e+00 6.636134430179937363e+09
4.582864351276237258e+00 6.951126893216257095e+09
4.601195808681342925e+00 6.969024690772728920e+09
4.619600591916067422e+00 6.873146396391903877e+09
4.638078994283731937e+00 7.061058693447189331e+09
4.656631310260867629e+00 7.582036119177526474e+09
4.675257835501911430e+00 7.182736625833739281e+09
4.693958866843916944e+00 7.708767392277568817e+09
4.712734702311292878e+00 7.018640768479819298e+09
4.731585641120538810e+00 6.733529661733757973e+09
4.750511983685020923e+00 6.902618070851991653e+09
4.769514031619761063e+00 6.519554668978972435e+09
4.788592087746240011e+00 6.219833814447797775e+09
4.807746456097224730e+00 6.841748422040582657e+09
4.826977441921613377e+00 6.786142654033881187e+09
4.846285351689299858e+00 6.388088936058948517e+09
4.865670493096057925e+00 6.769740399196094513e+09
4.885133175068442135e+00 6.598424087788656235e+09
4.904673707768715474e+00 6.529045336260756493e+09
4.924292402599791174e+00 6.421984035794095993e+09
4.943989572210189642e+00 6.517486932282767296e+09
4.963765530499030021e+00 6.113529813435112953e+09
4.983620592621027079e+00 7.079818386077943802e+09
5.003555074991511198e+00 6.727214809054268837e+09
5.023569295291476777e+00 6.048344880061526299e+09
5.043663572472643075e+00 6.887341789966022491e+09
5.063838226762532813e+00 6.955259150239356041e+09
5.084093579669583640e+00 6.484558116839942932e+09
5.104429953988261381e+00 6.729442123069408417e+09
5.124847673804215020e+00 6.806498410639424324e+09
5.145347064499431688e+00 5.916818031012008667e+09
5.165928452757428957e+00 6.057300480011407852e+09
5.186592166568458673e+00 6.894983111635129929e+09
5.207338535234733001e+00 5.636122018634229660e+09
5.228167889375671784e+00 6.342277198574039459e+09
5.249080560933174766e+00 6.212744315611175537e+09
5.270076883176907145e+00 5.797282023093355179e+09
5.291157190709615321e+00 5.837071266111932755e+09
5.312321819472453299e+00 5.917372060890246391e+09
5.333571106750343738e+00 6.341366556688288689e+09
5.354905391177344320e+00 4.968791097615254402e+09
5.376325012742054099e+00 5.206317456490062714e+09
5.397830312793021612e+00 5.302099097856432915e+09
5.419421634044193858e+00 3.990840619308311462e+09
5.441099320580370602e+00 5.239231008424600601e+09
5.462863717862692425e+00 4.769997759891266823e+09
5.484715172734142996e+00 4.893870874651145935e+09
5.506654033425078865e+00 4.785072656650162697e+09
5.528680649558780580e+00 4.265368708901444435e+09
5.550795372157015350e+00 4.156447080579250336e+09
5.572998553645643227e+00 3.974227788830049992e+09
5.595290547860225949e+00 4.349741352843167305e+09
5.617671710051667766e+00 4.180250779998754501e+09
5.640142396891874021e+00 4.170328659846678734e+09
5.662702966479441713e+00 4.127068559752090454e+09
5.685353778345359821e+00 3.807278974222723484e+09
5.708095193458740724e+00 3.828011427646838188e+09
5.730927574232576482e+00 3.676375589799160480e+09
5.753851284529505783e+00 4.096525966361198902e+09
5.776866689667624399e+00 3.547598067715389729e+09
5.799974156426294769e+00 3.957039699212370872e+09
5.823174053051999977e+00 2.929754926194180012e+09
5.846466749264207508e+00 3.315793968153126717e+09
5.869852616261264977e+00 3.212099994544364452e+09
5.893332026726310069e+00 3.274896614649353981e+09
5.916905354833215114e+00 3.864976519783001900e+09
5.940572976252548543e+00 3.133716517713479519e+09
5.964335268157558545e+00 3.536505426850100517e+09
5.988192609230189589e+00 3.491049476774393082e+09
6.012145379667110490e+00 3.633547104401608944e+09
6.036193961185778889e+00 3.205306159174081802e+09
6.060338737030522616e+00 3.006034249641973972e+09
6.084580091978644134e+00 3.513126003104778290e+09
6.108918412346558746e+00 3.250053875720100403e+09
6.133354085995945226e+00 3.864789955671576500e+09
6.157887502339929320e+00 3.224884943961843014e+09
6.182519052349287669e+00 3.390785613342666149e+09
6.207249128558685491e+00 3.499147816280421257e+09
6.232078125072920471e+00 3.463687653247087955e+09
6.257006437573212843e+00 3.528425532430488586e+09
6.282034463323505236e+00 3.555745070663679600e+09
6.307162601176800720e+00 3.545958499443732738e+09
6.332391251581507063e+00 3.303125525916569233e+09
6.357720816587833390e+00 3.221739892464025021e+09
6.383151699854184180e+00 2.915442264494148731e+09
6.408684306653601226e+00 2.485280356712893963e+09
6.434319043880215361e+00 2.462957155763511658e+09
6.460056320055736379e+00 2.247645587038504601e+09
6.485896545335958052e+00 1.978155415714498758e+09
6.511840131517302233e+00 2.224975185015479088e+09
6.537887492043371829e+00 2.472361160694814205e+09
6.564039042011545533e+00 2.281018578829618454e+09
6.590295198179591196e+00 2.149087126290140152e+09
6.616656378972309405e+00 2.185782993087672710e+09
6.643123004488199257e+00 2.233617767120251656e+09
6.669695496506150789e+00 2.439899255868888855e+09
6.696374278492176479e+00 2.530415342016955376e+09
6.723159775606144528e+00 2.259503345377797127e+09
6.750052414708568094e+00 2.448846714573875427e+09
6.777052624367403411e+00 2.160827276780206203e+09
6.804160834864871887e+00 2.161843049256461620e+09
6.831377478204331055e+00 2.090399752868922472e+09
6.858702988117148180e+00 2.035351098254479885e+09
6.886137800069615622e+00 2.354361791122009754e+09
6.913682351269895499e+00 2.356309506147177696e+09
6.941337080674975013e+00 2.302235839949973583e+09
6.969102428997675069e+00 2.061125284393049479e+09
6.996978838713665994e+00 2.150545577659848213e+09
7.024966754068519670e+00 1.940379104890819788e+09
7.053066621084793653e+00 1.789787009421996355e+09
7.081278887569133929e+00 1.809432862499857426e+09
7.109604003119409654e+00 1.714335404028087616e+09
7.138042419131887861e+00 1.729175162147285700e+09
7.166594588808414379e+00 1.589885766886974335e+09
7.195260967163648047e+00 1.552163339597667694e+09
7.224042011032302923e+00 1.517826749800866365e+09
7.252938179076432235e+00 1.418913630128677130e+09
7.281949931792737196e+00 1.372485587065859079e+09
7.311077731519908696e+00 1.340330634508829832e+09
7.340322042445988515e+00 1.257793194531965256e+09
7.369683330615771411e+00 1.245716116418893576e+09
7.399162063938235612e+00 1.245731089207585573e+09
7.428758712193988423e+00 1.218045924065565348e+09
7.458473747042765112e+00 1.219153982548272133e+09
7.488307642030935796e+00 1.277700591735343933e+09
7.518260872599060285e+00 1.330033665606871605e+09
7.548333916089456253e+00 1.355724888376941442e+09
7.578527251753813587e+00 1.375301604240340471e+09
7.608841360760829176e+00 1.362537487607807398e+09
7.639276726203872769e+00 1.544780092353548050e+09
7.669833833108687493e+00 1.058085505983357668e+09
7.700513168441122325e+00 9.595184427036408186e+08
7.731315221114887670e+00 9.203047073071867228e+08
7.762240481999347352e+00 9.621246446949472427e+08
7.793289443927344351e+00 9.924002558182694912e+08
7.824462601703054077e+00 1.029967352635125995e+09
7.855760452109866065e+00 1.108960565872520924e+09
7.887183493918306532e+00 1.119007149095963955e+09
7.918732227893980458e+00 1.122993828780997515e+09
7.950407156805555431e+00 1.188833434508230448e+09
7.982208785432777454e+00 1.197784629342896223e+09
8.014137620574508958e+00 1.167464539626720428e+09
8.046194171056805899e+00 1.181026622609513760e+09
8.078378947741034821e+00 1.180051580161400318e+09
8.110692463531997021e+00 1.257470986468466520e+09
8.143135233386125549e+00 1.164927582635058403e+09
8.175707774319670662e+00 1.160298745895956516e+09
8.208410605416949224e+00 1.168268949237750530e+09
8.241244247838615422e+00 1.188178764545744896e+09
8.274209224829968790e+00 1.205863338908387184e+09
8.307306061729288871e+00 1.169420522234942436e+09
8.340535285976207192e+00 1.166870891116309643e+09
8.373897427120111203e+00 1.188026524526787996e+09
8.407393016828594412e+00 1.197620948181656361e+09
8.441022588895906509e+00 1.230215422008542299e+09
8.474786679251490540e+00 1.235296804533000946e+09
8.508685825968495209e+00 1.245011424855120420e+09
8.542720569272368891e+00 1.251810337032380104e+09
8.576891451549458978e+00 1.289312901336689949e+09
8.611199017355655627e+00 1.284365215466734409e+09
8.645643813425078150e+00 1.324579223543872356e+09
8.680226388678779159e+00 1.345708640474317074e+09
8.714947294233493125e+00 1.356346559856675625e+09
8.749807083410427566e+00 1.359093260861784935e+09
8.784806311744070229e+00 1.387503441678110123e+09
8.819945536991047774e+00 1.388420392826350451e+09
8.855225319139009343e+00 1.446188906585198879e+09
8.890646220415566958e+00 1.458078809494272232e+09
8.926208805297228821e+00 1.424997346840494633e+09
8.961913640518417878e+00 1.421550702511296988e+09
8.997761295080492161e+00 1.500781226044708490e+09
9.033752340260813085e+00 1.451856249231642485e+09
9.069887349621856387e+00 1.515311887466232061e+09
9.106166899020346150e+00 1.536966759212099791e+09
9.142591566616424359e+00 1.568075309658994675e+09
9.179161932882891506e+00 1.545151779268925428e+09
9.215878580614422333e+00 1.608875274774812222e+09
9.252742094936881045e+00 1.581202780175324202e+09
9.289753063316627646e+00 1.545871767969831705e+09
9.326912075569895322e+00 1.612926203387418509e+09
9.364219723872173162e+00 1.623992715464287043e+09
9.401676602767663482e+00 1.560788408454097271e+09
9.439283309178733816e+00 1.494994001481400967e+09
9.477040442415447075e+00 1.548575961979659557e+09
9.514948604185111236e+00 1.566894262144956350e+09
9.553008398601852136e+00 1.704093336208531141e+09
9.591220432196260859e+00 1.552423429683345318e+09
9.629585313925044687e+00 1.539076378469321012e+09
9.668103655180747324e+00 1.583917307670723200e+09
9.706776069801470896e+00 1.592103147434150457e+09
9.745603174080676112e+00 1.628759442579080820e+09
9.784585586776998412e+00 1.703073875053584337e+09
9.823723929124106746e+00 1.436560789367664099e+09
9.863018824840601440e+00 1.567517070690758705e+09
9.902470900139965337e+00 1.248867116874855518e+09
9.942080783740523842e+00 1.563192225877087831e+09
9.981849106875488431e+00 1.546827705933094978e+09
1.002177650330298952e+01 1.501412234665589571e+09
1.006186360931619994e+01 1.426813113063692570e+09
1.010211106375346723e+01 1.376212319954650879e+09
1.014251950800847979e+01 1.492491351032293797e+09
1.018308958604051284e+01 1.464280192402820349e+09
1.022382194438467451e+01 1.413533667133388758e+09
1.026471723216221399e+01 1.350160009551653862e+09
1.030577610109086173e+01 1.299747462236739397e+09
1.034699920549522467e+01 1.141537152150286913e+09
1.038838720231720458e+01 1.100288369804268599e+09
1.042994075112647501e+01 1.099980970800442457e+09
1.047166051413097954e+01 1.114309915449982405e+09
1.051354715618750468e+01 1.239405890432390928e+09
1.055560134481225454e+01 1.203002098611356497e+09
1.059782375019150358e+01 1.158864523936226368e+09
1.064021504519226902e+01 1.172438870335390329e+09
1.068277590537303823e+01 1.234131168233334541e+09
1.072550700899452991e+01 1.108767043263258457e+09
1.076840903703050856e+01 1.089458476158538103e+09
1.081148267317863088e+01 1.213240457073885441e+09
1.085472860387134553e+01 1.115931370708720684e+09
1.089814751828683015e+01 1.088170021745052099e+09
1.094174010835997635e+01 1.047285557841577768e+09
1.098550706879341909e+01 8.866303216477047205e+08
1.102944909706859100e+01 9.153043886748069525e+08
1.107356689345686540e+01 1.033595809235207558e+09
1.111786116103069233e+01 1.089281249292482615e+09
1.116233260567481622e+01 1.016182910845605969e+09
1.120698193609751492e+01 1.050563346093041301e+09
1.125180986384190440e+01 9.424844613839339018e+08
1.129681710329727373e+01 1.022578015612731338e+09
1.134200437171046083e+01 9.677482692922204733e+08
1.138737238919730466e+01 1.013446754154140592e+09
1.143292187875409383e+01 1.006225859164968014e+09
1.147865356626910938e+01 9.571315985131577253e+08
1.152456818053418530e+01 9.564204475041508675e+08
1.157066645325632237e+01 8.354101455986762047e+08
1.161694911906934635e+01 8.352800933434087038e+08
1.166341691554562487e+01 8.527475222830138206e+08
1.171007058320780736e+01 7.461723407020146847e+08
1.175691086554063958e+01 7.023586482227660418e+08
1.180393850900279951e+01 8.160836388668032885e+08
1.185115426303881137e+01 8.335026765477781296e+08
1.189855888009096674e+01 7.535123275669291019e+08
1.194615311561133097e+01 8.062379275776773691e+08
1.199393772807377623e+01 7.976434731186076403e+08
1.204191347898607134e+01 8.054234467981314659e+08
1.209008113290201614e+01 6.794666130625358820e+08
1.213844145743362368e+01 7.401998744764723778e+08
1.218699522326335938e+01 8.119162923920705318e+08
1.223574320415641381e+01 7.114247917344468832e+08
1.228468617697303777e+01 6.571429110365808010e+08
1.233382492168093059e+01 7.184993531571288109e+08
1.238316022136765504e+01 5.839792623808531761e+08
1.243269286225312520e+01 5.808514555066850185e+08
1.248242363370213859e+01 6.569181459598987103e+08
1.253235332823694748e+01 5.563294065348291397e+08
1.258248274154989410e+01 5.793266920541901588e+08
1.263281267251609385e+01 6.062089207510085106e+08
1.268334392320615756e+01 6.230093254035315514e+08
1.273407729889898299e+01 5.793451663348357677e+08
1.278501360809457665e+01 5.792026012320911884e+08
1.283615366252695544e+01 5.546773416571286917e+08
1.288749827717706253e+01 5.910135425442842245e+08
1.293904827028577031e+01 5.492927109383237362e+08
1.299080446336691352e+01 5.673217022823654413e+08
1.304276768122038099e+01 5.035111119298451543e+08
1.309493875194526424e+01 5.543235237831546068e+08
1.314731850695304693e+01 4.948488023592203259e+08
1.319990778098085649e+01 5.306823836680627465e+08
1.325270741210477965e+01 4.468448962915916443e+08
1.330571824175319939e+01 4.279694086982521415e+08
1.335894111472021173e+01 5.061010875764013529e+08
1.341237687917909227e+01 4.541359464212976098e+08
1.346602638669580898e+01 3.952875716713634729e+08
1.351989049224258999e+01 4.423983932507449985e+08
1.357397005421156067e+01 4.447463489982066751e+08
1.362826593442840917e+01 4.323656264236873388e+08
1.368277899816612297e+01 4.221214651030138731e+08
1.373751011415878942e+01 4.077506897890952826e+08
1.379246015461542463e+01 4.338962501008537412e+08
1.384762999523388416e+01 3.726783083079966903e+08
1.390302051521481808e+01 3.792365094887814522e+08
1.395863259727567751e+01 4.019241691312350631e+08
1.401446712766477987e+01 3.523831419595820904e+08
1.407052499617543972e+01 4.046062296420852542e+08
1.412680709616014063e+01 3.651771474881197214e+08
1.418331432454478147e+01 3.227787032621113658e+08
1.424004758184296193e+01 3.454602874793962836e+08
1.429700777217033369e+01 3.745528055053984523e+08
1.435419580325901379e+01 3.173493425911704898e+08
1.441161258647204946e+01 3.078679215906956196e+08
1.446925903681793812e+01 3.055919044502476454e+08
1.452713607296521126e+01 2.903952780840706229e+08
1.458524461725707155e+01 3.231518406760519743e+08
1.464358559572609764e+01 3.069570519837749600e+08
1.470215993810900557e+01 3.084540110963793993e+08
1.476096857786143879e+01 3.250820227998948693e+08
1.482001245217288599e+01 2.900281627797760367e+08
1.487929250198157760e+01 2.586527713055137992e+08
1.493880967198950316e+01 2.381271684415998459e+08
1.499856491067746056e+01 2.641414168307901919e+08
1.505855917032016933e+01 2.840273369979230762e+08
1.511879340700144958e+01 2.818703892207859159e+08
1.517926858062945605e+01 2.533875306987901330e+08
1.523998565495197433e+01 2.803351327852979898e+08
1.530094559757178274e+01 2.702646818586384654e+08
1.536214937996206764e+01 2.549940423350311518e+08
1.542359797748191674e+01 2.425667796968635023e+08
1.548529236939184450e+01 2.519826164223963618e+08
1.554723353886941339e+01 2.252470679923370779e+08
1.560942247302489072e+01 2.345553093389537334e+08
1.567186016291699069e+01 2.464921215245166719e+08
1.573454760356865556e+01 2.093919709166584313e+08
1.579748579398293096e+01 2.245741518905067146e+08
1.586067573715886247e+01 2.353511364254210591e+08
1.592411844010749888e+01 2.565403977038427591e+08
1.598781491386792730e+01 1.899446357932905853e+08
1.605176617352340074e+01 2.251490437025725842e+08
1.611597323821749228e+01 2.017701017806579471e+08
1.618043713117036120e+01 2.227925901248882711e+08
1.624515887969504391e+01 1.868668014265474677e+08
1.631013951521382310e+01 2.056524936827628314e+08
1.637538007327468037e+01 2.081896490235259831e+08
1.644088159356778078e+01 1.987245616196137965e+08
1.650664511994205341e+01 1.900356852835259736e+08
1.657267170042182158e+01 1.906380065326609313e+08
1.663896238722350418e+01 1.618534110401765704e+08
1.670551823677240222e+01 1.827076571531531811e+08
1.677234030971949608e+01 2.004765669900596738e+08
1.683942967095837062e+01 1.907870281210427880e+08
1.690678738964220429e+01 1.670642926047262847e+08
1.697441453920077237e+01 1.720643144909344316e+08
1.704231219735757108e+01 1.958496956000424027e+08
1.711048144614700561e+01 1.459953344322529137e+08
1.717892337193159236e+01 1.714337571936448216e+08
1.724763906541932101e+01 1.565391062809031904e+08
1.731662962168099895e+01 1.587430169195079207e+08
1.738589614016772344e+01 1.337257173694547564e+08
1.745543972472839300e+01 1.632930645839053392e+08
1.752526148362730751e+01 1.520966339754173160e+08
1.759536252956181812e+01 1.496500384760059118e+08
1.766574397968006238e+01 1.489595681777411997e+08
1.773640695559878466e+01 1.424402246283636093e+08
1.780735258342117433e+01 1.433208296105537713e+08
1.787858199375486024e+01 1.526834317782072425e+08
1.795009632172988034e+01 1.297558417208903432e+08
1.802189670701679702e+01 1.456045942209040821e+08
1.809398429384486562e+01 1.407579702899137735e+08
1.816636023102024211e+01 1.151286139340156764e+08
1.823902567194432578e+01 1.344311242976353765e+08
1.831198177463210186e+01 1.360815503249480724e+08
1.838522970173062987e+01 1.284239198801695853e+08
1.845877062053754969e+01 1.267279926235443503e+08
1.853260570301970134e+01 1.114650372816128284e+08
1.860673612583178027e+01 1.048405643131955117e+08
1.868116307033510637e+01 1.175825255896726549e+08
1.875588772261644976e+01 1.117986845139676332e+08
1.883091127350691352e+01 1.370346398570325673e+08
1.890623491860094063e+01 1.190202499622343630e+08
1.898185985827534594e+01 1.024513523822528422e+08
1.905778729770844748e+01 1.223265522246780396e+08
1.913401844689928311e+01 1.184009128205967844e+08
1.921055452068688041e+01 1.029095941909157038e+08
1.928739673876962968e+01 9.754115025934264064e+07
1.936454632572470658e+01 1.008665728074264973e+08
1.944200451102760141e+01 8.296995054441735148e+07
1.951977252907171589e+01 1.050322597105440944e+08
1.959785161918800256e+01 9.070711312922349572e+07
1.967624302566475691e+01 9.522123082001085579e+07
1.991079942767366973e+01 9.322773507246826589e+07
2.030901541622714390e+01 8.333213626329265535e+07
2.071519572455168756e+01 8.177698190958654881e+07
2.112949963904272010e+01 6.941206182070241868e+07
2.155208963182357707e+01 6.706351495803480595e+07
2.198313142446004420e+01 6.235317895534449071e+07
2.242279405294924643e+01 5.589437559064313024e+07
2.287124993400822959e+01 5.661458089759352058e+07
2.332867493268839709e+01 5.380341381220106035e+07
2.379524843134216638e+01 4.357061218976128101e+07
2.427115339996900900e+01 4.777825766379458457e+07
2.475657646796839018e+01 4.140146884820895642e+07
2.525170799732775961e+01 3.495736179353518039e+07
2.575674215727431715e+01 3.650729791093616188e+07
2.627187700041980278e+01 3.407054865877177566e+07
2.679731454042819649e+01 2.800336819942761585e+07
2.733326083123676042e+01 3.094402114179601893e+07
2.787992604786149542e+01 2.643900475424193218e+07
2.843752456881871993e+01 2.133056816388962790e+07
2.900627506019509738e+01 2.373661181022367999e+07
2.958640056139899599e+01 2.069962634992480651e+07
3.017812857262697435e+01 1.969864732507916540e+07
3.078169114407952023e+01 1.656152115150624141e+07
3.139732496696110431e+01 1.737409057047197968e+07
3.202527146630033172e+01 1.597176456101455353e+07
3.266577689562632969e+01 1.459800796096944250e+07
3.331909243353885586e+01 1.230546496777404658e+07
3.398547428220963695e+01 1.361611800504380465e+07
3.466518376785383282e+01 1.108559309618910588e+07
3.535848744321090464e+01 9.746789203281190246e+06
3.606565719207512188e+01 9.338958382829658687e+06
3.678697033591662802e+01 9.562369546648282558e+06
3.752270974263496583e+01 8.119663605361105874e+06
3.827316393748766643e+01 8.435783546599371359e+06
3.903862721623740839e+01 7.181281794306918979e+06
3.981939976056215613e+01 6.579739929063356481e+06
4.061578775577340394e+01 5.623077637526107952e+06
4.142810351088887444e+01 6.162939390117771924e+06
4.225666558110664539e+01 5.679457674344328232e+06
4.310179889272878029e+01 4.689688184545609169e+06
4.396383487058335504e+01 4.404034634841449559e+06
4.484311156799503095e+01 4.156986681609526742e+06
4.573997379935492091e+01 3.918818712405434344e+06
4.665477327534202345e+01 3.456858543792410288e+06
4.758786874084886165e+01 3.365521794020823203e+06
4.853962611566583973e+01 3.233868071357506793e+06
4.951041863797915710e+01 2.728043088203219697e+06
5.050062701073873939e+01 2.648008120640827809e+06
5.151063955095351332e+01 2.331218601493746508e+06
5.254085234197258103e+01 2.517419733093130402e+06
5.359166938881203635e+01 2.229295220208854415e+06
5.466350277658827395e+01 2.044823727616526419e+06
5.575677283212004198e+01 1.734028422994858352e+06
5.687190828876244098e+01 1.647250786479520146e+06
5.800934645453768468e+01 1.581369021628793096e+06
5.916953338362844050e+01 1.493894343658607220e+06
6.035292405130100946e+01 1.350406097101439955e+06
6.155998253232701956e+01 1.374376404083989328e+06
6.279118218297357146e+01 1.139427921260082861e+06
6.404700582663303976e+01 1.008650252922025276e+06
6.532794594316570169e+01 9.417692306360407965e+05
6.663450486202900436e+01 8.689198349947003881e+05
6.796719495926959098e+01 9.019504049409870058e+05
6.932653885845499531e+01 8.722436907900125952e+05
7.071306963562409464e+01 7.346752750548879849e+05
7.212733102833657028e+01 6.438540179008987034e+05
7.356987764890331505e+01 6.307852921378503088e+05
7.504127520188137623e+01 5.574415308037091745e+05
7.654210070591901172e+01 5.587150982653447427e+05
7.807294272003738911e+01 4.966579080767279374e+05
7.963440157443814371e+01 4.761469499841114739e+05
8.122708960592690630e+01 4.091514425181262777e+05
8.285163139804545551e+01 3.791791282418591436e+05
8.450866402600635752e+01 3.682797995951176854e+05
8.619883730652648524e+01 3.606718394284320530e+05
8.792281405265701721e+01 3.836476443569435505e+05
8.968127033371015955e+01 3.095830260408123140e+05
9.147489574038435478e+01 2.880612534532240243e+05
9.330439365519204387e+01 2.544757307174930465e+05
9.517048152829590890e+01 2.200108902111898351e+05
9.707389115886181230e+01 2.390425239968445385e+05
9.901536898203904968e+01 1.865734309957412188e+05
