# Wavelength [um]       Fp [W/m2/m]  
1.000553076518779783e-01 7.719912851781923421e-03
1.004555288824854897e-01 1.708101183069434803e-21
1.008573509980154326e-01 1.258307013916169176e-20
1.012607804020075053e-01 1.772750508905746893e-20
1.016658235236155422e-01 2.898356886777572477e-21
1.020724868177099870e-01 1.669722880883733414e-17
1.024807767649808382e-01 2.541254038847357277e-18
1.028906998720407612e-01 7.389887908607456978e-20
1.033022626715289355e-01 1.792591446064564579e-16
1.037154717222150413e-01 2.281417436809528858e-20
1.041303336091038839e-01 4.529270158182400514e-19
1.045468549435403099e-01 3.171631447484199655e-18
1.049650423633144702e-01 1.025395405282654365e-20
1.053849025327677214e-01 5.012319821175311559e-17
1.058064421428987906e-01 2.391809137084314391e-19
1.062296679114703990e-01 1.004241216297423658e-16
1.066545865831162732e-01 1.831137049101636499e-17
1.070812049294487533e-01 7.173055750452338179e-18
1.075095297491665408e-01 1.250826657416879565e-15
1.079395678681632220e-01 1.006702879202679418e-17
1.083713261396358624e-01 1.949356498613976148e-15
1.088048114441943909e-01 8.700772922759634282e-16
1.092400306899711654e-01 2.658294235180876770e-12
1.096769908127310511e-01 1.801093696392227451e-15
1.101156987759819850e-01 1.624173528710700210e-15
1.105561615710859147e-01 2.231182072316785811e-12
1.109983862173702651e-01 2.654919660693973682e-13
1.114423797622397516e-01 1.406293942030521167e-14
1.118881492812886930e-01 4.603142387284391746e-15
1.123357018784138517e-01 1.804944331078466129e-14
1.127850446859275102e-01 7.612982692943155146e-11
1.132361848646712132e-01 2.388783303281162848e-11
1.136891296041298988e-01 2.965976524393347943e-11
1.141438861225464035e-01 3.905517749498792220e-11
1.146004616670366072e-01 5.439062669350972338e-11
1.150588635137047705e-01 4.069471238779330555e-11
1.155190989677595953e-01 3.042335590548638384e-11
1.159811753636306314e-01 5.160936372677012476e-11
1.164451000650851553e-01 4.958820934297512707e-12
1.169108804653455069e-01 5.852421610274737476e-12
1.173785239872068981e-01 5.768755015301853693e-13
1.178480380831557206e-01 1.106890193182473778e-13
1.183194302354883543e-01 1.176029616863976475e-12
1.187927079564302935e-01 2.297870310238008134e-13
1.192678787882560099e-01 2.619983791816213669e-13
1.197449503034090645e-01 1.633399777902102856e-13
1.202239301046226783e-01 2.927171687401345890e-14
1.207048258250411760e-01 9.788288028420276882e-13
1.211876451283413342e-01 2.713954903673676782e-13
1.216723957088547137e-01 5.825128962135736025e-16
1.221590852916901310e-01 3.548885621098415572e-13
1.226477216328568792e-01 2.942954186826177067e-12
1.231383125193883099e-01 1.124809548333842930e-14
1.236308657694658586e-01 2.475380972938625077e-13
1.241253892325437369e-01 2.754478157062634309e-13
1.246218907894739159e-01 5.336233351228937892e-14
1.251203783526317892e-01 2.211856507994205672e-12
1.256208598660423226e-01 7.725048345325579682e-12
1.261233433055065078e-01 5.534654820404003175e-12
1.266278366787285392e-01 9.800183410973462566e-14
1.271343480254434610e-01 5.489141237399623815e-11
1.276428854175452321e-01 1.752492283678743563e-11
1.281534569592154005e-01 3.936589153254758008e-12
1.286660707870522780e-01 3.439112894291547360e-11
1.291807350702004475e-01 7.749483372985963422e-11
1.296974580104812425e-01 1.068317397307934013e-10
1.302162478425231973e-01 1.393752630657389813e-13
1.307371128338932764e-01 2.867547901774287786e-11
1.312600612852288795e-01 5.553417477934239651e-10
1.317851015303697915e-01 1.616835923302237193e-11
1.323122419364912705e-01 2.068742762905086667e-10
1.328414909042372472e-01 5.554827410352314606e-10
1.333728568678542170e-01 2.811450714225169917e-10
1.339063482953256612e-01 5.123438300008279940e-12
1.344419736885069383e-01 4.264963261540061273e-10
1.349797415832609815e-01 8.362027788466678046e-10
1.355196605495940232e-01 5.764483178574080037e-10
1.360617391917924301e-01 1.138598401308467467e-09
1.366059861485595939e-01 3.285409392356336060e-10
1.371524100931538481e-01 6.523010153444442853e-12
1.377010197335264696e-01 9.547350938719612061e-11
1.382518238124605670e-01 1.154283301319246956e-08
1.388048311077104136e-01 2.775011974282102482e-09
1.393600504321412248e-01 1.606229184942226328e-10
1.399174906338697677e-01 9.203043491468936420e-11
1.404771605964052761e-01 1.075642320561194374e-08
1.410390692387908651e-01 1.264398068956631994e-09
1.416032255157460562e-01 2.790169318181491279e-08
1.421696384178090522e-01 6.581310693344030975e-12
1.427383169714803168e-01 7.863117147051040687e-09
1.433092702393662099e-01 4.041626286564021916e-07
1.438825073203236771e-01 2.557156784280136907e-08
1.444580373496049674e-01 2.923772093628279016e-07
1.450358694990033503e-01 2.591065297611517779e-08
1.456160129769993872e-01 5.232634271102937803e-07
1.461984770289073976e-01 1.664899868923408092e-06
1.467832709370230082e-01 1.079093074134314137e-07
1.473704040207710897e-01 9.530726254164703672e-07
1.479598856368541382e-01 6.916753039418029658e-09
1.485517251794015725e-01 2.651510008608137396e-07
1.491459320801191979e-01 4.600370444856277646e-07
1.497425158084396690e-01 1.166743506717310635e-07
1.503414858716734248e-01 8.289109849613557649e-07
1.509428518151600951e-01 2.595880541546865255e-07
1.515466232224207677e-01 2.346484110680897624e-08
1.521528097153104220e-01 2.699071320950248529e-07
1.527614209541716672e-01 7.168964124413846353e-08
1.533724666379883694e-01 5.258349221127791595e-08
1.539859565045403056e-01 9.115268759399445240e-08
1.546019003305584838e-01 1.428224031451102702e-09
1.552203079318807133e-01 3.416782010017252591e-08
1.558411891636082569e-01 3.730724634647114768e-08
1.564645539202626778e-01 3.378781483551065035e-08
1.570904121359437411e-01 9.577128004555652987e-08
1.577187737844875093e-01 5.687693214095563140e-08
1.583496488796254653e-01 1.354544470788091333e-07
1.589830474751439959e-01 2.550237511183732956e-07
1.596189796650445414e-01 1.379717609743013838e-07
1.602574555837047166e-01 2.144738960547786119e-07
1.608984854060395708e-01 3.537860433792626941e-07
1.615420793476636807e-01 2.553458974695667558e-07
1.621882476650543525e-01 6.043607182068815544e-07
1.628370006557145755e-01 5.216984119629073449e-07
1.634883486583374457e-01 7.944676967217613269e-07
1.641423020529707844e-01 1.520394957324395943e-06
1.647988712611826723e-01 1.017421776035175159e-06
1.654580667462274002e-01 7.316132386841945336e-07
1.661198990132123077e-01 2.071242690576311715e-06
1.667843786092651215e-01 1.824918402265615277e-06
1.674515161237022098e-01 3.318519248340570790e-06
1.681213221881969755e-01 5.960976498008226656e-06
1.687938074769497754e-01 7.018417645848102707e-06
1.694689827068575905e-01 1.293792086557066984e-05
1.701468586376850278e-01 1.277729242819827570e-05
1.708274460722357391e-01 1.122202467370171461e-05
1.715107558565246715e-01 1.427447906219116596e-05
1.721967988799507909e-01 1.695329547174395004e-05
1.728855860754705820e-01 1.950648557006587829e-05
1.735771284197724640e-01 2.949943310888042492e-05
1.742714369334515678e-01 3.504040350370280491e-05
1.749685226811853456e-01 5.419873133087956826e-05
1.756683967719100681e-01 7.206745988932173317e-05
1.763710703589977391e-01 1.094750975196194189e-04
1.770765546404337309e-01 9.846588760495227912e-05
1.777848608589954471e-01 9.338473406854519280e-05
1.784960003024314568e-01 1.514427714448933493e-04
1.792099843036411844e-01 1.588673386930992645e-04
1.799268242408557650e-01 2.286444498630654343e-04
1.806465315378191772e-01 3.257895201164550530e-04
1.813691176639704306e-01 3.244537070098265437e-04
1.820945941346263086e-01 4.754863929339043344e-04
1.828229725111648329e-01 6.374270943611718516e-04
1.835542644012094771e-01 5.236530891508848172e-04
1.842884814588143239e-01 7.697924863634199614e-04
1.850256353846495561e-01 1.125037426026366050e-03
1.857657379261881403e-01 1.022248161119337397e-03
1.865088008778928996e-01 1.528104321894218709e-03
1.872548360814044743e-01 1.709881103181383911e-03
1.880038554257300876e-01 1.862282997105068911e-03
1.887558708474330049e-01 2.784281192633072249e-03
1.895108943308226879e-01 2.949751908248299075e-03
1.902689379081460019e-01 3.239213729051164826e-03
1.910300136597785636e-01 5.105810966746816837e-03
1.917941337144176972e-01 4.941071277968982906e-03
1.925613102492753359e-01 6.027044621309632713e-03
1.933315554902724498e-01 8.461578809199480841e-03
1.941048817122335568e-01 8.923345253140481728e-03
1.948813012390824828e-01 1.004683937104976395e-02
1.956608264440388156e-01 1.476310229467499811e-02
1.964434697498149418e-01 1.390563550830226612e-02
1.972292436288141937e-01 1.744760966221856405e-02
1.980181606033294406e-01 2.310066736471154056e-02
1.988102332457427346e-01 2.405353056471128126e-02
1.996054741787257336e-01 2.699818396074634905e-02
2.004038960754406518e-01 3.286398957758215889e-02
2.012055116597424309e-01 3.790412591545688770e-02
2.020103337063813842e-01 4.357456718415903679e-02
2.028183750412069219e-01 4.798823292353155551e-02
2.036296485413717494e-01 5.823265110675023698e-02
2.044441671355372303e-01 6.609732603024370823e-02
2.052619438040793887e-01 7.999592902772206804e-02
2.060829915792957157e-01 9.119765399949697482e-02
2.069073235456129201e-01 1.051753314825237262e-01
2.077349528397953449e-01 1.224971460984834171e-01
2.085658926511545219e-01 1.437290010277331997e-01
2.094001562217591150e-01 1.665754662808505426e-01
2.102377568466461677e-01 1.916060171865307249e-01
2.110787078740327671e-01 2.196165181855638249e-01
2.119230227055288740e-01 2.587674506853063217e-01
2.127707147963510126e-01 3.010129698356270311e-01
2.136217976555363773e-01 3.508360263821135305e-01
2.144762848461585492e-01 3.958996839632272779e-01
2.153341899855431840e-01 4.676904895177750876e-01
2.161955267454853669e-01 5.462161102177844896e-01
2.170603088524672986e-01 6.358237277935767651e-01
2.179285500878772042e-01 7.208529422095112382e-01
2.188002642882286852e-01 8.350380560795767071e-01
2.196754653453815986e-01 9.854416725829148183e-01
2.205541672067631020e-01 1.125702299514584448e+00
2.214363838755901703e-01 1.356222575013649845e+00
2.223221294110925284e-01 1.489146684149996736e+00
2.232114179287369160e-01 1.867188465438516687e+00
2.241042636004518529e-01 2.034524131033140115e+00
2.250006806548536520e-01 2.572105123612038025e+00
2.259006833774730438e-01 2.731015711542671198e+00
2.268042861109829667e-01 3.229366143155726121e+00
2.277115032554268836e-01 3.741971403392251982e+00
2.286223492684485714e-01 4.276937337288727825e+00
2.295368386655223802e-01 5.289145585071147515e+00
2.304549860201844658e-01 5.357578897293256759e+00
2.313768059642651864e-01 6.813350999867318514e+00
2.323023131881222503e-01 7.557888185085329447e+00
2.332315224408747223e-01 9.310869209938530844e+00
2.341644485306381973e-01 1.082369763308339117e+01
2.351011063247607502e-01 1.068652596624060713e+01
2.360415107500598020e-01 1.406071218930249600e+01
2.369856767930600405e-01 1.385310405444009341e+01
2.379336195002322851e-01 1.830337025728432820e+01
2.388853539782332114e-01 1.969952280467476768e+01
2.398408953941461863e-01 2.835588366965217233e+01
2.408002589757227141e-01 3.236429324128987162e+01
2.417634600116256582e-01 2.830173555219361958e+01
2.427305138516721306e-01 4.393739723453096957e+01
2.437014359070788505e-01 4.414672960243249378e+01
2.446762416507071713e-01 7.243423609485046200e+01
2.456549466173099938e-01 5.731047442560270611e+01
2.466375664037792625e-01 6.456760815767697181e+01
2.476241166693943785e-01 6.443073269903064215e+01
2.486146131360719436e-01 6.486249544941479428e+01
2.496090715886161993e-01 8.627570033333050503e+01
2.506075078749706586e-01 9.745257360601971186e+01
2.516099379064705155e-01 1.075691745961115942e+02
2.526163776580964138e-01 1.144021743874250632e+02
2.536268431687287994e-01 1.910395102995953209e+02
2.546413505414037437e-01 2.152653626371754285e+02
2.556599159435693491e-01 2.907669013082974629e+02
2.566825556073435988e-01 3.069379399192358164e+02
2.577092858297729827e-01 3.576749712208415417e+02
2.587401229730920682e-01 3.328788968493526568e+02
2.597750834649844576e-01 4.906639355683894337e+02
2.608141837988444123e-01 4.718755510002166602e+02
2.618574405340398092e-01 9.468122185869046916e+02
2.629048702961759298e-01 1.716017229043233101e+03
2.639564897773606367e-01 1.857973830698848815e+03
2.650123157364701054e-01 1.813926452291708983e+03
2.660723649994159445e-01 1.538314233402365744e+03
2.671366544594135917e-01 1.738140331186720459e+03
2.682052010772512096e-01 2.115014338006030812e+03
2.692780218815602478e-01 1.708741613520974397e+03
2.703551339690865030e-01 2.446967387056909502e+03
2.714365545049627904e-01 1.456295941999995421e+03
2.725223007229827243e-01 1.465277400181427538e+03
2.736123899258746106e-01 1.882294804417841760e+03
2.747068394855781692e-01 2.008051492210538072e+03
2.758056668435204806e-01 2.984763608829608984e+03
2.769088895108945403e-01 4.841540579740338217e+03
2.780165250689380918e-01 4.593147546356943167e+03
2.791285911692138466e-01 5.009803178906377980e+03
2.802451055338907038e-01 4.668325323975451283e+03
2.813660859560263017e-01 4.431189071881468408e+03
2.824915502998503469e-01 4.032584445482752926e+03
2.836215165010497197e-01 3.641212664996603962e+03
2.847560025670539119e-01 3.483212315143414799e+03
2.858950265773221866e-01 3.952885755768625131e+03
2.870386066836315142e-01 5.079558761699538991e+03
2.881867611103660631e-01 7.284221172265701171e+03
2.893395081548075787e-01 1.046973780459826958e+04
2.904968661874267610e-01 1.421942514568608931e+04
2.916588536521764197e-01 1.719008795622532489e+04
2.928254890667851273e-01 2.042122119562752050e+04
2.939967910230522619e-01 1.801592414304089834e+04
2.951727781871444911e-01 1.741896326300426153e+04
2.963534692998930908e-01 2.126238382105395431e+04
2.975388831770926501e-01 2.180783991939228872e+04
2.987290387098009981e-01 2.825564989909864744e+04
2.999239548646402409e-01 2.662096184434070892e+04
3.011236506840988536e-01 4.066101954067651968e+04
3.023281452868351593e-01 2.474079684859819827e+04
3.035374578679824742e-01 5.986137869011415751e+04
3.047516076994544187e-01 6.571449245040243841e+04
3.059706141302522830e-01 8.688407967974549683e+04
3.071944965867733357e-01 2.554453772667960729e+05
3.084232745731204095e-01 4.508206725459889276e+05
3.096569676714128194e-01 4.616504399200988119e+05
3.108955955420985018e-01 8.191304274442387978e+05
3.121391779242668751e-01 9.924307805691792164e+05
3.133877346359639215e-01 1.286591721958534326e+06
3.146412855745078230e-01 1.550313362761844182e+06
3.158998507168058190e-01 1.928911744912767550e+06
3.171634501196730627e-01 2.575989045660299249e+06
3.184321039201517545e-01 1.457968781873230357e+06
3.197058323358323295e-01 1.065830640815383522e+06
3.209846556651756444e-01 2.966321673133806325e+06
3.222685942878363852e-01 3.205622958250642288e+06
3.235576686649877520e-01 2.953476003228376620e+06
3.248518993396476984e-01 5.478608644523423165e+06
3.261513069370062801e-01 6.309090839810812846e+06
3.274559121647543369e-01 8.809692393500953913e+06
3.287657358134133401e-01 8.033658635589710437e+06
3.300807987566670154e-01 1.307088242975644767e+06
3.314011219516936890e-01 7.129297634510326199e+06
3.327267264395004642e-01 1.469809311908771470e+07
3.340576333452584534e-01 1.830354445065701008e+07
3.353938638786395088e-01 2.021581413257850707e+07
3.367354393341540630e-01 2.248865949069297314e+07
3.380823810914907468e-01 2.433994086425599456e+07
3.394347106158566718e-01 2.349233408262915909e+07
3.407924494583201014e-01 1.944745765974397212e+07
3.421556192561533982e-01 1.168713041569517553e+07
3.435242417331779707e-01 1.895314685205978109e+06
3.448983387001106626e-01 2.540471104836294893e+06
3.462779320549111417e-01 3.633951846963059623e+06
3.476630437831307319e-01 2.183765983769678976e+06
3.490536959582632992e-01 2.233993881253221072e+06
3.504499107420963600e-01 1.824653951661086455e+07
3.518517103850647421e-01 2.021165469925302640e+07
3.532591172266050239e-01 3.714978699049527943e+07
3.546721536955114717e-01 6.908686278545998037e+07
3.560908423102934761e-01 2.904372721446789429e+07
3.575152056795346533e-01 1.378983322431755997e+07
3.589452665022527800e-01 4.114095998414663225e+07
3.603810475682617254e-01 6.406513288222920150e+07
3.618225717585348278e-01 4.866044557568971068e+07
3.632698620455689364e-01 5.395697888744996488e+07
3.647229414937512293e-01 4.994155659668155015e+07
3.661818332597261971e-01 7.806221703597790003e+07
3.676465605927651259e-01 1.976642682024195790e+07
3.691171468351361895e-01 1.996769470851200819e+07
3.705936154224767076e-01 5.761098333780663088e+06
3.720759898841666247e-01 2.517955925806522369e+06
3.735642938437032656e-01 2.807031204927659128e+06
3.750585510190780902e-01 5.100742968660019338e+06
3.765587852231543908e-01 2.608378416685247049e+07
3.780650203640470441e-01 7.671662370618112385e+07
3.795772804455032068e-01 5.956205958373297006e+07
3.810955895672852312e-01 6.329814580534607172e+07
3.826199719255543585e-01 1.165874849498008378e+07
3.841504518132565771e-01 2.851211780688394606e+07
3.856870536205096456e-01 5.980133507421636023e+06
3.872298018349916715e-01 1.273588279397763312e+07
3.887787210423316320e-01 9.681153901422126219e+06
3.903338359265008939e-01 2.063810647924944758e+07
3.918951712702069545e-01 3.037704479664640129e+07
3.934627519552877928e-01 6.703873692849753797e+07
3.950366029631089404e-01 3.169516401345800161e+08
3.966167493749613859e-01 4.226003173560338616e+08
3.982032163724612550e-01 5.345153695422451496e+08
3.997960292379510450e-01 5.821536310048379898e+08
4.013952133549028578e-01 6.299323059147677422e+08
4.030007942083224659e-01 6.499207034566426277e+08
4.046127973851557647e-01 2.410640971516282558e+08
4.062312485746963908e-01 5.329869825099650025e+08
4.078561735689951728e-01 5.817629839812262058e+08
4.094875982632711353e-01 5.797380605885051489e+08
4.111255486563242245e-01 5.786232563625017405e+08
4.127700508509495880e-01 4.758687468316718340e+08
4.144211310543532978e-01 4.146715071014232635e+08
4.160788155785707931e-01 4.064104485174875259e+08
4.177431308408850463e-01 3.222525982005153894e+08
4.194141033642486138e-01 2.781709220321905017e+08
4.210917597777056320e-01 2.102679156936974823e+08
4.227761268168164221e-01 2.457681281477760971e+08
4.244672313240837602e-01 2.858522075240442753e+08
4.261651002493800910e-01 3.429447416513255239e+08
4.278697606503775730e-01 4.277335642781400681e+08
4.295812396929790666e-01 5.221944797776621580e+08
4.312995646517510107e-01 6.342612870991387367e+08
4.330247629103580187e-01 7.794782007632993460e+08
4.347568619619994745e-01 9.724253142188762426e+08
4.364958894098474596e-01 9.484555251047548056e+08
4.382418729674867897e-01 7.034345409583106041e+08
4.399948404593567730e-01 1.195082563365676641e+09
4.417548198211941890e-01 1.273254997869466543e+09
4.435218391004789873e-01 1.020534735561879992e+09
4.452959264568808750e-01 1.350169863294126749e+09
4.470771101627084021e-01 1.273181569620789528e+09
4.488654186033592119e-01 1.342764751276261091e+09
4.506608802777726241e-01 1.761185624215562344e+09
4.524635237988837710e-01 1.841728105960600853e+09
4.542733778940792333e-01 2.096775388865417004e+09
4.560904714056555065e-01 1.921688985327414513e+09
4.579148332912781894e-01 2.214605925551696777e+09
4.597464926244433370e-01 1.789175544826460361e+09
4.615854785949410899e-01 2.434168868588273525e+09
4.634318205093208576e-01 1.922757018898264408e+09
4.652855477913582227e-01 2.287820625765253067e+09
4.671466899825236219e-01 2.476646114057817459e+09
4.690152767424536906e-01 2.323208771299615383e+09
4.708913378494234969e-01 3.165920811964558601e+09
4.727749032008212171e-01 2.597349740396876812e+09
4.746660028136244769e-01 3.201464780200684071e+09
4.765646668248789131e-01 2.328066942923618793e+09
4.784709254921784560e-01 1.534007515467216015e+09
4.803848091941470555e-01 1.936118458323948622e+09
4.823063484309236815e-01 1.762677889708117723e+09
4.842355738246474361e-01 2.507018313882460594e+09
4.861725161199459966e-01 2.778612051669806957e+09
4.881172061844257226e-01 3.462332398402917862e+09
4.900696750091634302e-01 2.767248646618396759e+09
4.920299537092001074e-01 3.107910345274021626e+09
4.939980735240369625e-01 4.102534275126464844e+09
4.959740658181330253e-01 3.475864280269319057e+09
4.979579620814056362e-01 3.901071820837962627e+09
4.999497939297311566e-01 3.866585807002955914e+09
5.019495931054501758e-01 2.553702517352838039e+09
5.039573914778719965e-01 3.286720980079506874e+09
5.059732210437835054e-01 2.293317221491588116e+09
5.079971139279585435e-01 2.261971846390834808e+09
5.100291023836703852e-01 2.027375435255664110e+09
5.120692187932051054e-01 1.669558932673649549e+09
5.141174956683780550e-01 1.675662748653929949e+09
5.161739656510514473e-01 1.503129081820387602e+09
5.182386615136556074e-01 1.331740565274488688e+09
5.203116161597103329e-01 1.787302603782765388e+09
5.223928626243490303e-01 3.606615329442229271e+09
5.244824340748465152e-01 2.752864913534451008e+09
5.265803638111459239e-01 3.011561357378600121e+09
5.286866852663905103e-01 2.719473019356395245e+09
5.308014320074561088e-01 3.277604353525011063e+09
5.329246377354859288e-01 3.040352678437227249e+09
5.350563362864277916e-01 3.234802905528468132e+09
5.371965616315735881e-01 3.002907163902990341e+09
5.393453478780998456e-01 3.100349758955505371e+09
5.415027292696121819e-01 3.052019172778372288e+09
5.436687401866906466e-01 2.720701320528580666e+09
5.458434151474373941e-01 2.656308381498273849e+09
5.480267888080271321e-01 2.013105636470211029e+09
5.502188959632591247e-01 2.322165801101805210e+09
5.524197715471121928e-01 2.192943281982814789e+09
5.546294506333006025e-01 2.236313882016282082e+09
5.568479684358338400e-01 2.099423233634817839e+09
5.590753603095770519e-01 1.983021766681646109e+09
5.613116617508153716e-01 1.825542923777223110e+09
5.635569083978186899e-01 1.726846545361815214e+09
5.658111360314097560e-01 1.584572358146246910e+09
5.680743805755354980e-01 1.357890360056640387e+09
5.703466780978375672e-01 1.191169811826716185e+09
5.726280648102289872e-01 9.820037932567936182e+08
5.749185770694699160e-01 6.645110618189214468e+08
5.772182513777477375e-01 5.287200320619400740e+08
5.795271243832587071e-01 3.619144570158287883e+08
5.818452328807918184e-01 2.217902397855348289e+08
5.841726138123150003e-01 1.179831438938107342e+08
5.865093042675643131e-01 2.558521824451163039e+07
5.888553414846344758e-01 1.659195509803110326e+05
5.912107628505729462e-01 5.650706495821298100e+06
5.935756059019753339e-01 9.229361771954952180e+07
5.959499083255832552e-01 2.830706207273783088e+08
5.983337079588855190e-01 5.779376265047228336e+08
6.007270427907210886e-01 1.019708524191462398e+09
6.031299509618840426e-01 1.628948781711696625e+09
6.055424707657315331e-01 2.352339764265689373e+09
6.079646406487945187e-01 3.088536077734575272e+09
6.103964992113897203e-01 3.570502125514897823e+09
6.128380852082353503e-01 4.768295877108756065e+09
6.152894375490681744e-01 5.447422420650511742e+09
6.177505952992645710e-01 6.083894581836383820e+09
6.202215976804615893e-01 6.880524976271473885e+09
6.227024840711834486e-01 7.524113579684708595e+09
6.251932940074681477e-01 8.588040593920598030e+09
6.276940671834980723e-01 9.596014448987634659e+09
6.302048434522321552e-01 1.077447957535639381e+10
6.327256628260409244e-01 1.219529238268632317e+10
6.352565654773452142e-01 1.270671875078127289e+10
6.377975917392545435e-01 1.276502468492053604e+10
6.403487821062116003e-01 1.498590364779015541e+10
6.429101772346363930e-01 1.806382038548485947e+10
6.454818179435749537e-01 2.097387866085218048e+10
6.480637452153492628e-01 2.176904448963733673e+10
6.506560001962106154e-01 2.347982079123723984e+10
6.532586241969955410e-01 2.464551701056545639e+10
6.558716586937833881e-01 2.199538812964081192e+10
6.584951453285585732e-01 2.218089279375543976e+10
6.611291259098727169e-01 2.159084677856141663e+10
6.637736424135122215e-01 2.157448846697280884e+10
6.664287369831662922e-01 2.220913283580854416e+10
6.690944519310989547e-01 2.302956468235164261e+10
6.717708297388232941e-01 2.416568340024133301e+10
6.744579130577786907e-01 2.574609140674353409e+10
6.771557447100098326e-01 2.788564859685474777e+10
6.798643676888498355e-01 2.861618041514788437e+10
6.825838251596052508e-01 2.895550236119239044e+10
6.853141604602436265e-01 2.910259479248492432e+10
6.880554171020846210e-01 2.756706855159397888e+10
6.908076387704928933e-01 2.638497516666004562e+10
6.935708693255748791e-01 2.647325936665718460e+10
6.963451528028771209e-01 2.759801764884480667e+10
6.991305334140887062e-01 2.741850312053867722e+10
7.019270555477450380e-01 2.996373932861034393e+10
7.047347637699360456e-01 3.742367391200540161e+10
7.075537028250157290e-01 3.674810783808507538e+10
7.103839176363159202e-01 3.574758241472995758e+10
7.132254533068611568e-01 3.586549652480734253e+10
7.160783551200886610e-01 3.752101190968235779e+10
7.189426685405689854e-01 4.096260438135690308e+10
7.218184392147313222e-01 4.179814158155225372e+10
7.247057129715901436e-01 4.734308777934840393e+10
7.276045358234763949e-01 5.148545391073403168e+10
7.305149539667704639e-01 5.780519521242912292e+10
7.334370137826373703e-01 6.113986593079259491e+10
7.363707618377679509e-01 5.373355450912283325e+10
7.393162448851190449e-01 5.017283298522322083e+10
7.422735098646596752e-01 4.481270676019037628e+10
7.452426039041182282e-01 3.845890330219737244e+10
7.482235743197346300e-01 4.043340344097373962e+10
7.512164686170136330e-01 3.953109750271795654e+10
7.542213344914817652e-01 4.182629259756224823e+10
7.572382198294477229e-01 4.182509457599791718e+10
7.602671727087656484e-01 3.753346144553888702e+10
7.633082413996006288e-01 1.956902802822443390e+10
7.663614743651989691e-01 7.408315875745146275e+08
7.694269202626597970e-01 1.043808327662274003e+09
7.725046279437104424e-01 1.248333048606779480e+10
7.755946464554852593e-01 3.327538302518784714e+10
7.786970250413072225e-01 4.898619765487934113e+10
7.818118131414724115e-01 6.106180420746905518e+10
7.849390603940383793e-01 6.015698297035709381e+10
7.880788166356144098e-01 5.950812711695840454e+10
7.912311319021569922e-01 5.289444477756687927e+10
7.943960564297655180e-01 5.700760242486665344e+10
7.975736406554845281e-01 5.488689420453353882e+10
8.007639352181065151e-01 6.100776559293365479e+10
8.039669909589789443e-01 7.207489853101855469e+10
8.071828589228148276e-01 8.688061169801136780e+10
8.104115903585061842e-01 9.912670620732644653e+10
8.136532367199402760e-01 1.167334164604927979e+11
8.169078496668199518e-01 1.330102961558705750e+11
8.201754810654874328e-01 1.205546094735469513e+11
8.234561829897493190e-01 1.441671667268276367e+11
8.267500077217083687e-01 1.525026882544250488e+11
8.300570077525952772e-01 1.386649957574253845e+11
8.333772357836056743e-01 1.525198480755520325e+11
8.367107447267401188e-01 1.522357289609927063e+11
8.400575877056470908e-01 1.584931554164061584e+11
8.434178180564695371e-01 1.377918352339938660e+11
8.467914893286955236e-01 1.103868927815677948e+11
8.501786552860102208e-01 1.212935947803430634e+11
8.535793699071543283e-01 1.221979593800363007e+11
8.569936873867830540e-01 1.310457624119827881e+11
8.604216621363300899e-01 1.330509684053405914e+11
8.638633487848753623e-01 1.122846889431181183e+11
8.673188021800150027e-01 1.301844519123708496e+11
8.707880773887352044e-01 1.156215284705118103e+11
8.742712296982900755e-01 1.243476766813651276e+11
8.777683146170831563e-01 1.497286231806229553e+11
8.812793878755513788e-01 1.669485467540608521e+11
8.848045054270535781e-01 1.993103152230511475e+11
8.883437234487617795e-01 1.733401389407084351e+11
8.918970983425568155e-01 1.924135492739654541e+11
8.954646867359271623e-01 1.918998123428238525e+11
8.990465454828707736e-01 2.155637786828445129e+11
9.026427316648023558e-01 1.987680966649783020e+11
9.062533025914615292e-01 2.036879873673863220e+11
9.098783158018273198e-01 2.250925265576481934e+11
9.135178290650346478e-01 2.256090857759147644e+11
9.171719003812948134e-01 2.388660588039627686e+11
9.208405879828199803e-01 2.575061564284339905e+11
9.245239503347512100e-01 2.315916474726755676e+11
9.282220461360901620e-01 1.547628322436843567e+11
9.319349343206346781e-01 1.554708803708369446e+11
9.356626740579171431e-01 1.567835237725487366e+11
9.394053247541488405e-01 1.603851195603317261e+11
9.431629460531654185e-01 1.661625380409860840e+11
9.469355978373780180e-01 1.819829518907130737e+11
9.507233402287275092e-01 1.818209873841988831e+11
9.545262335896426142e-01 1.998732303027765198e+11
9.583443385240012491e-01 1.766726157344779663e+11
9.621777158780971950e-01 1.824214158195897827e+11
9.660264267416096562e-01 1.845278734862177734e+11
9.698905324485760371e-01 1.816063425318751526e+11
9.737700945783701600e-01 1.663184062911040955e+11
9.776651749566835914e-01 1.744091466701077881e+11
9.815758356565105203e-01 1.719672825122255249e+11
9.855021389991363012e-01 1.823775624636252747e+11
9.894441475551331022e-01 1.769753256163995056e+11
9.934019241453534432e-01 1.540170308274596558e+11
9.973755318419349480e-01 1.765906979124231262e+11
1.001365033969302543e+00 1.714431803038403625e+11
1.005370494105179757e+00 1.822184782266419067e+11
1.009391976081600362e+00 1.995677211246349487e+11
1.013429543985926884e+00 2.234765877115282288e+11
1.017483262161870350e+00 2.391888189111587524e+11
1.021553195210518128e+00 2.557628441367596741e+11
1.025639407991360219e+00 2.591791075787142944e+11
1.029741965623325539e+00 2.719236182596563110e+11
1.033860933485818867e+00 2.848208870112733154e+11
1.037996377219762012e+00 3.221016241257290649e+11
1.042148362728641198e+00 3.294010256239639282e+11
1.046316956179555557e+00 3.387797751219812622e+11
1.050502224004274066e+00 3.174423533782420044e+11
1.054704232900291139e+00 3.178996733087249756e+11
1.058923049831892227e+00 3.056448171474938965e+11
1.063158742031219628e+00 3.318668017054042358e+11
1.067411376999344741e+00 3.382724493199614868e+11
1.071681022507342096e+00 3.441062461254363403e+11
1.075967746597371377e+00 3.753148601398552246e+11
1.080271617583760779e+00 3.827870886918386230e+11
1.084592704054095913e+00 3.919446565028406982e+11
1.088931074870312044e+00 3.519201765177515259e+11
1.093286799169793433e+00 2.804958690863070068e+11
1.097659946366472461e+00 2.482279403174266357e+11
1.102050586151938294e+00 2.490681072024021301e+11
1.106458788496546219e+00 2.394266620072585449e+11
1.110884623650532532e+00 2.232116327890834961e+11
1.115328162145134749e+00 2.150609069470157166e+11
1.119789474793714934e+00 2.070594148178189392e+11
1.124268632692889902e+00 2.225941496795644836e+11
1.128765707223661430e+00 2.210989688772549438e+11
1.133280770052556230e+00 1.665988618586348877e+11
1.137813893132766374e+00 1.806305626372209167e+11
1.142365148705297484e+00 1.743486937586456604e+11
1.146934609300118479e+00 1.953862919427410278e+11
1.151522347737319096e+00 1.825618753082565002e+11
1.156128437128268516e+00 1.815557986675785522e+11
1.160752950876781542e+00 1.840829843593339844e+11
1.165395962680288999e+00 1.887807343479713745e+11
1.170057546531009907e+00 1.862197816120958557e+11
1.174737776717134086e+00 1.863445975585566101e+11
1.179436727824002773e+00 1.831271958650887756e+11
1.184154474735298557e+00 1.975277143574279785e+11
1.188891092634239977e+00 2.023350729384128113e+11
1.193646657004777012e+00 2.293740420728242493e+11
1.198421243632796118e+00 2.257135941716771240e+11
1.203214928607327261e+00 2.405666571662769775e+11
1.208027788321756724e+00 2.702771726847258911e+11
1.212859899475043468e+00 2.624250528943762512e+11
1.217711339072943710e+00 2.876710380433765259e+11
1.222582184429235275e+00 2.881352359893187866e+11
1.227472513166952384e+00 3.136872212142453613e+11
1.232382403219620226e+00 3.223227812080396729e+11
1.237311932832498407e+00 3.389517927820999756e+11
1.242261180563828615e+00 3.147359874366587524e+11
1.247230225286083849e+00 3.635916579959785767e+11
1.252219146187228072e+00 3.359625657498953247e+11
1.257228022771976983e+00 3.740667770985702515e+11
1.262256934863064783e+00 3.652663103669939575e+11
1.267305962602517155e+00 3.896598801655369873e+11
1.272375186452927354e+00 3.853730257493045654e+11
1.277464687198738957e+00 4.022888547430985107e+11
1.282574545947533950e+00 4.009758586654716187e+11
1.287704844131324133e+00 3.751390785425759888e+11
1.292855663507849417e+00 3.817346586895295410e+11
1.298027086161880783e+00 3.690000042441167603e+11
1.303219194506528344e+00 3.755872932630123291e+11
1.308432071284554521e+00 3.404960100614859009e+11
1.313665799569692760e+00 3.422029641864129028e+11
1.318920462767971591e+00 3.202287254672301636e+11
1.324196144619043336e+00 2.922471626955003662e+11
1.329492929197519491e+00 2.178962395754150391e+11
1.334810900914309650e+00 1.067587374997153473e+11
1.340150144517967101e+00 8.744177359820668030e+10
1.345510745096038852e+00 7.245959098980201721e+10
1.350892788076423212e+00 6.620052238234380341e+10
1.356296359228728932e+00 5.736651867000531006e+10
1.361721544665643879e+00 5.131248997596411896e+10
1.367168430844306393e+00 5.925273893360037994e+10
1.372637104567683730e+00 4.618366983175188446e+10
1.378127652985954299e+00 5.376506375017377472e+10
1.383640163597898098e+00 5.756659985847711945e+10
1.389174724252289828e+00 5.517679411160425568e+10
1.394731423149298877e+00 5.295236554661203003e+10
1.400310348841896202e+00 4.943829596618107605e+10
1.405911590237263642e+00 5.203902828228679657e+10
1.411535236598212784e+00 4.214620852640993500e+10
1.417181377544605603e+00 3.926090029070936584e+10
1.422850103054784210e+00 3.802307333384706116e+10
1.428541503467003038e+00 3.866990877370968628e+10
1.434255669480871243e+00 3.593390381522919464e+10
1.439992692158794885e+00 4.191766388775260162e+10
1.445752662927429988e+00 4.425248858940186310e+10
1.451535673579139596e+00 4.948765025061641693e+10
1.457341816273456159e+00 6.258087343834600830e+10
1.463171183538549913e+00 5.221332952427789307e+10
1.469023868272704147e+00 5.099292751626147461e+10
1.474899963745795128e+00 5.444723238694543457e+10
1.480799563600778246e+00 5.984457715198792267e+10
1.486722761855181485e+00 6.050614371080139160e+10
1.492669652902602007e+00 6.379499255862026978e+10
1.498640331514212276e+00 6.921218958823904419e+10
1.504634892840269300e+00 7.184788085990658569e+10
1.510653432411630304e+00 7.749987408376596069e+10
1.516696046141276843e+00 8.699952827597860718e+10
1.522762830325842032e+00 8.798409691330522156e+10
1.528853881647145307e+00 9.339825002044558716e+10
1.534969297173733649e+00 9.721619940471047974e+10
1.541109174362428780e+00 1.024042763949653473e+11
1.547273611059878373e+00 1.162313810608839569e+11
1.553462705504118135e+00 1.219159578286414795e+11
1.559676556326134556e+00 1.305806327471749878e+11
1.565915262551438980e+00 1.405897697814298096e+11
1.572178923601644795e+00 1.488826011832530518e+11
1.578467639296051495e+00 1.645309108709891052e+11
1.584781509853235626e+00 1.755146366894675903e+11
1.591120635892648405e+00 1.779915188030791321e+11
1.597485118436219098e+00 1.932318643577749939e+11
1.603875058909963958e+00 2.060400493836118774e+11
1.610290559145603595e+00 2.110371289278792725e+11
1.616731721382186127e+00 2.268001855259864502e+11
1.623198648267714761e+00 2.337873807442199097e+11
1.629691442860785600e+00 2.400150245905627136e+11
1.636210208632228769e+00 2.564470686465603638e+11
1.642755049466757766e+00 2.633892115211825256e+11
1.649326069664624805e+00 2.670123424469186096e+11
1.655923373943283039e+00 2.745596513725955505e+11
1.662547067439056336e+00 2.756796391722906494e+11
1.669197255708812611e+00 2.916233022772017212e+11
1.675874044731648027e+00 3.038328866154169312e+11
1.682577540910574321e+00 3.049240239198847656e+11
1.689307851074216771e+00 2.938203868471165771e+11
1.696065082478513508e+00 2.821171747260958862e+11
1.702849342808427480e+00 2.679555305833768616e+11
1.709660740179661298e+00 2.456610869938377686e+11
1.716499383140379864e+00 1.968680157299279785e+11
1.723365380672941427e+00 1.952475624866214905e+11
1.730258842195633306e+00 1.767687650685895386e+11
1.737179877564415831e+00 1.623362984258395996e+11
1.744128597074673603e+00 1.628718186321972046e+11
1.751105111462972097e+00 1.508699676433967590e+11
1.758109531908824241e+00 1.366713070340664520e+11
1.765141970036459451e+00 1.205925463564564972e+11
1.772202537916605314e+00 1.093651918326750946e+11
1.779291348068271716e+00 9.625448736653820801e+10
1.786408513460544745e+00 9.168893907741116333e+10
1.793554147514387020e+00 8.356314332600048828e+10
1.800728364104444257e+00 7.936555641121636963e+10
1.807931277560862249e+00 6.644416920882453918e+10
1.815163002671105641e+00 7.523270832770655823e+10
1.822423654681789795e+00 6.589097300150154114e+10
1.829713349300517100e+00 6.920865605039085388e+10
1.837032202697718830e+00 6.540987399636441040e+10
1.844380331508509885e+00 5.690679228147522736e+10
1.851757852834543527e+00 5.526140277700760651e+10
1.859164884245881888e+00 4.309295449095211029e+10
1.866601543782865358e+00 4.850017357212065125e+10
1.874067949957996859e+00 5.392691928127037048e+10
1.881564221757828781e+00 5.726187801949162292e+10
1.889090478644860127e+00 6.513021044708146667e+10
1.896646840559439662e+00 6.789717484036827087e+10
1.904233427921677269e+00 6.987485235178439331e+10
1.911850361633363971e+00 7.147218266156089783e+10
1.919497763079897279e+00 6.742150778661537933e+10
1.927175754132217200e+00 6.800351315159709167e+10
1.934884457148745796e+00 6.566268085465885162e+10
1.942623994977340729e+00 5.729660765333415222e+10
1.950394490957250149e+00 6.485241377692647552e+10
1.958196068921079336e+00 6.008103278773492432e+10
1.966028853196763793e+00 6.398892846757402802e+10
1.973892968609550991e+00 6.420338902413349152e+10
1.981788540483989447e+00 6.141103975411217499e+10
1.989715694645925126e+00 6.208680804719469452e+10
1.997674557424508723e+00 6.334745123440670013e+10
2.005665255654207169e+00 6.204273594757273865e+10
2.013687916676823786e+00 6.598411412559689331e+10
2.021742668343530891e+00 7.523309166042166138e+10
2.029829639016905052e+00 7.304371226496461487e+10
2.037948957572972564e+00 7.644778408291337585e+10
2.046100753403264694e+00 8.368462736624156189e+10
2.054285156416877811e+00 8.639838507956744385e+10
2.062502297042545507e+00 9.044856217473544312e+10
2.070752306230715600e+00 9.877950281914996338e+10
2.079035315455638244e+00 1.016139897433703766e+11
2.087351456717461140e+00 1.037950994816054993e+11
2.095700862544330967e+00 1.112570682304880371e+11
2.104083665994508134e+00 1.208009354511837006e+11
2.112500000658485977e+00 1.245946811668113098e+11
2.120950000661120161e+00 1.291931252153055725e+11
2.129433800663764753e+00 1.324165083325883484e+11
2.137951535866419839e+00 1.394200551351250610e+11
2.146503342009885351e+00 1.487759258333254395e+11
2.155089355377924676e+00 1.489449830816078796e+11
2.163709712799436691e+00 1.536904206059511414e+11
2.172364551650634468e+00 1.592388673611064453e+11
2.181054009857236853e+00 1.589395247404499512e+11
2.189778225896665376e+00 1.604253632318973999e+11
2.198537338800252705e+00 1.637264133311084900e+11
2.207331488155453325e+00 1.631534434190906372e+11
2.216160814108075083e+00 1.645243088554413147e+11
2.225025457364507631e+00 1.664943808487018738e+11
2.233925559193965515e+00 1.698667167546452942e+11
2.242861261430741493e+00 1.712770706051642456e+11
2.251832706476463830e+00 1.692625905092815552e+11
2.260840037302370042e+00 1.687045807226415710e+11
2.269883397451579299e+00 1.686028902973394165e+11
2.278962931041386142e+00 1.656693049793210449e+11
2.288078782765551100e+00 1.697791980531320801e+11
2.297231097896613505e+00 1.542968437430249634e+11
2.306420022288200311e+00 1.655835268639024963e+11
2.315645702377353121e+00 1.504851003394247437e+11
2.324908285186861878e+00 1.450427005178566284e+11
2.334207918327609654e+00 1.445636282662738647e+11
2.343544750000919663e+00 1.344121796254311371e+11
2.352918929000923143e+00 1.257342438466405640e+11
2.362330604716927240e+00 1.253715024197092896e+11
2.371779927135795329e+00 1.219033911172501373e+11
2.381267046844337987e+00 1.117423624860919189e+11
2.390792115031715070e+00 1.111840101125321960e+11
2.400355283491842240e+00 1.034749682094929810e+11
2.409956704625809465e+00 9.068769784195733643e+10
2.419596531444312859e+00 8.550260202866098022e+10
2.429274917570089620e+00 7.252955739333099365e+10
2.438992017240370291e+00 6.887040012302253723e+10
2.448747985309331465e+00 5.780505591482078552e+10
2.458542977250568917e+00 6.003249180702410126e+10
2.468377149159570738e+00 5.358717711754083252e+10
2.478250657756209563e+00 4.264272004785010529e+10
2.488163660387234355e+00 4.350562905692183685e+10
2.498116315028783063e+00 4.144600565652277374e+10
2.508108780288898387e+00 3.006866125489841461e+10
2.518141215410053757e+00 3.062791504104207993e+10
2.528213780271693967e+00 2.704060737745977020e+10
2.538326635392781139e+00 2.611524211086086655e+10
2.548479941934351789e+00 2.375500896865542221e+10
2.558673861702089436e+00 2.441009031358604813e+10
2.568908557148898097e+00 2.529036600753278351e+10
2.579184191377493551e+00 2.260542297951862335e+10
2.589500928143003478e+00 2.431117589480377197e+10
2.599858931855575594e+00 2.646912546225237274e+10
2.610258367582998229e+00 3.004071715270501709e+10
2.620699401053329769e+00 2.748174143405137253e+10
2.631182198657543214e+00 2.752531030512046432e+10
2.641706927452173392e+00 2.984047954522249222e+10
2.652273755161981938e+00 3.178962225133238220e+10
2.662882850182629824e+00 3.017267004573777008e+10
2.673534381583360542e+00 2.109293572573377991e+10
2.684228519109693956e+00 2.098540538311870956e+10
2.694965433186132575e+00 2.087027190824496078e+10
2.705745294918877164e+00 1.975568254469787216e+10
2.716568276098552559e+00 2.025658283852460480e+10
2.727434549202946812e+00 2.201480893197251511e+10
2.738344287399758326e+00 2.079090900158900833e+10
2.749297664549357201e+00 2.334918737198860168e+10
2.760294855207554576e+00 2.234982175152561569e+10
2.771336034628385292e+00 2.094542511310742569e+10
2.782421378766898545e+00 1.797890359926598740e+10
2.793551064281966312e+00 2.223541194478921509e+10
2.804725268539093985e+00 1.891479358875086594e+10
2.815944169613250558e+00 1.950804032482408142e+10
2.827207946291703244e+00 2.397159698786132431e+10
2.838516778076869862e+00 1.865713606060649490e+10
2.849870845189177437e+00 1.942284252266059875e+10
2.861270328569933685e+00 2.182736900890662384e+10
2.872715409884213589e+00 2.164321858917969131e+10
2.884206271523750420e+00 2.099836021435775375e+10
2.895743096609845413e+00 2.242089583032202911e+10
2.907326068996284985e+00 1.894028498571294022e+10
2.918955373272270393e+00 1.990023461549299622e+10
2.930631194765359826e+00 2.282428597496528244e+10
2.942353719544420709e+00 2.204216752181715775e+10
2.954123134422598440e+00 2.211763389320029068e+10
2.965939626960289122e+00 2.138936005452225113e+10
2.977803385468130504e+00 2.437515027949934387e+10
2.989714599010003138e+00 2.352412999427987289e+10
3.001673457406043077e+00 2.480860511350583649e+10
3.013680151235667015e+00 2.542302142336775970e+10
3.025734871840609408e+00 2.495036706777841568e+10
3.037837811327972037e+00 2.747778028009146118e+10
3.049989162573283785e+00 2.514528897279158020e+10
3.062189119223576395e+00 3.025446501617234802e+10
3.074437875700470890e+00 2.875704783678577042e+10
3.086735627203272880e+00 3.013891817387692642e+10
3.099082569712085622e+00 3.112719030179167175e+10
3.111478899990933744e+00 2.983295329159113693e+10
3.123924815590897186e+00 3.231329148535245132e+10
3.136420514853261121e+00 3.177993739211365509e+10
3.148966196912674320e+00 3.210322928946582413e+10
3.161562061700325277e+00 3.491234458937975311e+10
3.174208309947126327e+00 3.255670472582402039e+10
3.186905143186915090e+00 3.889478693318104553e+10
3.199652763759662566e+00 3.071159283156456757e+10
3.212451374814701222e+00 3.684178261600834656e+10
3.225301180313960625e+00 3.741461750839423370e+10
3.238202385035215958e+00 3.661271576629933167e+10
3.251155194575356955e+00 4.038808971437139893e+10
3.264159815353658622e+00 4.087837139395181274e+10
3.277216454615073271e+00 3.945834368153038788e+10
3.290325320433533207e+00 4.121673641956700134e+10
3.303486621715267635e+00 3.995677919363770294e+10
3.316700568202128441e+00 4.033164739480742645e+10
3.329967370474937294e+00 4.443285132402218628e+10
3.343287239956836743e+00 4.019922423792963409e+10
3.356660388916663962e+00 4.179594424118151093e+10
3.370087030472330714e+00 4.455705564696048737e+10
3.383567378594220187e+00 4.209822651515653992e+10
3.397101648108596716e+00 4.258105891944368744e+10
3.410690054701031482e+00 4.424215625866985321e+10
3.424332814919834878e+00 4.383736139265946960e+10
3.438030146179514634e+00 4.352958730494223785e+10
3.451782266764232610e+00 4.564069794584525299e+10
3.465589395831289998e+00 4.693834784380917358e+10
3.479451753414614767e+00 4.499207602782910156e+10
3.493369560428273068e+00 4.315699930552627563e+10
3.507343038669985980e+00 4.877984312148356628e+10
3.521372410824665788e+00 4.569246816181825256e+10
3.535457900467964709e+00 4.701855861529571533e+10
3.549599732069836477e+00 4.722466387422377014e+10
3.563798130998116154e+00 4.879255930755891418e+10
3.578053323522108364e+00 4.899953520432230377e+10
3.592365536816196858e+00 4.982411517218451691e+10
3.606734998963461614e+00 4.927389914802819824e+10
3.621161938959315041e+00 4.944627741679982758e+10
3.635646586715152839e+00 5.027531498952439117e+10
3.650189173062013293e+00 5.088663489139977264e+10
3.664789929754260545e+00 5.152578963655053711e+10
3.679449089473277645e+00 5.001762770613766479e+10
3.694166885831170699e+00 5.127250277118717194e+10
3.708943553374495661e+00 5.361468926437766266e+10
3.723779327587993571e+00 5.500897142620513153e+10
3.738674444898345328e+00 5.083832816427136993e+10
3.753629142677938901e+00 5.367213789594133759e+10
3.768643659248651190e+00 5.336803191432447052e+10
3.783718233885645432e+00 5.573301950544812012e+10
3.798853106821188153e+00 5.490735467582781982e+10
3.814048519248473657e+00 5.543932468005613708e+10
3.829304713325467180e+00 5.203296161308800507e+10
3.844621932178768908e+00 5.457189131263202667e+10
3.860000419907484215e+00 5.555820586868611145e+10
3.875440421587113882e+00 5.585430930603456116e+10
3.890942183273462529e+00 5.355618840864404297e+10
3.906505952006555926e+00 5.377204121859525299e+10
3.922131975814582727e+00 5.429942827806693268e+10
3.937820503717840648e+00 5.247532481011418152e+10
3.953571785732711508e+00 5.110757684812368774e+10
3.969386072875642490e+00 4.917845747914477539e+10
3.985263617167145167e+00 4.623635261929111481e+10
4.001204671635814059e+00 4.420190735227070618e+10
4.017209490322357190e+00 4.397006175741888428e+10
4.033278328283646630e+00 4.073981921105965424e+10
4.049411441596781458e+00 3.940651918533299255e+10
4.065609087363168506e+00 3.653322759345603180e+10
4.081871523712622185e+00 3.205523968948931885e+10
4.098199009807472315e+00 3.357554899041574478e+10
4.114591805846702144e+00 3.147348339786978912e+10
4.131050173070089038e+00 3.054817176529894257e+10
4.147574373762369149e+00 3.171666297496917725e+10
4.164164671257418959e+00 2.824093949337779617e+10
4.180821329942449260e+00 2.876897634391789627e+10
4.197544615262219558e+00 2.702645429180495453e+10
4.214334793723269357e+00 2.307421244330253601e+10
4.231192132898162761e+00 2.240715133192367172e+10
4.248116901429755288e+00 1.778594965268270493e+10
4.265109369035473996e+00 1.765758478777904892e+10
4.282169806511615384e+00 1.573867135985363388e+10
4.299298485737661935e+00 1.210757691502510452e+10
4.316495679680612874e+00 1.086547947186767006e+10
4.333761662399335357e+00 1.122336322555587196e+10
4.351096709048932532e+00 1.223428520175612259e+10
4.368501095885127583e+00 1.313966843938056755e+10
4.385975100268668214e+00 1.410914468733151245e+10
4.403519000669743555e+00 1.391506431840958214e+10
4.421133076672422391e+00 1.428406731817556953e+10
4.438817608979111817e+00 1.358173376846991920e+10
4.456572879415028332e+00 1.411790862548758888e+10
4.474399170932688463e+00 1.316484808464879990e+10
4.492296767616419828e+00 1.372828937989444733e+10
4.510265954686884626e+00 1.479135408132782173e+10
4.528307018505633330e+00 1.378476371521681404e+10
4.546420246579655711e+00 1.529788726353525543e+10
4.564605927565974497e+00 1.433239178300806999e+10
4.582864351276237258e+00 1.600746044463453484e+10
4.601195808681342925e+00 1.496022044050617218e+10
4.619600591916067422e+00 1.503836073963011932e+10
4.638078994283731937e+00 1.498322477171715546e+10
4.656631310260867629e+00 1.620700998495098877e+10
4.675257835501911430e+00 1.556122560671348000e+10
4.693958866843916944e+00 1.624703256529482460e+10
4.712734702311292878e+00 1.526399100482083893e+10
4.731585641120538810e+00 1.535701824460588837e+10
4.750511983685020923e+00 1.487344491233673096e+10
4.769514031619761063e+00 1.444993172006952095e+10
4.788592087746240011e+00 1.396110027829567909e+10
4.807746456097224730e+00 1.474902257490154457e+10
4.826977441921613377e+00 1.502563525425858307e+10
4.846285351689299858e+00 1.413950876643738556e+10
4.865670493096057925e+00 1.480159761897580910e+10
4.885133175068442135e+00 1.389569818912916946e+10
4.904673707768715474e+00 1.434180118778186417e+10
4.924292402599791174e+00 1.387835122473665619e+10
4.943989572210189642e+00 1.414643103367775536e+10
4.963765530499030021e+00 1.282511311502788353e+10
4.983620592621027079e+00 1.505560700948574066e+10
5.003555074991511198e+00 1.365944039874760628e+10
5.023569295291476777e+00 1.200239347389130783e+10
5.043663572472643075e+00 1.400762579717377663e+10
5.063838226762532813e+00 1.308596403616003418e+10
5.084093579669583640e+00 1.230294702111256409e+10
5.104429953988261381e+00 1.228785846887656021e+10
5.124847673804215020e+00 1.279510773440829468e+10
5.145347064499431688e+00 1.105687888582814407e+10
5.165928452757428957e+00 1.096705129379959679e+10
5.186592166568458673e+00 1.218295429709689903e+10
5.207338535234733001e+00 1.041159232490757179e+10
5.228167889375671784e+00 1.131069124043060493e+10
5.249080560933174766e+00 1.068064578042381096e+10
5.270076883176907145e+00 1.039055884053420639e+10
5.291157190709615321e+00 1.031789728581183243e+10
5.312321819472453299e+00 1.025231302610724068e+10
5.333571106750343738e+00 1.096065118819605064e+10
5.354905391177344320e+00 9.014340170187252045e+09
5.376325012742054099e+00 9.540927339949371338e+09
5.397830312793021612e+00 9.344844286636030197e+09
5.419421634044193858e+00 7.419814780166807175e+09
5.441099320580370602e+00 9.208284120186016083e+09
5.462863717862692425e+00 8.574983526370966911e+09
5.484715172734142996e+00 8.909066501134611130e+09
5.506654033425078865e+00 8.913721585609388351e+09
5.528680649558780580e+00 7.555456749317590714e+09
5.550795372157015350e+00 7.757745888665425301e+09
5.572998553645643227e+00 7.435800731974007607e+09
5.595290547860225949e+00 8.251210362711928368e+09
5.617671710051667766e+00 7.875414034107056618e+09
5.640142396891874021e+00 8.037600297487421036e+09
5.662702966479441713e+00 7.982229418120303154e+09
5.685353778345359821e+00 6.962681949744565010e+09
5.708095193458740724e+00 7.209009442156517029e+09
5.730927574232576482e+00 6.696457974746909142e+09
5.753851284529505783e+00 7.640723573969193459e+09
5.776866689667624399e+00 6.512377721080580711e+09
5.799974156426294769e+00 7.579528972715805054e+09
5.823174053051999977e+00 6.099803227406502724e+09
5.846466749264207508e+00 6.936489950676490784e+09
5.869852616261264977e+00 6.380982584261479378e+09
5.893332026726310069e+00 6.161994535217124939e+09
5.916905354833215114e+00 7.305735468936550140e+09
5.940572976252548543e+00 5.808551904120969772e+09
5.964335268157558545e+00 7.089968022159956932e+09
5.988192609230189589e+00 6.946786471741069794e+09
6.012145379667110490e+00 7.448499757794981003e+09
6.036193961185778889e+00 6.512843635577369690e+09
6.060338737030522616e+00 6.259205469589944839e+09
6.084580091978644134e+00 7.651779854059133530e+09
6.108918412346558746e+00 6.689288759415535927e+09
6.133354085995945226e+00 8.514034691514356613e+09
6.157887502339929320e+00 7.025965436054621696e+09
6.182519052349287669e+00 7.072539775322497368e+09
6.207249128558685491e+00 7.660340525625770569e+09
6.232078125072920471e+00 7.564981581968398094e+09
6.257006437573212843e+00 7.528404841913134575e+09
6.282034463323505236e+00 7.707684396830714226e+09
6.307162601176800720e+00 7.594198229683546066e+09
6.332391251581507063e+00 7.545392736350998878e+09
6.357720816587833390e+00 7.412839672956713676e+09
6.383151699854184180e+00 6.640737049504892349e+09
6.408684306653601226e+00 5.546026248018746376e+09
6.434319043880215361e+00 6.007188228406134605e+09
6.460056320055736379e+00 5.261885419399033546e+09
6.485896545335958052e+00 4.008976863292721748e+09
6.511840131517302233e+00 4.348186637798297882e+09
6.537887492043371829e+00 4.512373436354681969e+09
6.564039042011545533e+00 3.910014038477343559e+09
6.590295198179591196e+00 3.596649341055589676e+09
6.616656378972309405e+00 3.535585469441907406e+09
6.643123004488199257e+00 3.532945383209997654e+09
6.669695496506150789e+00 3.889462652337870598e+09
6.696374278492176479e+00 3.997964280197283745e+09
6.723159775606144528e+00 3.767109926322776794e+09
6.750052414708568094e+00 4.307383599204989433e+09
6.777052624367403411e+00 3.745791007174560070e+09
6.804160834864871887e+00 3.692674265876896858e+09
6.831377478204331055e+00 3.472587218336546421e+09
6.858702988117148180e+00 3.499008275750478268e+09
6.886137800069615622e+00 3.978562863520122051e+09
6.913682351269895499e+00 4.086742729358087540e+09
6.941337080674975013e+00 4.188923363511110783e+09
6.969102428997675069e+00 3.788914155935614586e+09
6.996978838713665994e+00 4.138525803521055698e+09
7.024966754068519670e+00 3.854132957972242832e+09
7.053066621084793653e+00 3.543119455804038048e+09
7.081278887569133929e+00 3.760628089385138512e+09
7.109604003119409654e+00 3.527846923964032650e+09
7.138042419131887861e+00 3.922612435448266029e+09
7.166594588808414379e+00 3.752840292201389313e+09
7.195260967163648047e+00 3.827412659230340958e+09
7.224042011032302923e+00 3.713362152081197739e+09
7.252938179076432235e+00 3.729689174530350208e+09
7.281949931792737196e+00 3.616028277577323914e+09
7.311077731519908696e+00 4.029714816120778561e+09
7.340322042445988515e+00 3.396410845945404053e+09
7.369683330615771411e+00 3.476755924264853954e+09
7.399162063938235612e+00 3.870584342618836403e+09
7.428758712193988423e+00 3.431242441340619564e+09
7.458473747042765112e+00 3.283577478412296772e+09
7.488307642030935796e+00 3.431212556306524277e+09
7.518260872599060285e+00 3.657633938810272694e+09
7.548333916089456253e+00 3.473796332098680496e+09
7.578527251753813587e+00 3.164605102781662941e+09
7.608841360760829176e+00 2.837397423191026688e+09
7.639276726203872769e+00 3.511583681026224136e+09
7.669833833108687493e+00 3.362140086481991768e+09
7.700513168441122325e+00 3.287320585456925869e+09
7.731315221114887670e+00 3.178796753535205841e+09
7.762240481999347352e+00 2.961042900941836834e+09
7.793289443927344351e+00 3.239086649951677799e+09
7.824462601703054077e+00 3.347981629433247566e+09
7.855760452109866065e+00 3.136262557624017239e+09
7.887183493918306532e+00 2.562788749155214310e+09
7.918732227893980458e+00 2.966954270939820290e+09
7.950407156805555431e+00 2.989290223638661385e+09
7.982208785432777454e+00 3.041373989909737110e+09
8.014137620574508958e+00 3.111215362765309811e+09
8.046194171056805899e+00 2.714963752683554649e+09
8.078378947741034821e+00 3.058746670311754704e+09
8.110692463531997021e+00 2.834179244081848621e+09
8.143135233386125549e+00 2.915242183187255383e+09
8.175707774319670662e+00 2.782398271492074013e+09
8.208410605416949224e+00 2.703449104097852707e+09
8.241244247838615422e+00 2.860398508841163158e+09
8.274209224829968790e+00 2.717282099118027687e+09
8.307306061729288871e+00 2.943707221485205650e+09
8.340535285976207192e+00 2.565999352406281948e+09
8.373897427120111203e+00 2.605149884096316814e+09
8.407393016828594412e+00 3.010100617446061134e+09
8.441022588895906509e+00 2.576936006841016769e+09
8.474786679251490540e+00 2.917700264765707493e+09
8.508685825968495209e+00 2.622226777224277020e+09
8.542720569272368891e+00 2.750777978044242859e+09
8.576891451549458978e+00 2.646118979579157829e+09
8.611199017355655627e+00 2.817885365561008453e+09
8.645643813425078150e+00 2.780427610336425781e+09
8.680226388678779159e+00 2.627946921547328472e+09
8.714947294233493125e+00 2.714977210852374077e+09
8.749807083410427566e+00 2.489264319422706604e+09
8.784806311744070229e+00 2.629534174252876282e+09
8.819945536991047774e+00 2.515476380079635143e+09
8.855225319139009343e+00 2.582175645460899353e+09
8.890646220415566958e+00 2.635079491502253532e+09
8.926208805297228821e+00 2.535239015399948120e+09
8.961913640518417878e+00 2.325919342114861012e+09
8.997761295080492161e+00 2.476662201785255432e+09
9.033752340260813085e+00 2.446224160374020576e+09
9.069887349621856387e+00 2.513571747776521206e+09
9.106166899020346150e+00 2.458274723262077332e+09
9.142591566616424359e+00 2.536280022327237129e+09
9.179161932882891506e+00 2.518083038809689045e+09
9.215878580614422333e+00 2.453573809581540108e+09
9.252742094936881045e+00 2.365095773469780445e+09
9.289753063316627646e+00 2.361557299845193386e+09
9.326912075569895322e+00 2.393063729632553101e+09
9.364219723872173162e+00 2.481046343649871826e+09
9.401676602767663482e+00 2.254885072924328804e+09
9.439283309178733816e+00 2.203259606764294624e+09
9.477040442415447075e+00 2.297486500246601582e+09
9.514948604185111236e+00 2.277493260843995571e+09
9.553008398601852136e+00 2.443909136698799133e+09
9.591220432196260859e+00 2.191890085475211143e+09
9.629585313925044687e+00 2.171320649690843105e+09
9.668103655180747324e+00 2.200053592840844631e+09
9.706776069801470896e+00 2.165518295282554150e+09
9.745603174080676112e+00 2.223748394448473930e+09
9.784585586776998412e+00 2.315429897628969669e+09
9.823723929124106746e+00 2.059769287914675951e+09
9.863018824840601440e+00 2.182957474560226917e+09
9.902470900139965337e+00 1.752620181667807341e+09
9.942080783740523842e+00 2.107501648148686886e+09
9.981849106875488431e+00 2.056011870349191427e+09
1.002177650330298952e+01 2.023253644217783451e+09
1.006186360931619994e+01 1.955378011462702990e+09
1.010211106375346723e+01 1.868758295789908409e+09
1.014251950800847979e+01 1.978848196010940790e+09
1.018308958604051284e+01 1.970884129135394812e+09
1.022382194438467451e+01 1.845636220067686558e+09
1.026471723216221399e+01 1.815294768959003925e+09
1.030577610109086173e+01 1.782334900134269714e+09
1.034699920549522467e+01 1.709074139157366991e+09
1.038838720231720458e+01 1.683444504365744352e+09
1.042994075112647501e+01 1.621905656001955986e+09
1.047166051413097954e+01 1.628230343045894146e+09
1.051354715618750468e+01 1.770436643127456665e+09
1.055560134481225454e+01 1.672547327190760851e+09
1.059782375019150358e+01 1.579017838911550283e+09
1.064021504519226902e+01 1.643987054462036848e+09
1.068277590537303823e+01 1.742005577138005733e+09
1.072550700899452991e+01 1.606845451773672342e+09
1.076840903703050856e+01 1.520569111556918859e+09
1.081148267317863088e+01 1.657487789332638979e+09
1.085472860387134553e+01 1.578167526080009937e+09
1.089814751828683015e+01 1.447310158496783972e+09
1.094174010835997635e+01 1.481674408355325937e+09
1.098550706879341909e+01 1.244464587554796219e+09
1.102944909706859100e+01 1.283107396907428503e+09
1.107356689345686540e+01 1.378791948280711174e+09
1.111786116103069233e+01 1.405887052280828238e+09
1.116233260567481622e+01 1.327437603712426901e+09
1.120698193609751492e+01 1.334075387829427481e+09
1.125180986384190440e+01 1.279979839883013248e+09
1.129681710329727373e+01 1.301700097332233429e+09
1.134200437171046083e+01 1.262260045317250013e+09
1.138737238919730466e+01 1.289350494520768881e+09
1.143292187875409383e+01 1.284973775822603703e+09
1.147865356626910938e+01 1.229345057372220039e+09
1.152456818053418530e+01 1.232421002940969944e+09
1.157066645325632237e+01 1.108307424269629002e+09
1.161694911906934635e+01 1.109981412741306305e+09
1.166341691554562487e+01 1.124951200757183313e+09
1.171007058320780736e+01 1.014083911524090648e+09
1.175691086554063958e+01 9.510938181158459187e+08
1.180393850900279951e+01 1.048765189223188162e+09
1.185115426303881137e+01 1.053073044713372588e+09
1.189855888009096674e+01 9.949539896804671288e+08
1.194615311561133097e+01 1.020926749664139271e+09
1.199393772807377623e+01 1.022495630887888074e+09
1.204191347898607134e+01 1.019051249651928544e+09
1.209008113290201614e+01 9.171024773320831060e+08
1.213844145743362368e+01 9.365049508611278534e+08
1.218699522326335938e+01 1.008890361567907691e+09
1.223574320415641381e+01 9.100518275141830444e+08
1.228468617697303777e+01 8.815426476607555151e+08
1.233382492168093059e+01 9.012091015331422091e+08
1.238316022136765504e+01 8.128962982110691071e+08
1.243269286225312520e+01 7.626860166323492527e+08
1.248242363370213859e+01 8.495036363981268406e+08
1.253235332823694748e+01 7.412930591780601740e+08
1.258248274154989410e+01 7.677488562046679258e+08
1.263281267251609385e+01 7.859175186441558599e+08
1.268334392320615756e+01 7.860784384392896891e+08
1.273407729889898299e+01 7.745284942695820332e+08
1.278501360809457665e+01 7.346656261847304106e+08
1.283615366252695544e+01 7.076752941909474134e+08
1.288749827717706253e+01 7.727584607024879456e+08
1.293904827028577031e+01 6.966672691561713219e+08
1.299080446336691352e+01 7.254446167961359024e+08
1.304276768122038099e+01 6.600070620502558947e+08
1.309493875194526424e+01 7.086918218662636280e+08
1.314731850695304693e+01 6.456070548606886864e+08
1.319990778098085649e+01 6.703519527449730635e+08
1.325270741210477965e+01 5.885015404354768991e+08
1.330571824175319939e+01 5.671835520367593765e+08
1.335894111472021173e+01 6.474978379499210119e+08
1.341237687917909227e+01 5.990013294638854265e+08
1.346602638669580898e+01 5.249282590502601862e+08
1.351989049224258999e+01 5.826031286364486217e+08
1.357397005421156067e+01 5.711630294389276505e+08
1.362826593442840917e+01 5.582182621277139187e+08
1.368277899816612297e+01 5.510953032459303141e+08
1.373751011415878942e+01 5.159338481826139688e+08
1.379246015461542463e+01 5.564353009933717251e+08
1.384762999523388416e+01 4.779447109645590782e+08
1.390302051521481808e+01 5.193374843864830136e+08
1.395863259727567751e+01 5.166762160224511623e+08
1.401446712766477987e+01 4.602396368891108036e+08
1.407052499617543972e+01 5.215171343012890816e+08
1.412680709616014063e+01 4.718528185454303026e+08
1.418331432454478147e+01 4.260327149137856960e+08
1.424004758184296193e+01 4.530855151860959530e+08
1.429700777217033369e+01 4.898410012549857497e+08
1.435419580325901379e+01 4.169973158559568524e+08
1.441161258647204946e+01 4.075048927513163090e+08
1.446925903681793812e+01 3.947911188520754576e+08
1.452713607296521126e+01 3.874140955370841622e+08
1.458524461725707155e+01 4.137725442473511696e+08
1.464358559572609764e+01 3.879921994268150926e+08
1.470215993810900557e+01 3.910593355588724613e+08
1.476096857786143879e+01 4.193097065855007172e+08
1.482001245217288599e+01 3.738338537583364844e+08
1.487929250198157760e+01 3.306136091040369868e+08
1.493880967198950316e+01 3.015067136980148554e+08
1.499856491067746056e+01 3.513752986033793688e+08
1.505855917032016933e+01 3.678857584204316139e+08
1.511879340700144958e+01 3.542408315308188200e+08
1.517926858062945605e+01 3.245927173774532676e+08
1.523998565495197433e+01 3.551352482880427837e+08
1.530094559757178274e+01 3.424869228351905942e+08
1.536214937996206764e+01 3.289106275831391811e+08
1.542359797748191674e+01 3.075646965854629874e+08
1.548529236939184450e+01 3.247316334844744205e+08
1.554723353886941339e+01 2.931936030352787971e+08
1.560942247302489072e+01 3.061257901532980800e+08
1.567186016291699069e+01 3.185741444680284858e+08
1.573454760356865556e+01 2.735525538628118634e+08
1.579748579398293096e+01 2.930582446177296638e+08
1.586067573715886247e+01 3.000144728022080064e+08
1.592411844010749888e+01 3.305486659493846297e+08
1.598781491386792730e+01 2.495900647975917757e+08
1.605176617352340074e+01 2.843194654440169930e+08
1.611597323821749228e+01 2.607007132385047972e+08
1.618043713117036120e+01 2.885584760777719021e+08
1.624515887969504391e+01 2.392098770030104518e+08
1.631013951521382310e+01 2.678215807424439192e+08
1.637538007327468037e+01 2.713147906170861721e+08
1.644088159356778078e+01 2.591845207766432166e+08
1.650664511994205341e+01 2.450108078185232580e+08
1.657267170042182158e+01 2.438291701105466485e+08
1.663896238722350418e+01 2.091427467042668760e+08
1.670551823677240222e+01 2.368563488191488683e+08
1.677234030971949608e+01 2.596665347348376513e+08
1.683942967095837062e+01 2.446629139196736217e+08
1.690678738964220429e+01 2.212435618854893148e+08
1.697441453920077237e+01 2.248754994549790025e+08
1.704231219735757108e+01 2.587087744351880252e+08
1.711048144614700561e+01 1.879477594879695177e+08
1.717892337193159236e+01 2.236351540872930586e+08
1.724763906541932101e+01 2.017067567974428236e+08
1.731662962168099895e+01 2.048717163532892168e+08
1.738589614016772344e+01 1.740316850326309800e+08
1.745543972472839300e+01 2.119895711062354445e+08
1.752526148362730751e+01 2.000974540674420893e+08
1.759536252956181812e+01 1.905077192036144733e+08
1.766574397968006238e+01 1.901806097600786984e+08
1.773640695559878466e+01 1.852340666255815029e+08
1.780735258342117433e+01 1.850428493278804123e+08
1.787858199375486024e+01 1.979618302194458246e+08
1.795009632172988034e+01 1.681423954504794478e+08
1.802189670701679702e+01 1.916971195562227070e+08
1.809398429384486562e+01 1.818726711811321974e+08
1.816636023102024211e+01 1.477231744343188405e+08
1.823902567194432578e+01 1.772803269534862041e+08
1.831198177463210186e+01 1.782542267350187302e+08
1.838522970173062987e+01 1.662284859286707342e+08
1.845877062053754969e+01 1.644318703322456181e+08
1.853260570301970134e+01 1.422757877298532128e+08
1.860673612583178027e+01 1.338039120095948279e+08
1.868116307033510637e+01 1.510813851915058792e+08
1.875588772261644976e+01 1.430008124872009158e+08
1.883091127350691352e+01 1.736054557640964687e+08
1.890623491860094063e+01 1.500409606476793885e+08
1.898185985827534594e+01 1.325801130975575298e+08
1.905778729770844748e+01 1.596228315077346861e+08
1.913401844689928311e+01 1.534626212255141437e+08
1.921055452068688041e+01 1.297284676337373555e+08
1.928739673876962968e+01 1.273272692605541497e+08
1.936454632572470658e+01 1.331718144045225829e+08
1.944200451102760141e+01 1.051225731626656651e+08
1.951977252907171589e+01 1.382842525898416340e+08
1.959785161918800256e+01 1.169107600966557562e+08
1.967624302566475691e+01 1.226355715697739720e+08
1.991079942767366973e+01 1.207100869788295478e+08
2.030901541622714390e+01 1.070012030748628825e+08
2.071519572455168756e+01 1.060219856542683393e+08
2.112949963904272010e+01 8.902352348217371106e+07
2.155208963182357707e+01 8.670493228004729748e+07
2.198313142446004420e+01 8.023982643217574060e+07
2.242279405294924643e+01 7.156584338889712095e+07
2.287124993400822959e+01 7.296059556207524240e+07
2.332867493268839709e+01 6.828934821694523096e+07
2.379524843134216638e+01 5.642618960629458725e+07
2.427115339996900900e+01 5.981550037690227479e+07
2.475657646796839018e+01 5.228706459880258888e+07
2.525170799732775961e+01 4.513073030988086015e+07
2.575674215727431715e+01 4.582705350964149833e+07
2.627187700041980278e+01 4.365098986960148811e+07
2.679731454042819649e+01 3.565969444159156084e+07
2.733326083123676042e+01 3.876999368732464314e+07
2.787992604786149542e+01 3.346759281838939339e+07
2.843752456881871993e+01 2.694667216476229206e+07
2.900627506019509738e+01 3.066989920572672784e+07
2.958640056139899599e+01 2.623925117568188533e+07
3.017812857262697435e+01 2.482510532879980654e+07
3.078169114407952023e+01 2.094417548307961598e+07
3.139732496696110431e+01 2.170050210176108778e+07
3.202527146630033172e+01 2.019185677124860138e+07
3.266577689562632969e+01 1.838265450476639345e+07
3.331909243353885586e+01 1.527243953768370673e+07
3.398547428220963695e+01 1.705717070902349427e+07
3.466518376785383282e+01 1.396321462758510746e+07
3.535848744321090464e+01 1.215680129407333583e+07
3.606565719207512188e+01 1.165077675455719419e+07
3.678697033591662802e+01 1.192248751872914098e+07
3.752270974263496583e+01 1.004805294723823853e+07
3.827316393748766643e+01 1.033374272463015653e+07
3.903862721623740839e+01 8.993976594123389572e+06
3.981939976056215613e+01 8.258201762005132623e+06
4.061578775577340394e+01 6.919476567871291190e+06
4.142810351088887444e+01 7.542474450046755373e+06
4.225666558110664539e+01 7.019347355066663586e+06
4.310179889272878029e+01 5.827256201881104149e+06
4.396383487058335504e+01 5.488759537331031635e+06
4.484311156799503095e+01 5.209593289724420756e+06
4.573997379935492091e+01 4.819157918278588913e+06
4.665477327534202345e+01 4.308399896323847584e+06
4.758786874084886165e+01 4.183874086739421356e+06
4.853962611566583973e+01 3.985170572941697203e+06
4.951041863797915710e+01 3.379197265911131632e+06
5.050062701073873939e+01 3.310584903042270802e+06
5.151063955095351332e+01 2.866073763881881721e+06
5.254085234197258103e+01 3.101732151706095319e+06
5.359166938881203635e+01 2.769809132399359252e+06
5.466350277658827395e+01 2.565168984422174748e+06
5.575677283212004198e+01 2.125846183024694677e+06
5.687190828876244098e+01 2.059035527998054167e+06
5.800934645453768468e+01 1.973601234394079307e+06
5.916953338362844050e+01 1.855844004293539561e+06
6.035292405130100946e+01 1.692418473217405146e+06
6.155998253232701956e+01 1.735954564281999832e+06
6.279118218297357146e+01 1.439955068769283360e+06
6.404700582663303976e+01 1.228845769142121542e+06
6.532794594316570169e+01 1.162444132421469316e+06
6.663450486202900436e+01 1.088923997512785485e+06
6.796719495926959098e+01 1.164143986119630979e+06
6.932653885845499531e+01 1.098970230791043723e+06
7.071306963562409464e+01 9.306665955447598826e+05
7.212733102833657028e+01 8.023209370626596501e+05
7.356987764890331505e+01 7.819904817267413018e+05
7.504127520188137623e+01 6.946979919422037201e+05
7.654210070591901172e+01 7.078454770843004808e+05
7.807294272003738911e+01 6.448946513751891907e+05
7.963440157443814371e+01 6.009688606120514451e+05
8.122708960592690630e+01 5.064421946940716589e+05
8.285163139804545551e+01 4.702651547292538453e+05
8.450866402600635752e+01 4.624086627462010365e+05
8.619883730652648524e+01 4.447592398782175733e+05
8.792281405265701721e+01 4.882674716481579235e+05
8.968127033371015955e+01 3.949460407846707385e+05
9.147489574038435478e+01 3.841720087998070521e+05
9.330439365519204387e+01 3.284212307145490777e+05
9.517048152829590890e+01 2.770630137387107825e+05
9.707389115886181230e+01 3.084726548443243955e+05
9.901536898203904968e+01 2.333845505962745228e+05
