# Wavelength [um]       Fp [W/m2/m]  
1.000553076518779783e-01 4.000022411720420479e-09
1.004555288824854897e-01 1.278573934526155956e-62
1.008573509980154326e-01 5.104529945555624930e-59
1.012607804020075053e-01 1.198375598350675267e-58
1.016658235236155422e-01 2.014351374463039056e-62
1.020724868177099870e-01 2.404983916597418350e-40
1.024807767649808382e-01 1.393546167227583377e-43
1.028906998720407612e-01 3.805568637625585690e-57
1.033022626715289355e-01 7.167595200487879146e-37
1.037154717222150413e-01 2.767963680018998313e-60
1.041303336091038839e-01 4.076741128733628498e-54
1.045468549435403099e-01 1.778898808110959170e-50
1.049650423633144702e-01 1.427303284432526084e-61
1.053849025327677214e-01 5.004959544488115329e-43
1.058064421428987906e-01 4.085033035779026146e-57
1.062296679114703990e-01 2.241896549785750084e-42
1.066545865831162732e-01 1.744112732002710857e-48
1.070812049294487533e-01 9.801148759271145370e-51
1.075095297491665408e-01 7.930736381423425825e-38
1.079395678681632220e-01 5.464989744249944256e-51
1.083713261396358624e-01 5.024074410950060934e-36
1.088048114441943909e-01 3.408927130726244710e-39
1.092400306899711654e-01 1.846320519119202369e-23
1.096769908127310511e-01 2.972419115436218891e-38
1.101156987759819850e-01 1.123814525518368082e-39
1.105561615710859147e-01 3.399559015404698032e-24
1.109983862173702651e-01 3.792353507481311498e-29
1.114423797622397516e-01 1.452566029258795469e-34
1.118881492812886930e-01 1.067235678759716010e-38
1.123357018784138517e-01 1.206893561588944203e-34
1.127850446859275102e-01 7.427938925161135893e-19
1.132361848646712132e-01 2.090370610671107952e-22
1.136891296041298988e-01 1.071026918405855552e-21
1.141438861225464035e-01 4.458023723871959541e-21
1.146004616670366072e-01 2.469159925274554861e-20
1.150588635137047705e-01 3.533971462875735403e-21
1.155190989677595953e-01 2.573601870164875038e-22
1.159811753636306314e-01 3.123196294209846863e-20
1.164451000650851553e-01 6.517219306098893371e-23
1.169108804653455069e-01 3.581912829252771808e-24
1.173785239872068981e-01 4.327943376031556984e-21
1.178480380831557206e-01 3.766832925146939180e-21
1.183194302354883543e-01 8.936175021760037474e-20
1.187927079564302935e-01 1.399961341997190806e-23
1.192678787882560099e-01 1.981184918854811433e-22
1.197449503034090645e-01 5.728505495793863120e-22
1.202239301046226783e-01 2.895060701194432516e-27
1.207048258250411760e-01 1.750580417044666842e-23
1.211876451283413342e-01 4.144122263641525315e-23
1.216723957088547137e-01 2.989721232971550080e-28
1.221590852916901310e-01 1.078399181956701334e-24
1.226477216328568792e-01 3.608674153276826488e-22
1.231383125193883099e-01 1.825002268591694978e-22
1.236308657694658586e-01 1.236245200987944336e-21
1.241253892325437369e-01 2.950557550915777583e-23
1.246218907894739159e-01 1.148017215577936500e-24
1.251203783526317892e-01 2.175464655772379467e-22
1.256208598660423226e-01 8.706566836691867516e-21
1.261233433055065078e-01 3.570003678117058802e-21
1.266278366787285392e-01 4.919699048442468547e-27
1.271343480254434610e-01 2.472237952056889856e-19
1.276428854175452321e-01 4.704158018329178767e-19
1.281534569592154005e-01 7.198392865731430922e-24
1.286660707870522780e-01 9.682669529361426861e-23
1.291807350702004475e-01 6.278232071868004899e-18
1.296974580104812425e-01 2.051378105082897846e-18
1.302162478425231973e-01 2.749664090732396747e-20
1.307371128338932764e-01 8.016674100867683132e-19
1.312600612852288795e-01 8.380220725643632763e-18
1.317851015303697915e-01 4.238592730364832985e-18
1.323122419364912705e-01 8.733090301218123077e-18
1.328414909042372472e-01 5.392163081626368869e-17
1.333728568678542170e-01 5.892148452145171438e-17
1.339063482953256612e-01 1.907271105445301702e-17
1.344419736885069383e-01 5.274595671185009219e-18
1.349797415832609815e-01 6.454131529450340199e-15
1.355196605495940232e-01 3.307790523887254065e-15
1.360617391917924301e-01 6.767656950414425635e-14
1.366059861485595939e-01 9.562228938974981128e-16
1.371524100931538481e-01 4.526516708680230618e-16
1.377010197335264696e-01 6.813704038087384967e-15
1.382518238124605670e-01 2.795726466175718942e-13
1.388048311077104136e-01 1.524357880498158525e-13
1.393600504321412248e-01 3.467763086025359438e-14
1.399174906338697677e-01 1.333576707559803298e-14
1.404771605964052761e-01 3.158812983890376117e-12
1.410390692387908651e-01 3.677431156457169640e-13
1.416032255157460562e-01 9.369948579837576042e-12
1.421696384178090522e-01 7.842113875446889737e-15
1.427383169714803168e-01 2.434364911905111078e-12
1.433092702393662099e-01 5.340410316964059869e-11
1.438825073203236771e-01 8.274231792720624215e-12
1.444580373496049674e-01 7.645811944754216069e-11
1.450358694990033503e-01 1.617016163720030613e-11
1.456160129769993872e-01 9.599242938812612887e-11
1.461984770289073976e-01 1.016492053204332442e-10
1.467832709370230082e-01 5.464647781619302576e-11
1.473704040207710897e-01 2.257171496218465697e-10
1.479598856368541382e-01 5.653783473094247110e-12
1.485517251794015725e-01 1.639415746574718134e-10
1.491459320801191979e-01 3.774904997414459437e-10
1.497425158084396690e-01 9.513131716712000665e-11
1.503414858716734248e-01 1.199837630890083618e-09
1.509428518151600951e-01 3.876355091373249362e-10
1.515466232224207677e-01 5.192883554660783262e-11
1.521528097153104220e-01 1.301352767587037011e-09
1.527614209541716672e-01 3.595861535140750615e-10
1.533724666379883694e-01 5.542572919397684508e-10
1.539859565045403056e-01 1.592911312448343023e-09
1.546019003305584838e-01 7.353065666083993668e-12
1.552203079318807133e-01 3.721042102023959225e-10
1.558411891636082569e-01 4.890387412256781506e-10
1.564645539202626778e-01 2.843528784662917663e-10
1.570904121359437411e-01 8.620590759227000525e-10
1.577187737844875093e-01 6.441452948320417243e-10
1.583496488796254653e-01 1.023740588604589490e-09
1.589830474751439959e-01 1.810796918958418849e-09
1.596189796650445414e-01 1.025567966405490226e-09
1.602574555837047166e-01 1.646683426507355721e-09
1.608984854060395708e-01 2.623403901154330814e-09
1.615420793476636807e-01 1.978512897960983783e-09
1.621882476650543525e-01 4.650768558528984448e-09
1.628370006557145755e-01 3.915517333089611028e-09
1.634883486583374457e-01 6.128493180225079050e-09
1.641423020529707844e-01 1.203290533234590908e-08
1.647988712611826723e-01 7.888146622465272165e-09
1.654580667462274002e-01 6.780330348305711183e-09
1.661198990132123077e-01 1.887008758977141975e-08
1.667843786092651215e-01 1.554558720325514081e-08
1.674515161237022098e-01 3.275838117295457250e-08
1.681213221881969755e-01 5.337329181798008873e-08
1.687938074769497754e-01 6.702576052115430263e-08
1.694689827068575905e-01 1.313503652514775395e-07
1.701468586376850278e-01 1.286715131925024872e-07
1.708274460722357391e-01 9.633909784896168869e-08
1.715107558565246715e-01 1.600642712194075268e-07
1.721967988799507909e-01 1.885558416709939476e-07
1.728855860754705820e-01 2.352278190419270446e-07
1.735771284197724640e-01 3.411152106681554326e-07
1.742714369334515678e-01 3.994298751198062927e-07
1.749685226811853456e-01 5.031626338099371221e-07
1.756683967719100681e-01 8.674043051789027791e-07
1.763710703589977391e-01 1.384458354232388315e-06
1.770765546404337309e-01 1.305260871898239331e-06
1.777848608589954471e-01 1.229284650530391107e-06
1.784960003024314568e-01 2.047694194315711422e-06
1.792099843036411844e-01 2.159349949830150360e-06
1.799268242408557650e-01 3.087936418840888019e-06
1.806465315378191772e-01 3.976852880112516631e-06
1.813691176639704306e-01 4.466059560465787814e-06
1.820945941346263086e-01 5.930334627170406229e-06
1.828229725111648329e-01 7.161303202618447466e-06
1.835542644012094771e-01 7.656433639074714052e-06
1.842884814588143239e-01 1.070772960020680627e-05
1.850256353846495561e-01 1.489181657240510183e-05
1.857657379261881403e-01 1.644133249934538602e-05
1.865088008778928996e-01 2.495770330124798747e-05
1.872548360814044743e-01 2.927714059639684754e-05
1.880038554257300876e-01 3.208348890132113796e-05
1.887558708474330049e-01 4.805656726831585289e-05
1.895108943308226879e-01 5.293163329605943160e-05
1.902689379081460019e-01 5.943606442723227152e-05
1.910300136597785636e-01 9.013016257821095036e-05
1.917941337144176972e-01 9.426515731666289027e-05
1.925613102492753359e-01 1.156193385683231087e-04
1.933315554902724498e-01 1.583525317292362484e-04
1.941048817122335568e-01 1.765185181060221348e-04
1.948813012390824828e-01 2.046640061053952057e-04
1.956608264440388156e-01 2.749934037440159907e-04
1.964434697498149418e-01 2.911285399702949668e-04
1.972292436288141937e-01 3.525233099206751008e-04
1.980181606033294406e-01 4.450738115007110696e-04
1.988102332457427346e-01 4.998003038066187566e-04
1.996054741787257336e-01 5.733090051676505237e-04
2.004038960754406518e-01 6.826149889295270341e-04
2.012055116597424309e-01 7.880210002426632802e-04
2.020103337063813842e-01 9.151364982350441383e-04
2.028183750412069219e-01 1.089162221538095233e-03
2.036296485413717494e-01 1.336575528391070701e-03
2.044441671355372303e-01 1.636133799400566260e-03
2.052619438040793887e-01 2.011634755166181315e-03
2.060829915792957157e-01 2.418750989897767382e-03
2.069073235456129201e-01 2.885933656879081325e-03
2.077349528397953449e-01 3.448631480199844043e-03
2.085658926511545219e-01 4.147992199921363837e-03
2.094001562217591150e-01 4.921346839314732352e-03
2.102377568466461677e-01 5.821849003636784051e-03
2.110787078740327671e-01 6.787329750131450810e-03
2.119230227055288740e-01 8.160424728530034366e-03
2.127707147963510126e-01 9.684626857332432476e-03
2.136217976555363773e-01 1.152595847684344081e-02
2.144762848461585492e-01 1.324268039454906676e-02
2.153341899855431840e-01 1.599387751076075323e-02
2.161955267454853669e-01 1.914367120849972889e-02
2.170603088524672986e-01 2.267424341727622070e-02
2.179285500878772042e-01 2.612618294123282905e-02
2.188002642882286852e-01 3.087199258611042843e-02
2.196754653453815986e-01 3.726294429099111932e-02
2.205541672067631020e-01 4.331467608207194286e-02
2.214363838755901703e-01 5.321635186950401247e-02
2.223221294110925284e-01 5.949909930642356681e-02
2.232114179287369160e-01 7.589139362445880554e-02
2.241042636004518529e-01 8.459411136697894684e-02
2.250006806548536520e-01 1.078659257202772837e-01
2.259006833774730438e-01 1.179598965500917862e-01
2.268042861109829667e-01 1.422965864905059996e-01
2.277115032554268836e-01 1.678442264796364825e-01
2.286223492684485714e-01 1.962461052753715629e-01
2.295368386655223802e-01 2.503241740289400830e-01
2.304549860201844658e-01 2.547884709006380533e-01
2.313768059642651864e-01 3.275066396771996735e-01
2.323023131881222503e-01 3.720442734915777039e-01
2.332315224408747223e-01 4.608916329904754750e-01
2.341644485306381973e-01 5.355817340891865230e-01
2.351011063247607502e-01 5.581562246738701605e-01
2.360415107500598020e-01 7.104842754369538049e-01
2.369856767930600405e-01 7.514968752404186381e-01
2.379336195002322851e-01 9.622823617985575284e-01
2.388853539782332114e-01 1.079703072300373545e+00
2.398408953941461863e-01 1.364389441239522327e+00
2.408002589757227141e-01 1.604543583332153300e+00
2.417634600116256582e-01 1.657776448308425188e+00
2.427305138516721306e-01 2.186795677792244597e+00
2.437014359070788505e-01 2.458378739246747990e+00
2.446762416507071713e-01 3.225631066052630835e+00
2.456549466173099938e-01 3.276557100261519029e+00
2.466375664037792625e-01 3.889064950676271337e+00
2.476241166693943785e-01 4.645045991618687253e+00
2.486146131360719436e-01 4.617266078316464295e+00
2.496090715886161993e-01 5.747342594798730886e+00
2.506075078749706586e-01 6.417431037219937018e+00
2.516099379064705155e-01 7.561126979309229945e+00
2.526163776580964138e-01 9.427581776274056580e+00
2.536268431687287994e-01 1.129319120947705812e+01
2.546413505414037437e-01 1.313664297757116550e+01
2.556599159435693491e-01 1.374849224761365463e+01
2.566825556073435988e-01 1.494087000100608087e+01
2.577092858297729827e-01 1.744414630015817735e+01
2.587401229730920682e-01 1.935739588450010373e+01
2.597750834649844576e-01 2.289340554518089732e+01
2.608141837988444123e-01 2.619045493648579637e+01
2.618574405340398092e-01 3.041989197602226014e+01
2.629048702961759298e-01 3.510154963196085731e+01
2.639564897773606367e-01 3.915806036322893391e+01
2.650123157364701054e-01 4.397452911701348199e+01
2.660723649994159445e-01 4.988091736630455841e+01
2.671366544594135917e-01 5.610939294956645540e+01
2.682052010772512096e-01 6.425001406987364305e+01
2.692780218815602478e-01 7.263710746223220838e+01
2.703551339690865030e-01 8.250306516873580165e+01
2.714365545049627904e-01 9.331400058142017429e+01
2.725223007229827243e-01 1.053302804240121873e+02
2.736123899258746106e-01 1.189116507410818429e+02
2.747068394855781692e-01 1.343367839474160519e+02
2.758056668435204806e-01 1.516607467850799367e+02
2.769088895108945403e-01 1.714276232431667211e+02
2.780165250689380918e-01 1.936014253078827210e+02
2.791285911692138466e-01 2.187033844142590908e+02
2.802451055338907038e-01 2.470742254675500931e+02
2.813660859560263017e-01 2.791558687618583576e+02
2.824915502998503469e-01 3.154273118325497762e+02
2.836215165010497197e-01 3.564278416601107438e+02
2.847560025670539119e-01 4.027631754794006724e+02
2.858950265773221866e-01 4.551133442526592034e+02
2.870386066836315142e-01 5.142409387109546515e+02
2.881867611103660631e-01 5.810011334808071979e+02
2.893395081548075787e-01 6.563519154449396638e+02
2.904968661874267610e-01 7.413652189792665013e+02
2.916588536521764197e-01 8.372419745444079808e+02
2.928254890667851273e-01 9.453213629747426694e+02
2.939967910230522619e-01 1.067103883115321878e+03
2.951727781871444911e-01 1.204266106020862026e+03
2.963534692998930908e-01 1.358667298025480022e+03
2.975388831770926501e-01 1.532394934535042012e+03
2.987290387098009981e-01 1.727782720018952205e+03
2.999239548646402409e-01 1.947344129333768478e+03
3.011236506840988536e-01 1.901533812433698358e+03
3.023281452868351593e-01 2.129020214401525209e+03
3.035374578679824742e-01 1.663978012402922104e+03
3.047516076994544187e-01 2.679169691167818200e+03
3.059706141302522830e-01 3.050383737908424337e+03
3.071944965867733357e-01 3.391138980685218030e+03
3.084232745731204095e-01 3.684387461591475130e+03
3.096569676714128194e-01 2.657910368799978642e+03
3.108955955420985018e-01 2.926218621912573781e+03
3.121391779242668751e-01 4.970115578855190506e+03
3.133877346359639215e-01 5.568056221920352073e+03
3.146412855745078230e-01 6.077621706828854258e+03
3.158998507168058190e-01 6.544756369989053383e+03
3.171634501196730627e-01 6.941170735826646705e+03
3.184321039201517545e-01 7.198422829514782279e+03
3.197058323358323295e-01 7.112259824845671574e+03
3.209846556651756444e-01 4.955320088133138597e+03
3.222685942878363852e-01 2.803250560153186598e+03
3.235576686649877520e-01 5.386542499992122430e+03
3.248518993396476984e-01 3.922207342445303766e+03
3.261513069370062801e-01 1.932551149204977946e+03
3.274559121647543369e-01 4.321268389468338569e+02
3.287657358134133401e-01 1.671604858205722621e+01
3.300807987566670154e-01 4.704581632140625302e-02
3.314011219516936890e-01 2.370516456432407271e+00
3.327267264395004642e-01 2.131904910911999877e+02
3.340576333452584534e-01 2.063619822198456404e+03
3.353938638786395088e-01 6.743545113185424270e+03
3.367354393341540630e-01 1.350935773770032029e+04
3.380823810914907468e-01 2.127885501619453862e+04
3.394347106158566718e-01 2.937852525824063196e+04
3.407924494583201014e-01 3.724165849717044330e+04
3.421556192561533982e-01 4.307835629880466149e+04
3.435242417331779707e-01 3.396229954942558834e+04
3.448983387001106626e-01 5.422060692621624185e+03
3.462779320549111417e-01 5.371793594105552620e+04
3.476630437831307319e-01 8.151331074044891284e+04
3.490536959582632992e-01 9.794656503448144940e+04
3.504499107420963600e-01 1.129271925567448197e+05
3.518517103850647421e-01 1.282364339225790318e+05
3.532591172266050239e-01 1.444401864472942252e+05
3.546721536955114717e-01 1.618507795123820251e+05
3.560908423102934761e-01 1.806846964701318648e+05
3.575152056795346533e-01 2.011067648035544262e+05
3.589452665022527800e-01 2.233170075913927576e+05
3.603810475682617254e-01 2.474691457465352432e+05
3.618225717585348278e-01 2.737598865587232285e+05
3.632698620455689364e-01 3.023691904894848121e+05
3.647229414937512293e-01 3.335251578899895540e+05
3.661818332597261971e-01 3.674342296909285360e+05
3.676465605927651259e-01 4.042819812822240056e+05
3.691171468351361895e-01 4.443692924550433527e+05
3.705936154224767076e-01 4.880040963889794657e+05
3.720759898841666247e-01 5.353447925347378477e+05
3.735642938437032656e-01 5.868421390493897488e+05
3.750585510190780902e-01 6.426602236579963937e+05
3.765587852231543908e-01 7.031163535746494308e+05
3.780650203640470441e-01 7.685380454532423755e+05
3.795772804455032068e-01 8.395513930358103244e+05
3.810955895672852312e-01 9.162066599920780864e+05
3.826199719255543585e-01 9.987023195363518316e+05
3.841504518132565771e-01 1.087832102502031252e+06
3.856870536205096456e-01 1.184340074423054699e+06
3.872298018349916715e-01 1.286620476344285766e+06
3.887787210423316320e-01 1.396386154298752779e+06
3.903338359265008939e-01 1.512947684352966258e+06
3.918951712702069545e-01 1.636044154652928468e+06
3.934627519552877928e-01 1.762489279802069766e+06
3.950366029631089404e-01 1.889047600761942333e+06
3.966167493749613859e-01 2.004977567870324710e+06
3.982032163724612550e-01 2.085320752499789232e+06
3.997960292379510450e-01 2.069559795013216324e+06
4.013952133549028578e-01 1.757693898443377344e+06
4.030007942083224659e-01 7.093919002064449014e+05
4.046127973851557647e-01 1.179170967817440214e+04
4.062312485746963908e-01 7.856036170048110653e+05
4.078561735689951728e-01 2.373369267339429352e+06
4.094875982632711353e-01 3.301637606579638086e+06
4.111255486563242245e-01 3.910587444115852471e+06
4.127700508509495880e-01 4.410552391070633195e+06
4.144211310543532978e-01 4.874466080079525709e+06
4.160788155785707931e-01 5.335620485166687518e+06
4.177431308408850463e-01 5.809046712132293731e+06
4.194141033642486138e-01 6.302398212792210281e+06
4.210917597777056320e-01 6.817578777388172224e+06
4.227761268168164221e-01 7.360238373638480902e+06
4.244672313240837602e-01 7.946144450247747824e+06
4.261651002493800910e-01 8.571217011465322226e+06
4.278697606503775730e-01 9.229250001153873280e+06
4.295812396929790666e-01 9.937198714652769268e+06
4.312995646517510107e-01 1.069097625581748597e+07
4.330247629103580187e-01 1.148239354590852931e+07
4.347568619619994745e-01 1.233007138486767001e+07
4.364958894098474596e-01 1.324103707916946150e+07
4.382418729674867897e-01 1.420865446420407109e+07
4.399948404593567730e-01 1.523076674743974023e+07
4.417548198211941890e-01 1.633953691075315699e+07
4.435218391004789873e-01 1.750238672946056351e+07
4.452959264568808750e-01 1.875798542748049274e+07
4.470771101627084021e-01 2.007040744219434634e+07
4.488654186033592119e-01 2.142343524267687649e+07
4.506608802777726241e-01 2.291843279111731425e+07
4.524635237988837710e-01 2.451232731369581074e+07
4.542733778940792333e-01 2.611755501681544259e+07
4.560904714056555065e-01 2.692467120536523685e+07
4.579148332912781894e-01 2.744817744637477025e+07
4.597464926244433370e-01 3.051128880290845037e+07
4.615854785949410899e-01 3.231741152786966413e+07
4.634318205093208576e-01 3.402229512810952216e+07
4.652855477913582227e-01 3.573252728115402162e+07
4.671466899825236219e-01 3.746826731638558954e+07
4.690152767424536906e-01 3.915374449366199970e+07
4.708913378494234969e-01 3.997983986791637540e+07
4.727749032008212171e-01 3.950933069845014066e+07
4.746660028136244769e-01 3.731537818457670510e+07
4.765646668248789131e-01 3.330233960284605995e+07
4.784709254921784560e-01 2.679969752179870754e+07
4.803848091941470555e-01 2.055477633612601086e+07
4.823063484309236815e-01 1.437151916698925383e+07
4.842355738246474361e-01 9.411400768742375076e+06
4.861725161199459966e-01 6.338254581642867997e+06
4.881172061844257226e-01 4.427699240163126029e+06
4.900696750091634302e-01 3.226984578263632022e+06
4.920299537092001074e-01 2.261975389999001753e+06
4.939980735240369625e-01 1.480071372167970985e+06
4.959740658181330253e-01 9.019692083803656278e+05
4.979579620814056362e-01 5.121582184545923374e+05
4.999497939297311566e-01 2.797028369932972128e+05
5.019495931054501758e-01 1.578462099154090101e+05
5.039573914778719965e-01 1.033821869238811632e+05
5.059732210437835054e-01 8.413398012396792183e+04
5.079971139279585435e-01 8.067118887294770684e+04
5.100291023836703852e-01 8.046440581812597520e+04
5.120692187932051054e-01 7.757968220895109698e+04
5.141174956683780550e-01 7.405820031446283974e+04
5.161739656510514473e-01 7.251337893923973024e+04
5.182386615136556074e-01 7.117612468505304423e+04
5.203116161597103329e-01 6.826585516425487003e+04
5.223928626243490303e-01 6.522283945585131005e+04
5.244824340748465152e-01 6.316574418366693862e+04
5.265803638111459239e-01 6.099411175812729925e+04
5.286866852663905103e-01 5.879744318641767313e+04
5.308014320074561088e-01 5.758389215748303104e+04
5.329246377354859288e-01 5.673076857275155635e+04
5.350563362864277916e-01 5.589210594853269140e+04
5.371965616315735881e-01 5.577491696198610589e+04
5.393453478780998456e-01 5.584870173834278103e+04
5.415027292696121819e-01 5.572528174133629363e+04
5.436687401866906466e-01 5.607407861801070976e+04
5.458434151474373941e-01 5.637203313018068729e+04
5.480267888080271321e-01 5.639526505677387468e+04
5.502188959632591247e-01 5.671697618970166513e+04
5.524197715471121928e-01 5.696526008592129801e+04
5.546294506333006025e-01 5.694009197508134821e+04
5.568479684358338400e-01 5.695836566564771056e+04
5.590753603095770519e-01 5.697544535553402238e+04
5.613116617508153716e-01 5.656116472523592529e+04
5.635569083978186899e-01 5.634246816525013128e+04
5.658111360314097560e-01 5.556261224293246050e+04
5.680743805755354980e-01 5.475497115117305657e+04
5.703466780978375672e-01 5.371137603398632200e+04
5.726280648102289872e-01 5.253804367507645657e+04
5.749185770694699160e-01 5.104049045218106767e+04
5.772182513777477375e-01 4.934060516313905828e+04
5.795271243832587071e-01 4.748278434126155480e+04
5.818452328807918184e-01 4.565874362218122405e+04
5.841726138123150003e-01 4.385691201837918925e+04
5.865093042675643131e-01 3.927428481915870361e+04
5.888553414846344758e-01 3.553392065637449559e+04
5.912107628505729462e-01 4.191115956864084728e+04
5.935756059019753339e-01 5.638810644721018616e+04
5.959499083255832552e-01 7.219518399111906183e+04
5.983337079588855190e-01 8.986729532986909908e+04
6.007270427907210886e-01 1.118660079896013776e+05
6.031299509618840426e-01 1.396361615480735782e+05
6.055424707657315331e-01 1.721488282413574343e+05
6.079646406487945187e-01 2.101224431792811956e+05
6.103964992113897203e-01 2.555836546815484180e+05
6.128380852082353503e-01 3.096134139806067105e+05
6.152894375490681744e-01 3.735739236819912330e+05
6.177505952992645710e-01 4.480328216149466462e+05
6.202215976804615893e-01 5.350088022646124009e+05
6.227024840711834486e-01 6.379262436412987299e+05
6.251932940074681477e-01 7.615935218151292065e+05
6.276940671834980723e-01 9.110689278853372671e+05
6.302048434522321552e-01 1.097060625232666265e+06
6.327256628260409244e-01 1.326149194820481585e+06
6.352565654773452142e-01 1.606855364727378590e+06
6.377975917392545435e-01 1.955445690692445496e+06
6.403487821062116003e-01 2.386565133009000216e+06
6.429101772346363930e-01 2.918035258025108837e+06
6.454818179435749537e-01 3.576286023561115842e+06
6.480637452153492628e-01 4.397909785285078920e+06
6.506560001962106154e-01 5.426614859702593647e+06
6.532586241969955410e-01 6.709384351225086488e+06
6.558716586937833881e-01 8.303652668896441348e+06
6.584951453285585732e-01 1.026902919002291560e+07
6.611291259098727169e-01 1.270897448206477240e+07
6.637736424135122215e-01 1.573419149330058135e+07
6.664287369831662922e-01 1.941433991743832827e+07
6.690944519310989547e-01 2.383764994883035123e+07
6.717708297388232941e-01 2.920793097288159281e+07
6.744579130577786907e-01 3.563346903775529563e+07
6.771557447100098326e-01 4.286478642492812872e+07
6.798643676888498355e-01 5.045096488384211808e+07
6.825838251596052508e-01 5.765406250138548762e+07
6.853141604602436265e-01 6.372511463851976395e+07
6.880554171020846210e-01 6.763263006468349695e+07
6.908076387704928933e-01 6.926706131268830597e+07
6.935708693255748791e-01 6.958096594596044719e+07
6.963451528028771209e-01 7.182722212448817492e+07
6.991305334140887062e-01 7.535889977646979690e+07
7.019270555477450380e-01 8.092351076166784763e+07
7.047347637699360456e-01 8.840308919230872393e+07
7.075537028250157290e-01 9.662149543015538156e+07
7.103839176363159202e-01 1.047560283288471699e+08
7.132254533068611568e-01 1.128580883707633615e+08
7.160783551200886610e-01 1.182336587703782469e+08
7.189426685405689854e-01 1.234796931206190884e+08
7.218184392147313222e-01 1.285297985826494992e+08
7.247057129715901436e-01 1.286252303900615275e+08
7.276045358234763949e-01 1.287098347563143522e+08
7.305149539667704639e-01 1.249579784396992773e+08
7.334370137826373703e-01 1.228866474156706184e+08
7.363707618377679509e-01 1.192564729997161776e+08
7.393162448851190449e-01 1.153427032099969536e+08
7.422735098646596752e-01 1.102371787030911744e+08
7.452426039041182282e-01 1.050015394892555028e+08
7.482235743197346300e-01 9.913757628948912024e+07
7.512164686170136330e-01 9.092750667534053326e+07
7.542213344914817652e-01 8.332265066736055911e+07
7.572382198294477229e-01 7.493511907081036270e+07
7.602671727087656484e-01 6.107120333341633528e+07
7.633082413996006288e-01 3.008297407981692255e+07
7.663614743651989691e-01 3.055467221486562863e+06
7.694269202626597970e-01 4.243276655487742275e+06
7.725046279437104424e-01 2.113656041602757201e+07
7.755946464554852593e-01 4.941033870751968026e+07
7.786970250413072225e-01 8.596736064171056449e+07
7.818118131414724115e-01 1.207941820873042643e+08
7.849390603940383793e-01 1.540373127763302028e+08
7.880788166356144098e-01 1.912507436779498160e+08
7.912311319021569922e-01 2.340226621097986102e+08
7.943960564297655180e-01 2.839215741707820892e+08
7.975736406554845281e-01 3.415524433558277488e+08
8.007639352181065151e-01 4.070759737948611975e+08
8.039669909589789443e-01 4.788178062637156248e+08
8.071828589228148276e-01 5.580232822971913815e+08
8.104115903585061842e-01 6.406720208434337378e+08
8.136532367199402760e-01 7.265123895032793283e+08
8.169078496668199518e-01 8.384375085010846853e+08
8.201754810654874328e-01 9.337730772376304865e+08
8.234561829897493190e-01 1.097589812479099035e+09
8.267500077217083687e-01 1.297857877314494848e+09
8.300570077525952772e-01 1.456339689868389606e+09
8.333772357836056743e-01 1.643968311040093422e+09
8.367107447267401188e-01 1.843842576698967695e+09
8.400575877056470908e-01 2.089008129369204044e+09
8.434178180564695371e-01 2.357266680061969757e+09
8.467914893286955236e-01 2.653600794622430801e+09
8.501786552860102208e-01 2.964731106981933594e+09
8.535793699071543283e-01 3.304906945504510880e+09
8.569936873867830540e-01 3.670292392903340816e+09
8.604216621363300899e-01 3.918338297809309006e+09
8.638633487848753623e-01 3.823998448270752907e+09
8.673188021800150027e-01 4.480608506753894806e+09
8.707880773887352044e-01 4.842607807518230438e+09
8.742712296982900755e-01 5.331365181279562950e+09
8.777683146170831563e-01 5.835393755527544022e+09
8.812793878755513788e-01 6.405938561042292595e+09
8.848045054270535781e-01 6.993919450929408073e+09
8.883437234487617795e-01 7.435395199656571388e+09
8.918970983425568155e-01 7.541802001221426964e+09
8.954646867359271623e-01 7.847477264018804550e+09
8.990465454828707736e-01 8.431330316753220558e+09
9.026427316648023558e-01 9.625582918636703491e+09
9.062533025914615292e-01 1.042837161815874481e+10
9.098783158018273198e-01 1.084752715057832336e+10
9.135178290650346478e-01 1.138702631880056190e+10
9.171719003812948134e-01 1.155690968842691040e+10
9.208405879828199803e-01 1.272078516384730911e+10
9.245239503347512100e-01 1.289433856775896263e+10
9.282220461360901620e-01 7.502688780672597885e+09
9.319349343206346781e-01 7.348161701905245781e+09
9.356626740579171431e-01 8.804625571382747650e+09
9.394053247541488405e-01 1.201787271995464897e+10
9.431629460531654185e-01 1.182868976215156746e+10
9.469355978373780180e-01 1.155018793752283859e+10
9.507233402287275092e-01 1.162067501522703171e+10
9.545262335896426142e-01 1.239163721253496552e+10
9.583443385240012491e-01 1.150152870271075630e+10
9.621777158780971950e-01 1.263569439551461220e+10
9.660264267416096562e-01 1.443746371435429955e+10
9.698905324485760371e-01 1.654688530904746246e+10
9.737700945783701600e-01 1.689498997763173103e+10
9.776651749566835914e-01 1.826885342175053406e+10
9.815758356565105203e-01 1.953749455787309647e+10
9.855021389991363012e-01 2.085804842405088806e+10
9.894441475551331022e-01 2.252008941613674927e+10
9.934019241453534432e-01 2.360286153278266144e+10
9.973755318419349480e-01 2.340070121029082870e+10
1.001365033969302543e+00 2.245861976923446274e+10
1.005370494105179757e+00 2.450023401102911377e+10
1.009391976081600362e+00 2.564808247607567215e+10
1.013429543985926884e+00 2.696425706354259109e+10
1.017483262161870350e+00 2.792342127847472763e+10
1.021553195210518128e+00 2.867840050839507675e+10
1.025639407991360219e+00 2.971009716976903915e+10
1.029741965623325539e+00 3.057366807815664291e+10
1.033860933485818867e+00 3.097224792743153763e+10
1.037996377219762012e+00 3.160665720085606384e+10
1.042148362728641198e+00 3.204569132553925705e+10
1.046316956179555557e+00 3.241267422767769623e+10
1.050502224004274066e+00 3.278020733240676880e+10
1.054704232900291139e+00 3.307519066573746490e+10
1.058923049831892227e+00 3.316861032064936066e+10
1.063158742031219628e+00 3.335174021842250824e+10
1.067411376999344741e+00 3.332435744492441177e+10
1.071681022507342096e+00 3.333277484043439865e+10
1.075967746597371377e+00 3.325414004481489944e+10
1.080271617583760779e+00 3.335113168067404938e+10
1.084592704054095913e+00 3.304569621589450073e+10
1.088931074870312044e+00 3.162058216405494308e+10
1.093286799169793433e+00 2.794206924864039612e+10
1.097659946366472461e+00 2.416338658533319855e+10
1.102050586151938294e+00 1.909737440801498032e+10
1.106458788496546219e+00 1.523582650074607086e+10
1.110884623650532532e+00 1.165231207483644676e+10
1.115328162145134749e+00 9.250841853830705643e+09
1.119789474793714934e+00 1.137587333601231766e+10
1.124268632692889902e+00 1.305253475227031708e+10
1.128765707223661430e+00 1.593157793797276115e+10
1.133280770052556230e+00 8.308850369576283455e+09
1.137813893132766374e+00 1.531750496163512039e+10
1.142365148705297484e+00 1.603106910649540520e+10
1.146934609300118479e+00 1.701997883127148438e+10
1.151522347737319096e+00 1.547468974705470467e+10
1.156128437128268516e+00 1.419698295192804337e+10
1.160752950876781542e+00 1.416368440601350212e+10
1.165395962680288999e+00 1.585307335204531670e+10
1.170057546531009907e+00 1.525913307111445427e+10
1.174737776717134086e+00 1.746337366560078430e+10
1.179436727824002773e+00 1.858791897296991730e+10
1.184154474735298557e+00 2.451035369972573471e+10
1.188891092634239977e+00 2.780483924030860138e+10
1.193646657004777012e+00 3.026884947646993637e+10
1.198421243632796118e+00 3.303643376784752655e+10
1.203214928607327261e+00 3.494821338457067871e+10
1.208027788321756724e+00 3.702218765847525024e+10
1.212859899475043468e+00 3.799478642963889313e+10
1.217711339072943710e+00 3.997388993506543732e+10
1.222582184429235275e+00 4.108378554087199402e+10
1.227472513166952384e+00 4.267718497190439606e+10
1.232382403219620226e+00 4.415425968712422180e+10
1.237311932832498407e+00 4.565836905488820648e+10
1.242261180563828615e+00 4.592063182388103485e+10
1.247230225286083849e+00 4.831220914531052399e+10
1.252219146187228072e+00 4.777498134459891510e+10
1.257228022771976983e+00 5.130367121990161133e+10
1.262256934863064783e+00 5.223362606357108307e+10
1.267305962602517155e+00 5.276268493297711945e+10
1.272375186452927354e+00 5.225029364144527435e+10
1.277464687198738957e+00 5.235083852465781403e+10
1.282574545947533950e+00 5.062297279163450623e+10
1.287704844131324133e+00 4.907292299998413849e+10
1.292855663507849417e+00 4.816280506638668060e+10
1.298027086161880783e+00 4.694108406665390015e+10
1.303219194506528344e+00 4.676493041179309082e+10
1.308432071284554521e+00 4.653702681096085358e+10
1.313665799569692760e+00 4.474692364026782990e+10
1.318920462767971591e+00 4.514370370689079285e+10
1.324196144619043336e+00 3.869124030541284180e+10
1.329492929197519491e+00 2.633159404271646881e+10
1.334810900914309650e+00 8.910626576612590790e+09
1.340150144517967101e+00 2.534518560753331184e+09
1.345510745096038852e+00 1.431577347986889124e+09
1.350892788076423212e+00 1.030525192255572200e+09
1.356296359228728932e+00 4.913907831824722290e+08
1.361721544665643879e+00 7.343018106141231060e+08
1.367168430844306393e+00 1.241945306372094631e+09
1.372637104567683730e+00 1.220511540798428059e+09
1.378127652985954299e+00 2.726252823091782570e+09
1.383640163597898098e+00 1.321765300713345289e+09
1.389174724252289828e+00 1.494012774213366985e+09
1.394731423149298877e+00 1.160245714104302406e+09
1.400310348841896202e+00 1.383410642602380037e+09
1.405911590237263642e+00 1.631095404823738337e+09
1.411535236598212784e+00 1.192888489310154438e+09
1.417181377544605603e+00 1.307009061620518446e+09
1.422850103054784210e+00 1.455390623663337708e+09
1.428541503467003038e+00 2.466125046763540745e+09
1.434255669480871243e+00 1.954465256402155876e+09
1.439992692158794885e+00 2.269221841148598671e+09
1.445752662927429988e+00 3.549793292140255928e+09
1.451535673579139596e+00 5.302331312128590584e+09
1.457341816273456159e+00 6.686395774854245186e+09
1.463171183538549913e+00 6.135144067798297882e+09
1.469023868272704147e+00 5.680379009411720276e+09
1.474899963745795128e+00 7.254345741146025658e+09
1.480799563600778246e+00 8.078348880224328041e+09
1.486722761855181485e+00 8.511247768467231750e+09
1.492669652902602007e+00 1.007159997681504631e+10
1.498640331514212276e+00 1.157236558984219933e+10
1.504634892840269300e+00 1.254183305791027260e+10
1.510653432411630304e+00 1.365175836211663246e+10
1.516696046141276843e+00 1.565476288192586136e+10
1.522762830325842032e+00 1.822699025058552551e+10
1.528853881647145307e+00 1.984025267290377426e+10
1.534969297173733649e+00 2.168404298292041016e+10
1.541109174362428780e+00 2.337740755590832901e+10
1.547273611059878373e+00 2.593388233471124649e+10
1.553462705504118135e+00 2.619905558932021713e+10
1.559676556326134556e+00 2.707418605226082611e+10
1.565915262551438980e+00 2.776236892122939682e+10
1.572178923601644795e+00 2.819731664369255447e+10
1.578467639296051495e+00 2.816967051468649292e+10
1.584781509853235626e+00 2.832673907322657776e+10
1.591120635892648405e+00 2.749006496977313614e+10
1.597485118436219098e+00 2.674465982587815094e+10
1.603875058909963958e+00 2.539617654391913223e+10
1.610290559145603595e+00 2.369570313179029846e+10
1.616731721382186127e+00 2.195560526892764282e+10
1.623198648267714761e+00 2.011381698557856750e+10
1.629691442860785600e+00 1.886739108887260818e+10
1.636210208632228769e+00 1.827397539550150299e+10
1.642755049466757766e+00 1.799864390820942307e+10
1.649326069664624805e+00 1.791256113648484802e+10
1.655923373943283039e+00 1.715694475095430565e+10
1.662547067439056336e+00 1.638777630124742317e+10
1.669197255708812611e+00 1.292714344453417206e+10
1.675874044731648027e+00 1.420306880113336563e+10
1.682577540910574321e+00 1.440573854717023277e+10
1.689307851074216771e+00 1.320618713775184059e+10
1.696065082478513508e+00 1.241216439128200912e+10
1.702849342808427480e+00 1.194988212829590797e+10
1.709660740179661298e+00 1.186632293924648857e+10
1.716499383140379864e+00 1.102259516254786873e+10
1.723365380672941427e+00 1.037238604682139778e+10
1.730258842195633306e+00 9.445860971402742386e+09
1.737179877564415831e+00 8.611650072207262039e+09
1.744128597074673603e+00 7.518597921780419350e+09
1.751105111462972097e+00 6.911129421627193451e+09
1.758109531908824241e+00 5.710937803424199104e+09
1.765141970036459451e+00 4.648482808681317329e+09
1.772202537916605314e+00 4.122285157071615219e+09
1.779291348068271716e+00 3.236729925005086899e+09
1.786408513460544745e+00 2.681639019591064930e+09
1.793554147514387020e+00 1.865789710995896816e+09
1.800728364104444257e+00 1.953472334817354441e+09
1.807931277560862249e+00 1.414491422116948605e+09
1.815163002671105641e+00 1.640437101697139263e+09
1.822423654681789795e+00 1.767291954991262436e+09
1.829713349300517100e+00 1.073821427104212761e+09
1.837032202697718830e+00 1.064448899860454559e+09
1.844380331508509885e+00 1.400528531216934443e+09
1.851757852834543527e+00 1.234642088216268063e+09
1.859164884245881888e+00 9.227993661983388662e+08
1.866601543782865358e+00 6.617647615867004395e+08
1.874067949957996859e+00 8.723868669469614029e+08
1.881564221757828781e+00 1.907936986260377645e+09
1.889090478644860127e+00 1.759725172487963200e+09
1.896646840559439662e+00 2.102878327468060017e+09
1.904233427921677269e+00 1.508188903594760180e+09
1.911850361633363971e+00 1.579192392075024605e+09
1.919497763079897279e+00 1.485911142256906033e+09
1.927175754132217200e+00 1.165723982297738552e+09
1.934884457148745796e+00 1.058229326115283251e+09
1.942623994977340729e+00 9.866562480046428442e+08
1.950394490957250149e+00 1.300158589172665596e+09
1.958196068921079336e+00 1.208804889289279938e+09
1.966028853196763793e+00 1.640417167517106533e+09
1.973892968609550991e+00 1.617188072984436035e+09
1.981788540483989447e+00 1.945292516897844315e+09
1.989715694645925126e+00 2.068302674493060112e+09
1.997674557424508723e+00 2.368640778158169270e+09
2.005665255654207169e+00 2.487369777360724926e+09
2.013687916676823786e+00 2.631852178589341640e+09
2.021742668343530891e+00 2.748353258697652340e+09
2.029829639016905052e+00 2.742797669920760632e+09
2.037948957572972564e+00 2.877096689694577694e+09
2.046100753403264694e+00 2.965476831672483444e+09
2.054285156416877811e+00 2.941507112083470821e+09
2.062502297042545507e+00 2.960037002865899086e+09
2.070752306230715600e+00 2.922747498471401691e+09
2.079035315455638244e+00 2.849115861826303959e+09
2.087351456717461140e+00 2.822091887158589840e+09
2.095700862544330967e+00 2.756064847126114368e+09
2.104083665994508134e+00 2.695516450041759491e+09
2.112500000658485977e+00 2.650800353348095894e+09
2.120950000661120161e+00 2.599202942509376526e+09
2.129433800663764753e+00 2.564932562195124149e+09
2.137951535866419839e+00 2.527494879160790443e+09
2.146503342009885351e+00 2.483858460017310619e+09
2.155089355377924676e+00 2.431822003369670391e+09
2.163709712799436691e+00 2.350376311505240440e+09
2.172364551650634468e+00 2.307981352918221951e+09
2.181054009857236853e+00 2.208248981927607059e+09
2.189778225896665376e+00 2.121170265735137701e+09
2.198537338800252705e+00 1.801482782482389688e+09
2.207331488155453325e+00 1.732844387658191919e+09
2.216160814108075083e+00 1.835711814149837732e+09
2.225025457364507631e+00 1.745225181743250608e+09
2.233925559193965515e+00 1.657658279684659958e+09
2.242861261430741493e+00 1.538462661931511164e+09
2.251832706476463830e+00 1.472089568692109346e+09
2.260840037302370042e+00 1.365103611142113924e+09
2.269883397451579299e+00 1.395600655907229662e+09
2.278962931041386142e+00 1.348681789391377926e+09
2.288078782765551100e+00 1.300973878109918594e+09
2.297231097896613505e+00 1.261447480852214098e+09
2.306420022288200311e+00 1.386954180933096886e+09
2.315645702377353121e+00 1.242405809636782408e+09
2.324908285186861878e+00 1.155693819154379845e+09
2.334207918327609654e+00 1.136645129999143600e+09
2.343544750000919663e+00 1.100455060374899387e+09
2.352918929000923143e+00 1.168420411961971998e+09
2.362330604716927240e+00 1.278240299245758295e+09
2.371779927135795329e+00 1.053323233872027993e+09
2.381267046844337987e+00 1.141707770136806011e+09
2.390792115031715070e+00 1.289902857865772963e+09
2.400355283491842240e+00 1.342971016817661762e+09
2.409956704625809465e+00 1.365252361291220903e+09
2.419596531444312859e+00 1.345235579037065268e+09
2.429274917570089620e+00 1.510395978672367096e+09
2.438992017240370291e+00 1.472777817837737083e+09
2.448747985309331465e+00 1.379259763379087687e+09
2.458542977250568917e+00 1.524687522259591341e+09
2.468377149159570738e+00 1.440887578288746357e+09
2.478250657756209563e+00 1.225473923931773663e+09
2.488163660387234355e+00 1.238594185898450613e+09
2.498116315028783063e+00 1.173663468404931307e+09
2.508108780288898387e+00 8.567408528453902006e+08
2.518141215410053757e+00 7.596757812605239153e+08
2.528213780271693967e+00 5.382199864561131001e+08
2.538326635392781139e+00 5.647262436891721487e+08
2.548479941934351789e+00 3.881054945707817674e+08
2.558673861702089436e+00 5.801875966423529387e+08
2.568908557148898097e+00 3.957526400853734016e+08
2.579184191377493551e+00 4.165680369154985547e+08
2.589500928143003478e+00 3.557651848878709674e+08
2.599858931855575594e+00 4.719638488383901715e+08
2.610258367582998229e+00 6.221183830838975906e+08
2.620699401053329769e+00 7.908796987184875011e+08
2.631182198657543214e+00 7.299657608275784254e+08
2.641706927452173392e+00 1.332660825156862259e+09
2.652273755161981938e+00 1.087592135517136097e+09
2.662882850182629824e+00 5.039126373753559589e+08
2.673534381583360542e+00 2.104087596877509654e+08
2.684228519109693956e+00 2.716829183115496635e+08
2.694965433186132575e+00 4.776436888936499953e+08
2.705745294918877164e+00 4.577775177938855886e+08
2.716568276098552559e+00 5.234215479440390468e+08
2.727434549202946812e+00 1.012798760193284869e+09
2.738344287399758326e+00 4.848459442610726953e+08
2.749297664549357201e+00 1.050678515636382580e+09
2.760294855207554576e+00 5.196503155857996345e+08
2.771336034628385292e+00 5.655177853265008926e+08
2.782421378766898545e+00 4.185309426080827713e+08
2.793551064281966312e+00 8.541172352574492693e+08
2.804725268539093985e+00 4.856867103459151983e+08
2.815944169613250558e+00 7.503928703136061430e+08
2.827207946291703244e+00 1.217343595390599012e+09
2.838516778076869862e+00 7.371180871635657549e+08
2.849870845189177437e+00 9.547116740313147306e+08
2.861270328569933685e+00 1.211105816053876638e+09
2.872715409884213589e+00 1.184243092193002939e+09
2.884206271523750420e+00 1.376181494991938114e+09
2.895743096609845413e+00 1.569877356607458115e+09
2.907326068996284985e+00 1.536696816079958439e+09
2.918955373272270393e+00 1.917726567499748468e+09
2.930631194765359826e+00 2.531669397265768528e+09
2.942353719544420709e+00 2.353185077837928772e+09
2.954123134422598440e+00 2.332614082967900753e+09
2.965939626960289122e+00 2.475564321716467857e+09
2.977803385468130504e+00 2.672868125485726357e+09
2.989714599010003138e+00 3.375448315134636402e+09
3.001673457406043077e+00 1.880169664689437628e+09
3.013680151235667015e+00 3.379499765296954632e+09
3.025734871840609408e+00 3.691486194308270454e+09
3.037837811327972037e+00 4.121666863260131359e+09
3.049989162573283785e+00 3.123287189630124569e+09
3.062189119223576395e+00 4.752436661485880852e+09
3.074437875700470890e+00 4.307068329888710022e+09
3.086735627203272880e+00 3.864765751964128017e+09
3.099082569712085622e+00 3.883217843247108936e+09
3.111478899990933744e+00 3.246350462105639935e+09
3.123924815590897186e+00 3.959268706204741001e+09
3.136420514853261121e+00 2.942632261600524426e+09
3.148966196912674320e+00 2.607021598779253483e+09
3.161562061700325277e+00 2.378915859053398609e+09
3.174208309947126327e+00 2.247839015485273361e+09
3.186905143186915090e+00 1.991869417301377058e+09
3.199652763759662566e+00 1.515995703350401163e+09
3.212451374814701222e+00 1.674375778203798056e+09
3.225301180313960625e+00 1.810171989222520828e+09
3.238202385035215958e+00 2.193294999547038555e+09
3.251155194575356955e+00 2.576495668551671505e+09
3.264159815353658622e+00 2.775326366984445095e+09
3.277216454615073271e+00 3.364815026633318901e+09
3.290325320433533207e+00 4.054393815535460472e+09
3.303486621715267635e+00 3.258562356681291580e+09
3.316700568202128441e+00 4.454354608997693062e+08
3.329967370474937294e+00 4.131429134214853644e+08
3.343287239956836743e+00 1.407221226138687611e+09
3.356660388916663962e+00 2.312951418274765491e+09
3.370087030472330714e+00 3.202754862275839806e+09
3.383567378594220187e+00 2.894190128468534946e+09
3.397101648108596716e+00 2.807129185164645672e+09
3.410690054701031482e+00 2.543187506803539276e+09
3.424332814919834878e+00 2.612819932926400185e+09
3.438030146179514634e+00 2.591088125435238838e+09
3.451782266764232610e+00 2.600563267742270470e+09
3.465589395831289998e+00 2.918762928726662159e+09
3.479451753414614767e+00 2.913066039795264244e+09
3.493369560428273068e+00 3.285982254912135124e+09
3.507343038669985980e+00 3.923595138252389908e+09
3.521372410824665788e+00 4.108315675946181297e+09
3.535457900467964709e+00 4.116036107197883129e+09
3.549599732069836477e+00 4.538229011220622063e+09
3.563798130998116154e+00 5.100673114599826813e+09
3.578053323522108364e+00 5.719514184733945847e+09
3.592365536816196858e+00 6.555406017560046196e+09
3.606734998963461614e+00 6.721283763698398590e+09
3.621161938959315041e+00 7.772353093216147423e+09
3.635646586715152839e+00 8.827599129948732376e+09
3.650189173062013293e+00 9.291771156152288437e+09
3.664789929754260545e+00 1.001341940037644768e+10
3.679449089473277645e+00 1.096587347876740074e+10
3.694166885831170699e+00 1.094933361399534225e+10
3.708943553374495661e+00 1.134219786085706902e+10
3.723779327587993571e+00 1.161953549963195229e+10
3.738674444898345328e+00 1.233396532962717628e+10
3.753629142677938901e+00 1.267292726375174904e+10
3.768643659248651190e+00 1.237146088108021164e+10
3.783718233885645432e+00 1.241367157807225227e+10
3.798853106821188153e+00 1.274891296252513504e+10
3.814048519248473657e+00 1.323134965219955063e+10
3.829304713325467180e+00 1.355081412899400139e+10
3.844621932178768908e+00 1.288045009584035492e+10
3.860000419907484215e+00 1.341365457955132103e+10
3.875440421587113882e+00 1.346088885430917549e+10
3.890942183273462529e+00 1.345032362424218369e+10
3.906505952006555926e+00 1.342102177580935669e+10
3.922131975814582727e+00 1.350994235199831963e+10
3.937820503717840648e+00 1.355760981905306244e+10
3.953571785732711508e+00 1.332131027779479218e+10
3.969386072875642490e+00 1.332406787107049942e+10
3.985263617167145167e+00 1.312292758985885811e+10
4.001204671635814059e+00 1.280322780986571693e+10
4.017209490322357190e+00 1.276715825172894478e+10
4.033278328283646630e+00 1.221709773214176559e+10
4.049411441596781458e+00 1.185683820083262062e+10
4.065609087363168506e+00 1.163793101109494209e+10
4.081871523712622185e+00 1.073470974005715561e+10
4.098199009807472315e+00 1.051892227804131508e+10
4.114591805846702144e+00 1.037800001895958328e+10
4.131050173070089038e+00 9.374299679779384613e+09
4.147574373762369149e+00 9.937399032442281723e+09
4.164164671257418959e+00 9.040963926570829391e+09
4.180821329942449260e+00 8.559879388295299530e+09
4.197544615262219558e+00 9.182748073984241486e+09
4.214334793723269357e+00 8.378521069970325470e+09
4.231192132898162761e+00 8.905001551608533859e+09
4.248116901429755288e+00 7.463398298451749802e+09
4.265109369035473996e+00 8.362950614874191284e+09
4.282169806511615384e+00 7.300211826124412537e+09
4.299298485737661935e+00 5.397710242682868004e+09
4.316495679680612874e+00 5.319754174525484085e+09
4.333761662399335357e+00 6.390506592156233788e+09
4.351096709048932532e+00 6.386248888020379066e+09
4.368501095885127583e+00 6.887943101748251915e+09
4.385975100268668214e+00 6.472092856428792953e+09
4.403519000669743555e+00 5.918110392685652733e+09
4.421133076672422391e+00 5.763137461933452606e+09
4.438817608979111817e+00 4.332340337490581512e+09
4.456572879415028332e+00 4.903524301318986893e+09
4.474399170932688463e+00 3.737750330561625481e+09
4.492296767616419828e+00 3.923020694552690983e+09
4.510265954686884626e+00 3.703923523560723782e+09
4.528307018505633330e+00 2.910559336271127224e+09
4.546420246579655711e+00 3.392563812092813015e+09
4.564605927565974497e+00 2.969105902491287708e+09
4.582864351276237258e+00 3.302048205666904449e+09
4.601195808681342925e+00 3.328418216329162121e+09
4.619600591916067422e+00 2.935379720888926983e+09
4.638078994283731937e+00 3.587313794330082417e+09
4.656631310260867629e+00 3.694666001490531445e+09
4.675257835501911430e+00 3.268176548301887512e+09
4.693958866843916944e+00 4.207851510759603977e+09
4.712734702311292878e+00 3.356096727155833244e+09
4.731585641120538810e+00 2.902448799691061020e+09
4.750511983685020923e+00 3.464216976248428822e+09
4.769514031619761063e+00 2.960628736776694298e+09
4.788592087746240011e+00 2.480970823929657459e+09
4.807746456097224730e+00 3.214991629660251141e+09
4.826977441921613377e+00 3.351363965845735550e+09
4.846285351689299858e+00 2.553089376395787239e+09
4.865670493096057925e+00 3.561786432944784164e+09
4.885133175068442135e+00 2.993822982997059345e+09
4.904673707768715474e+00 2.957349838679666519e+09
4.924292402599791174e+00 3.199472031933850765e+09
4.943989572210189642e+00 3.048639345250742912e+09
4.963765530499030021e+00 2.709057864081504822e+09
4.983620592621027079e+00 3.604379753622093678e+09
5.003555074991511198e+00 3.471732078545764446e+09
5.023569295291476777e+00 2.212958943933701038e+09
5.043663572472643075e+00 3.460868068839968204e+09
5.063838226762532813e+00 3.727603376049421310e+09
5.084093579669583640e+00 2.603546117706888676e+09
5.104429953988261381e+00 2.978625873404686451e+09
5.124847673804215020e+00 3.147570454694595814e+09
5.145347064499431688e+00 1.793903403788478136e+09
5.165928452757428957e+00 2.291503354987629414e+09
5.186592166568458673e+00 3.188036379464384079e+09
5.207338535234733001e+00 1.446643755499968052e+09
5.228167889375671784e+00 2.316053380033465862e+09
5.249080560933174766e+00 2.372848919920438290e+09
5.270076883176907145e+00 2.067430508642098427e+09
5.291157190709615321e+00 1.932182146172021627e+09
5.312321819472453299e+00 2.246768287026377678e+09
5.333571106750343738e+00 2.691847279868592262e+09
5.354905391177344320e+00 1.215947189938353539e+09
5.376325012742054099e+00 1.597020300009807348e+09
5.397830312793021612e+00 2.037074285336711884e+09
5.419421634044193858e+00 8.407659140687497854e+08
5.441099320580370602e+00 1.755351496647310019e+09
5.462863717862692425e+00 1.250188718054211617e+09
5.484715172734142996e+00 1.496998823844237804e+09
5.506654033425078865e+00 1.531608723986581087e+09
5.528680649558780580e+00 1.231827382956576824e+09
5.550795372157015350e+00 1.106175301516414165e+09
5.572998553645643227e+00 9.349168518854967356e+08
5.595290547860225949e+00 1.244490805602916718e+09
5.617671710051667766e+00 1.190240980680791616e+09
5.640142396891874021e+00 9.848184634962635040e+08
5.662702966479441713e+00 1.152001589707693100e+09
5.685353778345359821e+00 9.224305800136740208e+08
5.708095193458740724e+00 9.011184499226942062e+08
5.730927574232576482e+00 8.026380695978956223e+08
5.753851284529505783e+00 9.281102345843468904e+08
5.776866689667624399e+00 8.148294993176317215e+08
5.799974156426294769e+00 1.214368027932286739e+09
5.823174053051999977e+00 6.509703671767063141e+08
5.846466749264207508e+00 1.055737799516647577e+09
5.869852616261264977e+00 6.595047566765711308e+08
5.893332026726310069e+00 6.407255484017462730e+08
5.916905354833215114e+00 1.062368690058645129e+09
5.940572976252548543e+00 6.021781709678145647e+08
5.964335268157558545e+00 9.731868454908821583e+08
5.988192609230189589e+00 9.298446562616293430e+08
6.012145379667110490e+00 1.154371539045614481e+09
6.036193961185778889e+00 9.318537105995966196e+08
6.060338737030522616e+00 6.607508102885359526e+08
6.084580091978644134e+00 1.109578823253917217e+09
6.108918412346558746e+00 7.925661828713371754e+08
6.133354085995945226e+00 1.120779910961053610e+09
6.157887502339929320e+00 7.424414175101149082e+08
6.182519052349287669e+00 8.555118227910176516e+08
6.207249128558685491e+00 1.166215579997507572e+09
6.232078125072920471e+00 1.193139681191312551e+09
6.257006437573212843e+00 1.437584792398095369e+09
6.282034463323505236e+00 1.319050430246105194e+09
6.307162601176800720e+00 1.560228030425553799e+09
6.332391251581507063e+00 1.249954694778077841e+09
6.357720816587833390e+00 1.129373372144376993e+09
6.383151699854184180e+00 9.818367827639046907e+08
6.408684306653601226e+00 6.172268276818288565e+08
6.434319043880215361e+00 7.189791359629139900e+08
6.460056320055736379e+00 7.041843720751607418e+08
6.485896545335958052e+00 4.230179467150816321e+08
6.511840131517302233e+00 5.649724105899295807e+08
6.537887492043371829e+00 6.643676338438867331e+08
6.564039042011545533e+00 4.855703806610982418e+08
6.590295198179591196e+00 4.679619120687866211e+08
6.616656378972309405e+00 5.082695157679982185e+08
6.643123004488199257e+00 5.422165947067615986e+08
6.669695496506150789e+00 6.091830178929873705e+08
6.696374278492176479e+00 7.685551661443496943e+08
6.723159775606144528e+00 5.855497865695986748e+08
6.750052414708568094e+00 8.541102655550982952e+08
6.777052624367403411e+00 5.906637324031969309e+08
6.804160834864871887e+00 6.636699377844718695e+08
6.831377478204331055e+00 6.740529109803481102e+08
6.858702988117148180e+00 4.798758007751379609e+08
6.886137800069615622e+00 8.128964710287190676e+08
6.913682351269895499e+00 8.297536629114127159e+08
6.941337080674975013e+00 9.351385015487682819e+08
6.969102428997675069e+00 6.410888595198533535e+08
6.996978838713665994e+00 7.705640207830575705e+08
7.024966754068519670e+00 7.738329830303317308e+08
7.053066621084793653e+00 5.587199419179465771e+08
7.081278887569133929e+00 8.069012345290726423e+08
7.109604003119409654e+00 7.250571250214295387e+08
7.138042419131887861e+00 7.458281210454955101e+08
7.166594588808414379e+00 6.093847557168629169e+08
7.195260967163648047e+00 6.743326870884068012e+08
7.224042011032302923e+00 6.786057561621731520e+08
7.252938179076432235e+00 6.448930386163704395e+08
7.281949931792737196e+00 5.476931417689450979e+08
7.311077731519908696e+00 6.418687577792507410e+08
7.340322042445988515e+00 4.855829208567759991e+08
7.369683330615771411e+00 5.670250766099804640e+08
7.399162063938235612e+00 6.437496160153130293e+08
7.428758712193988423e+00 6.008632424992686510e+08
7.458473747042765112e+00 4.740673765167361498e+08
7.488307642030935796e+00 5.743365841743469238e+08
7.518260872599060285e+00 7.008681807135560513e+08
7.548333916089456253e+00 6.660316286244889498e+08
7.578527251753813587e+00 6.180092487265588045e+08
7.608841360760829176e+00 5.705737378915436268e+08
7.639276726203872769e+00 8.220936110187366009e+08
7.669833833108687493e+00 3.786288391711320877e+08
7.700513168441122325e+00 4.663465624142699242e+08
7.731315221114887670e+00 4.796099198263043165e+08
7.762240481999347352e+00 4.721228027070996761e+08
7.793289443927344351e+00 6.166316829465972185e+08
7.824462601703054077e+00 6.331531796740229130e+08
7.855760452109866065e+00 6.088392742180229425e+08
7.887183493918306532e+00 5.155299892993304133e+08
7.918732227893980458e+00 6.207741056373822689e+08
7.950407156805555431e+00 6.548949447743803263e+08
7.982208785432777454e+00 7.755166127378078699e+08
8.014137620574508958e+00 6.536397005913904905e+08
8.046194171056805899e+00 5.954825936244574785e+08
8.078378947741034821e+00 6.760662562065269947e+08
8.110692463531997021e+00 7.905514838573175669e+08
8.143135233386125549e+00 6.822780328139194250e+08
8.175707774319670662e+00 6.367104461840164661e+08
8.208410605416949224e+00 6.630328610894215107e+08
8.241244247838615422e+00 6.577215123556027412e+08
8.274209224829968790e+00 7.590410298364533186e+08
8.307306061729288871e+00 7.829686033249762058e+08
8.340535285976207192e+00 7.157983621588277817e+08
8.373897427120111203e+00 6.606287983647252321e+08
8.407393016828594412e+00 7.848655183389749527e+08
8.441022588895906509e+00 7.671770573245522976e+08
8.474786679251490540e+00 7.783873700821522474e+08
8.508685825968495209e+00 6.557542040949540138e+08
8.542720569272368891e+00 7.835966579850827456e+08
8.576891451549458978e+00 8.152888971094853878e+08
8.611199017355655627e+00 7.805180490770781040e+08
8.645643813425078150e+00 6.764060705749702454e+08
8.680226388678779159e+00 7.448479700891668797e+08
8.714947294233493125e+00 8.015966536513895988e+08
8.749807083410427566e+00 7.475296256297408342e+08
8.784806311744070229e+00 6.703804969029442072e+08
8.819945536991047774e+00 7.121255118869007826e+08
8.855225319139009343e+00 7.959457765243865252e+08
8.890646220415566958e+00 7.932116447172027826e+08
8.926208805297228821e+00 6.803490467953855991e+08
8.961913640518417878e+00 6.210009866536290646e+08
8.997761295080492161e+00 7.328175503348822594e+08
9.033752340260813085e+00 7.188660115236744881e+08
9.069887349621856387e+00 6.732658550098532438e+08
9.106166899020346150e+00 6.938918596283416748e+08
9.142591566616424359e+00 6.739526734664304256e+08
9.179161932882891506e+00 6.863778831396242380e+08
9.215878580614422333e+00 6.240209225057948828e+08
9.252742094936881045e+00 7.226317773202512264e+08
9.289753063316627646e+00 6.159352619258637428e+08
9.326912075569895322e+00 6.165367769748766422e+08
9.364219723872173162e+00 6.669733769486589432e+08
9.401676602767663482e+00 6.528625140809963942e+08
9.439283309178733816e+00 6.245051360506063700e+08
9.477040442415447075e+00 5.896281338576271534e+08
9.514948604185111236e+00 6.280851283896776438e+08
9.553008398601852136e+00 6.290865689225906134e+08
9.591220432196260859e+00 6.501766082636972666e+08
9.629585313925044687e+00 6.211482774142591953e+08
9.668103655180747324e+00 5.688284017990831137e+08
9.706776069801470896e+00 6.041736326137231588e+08
9.745603174080676112e+00 6.161142109794024229e+08
9.784585586776998412e+00 6.336983068147366047e+08
9.823723929124106746e+00 6.007193713618252277e+08
9.863018824840601440e+00 5.792295091838217974e+08
9.902470900139965337e+00 5.467392428755261898e+08
9.942080783740523842e+00 5.906608252431973219e+08
9.981849106875488431e+00 6.249906129480549097e+08
1.002177650330298952e+01 6.053717277020910978e+08
1.006186360931619994e+01 5.403337302784410715e+08
1.010211106375346723e+01 5.581481928789962530e+08
1.014251950800847979e+01 5.928198396265895367e+08
1.018308958604051284e+01 5.966586202383199930e+08
1.022382194438467451e+01 5.911655158477740288e+08
1.026471723216221399e+01 5.481602013642162085e+08
1.030577610109086173e+01 5.182775956504188776e+08
1.034699920549522467e+01 2.641064863620021343e+08
1.038838720231720458e+01 2.697670479238820672e+08
1.042994075112647501e+01 3.376473214255717397e+08
1.047166051413097954e+01 3.697215252978254557e+08
1.051354715618750468e+01 3.664586418492152095e+08
1.055560134481225454e+01 4.183072266624293327e+08
1.059782375019150358e+01 4.368213616176252961e+08
1.064021504519226902e+01 4.105521356672294140e+08
1.068277590537303823e+01 3.610580194583659172e+08
1.072550700899452991e+01 2.567673962955265939e+08
1.076840903703050856e+01 2.782305853086163998e+08
1.081148267317863088e+01 3.469487013790243864e+08
1.085472860387134553e+01 3.876808575156675577e+08
1.089814751828683015e+01 3.966552353850466013e+08
1.094174010835997635e+01 3.778290840301383138e+08
1.098550706879341909e+01 3.597874108871088624e+08
1.102944909706859100e+01 3.595421805383079648e+08
1.107356689345686540e+01 4.324801255211604238e+08
1.111786116103069233e+01 4.275243484822928905e+08
1.116233260567481622e+01 4.425167181547228694e+08
1.120698193609751492e+01 4.133816782966561913e+08
1.125180986384190440e+01 3.482190528175918460e+08
1.129681710329727373e+01 4.314695279576526880e+08
1.134200437171046083e+01 4.195625442633332014e+08
1.138737238919730466e+01 4.083823767352694273e+08
1.143292187875409383e+01 4.288201375465178490e+08
1.147865356626910938e+01 3.873312752840400934e+08
1.152456818053418530e+01 3.470654419847906232e+08
1.157066645325632237e+01 3.714835987592729926e+08
1.161694911906934635e+01 3.810422440293623209e+08
1.166341691554562487e+01 3.667338375358777046e+08
1.171007058320780736e+01 2.736149621027749181e+08
1.175691086554063958e+01 3.263296888316320777e+08
1.180393850900279951e+01 3.240760756084792018e+08
1.185115426303881137e+01 3.627291773544260859e+08
1.189855888009096674e+01 3.492508411526713967e+08
1.194615311561133097e+01 3.449464809729105234e+08
1.199393772807377623e+01 3.051267815808402896e+08
1.204191347898607134e+01 3.447913729687740207e+08
1.209008113290201614e+01 2.634612222369431257e+08
1.213844145743362368e+01 3.416164009104098082e+08
1.218699522326335938e+01 3.540022788514809012e+08
1.223574320415641381e+01 2.981939643793250918e+08
1.228468617697303777e+01 2.719442965188049674e+08
1.233382492168093059e+01 3.177917808548140526e+08
1.238316022136765504e+01 2.304193050904154778e+08
1.243269286225312520e+01 2.751541381762253046e+08
1.248242363370213859e+01 3.091320410793876648e+08
1.253235332823694748e+01 2.372771424531529844e+08
1.258248274154989410e+01 2.410067642894508541e+08
1.263281267251609385e+01 2.931024916335197091e+08
1.268334392320615756e+01 2.625417866890135109e+08
1.273407729889898299e+01 2.442352582657067478e+08
1.278501360809457665e+01 2.864099589274538755e+08
1.283615366252695544e+01 2.445586047997610569e+08
1.288749827717706253e+01 2.460844427968756258e+08
1.293904827028577031e+01 2.654662622368217707e+08
1.299080446336691352e+01 2.565175534952282310e+08
1.304276768122038099e+01 2.189854063747996390e+08
1.309493875194526424e+01 2.628502135487972796e+08
1.314731850695304693e+01 2.328818892457768917e+08
1.319990778098085649e+01 2.486760281140404046e+08
1.325270741210477965e+01 2.141007515304211080e+08
1.330571824175319939e+01 2.120732771669883728e+08
1.335894111472021173e+01 2.249999727223192453e+08
1.341237687917909227e+01 1.935578312343023121e+08
1.346602638669580898e+01 1.931585392972611785e+08
1.351989049224258999e+01 2.263755658376590908e+08
1.357397005421156067e+01 2.197088424498853087e+08
1.362826593442840917e+01 2.140313996749712229e+08
1.368277899816612297e+01 2.091853354737519324e+08
1.373751011415878942e+01 1.987089667047727406e+08
1.379246015461542463e+01 2.132774252828352153e+08
1.384762999523388416e+01 2.033262264052784741e+08
1.390302051521481808e+01 2.096698614726729095e+08
1.395863259727567751e+01 2.144631248906502724e+08
1.401446712766477987e+01 1.746917386718434393e+08
1.407052499617543972e+01 1.953046734379592836e+08
1.412680709616014063e+01 1.864487845614456534e+08
1.418331432454478147e+01 1.614324557783676684e+08
1.424004758184296193e+01 1.804832996932814419e+08
1.429700777217033369e+01 1.922672130979613960e+08
1.435419580325901379e+01 1.599983237728266418e+08
1.441161258647204946e+01 1.582064200615147650e+08
1.446925903681793812e+01 1.531691922517126203e+08
1.452713607296521126e+01 1.448345963653059006e+08
1.458524461725707155e+01 1.811050464752337635e+08
1.464358559572609764e+01 1.766412572803352177e+08
1.470215993810900557e+01 1.702681640647900105e+08
1.476096857786143879e+01 1.741872998020387590e+08
1.482001245217288599e+01 1.644076063089292645e+08
1.487929250198157760e+01 1.422857034725690782e+08
1.493880967198950316e+01 1.439091807884946764e+08
1.499856491067746056e+01 1.565859641934702694e+08
1.505855917032016933e+01 1.515927543137491941e+08
1.511879340700144958e+01 1.594565009816113114e+08
1.517926858062945605e+01 1.355951465840964317e+08
1.523998565495197433e+01 1.621516501451439857e+08
1.530094559757178274e+01 1.546378732463502586e+08
1.536214937996206764e+01 1.364759430553572178e+08
1.542359797748191674e+01 1.398860839418848157e+08
1.548529236939184450e+01 1.338919452413472980e+08
1.554723353886941339e+01 1.172298444122878909e+08
1.560942247302489072e+01 1.191963263210441619e+08
1.567186016291699069e+01 1.248536651409778744e+08
1.573454760356865556e+01 1.064787981340805292e+08
1.579748579398293096e+01 1.084164422157956958e+08
1.586067573715886247e+01 1.204332155984741300e+08
1.592411844010749888e+01 1.193170486857736409e+08
1.598781491386792730e+01 9.590802938927742839e+07
1.605176617352340074e+01 1.208332319680440575e+08
1.611597323821749228e+01 1.072962848166636080e+08
1.618043713117036120e+01 1.199758337863307595e+08
1.624515887969504391e+01 9.924123846594960988e+07
1.631013951521382310e+01 1.084702292899327427e+08
1.637538007327468037e+01 1.138397658336165249e+08
1.644088159356778078e+01 1.122016350951753408e+08
1.650664511994205341e+01 1.056373638810298443e+08
1.657267170042182158e+01 1.023351994581276178e+08
1.663896238722350418e+01 8.547458576967060566e+07
1.670551823677240222e+01 9.739999146368418634e+07
1.677234030971949608e+01 1.108202338789719492e+08
1.683942967095837062e+01 9.961921876484584808e+07
1.690678738964220429e+01 8.345550843389676511e+07
1.697441453920077237e+01 9.516576039240784943e+07
1.704231219735757108e+01 1.072113280652319938e+08
1.711048144614700561e+01 7.677168252840413153e+07
1.717892337193159236e+01 9.046253801745797694e+07
1.724763906541932101e+01 8.323901331699131429e+07
1.731662962168099895e+01 8.766532196118758619e+07
1.738589614016772344e+01 6.937602944511401653e+07
1.745543972472839300e+01 9.066190279507133365e+07
1.752526148362730751e+01 8.039301232093092799e+07
1.759536252956181812e+01 8.052008496755388379e+07
1.766574397968006238e+01 8.471983039772106707e+07
1.773640695559878466e+01 7.701616582175084949e+07
1.780735258342117433e+01 8.249500325734123588e+07
1.787858199375486024e+01 8.620761541621243954e+07
1.795009632172988034e+01 7.089661853922842443e+07
1.802189670701679702e+01 7.827085007200402021e+07
1.809398429384486562e+01 7.856603613163940609e+07
1.816636023102024211e+01 5.989853708081956953e+07
1.823902567194432578e+01 6.993459373129630089e+07
1.831198177463210186e+01 6.933368011420212686e+07
1.838522970173062987e+01 7.201984641060407460e+07
1.845877062053754969e+01 7.334135265418729186e+07
1.853260570301970134e+01 6.192025478613981605e+07
1.860673612583178027e+01 5.741227754648578167e+07
1.868116307033510637e+01 6.301007841017375886e+07
1.875588772261644976e+01 6.313347781204469502e+07
1.883091127350691352e+01 7.862897039727292955e+07
1.890623491860094063e+01 6.941943076838989556e+07
1.898185985827534594e+01 5.366961748058442026e+07
1.905778729770844748e+01 6.635557409080033004e+07
1.913401844689928311e+01 6.646887604172971100e+07
1.921055452068688041e+01 5.711186439790637046e+07
1.928739673876962968e+01 4.929565981074298173e+07
1.936454632572470658e+01 5.007476598437263072e+07
1.944200451102760141e+01 4.287292972667077184e+07
1.951977252907171589e+01 5.679506380704352260e+07
1.959785161918800256e+01 4.741870418338046223e+07
1.967624302566475691e+01 5.248577209401369840e+07
1.991079942767366973e+01 4.965617909779027849e+07
2.030901541622714390e+01 4.561399838863848150e+07
2.071519572455168756e+01 4.463702571980067343e+07
2.112949963904272010e+01 3.657750107760259509e+07
2.155208963182357707e+01 3.589376175157592446e+07
2.198313142446004420e+01 3.294777908071081340e+07
2.242279405294924643e+01 2.946387273662976921e+07
2.287124993400822959e+01 3.110149734327245504e+07
2.332867493268839709e+01 3.038082966106114537e+07
2.379524843134216638e+01 2.192168957912191376e+07
2.427115339996900900e+01 2.878500583663627133e+07
2.475657646796839018e+01 2.389316597352820635e+07
2.525170799732775961e+01 1.758444986871557310e+07
2.575674215727431715e+01 2.124409617119132727e+07
2.627187700041980278e+01 1.867675304590995237e+07
2.679731454042819649e+01 1.453095651592703164e+07
2.733326083123676042e+01 1.833795608103045449e+07
2.787992604786149542e+01 1.422369418866649829e+07
2.843752456881871993e+01 1.056103597081043944e+07
2.900627506019509738e+01 1.287143327718272433e+07
2.958640056139899599e+01 1.130141541850699671e+07
3.017812857262697435e+01 1.086257587339715660e+07
3.078169114407952023e+01 8.494507797341210768e+06
3.139732496696110431e+01 1.001049501985834539e+07
3.202527146630033172e+01 8.804829119606828317e+06
3.266577689562632969e+01 7.880240716046124697e+06
3.331909243353885586e+01 6.515140916762813926e+06
3.398547428220963695e+01 7.683344924711212516e+06
3.466518376785383282e+01 5.886639607675969601e+06
3.535848744321090464e+01 5.057235100704590790e+06
3.606565719207512188e+01 4.804182943541117944e+06
3.678697033591662802e+01 5.201578496011026204e+06
3.752270974263496583e+01 4.541513640315562487e+06
3.827316393748766643e+01 5.204875022964686155e+06
3.903862721623740839e+01 3.818544528385402169e+06
3.981939976056215613e+01 3.469742555796013679e+06
4.061578775577340394e+01 2.942281245750318747e+06
4.142810351088887444e+01 3.778383173363646492e+06
4.225666558110664539e+01 3.260604569851595908e+06
4.310179889272878029e+01 2.550217374345098622e+06
4.396383487058335504e+01 2.285441872647009790e+06
4.484311156799503095e+01 2.199014613808567170e+06
4.573997379935492091e+01 2.306534951745404396e+06
4.665477327534202345e+01 1.834061637437071651e+06
4.758786874084886165e+01 1.846238705996944802e+06
4.853962611566583973e+01 1.824243533513218630e+06
4.951041863797915710e+01 1.439478625704294303e+06
5.050062701073873939e+01 1.431098482841586461e+06
5.151063955095351332e+01 1.278258260436500190e+06
5.254085234197258103e+01 1.501541399126039352e+06
5.359166938881203635e+01 1.270549263229694450e+06
5.466350277658827395e+01 1.177601570457125548e+06
5.575677283212004198e+01 9.709681691198514309e+05
5.687190828876244098e+01 8.796415477545761969e+05
5.800934645453768468e+01 8.676637202707722317e+05
5.916953338362844050e+01 8.173843674882256892e+05
6.035292405130100946e+01 7.759444014709355542e+05
6.155998253232701956e+01 8.120620448815783020e+05
6.279118218297357146e+01 6.157673284450939391e+05
6.404700582663303976e+01 5.719480073067100020e+05
6.532794594316570169e+01 5.180932684902734472e+05
6.663450486202900436e+01 4.488019149887249223e+05
6.796719495926959098e+01 5.305336598119272385e+05
6.932653885845499531e+01 5.210848315185579704e+05
7.071306963562409464e+01 4.072027617202007095e+05
7.212733102833657028e+01 3.431233399266757770e+05
7.356987764890331505e+01 3.734715169503786601e+05
7.504127520188137623e+01 3.062954046646676143e+05
7.654210070591901172e+01 3.172277378980215290e+05
7.807294272003738911e+01 2.745146549603009480e+05
7.963440157443814371e+01 2.683676776087477338e+05
8.122708960592690630e+01 2.298712515781984839e+05
8.285163139804545551e+01 2.090435853506227140e+05
8.450866402600635752e+01 2.014439507663830300e+05
8.619883730652648524e+01 2.171031643071560247e+05
8.792281405265701721e+01 2.376607724369079224e+05
8.968127033371015955e+01 1.774087827652735868e+05
9.147489574038435478e+01 1.681428615464083559e+05
9.330439365519204387e+01 1.407397535060787341e+05
9.517048152829590890e+01 1.194398195640283666e+05
9.707389115886181230e+01 1.381764900207652245e+05
9.901536898203904968e+01 1.025605220925805770e+05
