# Wavelength [um]       Fp [W/m2/m]  
1.000553076518779783e-01 6.297723664040867401e-17
1.004555288824854897e-01 3.119716241301099055e-76
1.008573509980154326e-01 8.862452934273884743e-72
1.012607804020075053e-01 2.347596393637269256e-71
1.016658235236155422e-01 2.363320689814702854e-76
1.020724868177099870e-01 3.630307269390697569e-50
1.024807767649808382e-01 4.055185463907089410e-54
1.028906998720407612e-01 1.200946101574447589e-69
1.033022626715289355e-01 1.075045030193789034e-45
1.037154717222150413e-01 1.403133281819068786e-73
1.041303336091038839e-01 1.834436077721244886e-66
1.045468549435403099e-01 1.128556214845151319e-62
1.049650423633144702e-01 5.707811370062556280e-76
1.053849025327677214e-01 2.834351504051682102e-53
1.058064421428987906e-01 1.824621900675566742e-69
1.062296679114703990e-01 1.531667335722934201e-52
1.066545865831162732e-01 3.034129070003211572e-60
1.070812049294487533e-01 9.508070748334133381e-63
1.075095297491665408e-01 2.440758824688585726e-47
1.079395678681632220e-01 6.643786567497574023e-63
1.083713261396358624e-01 8.498325881504460939e-45
1.088048114441943909e-01 4.264590449075954173e-49
1.092400306899711654e-01 4.521853321114587563e-30
1.096769908127310511e-01 4.898010548439481725e-48
1.101156987759819850e-01 1.755832473426611726e-49
1.105561615710859147e-01 9.857198983019072192e-31
1.109983862173702651e-01 4.606756173467624158e-37
1.114423797622397516e-01 4.250567224701906543e-43
1.118881492812886930e-01 2.386699245701829303e-48
1.123357018784138517e-01 2.554164222208596055e-43
1.127850446859275102e-01 1.717908364711476440e-24
1.132361848646712132e-01 8.664592397295357043e-29
1.136891296041298988e-01 5.050939520854999664e-28
1.141438861225464035e-01 2.429189238581711003e-27
1.146004616670366072e-01 1.733134064533828111e-26
1.150588635137047705e-01 1.649206254643743901e-27
1.155190989677595953e-01 1.431304197634500360e-28
1.159811753636306314e-01 8.810706052985091080e-27
1.164451000650851553e-01 3.169317199782257001e-30
1.169108804653455069e-01 4.524874821203272725e-31
1.173785239872068981e-01 9.291034033457960284e-32
1.178480380831557206e-01 5.036547501154769445e-32
1.183194302354883543e-01 3.154664899266735225e-29
1.187927079564302935e-01 4.242938894013851317e-35
1.192678787882560099e-01 2.281715943977610841e-33
1.197449503034090645e-01 2.852038205463733076e-32
1.202239301046226783e-01 7.124401048321956624e-40
1.207048258250411760e-01 7.259559130847809229e-35
1.211876451283413342e-01 1.015010771407762011e-33
1.216723957088547137e-01 5.088392441016069827e-38
1.221590852916901310e-01 2.307901955574122294e-33
1.226477216328568792e-01 2.628403143439912481e-29
1.231383125193883099e-01 2.627285875849167918e-31
1.236308657694658586e-01 1.561604484200004637e-29
1.241253892325437369e-01 2.830134247669332989e-31
1.246218907894739159e-01 1.118141284145080425e-32
1.251203783526317892e-01 3.946372477223712936e-31
1.256208598660423226e-01 3.763427048616097574e-27
1.261233433055065078e-01 7.339301141085980358e-28
1.266278366787285392e-01 3.094548239236099544e-38
1.271343480254434610e-01 7.676368308659961639e-27
1.276428854175452321e-01 4.427538897803782377e-26
1.281534569592154005e-01 1.012872869323689859e-32
1.286660707870522780e-01 3.499177090272807467e-31
1.291807350702004475e-01 5.562168136963053200e-25
1.296974580104812425e-01 1.729274506844911932e-25
1.302162478425231973e-01 2.623789355692378179e-27
1.307371128338932764e-01 9.783941631511917891e-25
1.312600612852288795e-01 1.154020863349846967e-24
1.317851015303697915e-01 4.129262247006185801e-24
1.323122419364912705e-01 1.870138392405626222e-23
1.328414909042372472e-01 1.157715258312131898e-22
1.333728568678542170e-01 1.561131252327298157e-22
1.339063482953256612e-01 1.549332795706975705e-23
1.344419736885069383e-01 5.890144109386438157e-24
1.349797415832609815e-01 4.511258791687254050e-21
1.355196605495940232e-01 1.614773583543116569e-21
1.360617391917924301e-01 4.199585313118369003e-21
1.366059861485595939e-01 3.633750791719499591e-23
1.371524100931538481e-01 1.018568371376207191e-24
1.377010197335264696e-01 9.287447137585521266e-24
1.382518238124605670e-01 2.684011701331067299e-27
1.388048311077104136e-01 2.467447918920462392e-27
1.393600504321412248e-01 7.904061860221011321e-23
1.399174906338697677e-01 3.097874532832028645e-22
1.404771605964052761e-01 3.109515994994804161e-23
1.410390692387908651e-01 2.112488487720972509e-24
1.416032255157460562e-01 1.531470337849502653e-20
1.421696384178090522e-01 3.399472562509314308e-21
1.427383169714803168e-01 4.845519259809763833e-19
1.433092702393662099e-01 1.422756160174580213e-20
1.438825073203236771e-01 2.707583567747431606e-21
1.444580373496049674e-01 5.857086284818130471e-22
1.450358694990033503e-01 4.031948118705403043e-19
1.456160129769993872e-01 3.205095250914263829e-17
1.461984770289073976e-01 1.285444461003521025e-16
1.467832709370230082e-01 1.922138361864464033e-16
1.473704040207710897e-01 7.097988018507421677e-16
1.479598856368541382e-01 5.629275545190364905e-17
1.485517251794015725e-01 9.411017562905779474e-16
1.491459320801191979e-01 1.531121592565491852e-15
1.497425158084396690e-01 2.244615658421782557e-16
1.503414858716734248e-01 1.322395964348840030e-18
1.509428518151600951e-01 1.010916065765098822e-15
1.515466232224207677e-01 3.774339132887796893e-16
1.521528097153104220e-01 7.949396681053486527e-17
1.527614209541716672e-01 2.804979658053124696e-20
1.533724666379883694e-01 1.386823948278252976e-17
1.539859565045403056e-01 1.240006517743663202e-16
1.546019003305584838e-01 7.248045737643059716e-17
1.552203079318807133e-01 2.819755349048529085e-14
1.558411891636082569e-01 5.271435277192730774e-14
1.564645539202626778e-01 5.915159230137303409e-14
1.570904121359437411e-01 1.215105503314725555e-13
1.577187737844875093e-01 8.629055134740819522e-14
1.583496488796254653e-01 1.053271339772646148e-13
1.589830474751439959e-01 4.914530306425359551e-14
1.596189796650445414e-01 1.321915471147876107e-16
1.602574555837047166e-01 5.736675051736997678e-17
1.608984854060395708e-01 7.493387308290336430e-16
1.615420793476636807e-01 2.254981408667581148e-16
1.621882476650543525e-01 5.436378910959340522e-17
1.628370006557145755e-01 3.129584353061905445e-19
1.634883486583374457e-01 4.411418846176093755e-17
1.641423020529707844e-01 2.158595069014379632e-17
1.647988712611826723e-01 2.271758813950540233e-18
1.654580667462274002e-01 8.748761903076321115e-16
1.661198990132123077e-01 8.263578316995470571e-15
1.667843786092651215e-01 7.380375544666502983e-15
1.674515161237022098e-01 2.193621509295133309e-13
1.681213221881969755e-01 2.927607503057957936e-12
1.687938074769497754e-01 2.351166853462981705e-13
1.694689827068575905e-01 4.518891600739934119e-12
1.701468586376850278e-01 2.649978820392673571e-11
1.708274460722357391e-01 8.427789311714923189e-12
1.715107558565246715e-01 1.057304456456492045e-11
1.721967988799507909e-01 5.510662311120188007e-13
1.728855860754705820e-01 6.095701610255881100e-13
1.735771284197724640e-01 3.992990173106329722e-11
1.742714369334515678e-01 7.222986985256077648e-11
1.749685226811853456e-01 9.933645716406250476e-11
1.756683967719100681e-01 5.590257312649940092e-11
1.763710703589977391e-01 6.137225834626522088e-13
1.770765546404337309e-01 1.186659685931379131e-12
1.777848608589954471e-01 3.099977362494767392e-13
1.784960003024314568e-01 2.382148679881071356e-14
1.792099843036411844e-01 8.454785427900684260e-13
1.799268242408557650e-01 5.494079712447110228e-11
1.806465315378191772e-01 3.206079705860349196e-10
1.813691176639704306e-01 9.267617293879179514e-10
1.820945941346263086e-01 1.686565156630712674e-09
1.828229725111648329e-01 2.266514355629782155e-09
1.835542644012094771e-01 2.046422301874363103e-09
1.842884814588143239e-01 2.101305635207646476e-09
1.850256353846495561e-01 1.806026341473536492e-09
1.857657379261881403e-01 1.179468497663620087e-09
1.865088008778928996e-01 3.774245270819927367e-10
1.872548360814044743e-01 3.386995872859435470e-11
1.880038554257300876e-01 1.090937315527583084e-12
1.887558708474330049e-01 3.034345876887464531e-12
1.895108943308226879e-01 8.731302930376157233e-11
1.902689379081460019e-01 8.287756444792514888e-10
1.910300136597785636e-01 2.470917053381233800e-09
1.917941337144176972e-01 3.935583462781833915e-09
1.925613102492753359e-01 3.345112059985629718e-09
1.933315554902724498e-01 3.484864038538337225e-09
1.941048817122335568e-01 4.165024382109793042e-09
1.948813012390824828e-01 3.371134797947730572e-09
1.956608264440388156e-01 2.471674600358604534e-09
1.964434697498149418e-01 1.694092739189598843e-09
1.972292436288141937e-01 1.142264027063207841e-09
1.980181606033294406e-01 8.163229507482384645e-10
1.988102332457427346e-01 6.363375546648896568e-10
1.996054741787257336e-01 5.021514443663792304e-10
2.004038960754406518e-01 3.553270672600639778e-10
2.012055116597424309e-01 1.982630716464919688e-10
2.020103337063813842e-01 7.144162253254110809e-11
2.028183750412069219e-01 1.103154351399096566e-11
2.036296485413717494e-01 5.273676700510104790e-13
2.044441671355372303e-01 3.181859645321042626e-14
2.052619438040793887e-01 1.856910069111610507e-15
2.060829915792957157e-01 2.755931111721887381e-13
2.069073235456129201e-01 2.209946098093028054e-12
2.077349528397953449e-01 3.104266601687450182e-11
2.085658926511545219e-01 1.435622192760784712e-10
2.094001562217591150e-01 2.112136180000606892e-10
2.102377568466461677e-01 1.341565725370908234e-09
2.110787078740327671e-01 8.315354505592774111e-09
2.119230227055288740e-01 1.367857541238963189e-08
2.127707147963510126e-01 2.029343002152867235e-08
2.136217976555363773e-01 1.397395485875435477e-08
2.144762848461585492e-01 1.484592946455517477e-09
2.153341899855431840e-01 1.254741762038684727e-10
2.161955267454853669e-01 1.398798130706452270e-08
2.170603088524672986e-01 4.839723928073011133e-08
2.179285500878772042e-01 4.990492514572609773e-08
2.188002642882286852e-01 1.532183472035530525e-08
2.196754653453815986e-01 1.758882366179222859e-10
2.205541672067631020e-01 4.777816947998564966e-10
2.214363838755901703e-01 3.856626796253324006e-08
2.223221294110925284e-01 1.814929190852735530e-07
2.232114179287369160e-01 3.420327266074400844e-07
2.241042636004518529e-01 3.777845611657305327e-07
2.250006806548536520e-01 2.508761493094134996e-07
2.259006833774730438e-01 6.858427417436723979e-08
2.268042861109829667e-01 1.825736225003432159e-09
2.277115032554268836e-01 3.707253943039860956e-11
2.286223492684485714e-01 1.849092755483509155e-08
2.295368386655223802e-01 3.583643748248091573e-07
2.304549860201844658e-01 1.526709203654615819e-06
2.313768059642651864e-01 4.246679264528642253e-06
2.323023131881222503e-01 1.086070655665237600e-05
2.332315224408747223e-01 2.335855560069907000e-05
2.341644485306381973e-01 3.770846440233192355e-05
2.351011063247607502e-01 3.903263386182372806e-05
2.360415107500598020e-01 3.295605455034510405e-05
2.369856767930600405e-01 1.667646579043494391e-05
2.379336195002322851e-01 6.155435290991321914e-06
2.388853539782332114e-01 7.004515798141577052e-07
2.398408953941461863e-01 1.236136815050018797e-09
2.408002589757227141e-01 9.388589025347368940e-07
2.417634600116256582e-01 1.371818093545186771e-05
2.427305138516721306e-01 6.999700800521395133e-05
2.437014359070788505e-01 3.246851044040638574e-04
2.446762416507071713e-01 1.085153772625511255e-03
2.456549466173099938e-01 2.656521064417236965e-03
2.466375664037792625e-01 5.288392350057300254e-03
2.476241166693943785e-01 9.215003709639802906e-03
2.486146131360719436e-01 1.470001962440350626e-02
2.496090715886161993e-01 2.206904026875538063e-02
2.506075078749706586e-01 3.172699141483088792e-02
2.516099379064705155e-01 4.412416956188979639e-02
2.526163776580964138e-01 5.925805122435930800e-02
2.536268431687287994e-01 5.502529003823514869e-02
2.546413505414037437e-01 7.126061238853650948e-02
2.556599159435693491e-01 1.365906332399965672e-01
2.566825556073435988e-01 1.800855418693758925e-01
2.577092858297729827e-01 2.320229554626154489e-01
2.587401229730920682e-01 2.944547289915443455e-01
2.597750834649844576e-01 3.661418164866951930e-01
2.608141837988444123e-01 4.086791358231010585e-01
2.618574405340398092e-01 2.093990829611194759e-01
2.629048702961759298e-01 6.413824926669939863e-01
2.639564897773606367e-01 8.166875075094277570e-01
2.650123157364701054e-01 9.599194681270033502e-01
2.660723649994159445e-01 1.079196066765216511e+00
2.671366544594135917e-01 1.145427410021281123e+00
2.682052010772512096e-01 1.112344627884619852e+00
2.692780218815602478e-01 9.276512685406500536e-01
2.703551339690865030e-01 5.545826896967375186e-01
2.714365545049627904e-01 1.018304442158079609e-01
2.725223007229827243e-01 1.882641757990501314e-03
2.736123899258746106e-01 8.141993996513218444e-04
2.747068394855781692e-01 1.217864155226201367e-01
2.758056668435204806e-01 9.648150641309907183e-01
2.769088895108945403e-01 2.527930882732779772e+00
2.780165250689380918e-01 4.672605224672715885e+00
2.791285911692138466e-01 7.366307757433202319e+00
2.802451055338907038e-01 1.055422458326831858e+01
2.813660859560263017e-01 1.421227190439005206e+01
2.824915502998503469e-01 1.836326724041314407e+01
2.836215165010497197e-01 2.305220288979765897e+01
2.847560025670539119e-01 2.834583291786412929e+01
2.858950265773221866e-01 3.432121184628024935e+01
2.870386066836315142e-01 4.106193058434650567e+01
2.881867611103660631e-01 4.865900997075522127e+01
2.893395081548075787e-01 5.720750070958165168e+01
2.904968661874267610e-01 6.680798577858216447e+01
2.916588536521764197e-01 7.756673017938267378e+01
2.928254890667851273e-01 8.959338031383022383e+01
2.939967910230522619e-01 1.030022458445167501e+02
2.951727781871444911e-01 1.179013161231918900e+02
2.963534692998930908e-01 1.342366081543530640e+02
2.975388831770926501e-01 1.514045557198346899e+02
2.987290387098009981e-01 1.703239392197650375e+02
2.999239548646402409e-01 1.680177228634708229e+02
3.011236506840988536e-01 1.734082517693756387e+01
3.023281452868351593e-01 1.984365923615537142e+01
3.035374578679824742e-01 8.278155052079835485e+00
3.047516076994544187e-01 2.337486864444123924e+01
3.059706141302522830e-01 2.704370390795084944e+01
3.071944965867733357e-01 2.699219587085993055e+01
3.084232745731204095e-01 2.368725759895392002e+01
3.096569676714128194e-01 8.663333302330423535e+00
3.108955955420985018e-01 8.376644310236690316e+00
3.121391779242668751e-01 1.977714933259762375e+01
3.133877346359639215e-01 1.920523273571613032e+01
3.146412855745078230e-01 1.622117987825259178e+01
3.158998507168058190e-01 1.282114125099175084e+01
3.171634501196730627e-01 9.468334067508862972e+00
3.184321039201517545e-01 6.586515705157447442e+00
3.197058323358323295e-01 4.360718731585986774e+00
3.209846556651756444e-01 2.243381467143112040e+00
3.222685942878363852e-01 1.167451025983402557e+00
3.235576686649877520e-01 1.744616602628210611e+00
3.248518993396476984e-01 1.211429780713362714e+00
3.261513069370062801e-01 6.651945055445229738e-01
3.274559121647543369e-01 2.326840688095079268e-01
3.287657358134133401e-01 3.717540316114165827e-02
3.300807987566670154e-01 2.846132196823218663e-03
3.314011219516936890e-01 1.852362903668752780e-02
3.327267264395004642e-01 1.908012069916923403e-01
3.340576333452584534e-01 9.251424627043129956e-01
3.353938638786395088e-01 2.482826445815915051e+00
3.367354393341540630e-01 4.994323763920767156e+00
3.380823810914907468e-01 8.692749007101017611e+00
3.394347106158566718e-01 1.428704040171743195e+01
3.407924494583201014e-01 2.318200762530457837e+01
3.421556192561533982e-01 3.504479111727990670e+01
3.435242417331779707e-01 3.116146098085548743e+01
3.448983387001106626e-01 5.639388018547715653e+00
3.462779320549111417e-01 7.453491123189560597e+01
3.476630437831307319e-01 1.875452162867758261e+02
3.490536959582632992e-01 3.033641634631754869e+02
3.504499107420963600e-01 4.311857761837177918e+02
3.518517103850647421e-01 5.730619562846015924e+02
3.532591172266050239e-01 7.287971480852569357e+02
3.546721536955114717e-01 8.962988473029032548e+02
3.560908423102934761e-01 1.072997915394304300e+03
3.575152056795346533e-01 1.255361550616750947e+03
3.589452665022527800e-01 1.440171840511309256e+03
3.603810475682617254e-01 1.623401141001922042e+03
3.618225717585348278e-01 1.790284407367362064e+03
3.632698620455689364e-01 1.924509632710086862e+03
3.647229414937512293e-01 2.067549321029961447e+03
3.661818332597261971e-01 2.281717451237002933e+03
3.676465605927651259e-01 2.412787067969964937e+03
3.691171468351361895e-01 2.524745587786587294e+03
3.705936154224767076e-01 2.614770165288107819e+03
3.720759898841666247e-01 2.681641889133596578e+03
3.735642938437032656e-01 2.723878840438099814e+03
3.750585510190780902e-01 2.740361871715029793e+03
3.765587852231543908e-01 2.731514661792542938e+03
3.780650203640470441e-01 2.697065329705704698e+03
3.795772804455032068e-01 2.638230041911934222e+03
3.810955895672852312e-01 2.556792120834430989e+03
3.826199719255543585e-01 2.455241205636844370e+03
3.841504518132565771e-01 2.336893032347678854e+03
3.856870536205096456e-01 2.205314677302778819e+03
3.872298018349916715e-01 2.064170687749811350e+03
3.887787210423316320e-01 1.918872061840574133e+03
3.903338359265008939e-01 1.772093660631502416e+03
3.918951712702069545e-01 1.627426049109655423e+03
3.934627519552877928e-01 1.487011646340826928e+03
3.950366029631089404e-01 1.349040086625937192e+03
3.966167493749613859e-01 1.217593496709927194e+03
3.982032163724612550e-01 1.085320620189275814e+03
3.997960292379510450e-01 9.416619939220765900e+02
4.013952133549028578e-01 7.555011985454709702e+02
4.030007942083224659e-01 4.052154578771937281e+02
4.046127973851557647e-01 2.571654364863077902e+01
4.062312485746963908e-01 3.034405651029782689e+02
4.078561735689951728e-01 3.670407783058834639e+02
4.094875982632711353e-01 2.804203234187818339e+02
4.111255486563242245e-01 1.864766559232866996e+02
4.127700508509495880e-01 1.108066163109558033e+02
4.144211310543532978e-01 6.067222831601234390e+01
4.160788155785707931e-01 3.242509782830203591e+01
4.177431308408850463e-01 1.585914589974126088e+01
4.194141033642486138e-01 4.839022653893341186e+00
4.210917597777056320e-01 4.113398687118637875e-01
4.227761268168164221e-01 1.473139480822793432e-02
4.244672313240837602e-01 7.748958518473655355e-01
4.261651002493800910e-01 9.028951586852905109e+00
4.278697606503775730e-01 3.319267702173670642e+01
4.295812396929790666e-01 8.019296601279461356e+01
4.312995646517510107e-01 1.759771385351981507e+02
4.330247629103580187e-01 3.713521174330455779e+02
4.347568619619994745e-01 7.232446389891798617e+02
4.364958894098474596e-01 1.289145843612081308e+03
4.382418729674867897e-01 2.121420867374929458e+03
4.399948404593567730e-01 3.271635411705497063e+03
4.417548198211941890e-01 4.769812223541852291e+03
4.435218391004789873e-01 6.637477896528749625e+03
4.452959264568808750e-01 9.050461523297195527e+03
4.470771101627084021e-01 1.235838032334633681e+04
4.488654186033592119e-01 1.623583724715486278e+04
4.506608802777726241e-01 2.104447178782776609e+04
4.524635237988837710e-01 2.700660276221843378e+04
4.542733778940792333e-01 3.436294704491332232e+04
4.560904714056555065e-01 4.341671609337427799e+04
4.579148332912781894e-01 4.924909044316467043e+04
4.597464926244433370e-01 5.922615914392285049e+04
4.615854785949410899e-01 6.998251633504689380e+04
4.634318205093208576e-01 8.096376164101468748e+04
4.652855477913582227e-01 9.181497673206101172e+04
4.671466899825236219e-01 1.032862334565371857e+05
4.690152767424536906e-01 1.130628249830884160e+05
4.708913378494234969e-01 1.146633406206359505e+05
4.727749032008212171e-01 1.056812596914135211e+05
4.746660028136244769e-01 8.898356803365115775e+04
4.765646668248789131e-01 7.100604606498836074e+04
4.784709254921784560e-01 5.499729007995196298e+04
4.803848091941470555e-01 4.133900247611568921e+04
4.823063484309236815e-01 3.065084808113487816e+04
4.842355738246474361e-01 2.350252132298948709e+04
4.861725161199459966e-01 1.942555478187482368e+04
4.881172061844257226e-01 1.687925638636823351e+04
4.900696750091634302e-01 1.491788530074546179e+04
4.920299537092001074e-01 1.368380068731853498e+04
4.939980735240369625e-01 1.212565074484346769e+04
4.959740658181330253e-01 1.052586233734862981e+04
4.979579620814056362e-01 8.908034487255683416e+03
4.999497939297311566e-01 7.411318127545278003e+03
5.019495931054501758e-01 6.220528987222713113e+03
5.039573914778719965e-01 5.535097755820628663e+03
5.059732210437835054e-01 5.386801405459867055e+03
5.079971139279585435e-01 5.595066517448010018e+03
5.100291023836703852e-01 5.905875337654050782e+03
5.120692187932051054e-01 6.136015033938944725e+03
5.141174956683780550e-01 6.343925328253830230e+03
5.161739656510514473e-01 6.625304221841974140e+03
5.182386615136556074e-01 6.916775747117348146e+03
5.203116161597103329e-01 7.120981964423750469e+03
5.223928626243490303e-01 7.294095289991675600e+03
5.244824340748465152e-01 7.496348039608996260e+03
5.265803638111459239e-01 7.669820065300208626e+03
5.286866852663905103e-01 7.803571626529688729e+03
5.308014320074561088e-01 7.978575528384712015e+03
5.329246377354859288e-01 8.157533784635652410e+03
5.350563362864277916e-01 8.306760385441961262e+03
5.371965616315735881e-01 8.505127336969835596e+03
5.393453478780998456e-01 8.694650964038259190e+03
5.415027292696121819e-01 8.838716777624698807e+03
5.436687401866906466e-01 9.053813179853041220e+03
5.458434151474373941e-01 9.245961389406369562e+03
5.480267888080271321e-01 9.404439369063187769e+03
5.502188959632591247e-01 9.600699039254524905e+03
5.524197715471121928e-01 9.792232095852232305e+03
5.546294506333006025e-01 9.945793214032850301e+03
5.568479684358338400e-01 1.011508142078796845e+04
5.590753603095770519e-01 1.029006515601398860e+04
5.613116617508153716e-01 1.040803046432523661e+04
5.635569083978186899e-01 1.056841097301841364e+04
5.658111360314097560e-01 1.064803123068882087e+04
5.680743805755354980e-01 1.060149859071365245e+04
5.703466780978375672e-01 1.075763070007544957e+04
5.726280648102289872e-01 1.082539071563097423e+04
5.749185770694699160e-01 1.085195202849518137e+04
5.772182513777477375e-01 1.088947703174544949e+04
5.795271243832587071e-01 1.092280811226341393e+04
5.818452328807918184e-01 1.098349288387870911e+04
5.841726138123150003e-01 1.105178107827749045e+04
5.865093042675643131e-01 1.067776049944279293e+04
5.888553414846344758e-01 1.040201082303087060e+04
5.912107628505729462e-01 1.171912583564520355e+04
5.935756059019753339e-01 1.471034448457039070e+04
5.959499083255832552e-01 1.781761606382077662e+04
5.983337079588855190e-01 2.135327869605265005e+04
6.007270427907210886e-01 2.576884045196676379e+04
6.031299509618840426e-01 3.130379022327709390e+04
6.055424707657315331e-01 3.769081154575540131e+04
6.079646406487945187e-01 4.513608762981620384e+04
6.103964992113897203e-01 5.395191980711442739e+04
6.128380852082353503e-01 6.434232756792483269e+04
6.152894375490681744e-01 7.653917567834227521e+04
6.177505952992645710e-01 9.074996026870170317e+04
6.202215976804615893e-01 1.071278731481133873e+05
6.227024840711834486e-01 1.261074084016898705e+05
6.251932940074681477e-01 1.480201887578243040e+05
6.276940671834980723e-01 1.730216131867599033e+05
6.302048434522321552e-01 2.035061073162471876e+05
6.327256628260409244e-01 2.380420225324026542e+05
6.352565654773452142e-01 2.779457645364380442e+05
6.377975917392545435e-01 3.128637899004279170e+05
6.403487821062116003e-01 3.753476842720679706e+05
6.429101772346363930e-01 4.374452951427982189e+05
6.454818179435749537e-01 4.974931750896118465e+05
6.480637452153492628e-01 5.708087494391229702e+05
6.506560001962106154e-01 6.694622571433995618e+05
6.532586241969955410e-01 7.748442954801816959e+05
6.558716586937833881e-01 8.678691524612073554e+05
6.584951453285585732e-01 9.438332232116062660e+05
6.611291259098727169e-01 1.188277156690019183e+06
6.637736424135122215e-01 1.371068281563279219e+06
6.664287369831662922e-01 1.575787355563710909e+06
6.690944519310989547e-01 1.801095577138354769e+06
6.717708297388232941e-01 2.049719338995935163e+06
6.744579130577786907e-01 2.320037129834078718e+06
6.771557447100098326e-01 2.590932130116098095e+06
6.798643676888498355e-01 2.824895036032865290e+06
6.825838251596052508e-01 3.006545934661998879e+06
6.853141604602436265e-01 3.113567112938455772e+06
6.880554171020846210e-01 3.005567828303602524e+06
6.908076387704928933e-01 2.577072693937168922e+06
6.935708693255748791e-01 2.657926882547960151e+06
6.963451528028771209e-01 3.268194697284306865e+06
6.991305334140887062e-01 3.488064761028665118e+06
7.019270555477450380e-01 3.819372943788457196e+06
7.047347637699360456e-01 4.305351848956285045e+06
7.075537028250157290e-01 4.684624019552067854e+06
7.103839176363159202e-01 5.036451425156589597e+06
7.132254533068611568e-01 5.388102350421378389e+06
7.160783551200886610e-01 4.913784942624856718e+06
7.189426685405689854e-01 4.802745160859921947e+06
7.218184392147313222e-01 5.578403386998566799e+06
7.247057129715901436e-01 5.237336069735393859e+06
7.276045358234763949e-01 5.524550827489156276e+06
7.305149539667704639e-01 5.035824114220458083e+06
7.334370137826373703e-01 5.655113700440407731e+06
7.363707618377679509e-01 5.538320629747335799e+06
7.393162448851190449e-01 5.539205934154388495e+06
7.422735098646596752e-01 5.522793984976147301e+06
7.452426039041182282e-01 5.389929473526721820e+06
7.482235743197346300e-01 5.206165273950903676e+06
7.512164686170136330e-01 4.810719737917513587e+06
7.542213344914817652e-01 4.417919467863166705e+06
7.572382198294477229e-01 3.963833848719327711e+06
7.602671727087656484e-01 3.191130386252475437e+06
7.633082413996006288e-01 1.532083475462790579e+06
7.663614743651989691e-01 1.409816981974059599e+05
7.694269202626597970e-01 1.941297196565904596e+05
7.725046279437104424e-01 1.075850717820308637e+06
7.755946464554852593e-01 2.544477009263254236e+06
7.786970250413072225e-01 4.653740627321993932e+06
7.818118131414724115e-01 6.762528107979325578e+06
7.849390603940383793e-01 8.762468098681904376e+06
7.880788166356144098e-01 1.097433771910858899e+07
7.912311319021569922e-01 1.366507943486918695e+07
7.943960564297655180e-01 1.680536277357802913e+07
7.975736406554845281e-01 1.982890478769527003e+07
8.007639352181065151e-01 2.347635022945777699e+07
8.039669909589789443e-01 2.731743337332332134e+07
8.071828589228148276e-01 3.042499882672434673e+07
8.104115903585061842e-01 3.018109455593831465e+07
8.136532367199402760e-01 2.767754556984626502e+07
8.169078496668199518e-01 3.503262054666522890e+07
8.201754810654874328e-01 4.469134729154858738e+07
8.234561829897493190e-01 4.245865173877128214e+07
8.267500077217083687e-01 5.917931207700500637e+07
8.300570077525952772e-01 6.133939452479687333e+07
8.333772357836056743e-01 6.858812399953328073e+07
8.367107447267401188e-01 7.482754044037798047e+07
8.400575877056470908e-01 8.931451349432751536e+07
8.434178180564695371e-01 1.041511858408554643e+08
8.467914893286955236e-01 1.205338952973399162e+08
8.501786552860102208e-01 1.366186231098811328e+08
8.535793699071543283e-01 1.556101989294200540e+08
8.569936873867830540e-01 1.742818567402140796e+08
8.604216621363300899e-01 1.935857628655136228e+08
8.638633487848753623e-01 2.137652814566599131e+08
8.673188021800150027e-01 2.345007790083779693e+08
8.707880773887352044e-01 2.545603562261417806e+08
8.742712296982900755e-01 2.771749260567669868e+08
8.777683146170831563e-01 3.006900848890002966e+08
8.812793878755513788e-01 3.242387911972146630e+08
8.848045054270535781e-01 3.449044985956144333e+08
8.883437234487617795e-01 3.302918163594791889e+08
8.918970983425568155e-01 2.240338717971913517e+08
8.954646867359271623e-01 2.089489174215085804e+08
8.990465454828707736e-01 2.093023105571847856e+08
9.026427316648023558e-01 3.303052645696367025e+08
9.062533025914615292e-01 3.932863553138893843e+08
9.098783158018273198e-01 3.506341168648104072e+08
9.135178290650346478e-01 3.521699092915033698e+08
9.171719003812948134e-01 2.971961923221480846e+08
9.208405879828199803e-01 4.245630476653817296e+08
9.245239503347512100e-01 3.577879439936668873e+08
9.282220461360901620e-01 5.245717935853946209e+07
9.319349343206346781e-01 2.916156900239259750e+07
9.356626740579171431e-01 4.506735011555194855e+07
9.394053247541488405e-01 1.250051147806628942e+08
9.431629460531654185e-01 1.104791377077608258e+08
9.469355978373780180e-01 9.621123481949388981e+07
9.507233402287275092e-01 8.554352256967948377e+07
9.545262335896426142e-01 9.301789281816096604e+07
9.583443385240012491e-01 6.778928915215241909e+07
9.621777158780971950e-01 1.038926749266052693e+08
9.660264267416096562e-01 1.800980455191543102e+08
9.698905324485760371e-01 2.988809774350835085e+08
9.737700945783701600e-01 2.843865363270266652e+08
9.776651749566835914e-01 3.323172727252525091e+08
9.815758356565105203e-01 4.179349786147504449e+08
9.855021389991363012e-01 5.278260414439814687e+08
9.894441475551331022e-01 6.890841775308140516e+08
9.934019241453534432e-01 8.530859510022934675e+08
9.973755318419349480e-01 1.067395739526881218e+09
1.001365033969302543e+00 1.257850590916533709e+09
1.005370494105179757e+00 1.548162552452939510e+09
1.009391976081600362e+00 1.730444306151938915e+09
1.013429543985926884e+00 1.975508830644937992e+09
1.017483262161870350e+00 2.096976552556545496e+09
1.021553195210518128e+00 2.295076096845309258e+09
1.025639407991360219e+00 2.475862613436677933e+09
1.029741965623325539e+00 2.776805780948534012e+09
1.033860933485818867e+00 2.850878209642467499e+09
1.037996377219762012e+00 3.148300532995010853e+09
1.042148362728641198e+00 3.334079000936748505e+09
1.046316956179555557e+00 3.482484135515142918e+09
1.050502224004274066e+00 3.618946551610798836e+09
1.054704232900291139e+00 3.785441323534262180e+09
1.058923049831892227e+00 3.812293992541379452e+09
1.063158742031219628e+00 3.853830306000665188e+09
1.067411376999344741e+00 3.795891971299380302e+09
1.071681022507342096e+00 3.757240156119096279e+09
1.075967746597371377e+00 3.650674410896216393e+09
1.080271617583760779e+00 3.632888728059006214e+09
1.084592704054095913e+00 3.382180908356761456e+09
1.088931074870312044e+00 2.637905540372356415e+09
1.093286799169793433e+00 1.459826650679089308e+09
1.097659946366472461e+00 8.061716125080139637e+08
1.102050586151938294e+00 3.479212288904151917e+08
1.106458788496546219e+00 1.941022922040380239e+08
1.110884623650532532e+00 9.322113738668189943e+07
1.115328162145134749e+00 4.128669246316689998e+07
1.119789474793714934e+00 4.798545077256357670e+07
1.124268632692889902e+00 7.584158370784810185e+07
1.128765707223661430e+00 1.047513444817784578e+08
1.133280770052556230e+00 3.754511645042608678e+07
1.137813893132766374e+00 1.233237275684886873e+08
1.142365148705297484e+00 1.563858890063874424e+08
1.146934609300118479e+00 1.329482498252839446e+08
1.151522347737319096e+00 1.030349486403808743e+08
1.156128437128268516e+00 6.678809757094554603e+07
1.160752950876781542e+00 7.861288924044473469e+07
1.165395962680288999e+00 1.175384300570404083e+08
1.170057546531009907e+00 1.685934902623289227e+08
1.174737776717134086e+00 1.733783870187194049e+08
1.179436727824002773e+00 3.557387758351502419e+08
1.184154474735298557e+00 6.363151886765664816e+08
1.188891092634239977e+00 9.077773610324938297e+08
1.193646657004777012e+00 1.242429873324297667e+09
1.198421243632796118e+00 1.774825736014858246e+09
1.203214928607327261e+00 2.267873969871148586e+09
1.208027788321756724e+00 2.971368095511668682e+09
1.212859899475043468e+00 3.194723188232760429e+09
1.217711339072943710e+00 3.944143749038067818e+09
1.222582184429235275e+00 4.308967096540780067e+09
1.227472513166952384e+00 5.164025548538799286e+09
1.232382403219620226e+00 5.844841668158589363e+09
1.237311932832498407e+00 6.669175249980319023e+09
1.242261180563828615e+00 6.962453266446142197e+09
1.247230225286083849e+00 8.163397202097458839e+09
1.252219146187228072e+00 8.099046145728470802e+09
1.257228022771976983e+00 9.662078989258340836e+09
1.262256934863064783e+00 9.803947242239683151e+09
1.267305962602517155e+00 9.314295033558143616e+09
1.272375186452927354e+00 7.888876060578874588e+09
1.277464687198738957e+00 7.316349940668521881e+09
1.282574545947533950e+00 5.595574737907821655e+09
1.287704844131324133e+00 4.143142758146907806e+09
1.292855663507849417e+00 3.552564143613579750e+09
1.298027086161880783e+00 3.282284961006124973e+09
1.303219194506528344e+00 2.647200686166255474e+09
1.308432071284554521e+00 2.561540796808658600e+09
1.313665799569692760e+00 2.111669120715408325e+09
1.318920462767971591e+00 2.117301102206355572e+09
1.324196144619043336e+00 1.314686212590970278e+09
1.329492929197519491e+00 5.493256983402508497e+08
1.334810900914309650e+00 1.134707288081056774e+08
1.340150144517967101e+00 1.783881710334749520e+07
1.345510745096038852e+00 4.651943055899182335e+06
1.350892788076423212e+00 2.220145253954134881e+06
1.356296359228728932e+00 3.461913343545663520e+05
1.361721544665643879e+00 4.197889387324771378e+05
1.367168430844306393e+00 1.046662504623037996e+06
1.372637104567683730e+00 1.070137112479320029e+06
1.378127652985954299e+00 5.333775493245636113e+06
1.383640163597898098e+00 1.011100900629551266e+06
1.389174724252289828e+00 2.082584299367054133e+06
1.394731423149298877e+00 1.725517888984712539e+06
1.400310348841896202e+00 2.620454792142226826e+06
1.405911590237263642e+00 3.172263080081215594e+06
1.411535236598212784e+00 3.168655039649010170e+06
1.417181377544605603e+00 3.386696375597720966e+06
1.422850103054784210e+00 4.213210255342698656e+06
1.428541503467003038e+00 1.649559442180725560e+07
1.434255669480871243e+00 8.947851241138769314e+06
1.439992692158794885e+00 1.081190537395247631e+07
1.445752662927429988e+00 2.616003403064883873e+07
1.451535673579139596e+00 5.427901365543975681e+07
1.457341816273456159e+00 9.718968148144532740e+07
1.463171183538549913e+00 7.533267166047179699e+07
1.469023868272704147e+00 5.095440234598866105e+07
1.474899963745795128e+00 7.271877524420715868e+07
1.480799563600778246e+00 9.142655256567730010e+07
1.486722761855181485e+00 8.909224250796911120e+07
1.492669652902602007e+00 1.440047424237456322e+08
1.498640331514212276e+00 2.137617579807925224e+08
1.504634892840269300e+00 2.404127015732211769e+08
1.510653432411630304e+00 2.824323136586270928e+08
1.516696046141276843e+00 3.586157132448196411e+08
1.522762830325842032e+00 5.586963619287272692e+08
1.528853881647145307e+00 7.465895008824747801e+08
1.534969297173733649e+00 1.040478423253573656e+09
1.541109174362428780e+00 1.307442013751525402e+09
1.547273611059878373e+00 1.821466073356603146e+09
1.553462705504118135e+00 2.080153439448091030e+09
1.559676556326134556e+00 2.533046898871702671e+09
1.565915262551438980e+00 2.957116751629653931e+09
1.572178923601644795e+00 3.612732064275570869e+09
1.578467639296051495e+00 4.007296163685071468e+09
1.584781509853235626e+00 4.721842505698434830e+09
1.591120635892648405e+00 4.626298727217536926e+09
1.597485118436219098e+00 4.641803553166888237e+09
1.603875058909963958e+00 3.960694954907110691e+09
1.610290559145603595e+00 3.110666014296813488e+09
1.616731721382186127e+00 2.345493993267026901e+09
1.623198648267714761e+00 1.667765153470112324e+09
1.629691442860785600e+00 1.352632764844314098e+09
1.636210208632228769e+00 1.465072998240556240e+09
1.642755049466757766e+00 1.563132909470221281e+09
1.649326069664624805e+00 1.659302978716526985e+09
1.655923373943283039e+00 1.546184453889275551e+09
1.662547067439056336e+00 1.638289775753970861e+09
1.669197255708812611e+00 4.681606972151855826e+08
1.675874044731648027e+00 9.946055025973943472e+08
1.682577540910574321e+00 1.303740147890865564e+09
1.689307851074216771e+00 9.388780221790847778e+08
1.696065082478513508e+00 7.657605404444569349e+08
1.702849342808427480e+00 6.712807621109347343e+08
1.709660740179661298e+00 8.609763659405689240e+08
1.716499383140379864e+00 8.079410127069947720e+08
1.723365380672941427e+00 7.795851842709769011e+08
1.730258842195633306e+00 6.029565392623027563e+08
1.737179877564415831e+00 5.598957589171477556e+08
1.744128597074673603e+00 4.883334265950621963e+08
1.751105111462972097e+00 4.500446988760087490e+08
1.758109531908824241e+00 3.134697941227211356e+08
1.765141970036459451e+00 2.070001488165655136e+08
1.772202537916605314e+00 1.434015548216581643e+08
1.779291348068271716e+00 1.078304236972577572e+08
1.786408513460544745e+00 7.435232436579543352e+07
1.793554147514387020e+00 2.708554908801897615e+07
1.800728364104444257e+00 4.249079943720818311e+07
1.807931277560862249e+00 1.617784643287223950e+07
1.815163002671105641e+00 1.932886616632700711e+07
1.822423654681789795e+00 2.296428270093073696e+07
1.829713349300517100e+00 5.468771607835753821e+06
1.837032202697718830e+00 4.492723013883190230e+06
1.844380331508509885e+00 1.630775526508341171e+07
1.851757852834543527e+00 1.526274387142162956e+07
1.859164884245881888e+00 9.701735985866812989e+06
1.866601543782865358e+00 3.577104228361200541e+06
1.874067949957996859e+00 3.303542649028923828e+06
1.881564221757828781e+00 3.884683454795083404e+07
1.889090478644860127e+00 2.663003544060787559e+07
1.896646840559439662e+00 4.699393166363901645e+07
1.904233427921677269e+00 1.548325905473043770e+07
1.911850361633363971e+00 1.643526271226676181e+07
1.919497763079897279e+00 2.229641844334177673e+07
1.927175754132217200e+00 1.304478024662908725e+07
1.934884457148745796e+00 1.080879361009787396e+07
1.942623994977340729e+00 1.630943861163667962e+07
1.950394490957250149e+00 2.504852980511151999e+07
1.958196068921079336e+00 2.712567008993828669e+07
1.966028853196763793e+00 5.434814168180546910e+07
1.973892968609550991e+00 5.925445688815720379e+07
1.981788540483989447e+00 8.171833851402762532e+07
1.989715694645925126e+00 1.086901449180646837e+08
1.997674557424508723e+00 1.490494543425236344e+08
2.005665255654207169e+00 1.598734213799091876e+08
2.013687916676823786e+00 1.994529293178253174e+08
2.021742668343530891e+00 2.154222955276193023e+08
2.029829639016905052e+00 2.281240185986944437e+08
2.037948957572972564e+00 2.886728973083980083e+08
2.046100753403264694e+00 3.388160335359158516e+08
2.054285156416877811e+00 3.406521979879935384e+08
2.062502297042545507e+00 3.768047913276235461e+08
2.070752306230715600e+00 3.825246452080099583e+08
2.079035315455638244e+00 3.739422172366822958e+08
2.087351456717461140e+00 3.879032991566308737e+08
2.095700862544330967e+00 3.761791984220713973e+08
2.104083665994508134e+00 3.675979828471570015e+08
2.112500000658485977e+00 3.628725191614738703e+08
2.120950000661120161e+00 3.474012574703267813e+08
2.129433800663764753e+00 3.469251879477929473e+08
2.137951535866419839e+00 3.383214629834805727e+08
2.146503342009885351e+00 3.207036981015344858e+08
2.155089355377924676e+00 3.000725324619137645e+08
2.163709712799436691e+00 2.667534030071014166e+08
2.172364551650634468e+00 2.626215768895707428e+08
2.181054009857236853e+00 2.268991174570775628e+08
2.189778225896665376e+00 2.000237052434328198e+08
2.198537338800252705e+00 9.091082215490797162e+07
2.207331488155453325e+00 8.775198418395160139e+07
2.216160814108075083e+00 1.225357173992105871e+08
2.225025457364507631e+00 9.570743753075210750e+07
2.233925559193965515e+00 7.983740981711900234e+07
2.242861261430741493e+00 6.018646002302244306e+07
2.251832706476463830e+00 5.103724328408420086e+07
2.260840037302370042e+00 4.201787988536585122e+07
2.269883397451579299e+00 4.961326154001164436e+07
2.278962931041386142e+00 4.604586724721691012e+07
2.288078782765551100e+00 4.279557214624758065e+07
2.297231097896613505e+00 3.683204830504913628e+07
2.306420022288200311e+00 6.400982154635985941e+07
2.315645702377353121e+00 5.334681491494511813e+07
2.324908285186861878e+00 3.129539379401395097e+07
2.334207918327609654e+00 3.454783377538119256e+07
2.343544750000919663e+00 2.987370768459682167e+07
2.352918929000923143e+00 3.823882823297006637e+07
2.362330604716927240e+00 5.624658559920664132e+07
2.371779927135795329e+00 2.768053045171929523e+07
2.381267046844337987e+00 4.344208826758392155e+07
2.390792115031715070e+00 6.003799812128143758e+07
2.400355283491842240e+00 7.183928878655539453e+07
2.409956704625809465e+00 7.544601972931966186e+07
2.419596531444312859e+00 6.852522634421247244e+07
2.429274917570089620e+00 9.817720131714743376e+07
2.438992017240370291e+00 9.730964994823637605e+07
2.448747985309331465e+00 8.261990561002463102e+07
2.458542977250568917e+00 1.230279275620421469e+08
2.468377149159570738e+00 1.110767992319041044e+08
2.478250657756209563e+00 7.766819406375831366e+07
2.488163660387234355e+00 6.886799891990767419e+07
2.498116315028783063e+00 5.276205284311853349e+07
2.508108780288898387e+00 3.139790104303449020e+07
2.518141215410053757e+00 1.966153286341524124e+07
2.528213780271693967e+00 8.098005650315023959e+06
2.538326635392781139e+00 8.653239389406269416e+06
2.548479941934351789e+00 3.319792034898092505e+06
2.558673861702089436e+00 7.846594145592874847e+06
2.568908557148898097e+00 2.097283963937988970e+06
2.579184191377493551e+00 2.018913383627783973e+06
2.589500928143003478e+00 1.107757793122636853e+06
2.599858931855575594e+00 2.221174333282486070e+06
2.610258367582998229e+00 2.144724499948340934e+06
2.620699401053329769e+00 4.751251565289930440e+06
2.631182198657543214e+00 5.015541821393847466e+06
2.641706927452173392e+00 2.499633263942817226e+07
2.652273755161981938e+00 1.581514125394361839e+07
2.662882850182629824e+00 1.630602193978585303e+06
2.673534381583360542e+00 3.895840990691339248e+05
2.684228519109693956e+00 1.259854122597222682e+06
2.694965433186132575e+00 3.879265901153731160e+06
2.705745294918877164e+00 4.114651827932522167e+06
2.716568276098552559e+00 4.631742178029376082e+06
2.727434549202946812e+00 1.194340601684016362e+07
2.738344287399758326e+00 2.732980002316781785e+06
2.749297664549357201e+00 9.726259782822538167e+06
2.760294855207554576e+00 3.103119483974439092e+06
2.771336034628385292e+00 4.506531338868170977e+06
2.782421378766898545e+00 3.036277748312816955e+06
2.793551064281966312e+00 9.756889163214851171e+06
2.804725268539093985e+00 5.953789703631632030e+06
2.815944169613250558e+00 1.324370541368490085e+07
2.827207946291703244e+00 2.871425832215284556e+07
2.838516778076869862e+00 1.453581559121025726e+07
2.849870845189177437e+00 2.593958793087524921e+07
2.861270328569933685e+00 3.503215328644157946e+07
2.872715409884213589e+00 4.267989775220649689e+07
2.884206271523750420e+00 4.742500899628867209e+07
2.895743096609845413e+00 7.026696994466170669e+07
2.907326068996284985e+00 5.904097053653433174e+07
2.918955373272270393e+00 8.017420125323686004e+07
2.930631194765359826e+00 1.474510607546757162e+08
2.942353719544420709e+00 1.222156090204185247e+08
2.954123134422598440e+00 1.282327740200013518e+08
2.965939626960289122e+00 1.434851126981352866e+08
2.977803385468130504e+00 1.389172916349337101e+08
2.989714599010003138e+00 2.236994268892878294e+08
3.001673457406043077e+00 5.166648894080433995e+07
3.013680151235667015e+00 1.935863213708620965e+08
3.025734871840609408e+00 2.911378371117182374e+08
3.037837811327972037e+00 2.636803892611252666e+08
3.049989162573283785e+00 1.601523191525448561e+08
3.062189119223576395e+00 3.924213429674975872e+08
3.074437875700470890e+00 3.378187352330480218e+08
3.086735627203272880e+00 2.956445794496211410e+08
3.099082569712085622e+00 2.842331289567655325e+08
3.111478899990933744e+00 1.968968006982398927e+08
3.123924815590897186e+00 3.338805333402944207e+08
3.136420514853261121e+00 2.280023695649966598e+08
3.148966196912674320e+00 1.814381610674431622e+08
3.161562061700325277e+00 1.550556729791277349e+08
3.174208309947126327e+00 1.386626252327371836e+08
3.186905143186915090e+00 9.308771598729626834e+07
3.199652763759662566e+00 4.952240407547428459e+07
3.212451374814701222e+00 4.534138566167615354e+07
3.225301180313960625e+00 4.864259764762139320e+07
3.238202385035215958e+00 7.830217559992231429e+07
3.251155194575356955e+00 8.896293995685335994e+07
3.264159815353658622e+00 9.011408183826611936e+07
3.277216454615073271e+00 1.445471074637341499e+08
3.290325320433533207e+00 2.322822847516736388e+08
3.303486621715267635e+00 1.297022547125920653e+08
3.316700568202128441e+00 4.486228221596210264e+06
3.329967370474937294e+00 1.345058949832562171e+07
3.343287239956836743e+00 8.774368961138817668e+07
3.356660388916663962e+00 1.185194665054121315e+08
3.370087030472330714e+00 1.516764639645976126e+08
3.383567378594220187e+00 1.163126029724140167e+08
3.397101648108596716e+00 1.168334236690929532e+08
3.410690054701031482e+00 1.067612235506548733e+08
3.424332814919834878e+00 1.246166126536251605e+08
3.438030146179514634e+00 1.446981605147857070e+08
3.451782266764232610e+00 1.383369492706667781e+08
3.465589395831289998e+00 1.838180790737821162e+08
3.479451753414614767e+00 1.716405186674579978e+08
3.493369560428273068e+00 2.315483137173526287e+08
3.507343038669985980e+00 3.620115951647642255e+08
3.521372410824665788e+00 3.499422219618375897e+08
3.535457900467964709e+00 2.951567079566870928e+08
3.549599732069836477e+00 4.126186454769548774e+08
3.563798130998116154e+00 4.815610502970455885e+08
3.578053323522108364e+00 5.567903816856011152e+08
3.592365536816196858e+00 5.860719209840421677e+08
3.606734998963461614e+00 5.391616878951734304e+08
3.621161938959315041e+00 7.882505553833127022e+08
3.635646586715152839e+00 1.073828459056547165e+09
3.650189173062013293e+00 1.145476700598150253e+09
3.664789929754260545e+00 1.338187368883836985e+09
3.679449089473277645e+00 1.529794450893997192e+09
3.694166885831170699e+00 1.495096937763209581e+09
3.708943553374495661e+00 1.575763506721879244e+09
3.723779327587993571e+00 1.655258319083900690e+09
3.738674444898345328e+00 1.971368028021517992e+09
3.753629142677938901e+00 2.247974949827236176e+09
3.768643659248651190e+00 2.028449759170633078e+09
3.783718233885645432e+00 1.823599435909061432e+09
3.798853106821188153e+00 2.142024676295754194e+09
3.814048519248473657e+00 2.757477519312920094e+09
3.829304713325467180e+00 3.153366084516481876e+09
3.844621932178768908e+00 2.096564642775033236e+09
3.860000419907484215e+00 2.707962159296002865e+09
3.875440421587113882e+00 2.785981648683762074e+09
3.890942183273462529e+00 2.970876608010718822e+09
3.906505952006555926e+00 2.956089294851628780e+09
3.922131975814582727e+00 3.135632864104148388e+09
3.937820503717840648e+00 3.433518639029749393e+09
3.953571785732711508e+00 3.227712726772411823e+09
3.969386072875642490e+00 3.472777500348242283e+09
3.985263617167145167e+00 3.476009469516860485e+09
4.001204671635814059e+00 3.177522526159551620e+09
4.017209490322357190e+00 3.233425528807044506e+09
4.033278328283646630e+00 2.916229692494366646e+09
4.049411441596781458e+00 2.559196028479721546e+09
4.065609087363168506e+00 2.342747296293390274e+09
4.081871523712622185e+00 1.888013071220329046e+09
4.098199009807472315e+00 1.827549272028502941e+09
4.114591805846702144e+00 1.619928934557558775e+09
4.131050173070089038e+00 1.294859945934274435e+09
4.147574373762369149e+00 1.498198625415849686e+09
4.164164671257418959e+00 1.370757080941832781e+09
4.180821329942449260e+00 1.238548123942855597e+09
4.197544615262219558e+00 1.535813864396144867e+09
4.214334793723269357e+00 1.574120183239437819e+09
4.231192132898162761e+00 1.670681885024196386e+09
4.248116901429755288e+00 1.555630271154462099e+09
4.265109369035473996e+00 1.954577660385352612e+09
4.282169806511615384e+00 1.194297693770409107e+09
4.299298485737661935e+00 2.791031459478724599e+08
4.316495679680612874e+00 3.407907254222931862e+08
4.333761662399335357e+00 9.674984588342940807e+08
4.351096709048932532e+00 1.182135758908713102e+09
4.368501095885127583e+00 1.424986715918340921e+09
4.385975100268668214e+00 1.232213609800512552e+09
4.403519000669743555e+00 1.079575451472676516e+09
4.421133076672422391e+00 9.997643071285853386e+08
4.438817608979111817e+00 5.978774433484103680e+08
4.456572879415028332e+00 6.501412025340870619e+08
4.474399170932688463e+00 4.416298718923524022e+08
4.492296767616419828e+00 4.111316834831508994e+08
4.510265954686884626e+00 3.355890708044478297e+08
4.528307018505633330e+00 2.286531395387073457e+08
4.546420246579655711e+00 2.115050441526795924e+08
4.564605927565974497e+00 1.836132124997168779e+08
4.582864351276237258e+00 1.903294435674934387e+08
4.601195808681342925e+00 1.730045686710436046e+08
4.619600591916067422e+00 1.885252915251535475e+08
4.638078994283731937e+00 2.823730126494359374e+08
4.656631310260867629e+00 4.089565522997606397e+08
4.675257835501911430e+00 3.280010900731146932e+08
4.693958866843916944e+00 3.555727235571998358e+08
4.712734702311292878e+00 2.541773021726050973e+08
4.731585641120538810e+00 1.974386590254859924e+08
4.750511983685020923e+00 2.703463005299788117e+08
4.769514031619761063e+00 2.476755929186666310e+08
4.788592087746240011e+00 2.141995351582081914e+08
4.807746456097224730e+00 3.325152909938759804e+08
4.826977441921613377e+00 3.949310501391783953e+08
4.846285351689299858e+00 2.649998824849234819e+08
4.865670493096057925e+00 5.364777588172780871e+08
4.885133175068442135e+00 4.942592972976613641e+08
4.904673707768715474e+00 4.321738678849197030e+08
4.924292402599791174e+00 5.826109559932304621e+08
4.943989572210189642e+00 4.933115455055328012e+08
4.963765530499030021e+00 4.407512050798023939e+08
4.983620592621027079e+00 6.729187423560260534e+08
5.003555074991511198e+00 7.457574662808506489e+08
5.023569295291476777e+00 2.755508199334912300e+08
5.043663572472643075e+00 8.109216688448579311e+08
5.063838226762532813e+00 9.510177964175114632e+08
5.084093579669583640e+00 4.470613704563651085e+08
5.104429953988261381e+00 5.741689786367096901e+08
5.124847673804215020e+00 6.783607359188207388e+08
5.145347064499431688e+00 2.035791450678038597e+08
5.165928452757428957e+00 4.354805337882615328e+08
5.186592166568458673e+00 6.686227758907119036e+08
5.207338535234733001e+00 1.339453190414628685e+08
5.228167889375671784e+00 3.377785482433416247e+08
5.249080560933174766e+00 3.936454699019455314e+08
5.270076883176907145e+00 3.817766978019579053e+08
5.291157190709615321e+00 2.619252060643326938e+08
5.312321819472453299e+00 4.258681136165060401e+08
5.333571106750343738e+00 5.016456416000410914e+08
5.354905391177344320e+00 1.061341628940665871e+08
5.376325012742054099e+00 2.347938328360064626e+08
5.397830312793021612e+00 3.713762292408255935e+08
5.419421634044193858e+00 6.251554504571768641e+07
5.441099320580370602e+00 2.083299889017101526e+08
5.462863717862692425e+00 1.118263089576736838e+08
5.484715172734142996e+00 1.640527931139697134e+08
5.506654033425078865e+00 2.179676339747109711e+08
5.528680649558780580e+00 1.314698184338364005e+08
5.550795372157015350e+00 1.019699831355673522e+08
5.572998553645643227e+00 6.449885940015356988e+07
5.595290547860225949e+00 1.194794067083181590e+08
5.617671710051667766e+00 1.093237022022785246e+08
5.640142396891874021e+00 5.607277419532392919e+07
5.662702966479441713e+00 1.037614286832662076e+08
5.685353778345359821e+00 7.455595875210398436e+07
5.708095193458740724e+00 7.135511273957625031e+07
5.730927574232576482e+00 5.178217637540396303e+07
5.753851284529505783e+00 4.942048492551971227e+07
5.776866689667624399e+00 6.026023026415318996e+07
5.799974156426294769e+00 1.202348555588559359e+08
5.823174053051999977e+00 3.473161205814835429e+07
5.846466749264207508e+00 8.599869471235866845e+07
5.869852616261264977e+00 3.251725221030046418e+07
5.893332026726310069e+00 3.028693341290330887e+07
5.916905354833215114e+00 7.655750129810900986e+07
5.940572976252548543e+00 3.005454813421280310e+07
5.964335268157558545e+00 6.637585215879430622e+07
5.988192609230189589e+00 5.529393230312079191e+07
6.012145379667110490e+00 9.211432176667363942e+07
6.036193961185778889e+00 7.926329501248204708e+07
6.060338737030522616e+00 2.976796949438452348e+07
6.084580091978644134e+00 7.736529163218292594e+07
6.108918412346558746e+00 4.732641608057976514e+07
6.133354085995945226e+00 7.895920717027492821e+07
6.157887502339929320e+00 4.611435550579994172e+07
6.182519052349287669e+00 5.358727740220349282e+07
6.207249128558685491e+00 1.175216695741219670e+08
6.232078125072920471e+00 1.404067490772330761e+08
6.257006437573212843e+00 2.161293800159127116e+08
6.282034463323505236e+00 1.702224269470485151e+08
6.307162601176800720e+00 2.884142418230370879e+08
6.332391251581507063e+00 1.315588527778289765e+08
6.357720816587833390e+00 8.434653054856823385e+07
6.383151699854184180e+00 7.514181045600210130e+07
6.408684306653601226e+00 3.507942734563663602e+07
6.434319043880215361e+00 4.881271838811233640e+07
6.460056320055736379e+00 6.131506122616933286e+07
6.485896545335958052e+00 1.996514505013145134e+07
6.511840131517302233e+00 3.930861101240184158e+07
6.537887492043371829e+00 5.872680277871097624e+07
6.564039042011545533e+00 2.929257810997103900e+07
6.590295198179591196e+00 3.279061690025030822e+07
6.616656378972309405e+00 4.413819804324629158e+07
6.643123004488199257e+00 4.016682301955588162e+07
6.669695496506150789e+00 4.903716843925908953e+07
6.696374278492176479e+00 8.170204987834282219e+07
6.723159775606144528e+00 5.845224946367631853e+07
6.750052414708568094e+00 1.240393171492279917e+08
6.777052624367403411e+00 6.007797478519534320e+07
6.804160834864871887e+00 8.293211060871680081e+07
6.831377478204331055e+00 8.746226235498711467e+07
6.858702988117148180e+00 3.741624511972988397e+07
6.886137800069615622e+00 1.050630954847322702e+08
6.913682351269895499e+00 1.262188253891748339e+08
6.941337080674975013e+00 1.653415815293725133e+08
6.969102428997675069e+00 7.265771592017297447e+07
6.996978838713665994e+00 1.086264253040841967e+08
7.024966754068519670e+00 1.148801322366675735e+08
7.053066621084793653e+00 6.216379098774603754e+07
7.081278887569133929e+00 1.500900387736412287e+08
7.109604003119409654e+00 1.299728329851927310e+08
7.138042419131887861e+00 1.239810804564954191e+08
7.166594588808414379e+00 7.514400877136582136e+07
7.195260967163648047e+00 1.036266944410710037e+08
7.224042011032302923e+00 1.179261305446849912e+08
7.252938179076432235e+00 1.042538506746992320e+08
7.281949931792737196e+00 7.127760843149584532e+07
7.311077731519908696e+00 1.015797872157398015e+08
7.340322042445988515e+00 5.776406673720433563e+07
7.369683330615771411e+00 8.541031472364346683e+07
7.399162063938235612e+00 1.024541096364897043e+08
7.428758712193988423e+00 9.902448460185286403e+07
7.458473747042765112e+00 5.831721657495012134e+07
7.488307642030935796e+00 8.581427860345311463e+07
7.518260872599060285e+00 1.254219763102416843e+08
7.548333916089456253e+00 1.299898914580638558e+08
7.578527251753813587e+00 1.058399012451500595e+08
7.608841360760829176e+00 1.065929085501256436e+08
7.639276726203872769e+00 1.726152576639869511e+08
7.669833833108687493e+00 2.825025670682000369e+07
7.700513168441122325e+00 6.189751608958110213e+07
7.731315221114887670e+00 7.810544796679575741e+07
7.762240481999347352e+00 7.675028745518741012e+07
7.793289443927344351e+00 1.235338741843013316e+08
7.824462601703054077e+00 1.360848310252737999e+08
7.855760452109866065e+00 1.191485183649742156e+08
7.887183493918306532e+00 8.976609938091145456e+07
7.918732227893980458e+00 1.117286178280840516e+08
7.950407156805555431e+00 1.427340381462097764e+08
7.982208785432777454e+00 1.843790019758366942e+08
8.014137620574508958e+00 1.332403847257760763e+08
8.046194171056805899e+00 1.296324182729311585e+08
8.078378947741034821e+00 1.443234243703596890e+08
8.110692463531997021e+00 2.368779943250567317e+08
8.143135233386125549e+00 1.840948515469320118e+08
8.175707774319670662e+00 1.707715918526624143e+08
8.208410605416949224e+00 1.717499749712772965e+08
8.241244247838615422e+00 1.790277648994876444e+08
8.274209224829968790e+00 2.435140462643203139e+08
8.307306061729288871e+00 2.557022618605957329e+08
8.340535285976207192e+00 2.308623912631912231e+08
8.373897427120111203e+00 2.026602785769243240e+08
8.407393016828594412e+00 2.595366496243380308e+08
8.441022588895906509e+00 2.770368091374067664e+08
8.474786679251490540e+00 2.842223614148112535e+08
8.508685825968495209e+00 2.060214159106807411e+08
8.542720569272368891e+00 2.841951124571580887e+08
8.576891451549458978e+00 3.080794040461639762e+08
8.611199017355655627e+00 2.863019157393079996e+08
8.645643813425078150e+00 2.167734370442131460e+08
8.680226388678779159e+00 2.595271062741754353e+08
8.714947294233493125e+00 3.133192881224548817e+08
8.749807083410427566e+00 2.766716562536039948e+08
8.784806311744070229e+00 2.009372387550352514e+08
8.819945536991047774e+00 2.449567235416426361e+08
8.855225319139009343e+00 3.202685850134497285e+08
8.890646220415566958e+00 2.897529539829316139e+08
8.926208805297228821e+00 1.917304522831670642e+08
8.961913640518417878e+00 1.809546258745352030e+08
8.997761295080492161e+00 2.561658252908981740e+08
9.033752340260813085e+00 2.646719730415325165e+08
9.069887349621856387e+00 2.190345265278961062e+08
9.106166899020346150e+00 2.554976287988180220e+08
9.142591566616424359e+00 2.129674568963184059e+08
9.179161932882891506e+00 2.432007636896707118e+08
9.215878580614422333e+00 1.778821388256988227e+08
9.252742094936881045e+00 2.798950532131633162e+08
9.289753063316627646e+00 1.922371303095980287e+08
9.326912075569895322e+00 1.820533342973641753e+08
9.364219723872173162e+00 2.209801568412930667e+08
9.401676602767663482e+00 2.304740514029599726e+08
9.439283309178733816e+00 2.348826833779139519e+08
9.477040442415447075e+00 1.826134489259140790e+08
9.514948604185111236e+00 1.918552700256334245e+08
9.553008398601852136e+00 1.911769333529158533e+08
9.591220432196260859e+00 2.640357732144141495e+08
9.629585313925044687e+00 2.420298753341394663e+08
9.668103655180747324e+00 1.735352848401414454e+08
9.706776069801470896e+00 1.995607503068238199e+08
9.745603174080676112e+00 2.248142562163606584e+08
9.784585586776998412e+00 2.725970532132610679e+08
9.823723929124106746e+00 2.584745875213903487e+08
9.863018824840601440e+00 2.124668203076892793e+08
9.902470900139965337e+00 1.979245804179174900e+08
9.942080783740523842e+00 2.422641566804154515e+08
9.981849106875488431e+00 3.018157188272307515e+08
1.002177650330298952e+01 2.870003349165819883e+08
1.006186360931619994e+01 1.803819643462547660e+08
1.010211106375346723e+01 1.948434663670999408e+08
1.014251950800847979e+01 2.589678566956652701e+08
1.018308958604051284e+01 2.791178720579282045e+08
1.022382194438467451e+01 2.784277977145279646e+08
1.026471723216221399e+01 2.356575322133644521e+08
1.030577610109086173e+01 1.898296646285625696e+08
1.034699920549522467e+01 3.754430506957128644e+07
1.038838720231720458e+01 4.892842477002249658e+07
1.042994075112647501e+01 9.283395677807897329e+07
1.047166051413097954e+01 1.243293093233809620e+08
1.051354715618750468e+01 1.121764735030720234e+08
1.055560134481225454e+01 1.446648934349161685e+08
1.059782375019150358e+01 1.728908087857464552e+08
1.064021504519226902e+01 1.455266717005622089e+08
1.068277590537303823e+01 1.005722667626935095e+08
1.072550700899452991e+01 4.385724162215121835e+07
1.076840903703050856e+01 4.977726274721929431e+07
1.081148267317863088e+01 8.761921994783125818e+07
1.085472860387134553e+01 1.260839854668732882e+08
1.089814751828683015e+01 1.450386171750049889e+08
1.094174010835997635e+01 1.423318632039109468e+08
1.098550706879341909e+01 1.398191638944892585e+08
1.102944909706859100e+01 1.386006219308483899e+08
1.107356689345686540e+01 1.999217511345815063e+08
1.111786116103069233e+01 1.957736004715866745e+08
1.116233260567481622e+01 2.200033045550785363e+08
1.120698193609751492e+01 1.626889159904348552e+08
1.125180986384190440e+01 1.229766276054779589e+08
1.129681710329727373e+01 2.039116690785725415e+08
1.134200437171046083e+01 2.041563062517420352e+08
1.138737238919730466e+01 1.918134646835442185e+08
1.143292187875409383e+01 2.157617863292616904e+08
1.147865356626910938e+01 1.526089846070704460e+08
1.152456818053418530e+01 1.190046423026731759e+08
1.157066645325632237e+01 1.663577366614814997e+08
1.161694911906934635e+01 1.892411091432252526e+08
1.166341691554562487e+01 1.714079531488478482e+08
1.171007058320780736e+01 8.894687483993600309e+07
1.175691086554063958e+01 1.277642895041743964e+08
1.180393850900279951e+01 1.173857174005762488e+08
1.185115426303881137e+01 1.613580646646758616e+08
1.189855888009096674e+01 1.620284644345140755e+08
1.194615311561133097e+01 1.605037422923558056e+08
1.199393772807377623e+01 9.653100496677710116e+07
1.204191347898607134e+01 1.404644951498698294e+08
1.209008113290201614e+01 8.613431381195996702e+07
1.213844145743362368e+01 1.561832703439128101e+08
1.218699522326335938e+01 1.706278092460411191e+08
1.223574320415641381e+01 1.161634454226559401e+08
1.228468617697303777e+01 1.016573940359785259e+08
1.233382492168093059e+01 1.364052863789843619e+08
1.238316022136765504e+01 8.260724203811180592e+07
1.243269286225312520e+01 1.134295322734950930e+08
1.248242363370213859e+01 1.414299191404267251e+08
1.253235332823694748e+01 8.310616259887787700e+07
1.258248274154989410e+01 9.084030908123041689e+07
1.263281267251609385e+01 1.308563200980657190e+08
1.268334392320615756e+01 1.018693598727863729e+08
1.273407729889898299e+01 9.435117459674862027e+07
1.278501360809457665e+01 1.327305934671636820e+08
1.283615366252695544e+01 8.952008380550713837e+07
1.288749827717706253e+01 9.678802214550764859e+07
1.293904827028577031e+01 1.189676088602434546e+08
1.299080446336691352e+01 1.097524064641702473e+08
1.304276768122038099e+01 8.401144835534988344e+07
1.309493875194526424e+01 1.142804351740736216e+08
1.314731850695304693e+01 1.026746866254057437e+08
1.319990778098085649e+01 1.110256496591742784e+08
1.325270741210477965e+01 8.456628625854913890e+07
1.330571824175319939e+01 9.777652984078359604e+07
1.335894111472021173e+01 9.197370278239077330e+07
1.341237687917909227e+01 7.142036053852359951e+07
1.346602638669580898e+01 7.950969202136470377e+07
1.351989049224258999e+01 1.044756911181583852e+08
1.357397005421156067e+01 1.000154110170245618e+08
1.362826593442840917e+01 1.018334241347025037e+08
1.368277899816612297e+01 9.540077488877733052e+07
1.373751011415878942e+01 8.465643430055196583e+07
1.379246015461542463e+01 9.682684376016774774e+07
1.384762999523388416e+01 9.652401472398199141e+07
1.390302051521481808e+01 1.017425991175505966e+08
1.395863259727567751e+01 1.014474759241934270e+08
1.401446712766477987e+01 6.215404522807946801e+07
1.407052499617543972e+01 8.602585743980798125e+07
1.412680709616014063e+01 8.099468265370146930e+07
1.418331432454478147e+01 6.795711356417186558e+07
1.424004758184296193e+01 8.551070628994432092e+07
1.429700777217033369e+01 8.766323786271207035e+07
1.435419580325901379e+01 6.759718513288743794e+07
1.441161258647204946e+01 7.037200909457738698e+07
1.446925903681793812e+01 6.269185798976784945e+07
1.452713607296521126e+01 5.794676228738304228e+07
1.458524461725707155e+01 9.003394692625904083e+07
1.464358559572609764e+01 9.281922380806146562e+07
1.470215993810900557e+01 8.405191723894570768e+07
1.476096857786143879e+01 8.551592478077995777e+07
1.482001245217288599e+01 8.567616468279471993e+07
1.487929250198157760e+01 6.790612936427985132e+07
1.493880967198950316e+01 6.292996683361521363e+07
1.499856491067746056e+01 8.215280337052644789e+07
1.505855917032016933e+01 7.541353458716505766e+07
1.511879340700144958e+01 7.927566043524961174e+07
1.517926858062945605e+01 6.256645383751014620e+07
1.523998565495197433e+01 8.370404956197212636e+07
1.530094559757178274e+01 7.868836858753842115e+07
1.536214937996206764e+01 6.364936705157370120e+07
1.542359797748191674e+01 7.308756127032209933e+07
1.548529236939184450e+01 6.452776598197926581e+07
1.554723353886941339e+01 5.463658317609998584e+07
1.560942247302489072e+01 5.305022028063253313e+07
1.567186016291699069e+01 5.200497053332690150e+07
1.573454760356865556e+01 4.645424809964609891e+07
1.579748579398293096e+01 4.471093495098732412e+07
1.586067573715886247e+01 5.390745612787617743e+07
1.592411844010749888e+01 5.070401012405786663e+07
1.598781491386792730e+01 4.039839803453019261e+07
1.605176617352340074e+01 5.773214240289683640e+07
1.611597323821749228e+01 4.866605348814518750e+07
1.618043713117036120e+01 5.670084297231364995e+07
1.624515887969504391e+01 4.425105920220111310e+07
1.631013951521382310e+01 5.357917389872471243e+07
1.637538007327468037e+01 5.880584685139709711e+07
1.644088159356778078e+01 5.888036074723277241e+07
1.650664511994205341e+01 5.553661302064464986e+07
1.657267170042182158e+01 5.047497463852749765e+07
1.663896238722350418e+01 4.055043677281871438e+07
1.670551823677240222e+01 4.734184523339873552e+07
1.677234030971949608e+01 5.345339582889875025e+07
1.683942967095837062e+01 4.481716896340525150e+07
1.690678738964220429e+01 3.289819012302251533e+07
1.697441453920077237e+01 4.802351181457660347e+07
1.704231219735757108e+01 5.374897749627169222e+07
1.711048144614700561e+01 3.597502441285293549e+07
1.717892337193159236e+01 4.130484319977200776e+07
1.724763906541932101e+01 3.737787300601767004e+07
1.731662962168099895e+01 4.282684720960470289e+07
1.738589614016772344e+01 3.305270221145624295e+07
1.745543972472839300e+01 4.636402654192487150e+07
1.752526148362730751e+01 3.530244780843745172e+07
1.759536252956181812e+01 3.330739458835070580e+07
1.766574397968006238e+01 4.253276243549151719e+07
1.773640695559878466e+01 3.714763561825621873e+07
1.780735258342117433e+01 4.589073884719763696e+07
1.787858199375486024e+01 4.634675772077883035e+07
1.795009632172988034e+01 3.660331648757951707e+07
1.802189670701679702e+01 3.798709617067781091e+07
1.809398429384486562e+01 3.897965154048313200e+07
1.816636023102024211e+01 2.813095092215982080e+07
1.823902567194432578e+01 3.117298354744207114e+07
1.831198177463210186e+01 2.662702774799883738e+07
1.838522970173062987e+01 3.717510828444468975e+07
1.845877062053754969e+01 3.856514285124955326e+07
1.853260570301970134e+01 3.326569551115274057e+07
1.860673612583178027e+01 3.000243458005361632e+07
1.868116307033510637e+01 2.980886290683296323e+07
1.875588772261644976e+01 3.341568614438201115e+07
1.883091127350691352e+01 4.167989730148261040e+07
1.890623491860094063e+01 3.600999299603468180e+07
1.898185985827534594e+01 2.438933562719453126e+07
1.905778729770844748e+01 3.014752212238622829e+07
1.913401844689928311e+01 3.430120202889793366e+07
1.921055452068688041e+01 2.568845048371449113e+07
1.928739673876962968e+01 2.075631718487552553e+07
1.936454632572470658e+01 2.088033362391757593e+07
1.944200451102760141e+01 2.145967356702892110e+07
1.951977252907171589e+01 2.825810371112158149e+07
1.959785161918800256e+01 2.307089874906310439e+07
1.967624302566475691e+01 2.591196193561585993e+07
1.991079942767366973e+01 2.343381570631515607e+07
2.030901541622714390e+01 2.351383144839946181e+07
2.071519572455168756e+01 2.163122884980407357e+07
2.112949963904272010e+01 1.706530892369139940e+07
2.155208963182357707e+01 1.751076436665297672e+07
2.198313142446004420e+01 1.462901186976031028e+07
2.242279405294924643e+01 1.375048611076146364e+07
2.287124993400822959e+01 1.517834884722283855e+07
2.332867493268839709e+01 1.464874232874072343e+07
2.379524843134216638e+01 9.219875449329223484e+06
2.427115339996900900e+01 1.521992380891023576e+07
2.475657646796839018e+01 1.232429456727297045e+07
2.525170799732775961e+01 7.285692182872401550e+06
2.575674215727431715e+01 1.040493304532640427e+07
2.627187700041980278e+01 8.917875624287642539e+06
2.679731454042819649e+01 6.131348371988430619e+06
2.733326083123676042e+01 9.139344231016719714e+06
2.787992604786149542e+01 6.443188745055261999e+06
2.843752456881871993e+01 4.157902926719808020e+06
2.900627506019509738e+01 5.939368194028736092e+06
2.958640056139899599e+01 5.019294322800719179e+06
3.017812857262697435e+01 4.953472269908330403e+06
3.078169114407952023e+01 3.463343560419999529e+06
3.139732496696110431e+01 4.875778985221303999e+06
3.202527146630033172e+01 4.154843045604280662e+06
3.266577689562632969e+01 3.547782005348028615e+06
3.331909243353885586e+01 2.803276271886773873e+06
3.398547428220963695e+01 3.739275413036964368e+06
3.466518376785383282e+01 2.617507534779102542e+06
3.535848744321090464e+01 2.143526596107861027e+06
3.606565719207512188e+01 1.922840452528781258e+06
3.678697033591662802e+01 2.593351091941191815e+06
3.752270974263496583e+01 2.169331314929015934e+06
3.827316393748766643e+01 2.557084101634403225e+06
3.903862721623740839e+01 1.665786581536356127e+06
3.981939976056215613e+01 1.518335741106542759e+06
4.061578775577340394e+01 1.183835020158456871e+06
4.142810351088887444e+01 1.898456773976666853e+06
4.225666558110664539e+01 1.684531802168498747e+06
4.310179889272878029e+01 1.207249355619628914e+06
4.396383487058335504e+01 9.186885894141838653e+05
4.484311156799503095e+01 9.350080055546005024e+05
4.573997379935492091e+01 1.150687601837708149e+06
4.665477327534202345e+01 8.256614413264846662e+05
4.758786874084886165e+01 8.066458689144459786e+05
4.853962611566583973e+01 8.101338794566697907e+05
4.951041863797915710e+01 5.909400892938885372e+05
5.050062701073873939e+01 6.680674385318887653e+05
5.151063955095351332e+01 5.938156570357257733e+05
5.254085234197258103e+01 7.195419718499382725e+05
5.359166938881203635e+01 6.071503500844534719e+05
5.466350277658827395e+01 5.552832897915876238e+05
5.575677283212004198e+01 4.600963055049046525e+05
5.687190828876244098e+01 3.926725801216497784e+05
5.800934645453768468e+01 3.828980219386916142e+05
5.916953338362844050e+01 3.653416673385133035e+05
6.035292405130100946e+01 3.817129799032685114e+05
6.155998253232701956e+01 4.096086786820116104e+05
6.279118218297357146e+01 2.882910452300639590e+05
6.404700582663303976e+01 2.702649382778276340e+05
6.532794594316570169e+01 2.359859014677857340e+05
6.663450486202900436e+01 1.826484806809017609e+05
6.796719495926959098e+01 2.522310732212739531e+05
6.932653885845499531e+01 2.646983079005234758e+05
7.071306963562409464e+01 1.928830361967415665e+05
7.212733102833657028e+01 1.537113917045444832e+05
7.356987764890331505e+01 1.891609128699876019e+05
7.504127520188137623e+01 1.397473249281228636e+05
7.654210070591901172e+01 1.531723412539437704e+05
7.807294272003738911e+01 1.273043316145809804e+05
7.963440157443814371e+01 1.281583482134377264e+05
8.122708960592690630e+01 1.112675670956857066e+05
8.285163139804545551e+01 9.663442424822582689e+04
8.450866402600635752e+01 9.867869377585776965e+04
8.619883730652648524e+01 1.136357923167733825e+05
8.792281405265701721e+01 1.199575990266410663e+05
8.968127033371015955e+01 8.336560864791242057e+04
9.147489574038435478e+01 8.420390472499879252e+04
9.330439365519204387e+01 6.942592946143692825e+04
9.517048152829590890e+01 5.504627570388913591e+04
9.707389115886181230e+01 6.680051781389987445e+04
9.901536898203904968e+01 4.766406517628060828e+04
