# Wavelength [um]       Fp [W/m2/m]  
1.000553076518779783e-01 1.947653691176519756e-08
1.004555288824854897e-01 5.129196371273745926e-61
1.008573509980154326e-01 3.573786503272583523e-57
1.012607804020075053e-01 8.145146634725593600e-57
1.016658235236155422e-01 5.397030162439005788e-61
1.020724868177099870e-01 2.339155762076236181e-39
1.024807767649808382e-01 2.012749278338423580e-42
1.028906998720407612e-01 2.279664978326948271e-55
1.033022626715289355e-01 1.121110433038429335e-35
1.037154717222150413e-01 9.031796306968451154e-59
1.041303336091038839e-01 1.429087245308335743e-52
1.045468549435403099e-01 2.765794257078097109e-49
1.049650423633144702e-01 3.351423883420749294e-60
1.053849025327677214e-01 8.720254027362841445e-42
1.058064421428987906e-01 2.457047804373556948e-55
1.062296679114703990e-01 3.662928402448156155e-41
1.066545865831162732e-01 2.321003182347696503e-47
1.070812049294487533e-01 2.196194838999463386e-49
1.075095297491665408e-01 6.562151666107883658e-37
1.079395678681632220e-01 1.450669436776838731e-49
1.083713261396358624e-01 5.936360885005705982e-35
1.088048114441943909e-01 3.430010078242100521e-38
1.092400306899711654e-01 7.820963462445327908e-23
1.096769908127310511e-01 2.648096654106213224e-37
1.101156987759819850e-01 1.436356134899301845e-38
1.105561615710859147e-01 1.869965200281106608e-23
1.109983862173702651e-01 2.213619558010306371e-28
1.114423797622397516e-01 1.602477521944914189e-33
1.118881492812886930e-01 1.283217068194242704e-37
1.123357018784138517e-01 1.130901889108786893e-33
1.127850446859275102e-01 1.239313091747758294e-18
1.132361848646712132e-01 9.120850095107816689e-22
1.136891296041298988e-01 4.048484980169584735e-21
1.141438861225464035e-01 1.491931727205002710e-20
1.146004616670366072e-01 7.048332419253639935e-20
1.150588635137047705e-01 1.365348567734952526e-20
1.155190989677595953e-01 1.278037766221407240e-21
1.159811753636306314e-01 1.193470765183266677e-19
1.164451000650851553e-01 6.578516885226467621e-22
1.169108804653455069e-01 2.980148292576440504e-23
1.173785239872068981e-01 1.874962048743794397e-18
1.178480380831557206e-01 1.358392969385314354e-17
1.183194302354883543e-01 9.267943830216091158e-18
1.187927079564302935e-01 4.825042329203289951e-19
1.192678787882560099e-01 3.574284109141314991e-17
1.197449503034090645e-01 1.746038057638120545e-16
1.202239301046226783e-01 2.956926391726696999e-21
1.207048258250411760e-01 1.171722964984680316e-16
1.211876451283413342e-01 3.198852849543113145e-17
1.216723957088547137e-01 1.831046359636477976e-17
1.221590852916901310e-01 3.290201717054570661e-16
1.226477216328568792e-01 9.047648249765111266e-16
1.231383125193883099e-01 6.423005735696545391e-18
1.236308657694658586e-01 2.117646067169812974e-16
1.241253892325437369e-01 7.208067629823718412e-16
1.246218907894739159e-01 4.787168772471725629e-18
1.251203783526317892e-01 4.687275480833698120e-17
1.256208598660423226e-01 6.008614441513280570e-16
1.261233433055065078e-01 9.288439646269417597e-16
1.266278366787285392e-01 3.533952325967508204e-18
1.271343480254434610e-01 6.121222540806822513e-15
1.276428854175452321e-01 1.511425288085891579e-15
1.281534569592154005e-01 3.285331109951982902e-16
1.286660707870522780e-01 8.781679545771014334e-16
1.291807350702004475e-01 2.982832527349201994e-14
1.296974580104812425e-01 2.112640423178171762e-14
1.302162478425231973e-01 2.771956932412356314e-16
1.307371128338932764e-01 1.039931067252444447e-14
1.312600612852288795e-01 1.559850767200075378e-13
1.317851015303697915e-01 7.010977763597657542e-15
1.323122419364912705e-01 5.991899764537735637e-15
1.328414909042372472e-01 3.225305657254639741e-14
1.333728568678542170e-01 1.526685865604441822e-13
1.339063482953256612e-01 4.859094978674830163e-14
1.344419736885069383e-01 1.393835194174546226e-14
1.349797415832609815e-01 3.618484230269499427e-13
1.355196605495940232e-01 3.754718812005515126e-13
1.360617391917924301e-01 1.833807517118286297e-12
1.366059861485595939e-01 2.911243929135934634e-13
1.371524100931538481e-01 1.050113971818991054e-12
1.377010197335264696e-01 3.113592845066671697e-12
1.382518238124605670e-01 3.824741205222129748e-12
1.388048311077104136e-01 5.510730050796494468e-12
1.393600504321412248e-01 1.290401596166003673e-11
1.399174906338697677e-01 6.800656942618115490e-12
1.404771605964052761e-01 2.624054823481891204e-11
1.410390692387908651e-01 2.943802905794107785e-11
1.416032255157460562e-01 5.882777039007433438e-11
1.421696384178090522e-01 3.161466892087487696e-11
1.427383169714803168e-01 5.296633825720943810e-11
1.433092702393662099e-01 1.573541915951508420e-10
1.438825073203236771e-01 1.129404717846716525e-10
1.444580373496049674e-01 2.323677387406304506e-10
1.450358694990033503e-01 2.686889988756504318e-10
1.456160129769993872e-01 3.757268559295713082e-10
1.461984770289073976e-01 3.310429549156340475e-10
1.467832709370230082e-01 4.771765455380594975e-10
1.473704040207710897e-01 6.897209751578384408e-10
1.479598856368541382e-01 7.049482315807463950e-10
1.485517251794015725e-01 9.251445109503006592e-10
1.491459320801191979e-01 1.697980604607100448e-09
1.497425158084396690e-01 1.397385950941721368e-09
1.503414858716734248e-01 3.043694234264164330e-09
1.509428518151600951e-01 2.912965780159087451e-09
1.515466232224207677e-01 1.732661852578455416e-09
1.521528097153104220e-01 3.408789065285381907e-09
1.527614209541716672e-01 1.678059562803574415e-09
1.533724666379883694e-01 3.488170054061807922e-09
1.539859565045403056e-01 4.667525687062460314e-09
1.546019003305584838e-01 3.989005951775745340e-10
1.552203079318807133e-01 1.513932131145723668e-09
1.558411891636082569e-01 1.786691788404104182e-09
1.564645539202626778e-01 1.336102622510989938e-09
1.570904121359437411e-01 2.077504030629411938e-09
1.577187737844875093e-01 1.934077706743437428e-09
1.583496488796254653e-01 2.388382217929561904e-09
1.589830474751439959e-01 3.412944692539399823e-09
1.596189796650445414e-01 2.701117933576336013e-09
1.602574555837047166e-01 3.520376633146770700e-09
1.608984854060395708e-01 4.864293978449914309e-09
1.615420793476636807e-01 5.710190363785942444e-09
1.621882476650543525e-01 8.503200268063965500e-09
1.628370006557145755e-01 9.076535103137682859e-09
1.634883486583374457e-01 1.241533185969364662e-08
1.641423020529707844e-01 1.801385175140976716e-08
1.647988712611826723e-01 1.859886465581621858e-08
1.654580667462274002e-01 1.571014909103851973e-08
1.661198990132123077e-01 3.043920782821578138e-08
1.667843786092651215e-01 3.330683554426569754e-08
1.674515161237022098e-01 5.196488132641982384e-08
1.681213221881969755e-01 7.874792329492858395e-08
1.687938074769497754e-01 9.954346550664173212e-08
1.694689827068575905e-01 1.701491980404886785e-07
1.701468586376850278e-01 1.796727758380140858e-07
1.708274460722357391e-01 1.658952099050090252e-07
1.715107558565246715e-01 2.468404788255700247e-07
1.721967988799507909e-01 3.100884995269656140e-07
1.728855860754705820e-01 4.334240154303730253e-07
1.735771284197724640e-01 4.816215767655963345e-07
1.742714369334515678e-01 5.739800773193431439e-07
1.749685226811853456e-01 7.391532085911367118e-07
1.756683967719100681e-01 9.633892237131339127e-07
1.763710703589977391e-01 1.523270499751112095e-06
1.770765546404337309e-01 1.810973908277428183e-06
1.777848608589954471e-01 1.679988425512309721e-06
1.784960003024314568e-01 2.880425160414153144e-06
1.792099843036411844e-01 3.020511107829778335e-06
1.799268242408557650e-01 3.641767629004392085e-06
1.806465315378191772e-01 4.854542334491187949e-06
1.813691176639704306e-01 4.604694383600859542e-06
1.820945941346263086e-01 5.571706899487022016e-06
1.828229725111648329e-01 6.447184920685238019e-06
1.835542644012094771e-01 7.979313192063953937e-06
1.842884814588143239e-01 1.133643457099090005e-05
1.850256353846495561e-01 1.600992984389271827e-05
1.857657379261881403e-01 1.667515823814737648e-05
1.865088008778928996e-01 2.630817149378873653e-05
1.872548360814044743e-01 3.088689447867317979e-05
1.880038554257300876e-01 3.068186193074104782e-05
1.887558708474330049e-01 5.054560163650469249e-05
1.895108943308226879e-01 5.320401113862177086e-05
1.902689379081460019e-01 5.761482148455876370e-05
1.910300136597785636e-01 9.662296183930490969e-05
1.917941337144176972e-01 9.556565479177293757e-05
1.925613102492753359e-01 1.161663876464727409e-04
1.933315554902724498e-01 1.674146704520763777e-04
1.941048817122335568e-01 1.809235740551460182e-04
1.948813012390824828e-01 2.031866598038596357e-04
1.956608264440388156e-01 2.835829320686642169e-04
1.964434697498149418e-01 2.846021095674248049e-04
1.972292436288141937e-01 3.398189556196190043e-04
1.980181606033294406e-01 4.361555424359594047e-04
1.988102332457427346e-01 4.726351784439387742e-04
1.996054741787257336e-01 5.247580699331125297e-04
2.004038960754406518e-01 6.161933330100497798e-04
2.012055116597424309e-01 6.955444819186167547e-04
2.020103337063813842e-01 7.933528249230132430e-04
2.028183750412069219e-01 9.411842387091822696e-04
2.036296485413717494e-01 1.168921647269915032e-03
2.044441671355372303e-01 1.455804284543376270e-03
2.052619438040793887e-01 1.829117906759179357e-03
2.060829915792957157e-01 2.226715113587217527e-03
2.069073235456129201e-01 2.670348387512914024e-03
2.077349528397953449e-01 3.203900084470707316e-03
2.085658926511545219e-01 3.888858496882076961e-03
2.094001562217591150e-01 4.609441401811599330e-03
2.102377568466461677e-01 5.439031871668538118e-03
2.110787078740327671e-01 6.235064830501387510e-03
2.119230227055288740e-01 7.584414636903068739e-03
2.127707147963510126e-01 8.994532261488203881e-03
2.136217976555363773e-01 1.073950502215703477e-02
2.144762848461585492e-01 1.195934156126603372e-02
2.153341899855431840e-01 1.472809317058555202e-02
2.161955267454853669e-01 1.780310182758743087e-02
2.170603088524672986e-01 2.109974524248499350e-02
2.179285500878772042e-01 2.370689094324653079e-02
2.188002642882286852e-01 2.802272761560847814e-02
2.196754653453815986e-01 3.458679998238982367e-02
2.205541672067631020e-01 3.962436980392763930e-02
2.214363838755901703e-01 5.039353007395934447e-02
2.223221294110925284e-01 5.374185024020779883e-02
2.232114179287369160e-01 7.340787605255999493e-02
2.241042636004518529e-01 7.836002045489227907e-02
2.250006806548536520e-01 1.060181647767675234e-01
2.259006833774730438e-01 1.099667056480056332e-01
2.268042861109829667e-01 1.358329576447054321e-01
2.277115032554268836e-01 1.606977415587244329e-01
2.286223492684485714e-01 1.881017783726394443e-01
2.295368386655223802e-01 2.521636935874650431e-01
2.304549860201844658e-01 2.327262300714900145e-01
2.313768059642651864e-01 3.223101578398104294e-01
2.323023131881222503e-01 3.595883687296762554e-01
2.332315224408747223e-01 4.631182007502763764e-01
2.341644485306381973e-01 5.306337564899329395e-01
2.351011063247607502e-01 5.122980521560612788e-01
2.360415107500598020e-01 6.865019196821036118e-01
2.369856767930600405e-01 6.847668667850872470e-01
2.379336195002322851e-01 9.303832452801955588e-01
2.388853539782332114e-01 1.021347690353263893e+00
2.398408953941461863e-01 1.341140691213954073e+00
2.408002589757227141e-01 1.594912759986993001e+00
2.417634600116256582e-01 1.548513115316190181e+00
2.427305138516721306e-01 2.171379391721778518e+00
2.437014359070788505e-01 2.433850813509416788e+00
2.446762416507071713e-01 3.310801672761910286e+00
2.456549466173099938e-01 3.216264273757390768e+00
2.466375664037792625e-01 3.832552074302770340e+00
2.476241166693943785e-01 4.629636579817894670e+00
2.486146131360719436e-01 4.286602497783005283e+00
2.496090715886161993e-01 5.511308487434590120e+00
2.506075078749706586e-01 6.097174427586467438e+00
2.516099379064705155e-01 7.224223803734136418e+00
2.526163776580964138e-01 9.197205916418097260e+00
2.536268431687287994e-01 1.106926889504924105e+01
2.546413505414037437e-01 1.289397579535171801e+01
2.556599159435693491e-01 1.324814450710822733e+01
2.566825556073435988e-01 1.401733691231989098e+01
2.577092858297729827e-01 1.652107087951247877e+01
2.587401229730920682e-01 1.811012054430905494e+01
2.597750834649844576e-01 2.160136224151638018e+01
2.608141837988444123e-01 2.475559239753004803e+01
2.618574405340398092e-01 2.870151738266652330e+01
2.629048702961759298e-01 3.295005348021454239e+01
2.639564897773606367e-01 3.647090796545708002e+01
2.650123157364701054e-01 4.072354525839196526e+01
2.660723649994159445e-01 4.610555191151651400e+01
2.671366544594135917e-01 5.165763690105521988e+01
2.682052010772512096e-01 5.898690022830969326e+01
2.692780218815602478e-01 6.646770805701846996e+01
2.703551339690865030e-01 7.521907900799287461e+01
2.714365545049627904e-01 8.473520365966743384e+01
2.725223007229827243e-01 9.538290438631160839e+01
2.736123899258746106e-01 1.074109791819912374e+02
2.747068394855781692e-01 1.211127580189958906e+02
2.758056668435204806e-01 1.364782668193834922e+02
2.769088895108945403e-01 1.539320064072831258e+02
2.780165250689380918e-01 1.736013837888067712e+02
2.791285911692138466e-01 1.958792105398597982e+02
2.802451055338907038e-01 2.210902090591666251e+02
2.813660859560263017e-01 2.496326508814489955e+02
2.824915502998503469e-01 2.819451953521721634e+02
2.836215165010497197e-01 3.185212017132471942e+02
2.847560025670539119e-01 3.599110144140694274e+02
2.858950265773221866e-01 4.067727858039244211e+02
2.870386066836315142e-01 4.598083916860523459e+02
2.881867611103660631e-01 5.197902201091351344e+02
2.893395081548075787e-01 5.876174618361394550e+02
2.904968661874267610e-01 6.642934001688792023e+02
2.916588536521764197e-01 7.509426030001886829e+02
2.928254890667851273e-01 8.488224781191576085e+02
2.939967910230522619e-01 9.593436296511707724e+02
2.951727781871444911e-01 1.084085366986565987e+03
2.963534692998930908e-01 1.224805421085807211e+03
2.975388831770926501e-01 1.383478181089814598e+03
2.987290387098009981e-01 1.562309888476000197e+03
2.999239548646402409e-01 1.763708959547396944e+03
3.011236506840988536e-01 1.179548592408192917e+03
3.023281452868351593e-01 1.315937637899711035e+03
3.035374578679824742e-01 1.207509647615812128e+03
3.047516076994544187e-01 1.635166853829605998e+03
3.059706141302522830e-01 1.865805349810726739e+03
3.071944965867733357e-01 2.019232422187803422e+03
3.084232745731204095e-01 2.058355832478399861e+03
3.096569676714128194e-01 1.315482975141312181e+03
3.108955955420985018e-01 1.397953278106081825e+03
3.121391779242668751e-01 2.462446335838681080e+03
3.133877346359639215e-01 2.693121047321750211e+03
3.146412855745078230e-01 2.744328290454509897e+03
3.158998507168058190e-01 2.684773493459260862e+03
3.171634501196730627e-01 2.508029683464964364e+03
3.184321039201517545e-01 2.195273936515714013e+03
3.197058323358323295e-01 1.695034589443339655e+03
3.209846556651756444e-01 7.825596686136701692e+02
3.222685942878363852e-01 3.161580532890750419e+02
3.235576686649877520e-01 4.161552126689294937e+02
3.248518993396476984e-01 1.554410217920190007e+02
3.261513069370062801e-01 2.999529486411034540e+01
3.274559121647543369e-01 2.916340005787078749e+00
3.287657358134133401e-01 1.304410506647332435e-01
3.300807987566670154e-01 8.759013044602026454e-03
3.314011219516936890e-01 5.329254477561375103e-02
3.327267264395004642e-01 1.342466306492821726e+00
3.340576333452584534e-01 2.148650231506965724e+01
3.353938638786395088e-01 1.789521021849735973e+02
3.367354393341540630e-01 7.825178914272889870e+02
3.380823810914907468e-01 2.168696339977360822e+03
3.394347106158566718e-01 4.490847817932043654e+03
3.407924494583201014e-01 7.534808510155849945e+03
3.421556192561533982e-01 9.977938237234102417e+03
3.435242417331779707e-01 6.382163158778394973e+03
3.448983387001106626e-01 5.993688673033663008e+02
3.462779320549111417e-01 1.365057068958662967e+04
3.476630437831307319e-01 3.199818090293407295e+04
3.490536959582632992e-01 4.608529121961321653e+04
3.504499107420963600e-01 5.918057497914674605e+04
3.518517103850647421e-01 7.257532399824967433e+04
3.532591172266050239e-01 8.677890496690281725e+04
3.546721536955114717e-01 1.020916416871527326e+05
3.560908423102934761e-01 1.187138260729707254e+05
3.575152056795346533e-01 1.368053690967460861e+05
3.589452665022527800e-01 1.565296979661105725e+05
3.603810475682617254e-01 1.780441609599801013e+05
3.618225717585348278e-01 2.015146540191670065e+05
3.632698620455689364e-01 2.271103689513376448e+05
3.647229414937512293e-01 2.550230747466710745e+05
3.661818332597261971e-01 2.854404658903920208e+05
3.676465605927651259e-01 3.185665764959402150e+05
3.691171468351361895e-01 3.546266292268598336e+05
3.705936154224767076e-01 3.938452526962008560e+05
3.720759898841666247e-01 4.364587180730683613e+05
3.735642938437032656e-01 4.827044267152562970e+05
3.750585510190780902e-01 5.328017914802097948e+05
3.765587852231543908e-01 5.870101830548227299e+05
3.780650203640470441e-01 6.455285956587727414e+05
3.795772804455032068e-01 7.085760711545676459e+05
3.810955895672852312e-01 7.762944000505030854e+05
3.826199719255543585e-01 8.487816195200775983e+05
3.841504518132565771e-01 9.259787853576395428e+05
3.856870536205096456e-01 1.007672303737965180e+06
3.872298018349916715e-01 1.092929449801613577e+06
3.887787210423316320e-01 1.180968174732207786e+06
3.903338359265008939e-01 1.269347746620361460e+06
3.918951712702069545e-01 1.354495092265721178e+06
3.934627519552877928e-01 1.428756899542811327e+06
3.950366029631089404e-01 1.479694980796562973e+06
3.966167493749613859e-01 1.482360679946858203e+06
3.982032163724612550e-01 1.390108496633207658e+06
3.997960292379510450e-01 1.123555425016788766e+06
4.013952133549028578e-01 6.132442269181282027e+05
4.030007942083224659e-01 1.121196968509915168e+05
4.046127973851557647e-01 1.787175377588049969e+03
4.062312485746963908e-01 1.214974835435139394e+05
4.078561735689951728e-01 8.103524777599746594e+05
4.094875982632711353e-01 1.778897803133262787e+06
4.111255486563242245e-01 2.616372084958508611e+06
4.127700508509495880e-01 3.303112988540713210e+06
4.144211310543532978e-01 3.897953523218341637e+06
4.160788155785707931e-01 4.447889331417845562e+06
4.177431308408850463e-01 4.979737420996738598e+06
4.194141033642486138e-01 5.511784395534339361e+06
4.210917597777056320e-01 6.053868345519454218e+06
4.227761268168164221e-01 6.615667061038142070e+06
4.244672313240837602e-01 7.205484456839943305e+06
4.261651002493800910e-01 7.827919505083691329e+06
4.278697606503775730e-01 8.482537609090715647e+06
4.295812396929790666e-01 9.179337340159263462e+06
4.312995646517510107e-01 9.917592042764777318e+06
4.330247629103580187e-01 1.069932356476157345e+07
4.347568619619994745e-01 1.153057268751299568e+07
4.364958894098474596e-01 1.241988527491786890e+07
4.382418729674867897e-01 1.336225853184615448e+07
4.399948404593567730e-01 1.436427829793746397e+07
4.417548198211941890e-01 1.543848884094981663e+07
4.435218391004789873e-01 1.657240924361005425e+07
4.452959264568808750e-01 1.778979717491304874e+07
4.470771101627084021e-01 1.907022968257296458e+07
4.488654186033592119e-01 2.041893204656577483e+07
4.506608802777726241e-01 2.186395218964377418e+07
4.524635237988837710e-01 2.341013248338210583e+07
4.542733778940792333e-01 2.500311699611034244e+07
4.560904714056555065e-01 2.654180356474298239e+07
4.579148332912781894e-01 2.516934006024704501e+07
4.597464926244433370e-01 2.638846522129167989e+07
4.615854785949410899e-01 2.739105602307220176e+07
4.634318205093208576e-01 2.819597624758447707e+07
4.652855477913582227e-01 2.885458619942895323e+07
4.671466899825236219e-01 2.960651800965619087e+07
4.690152767424536906e-01 2.983842263182525709e+07
4.708913378494234969e-01 2.887661147100864723e+07
4.727749032008212171e-01 2.628032681983776763e+07
4.746660028136244769e-01 2.202075092242328823e+07
4.765646668248789131e-01 1.666119390865393169e+07
4.784709254921784560e-01 1.101572547475582734e+07
4.803848091941470555e-01 6.151674853748486377e+06
4.823063484309236815e-01 2.858403400083048269e+06
4.842355738246474361e-01 1.235971151530717732e+06
4.861725161199459966e-01 5.933122846387897152e+05
4.881172061844257226e-01 3.201542620370276272e+05
4.900696750091634302e-01 1.944647326638838276e+05
4.920299537092001074e-01 1.182732409731655935e+05
4.939980735240369625e-01 7.037542254872112244e+04
4.959740658181330253e-01 4.167192981418207637e+04
4.979579620814056362e-01 2.515118701903037072e+04
4.999497939297311566e-01 1.631533290920813488e+04
5.019495931054501758e-01 1.213272408993643694e+04
5.039573914778719965e-01 1.043501504748648586e+04
5.059732210437835054e-01 1.005616443663889368e+04
5.079971139279585435e-01 1.039203660029772618e+04
5.100291023836703852e-01 1.090851785675641258e+04
5.120692187932051054e-01 1.128440508131393835e+04
5.141174956683780550e-01 1.162207425254565533e+04
5.161739656510514473e-01 1.210087215049018960e+04
5.182386615136556074e-01 1.260901602066959640e+04
5.203116161597103329e-01 1.298117790755368151e+04
5.223928626243490303e-01 1.331244373622705280e+04
5.244824340748465152e-01 1.370170201209664810e+04
5.265803638111459239e-01 1.404055343709900262e+04
5.286866852663905103e-01 1.432675121432785636e+04
5.308014320074561088e-01 1.469265246701788783e+04
5.329246377354859288e-01 1.507086481274862126e+04
5.350563362864277916e-01 1.541620623088450157e+04
5.371965616315735881e-01 1.585790531767343782e+04
5.393453478780998456e-01 1.631815127643850428e+04
5.415027292696121819e-01 1.673089668889540917e+04
5.436687401866906466e-01 1.723792328716172415e+04
5.458434151474373941e-01 1.774085384711885126e+04
5.480267888080271321e-01 1.819791934207811209e+04
5.502188959632591247e-01 1.874343168691827668e+04
5.524197715471121928e-01 1.930075821016409827e+04
5.546294506333006025e-01 1.983038572668401684e+04
5.568479684358338400e-01 2.041385467335725116e+04
5.590753603095770519e-01 2.104035310180587840e+04
5.613116617508153716e-01 2.162373104462973788e+04
5.635569083978186899e-01 2.230423472016606684e+04
5.658111360314097560e-01 2.292006089070275630e+04
5.680743805755354980e-01 2.359273192632325663e+04
5.703466780978375672e-01 2.427485401273614843e+04
5.726280648102289872e-01 2.501072725816680759e+04
5.749185770694699160e-01 2.575097372916346649e+04
5.772182513777477375e-01 2.653959221055864691e+04
5.795271243832587071e-01 2.737555336459037062e+04
5.818452328807918184e-01 2.833125948335820431e+04
5.841726138123150003e-01 2.933098809129942310e+04
5.865093042675643131e-01 2.984328297506844683e+04
5.888553414846344758e-01 2.701472878385258446e+04
5.912107628505729462e-01 3.407651268520829035e+04
5.935756059019753339e-01 3.984773673498972494e+04
5.959499083255832552e-01 4.601688937759449618e+04
5.983337079588855190e-01 5.282379941369964217e+04
6.007270427907210886e-01 6.085828215205261949e+04
6.031299509618840426e-01 7.049662479230744066e+04
6.055424707657315331e-01 8.155772584912467573e+04
6.079646406487945187e-01 9.419511039798846468e+04
6.103964992113897203e-01 1.089277220199387957e+05
6.128380852082353503e-01 1.260635061486724153e+05
6.152894375490681744e-01 1.458966524842628860e+05
6.177505952992645710e-01 1.685604010340409004e+05
6.202215976804615893e-01 1.944626698569380969e+05
6.227024840711834486e-01 2.241928421680151368e+05
6.251932940074681477e-01 2.584928006427846849e+05
6.276940671834980723e-01 2.979535910416900297e+05
6.302048434522321552e-01 3.439257828889761586e+05
6.327256628260409244e-01 3.966394352635014220e+05
6.352565654773452142e-01 4.565263353601153358e+05
6.377975917392545435e-01 5.250327237875489518e+05
6.403487821062116003e-01 6.030680954233709490e+05
6.429101772346363930e-01 6.918235484709326411e+05
6.454818179435749537e-01 7.932225152229644591e+05
6.480637452153492628e-01 9.100864330020211637e+05
6.506560001962106154e-01 1.045791505039793672e+06
6.532586241969955410e-01 1.203778646982024889e+06
6.558716586937833881e-01 1.388701937819193583e+06
6.584951453285585732e-01 1.605955348199893488e+06
6.611291259098727169e-01 1.864867127023307607e+06
6.637736424135122215e-01 2.176392072872769553e+06
6.664287369831662922e-01 2.550205128919199575e+06
6.690944519310989547e-01 3.000003254713080358e+06
6.717708297388232941e-01 3.548822100243756082e+06
6.744579130577786907e-01 4.219722703630371951e+06
6.771557447100098326e-01 5.023017907837974839e+06
6.798643676888498355e-01 5.956839229787738062e+06
6.825838251596052508e-01 7.019036402566918172e+06
6.853141604602436265e-01 8.195717010306061246e+06
6.880554171020846210e-01 9.430952854756642133e+06
6.908076387704928933e-01 1.064427208749502897e+07
6.935708693255748791e-01 1.180262392820463330e+07
6.963451528028771209e-01 1.312815283553525619e+07
6.991305334140887062e-01 1.463043432213217765e+07
7.019270555477450380e-01 1.643633987280707248e+07
7.047347637699360456e-01 1.859804007942538336e+07
7.075537028250157290e-01 2.103384478768876195e+07
7.103839176363159202e-01 2.363607402938164771e+07
7.132254533068611568e-01 2.640770166210144386e+07
7.160783551200886610e-01 2.911153220498647541e+07
7.189426685405689854e-01 3.180782251753633097e+07
7.218184392147313222e-01 3.450984402524631470e+07
7.247057129715901436e-01 3.645993814112029225e+07
7.276045358234763949e-01 3.824055760936797410e+07
7.305149539667704639e-01 3.925928030992053449e+07
7.334370137826373703e-01 4.031284348151130974e+07
7.363707618377679509e-01 4.090924707644119859e+07
7.393162448851190449e-01 4.129234861868064851e+07
7.422735098646596752e-01 4.110249195788379759e+07
7.452426039041182282e-01 4.062343346139732748e+07
7.482235743197346300e-01 3.973388098667795211e+07
7.512164686170136330e-01 3.781015570872252434e+07
7.542213344914817652e-01 3.567257930884855986e+07
7.572382198294477229e-01 3.312870476211123541e+07
7.602671727087656484e-01 2.835275680464899167e+07
7.633082413996006288e-01 1.448888111908508837e+07
7.663614743651989691e-01 1.180659778417270165e+06
7.694269202626597970e-01 1.669325330663159024e+06
7.725046279437104424e-01 8.757988677214095369e+06
7.755946464554852593e-01 2.079998087086237222e+07
7.786970250413072225e-01 3.884852023268188536e+07
7.818118131414724115e-01 5.528431120545413345e+07
7.849390603940383793e-01 7.001138173469418287e+07
7.880788166356144098e-01 8.608410192287020385e+07
7.912311319021569922e-01 1.040799339918008447e+08
7.943960564297655180e-01 1.245968806022677273e+08
7.975736406554845281e-01 1.479748860362159908e+08
8.007639352181065151e-01 1.741072927531569004e+08
8.039669909589789443e-01 2.025716244840532243e+08
8.071828589228148276e-01 2.343571312995803356e+08
8.104115903585061842e-01 2.688514493733644485e+08
8.136532367199402760e-01 3.060528471581025720e+08
8.169078496668199518e-01 3.495810618256939054e+08
8.201754810654874328e-01 3.942959172446065545e+08
8.234561829897493190e-01 4.594238007837849259e+08
8.267500077217083687e-01 5.356587114390283823e+08
8.300570077525952772e-01 6.080356253062605858e+08
8.333772357836056743e-01 6.896490258556153774e+08
8.367107447267401188e-01 7.802451403881033659e+08
8.400575877056470908e-01 8.860877070564550161e+08
8.434178180564695371e-01 1.004455961879460454e+09
8.467914893286955236e-01 1.135824255329138994e+09
8.501786552860102208e-01 1.278816423647968531e+09
8.535793699071543283e-01 1.440040874714679718e+09
8.569936873867830540e-01 1.624009619104658127e+09
8.604216621363300899e-01 1.825526477432235718e+09
8.638633487848753623e-01 2.036552644343247652e+09
8.673188021800150027e-01 2.280518489957427979e+09
8.707880773887352044e-01 2.535067015548882008e+09
8.742712296982900755e-01 2.817822828047767162e+09
8.777683146170831563e-01 3.121781880372346401e+09
8.812793878755513788e-01 3.441285523117304802e+09
8.848045054270535781e-01 3.760757795212603092e+09
8.883437234487617795e-01 3.964326340660775661e+09
8.918970983425568155e-01 4.091460653379215240e+09
8.954646867359271623e-01 4.540865523535539627e+09
8.990465454828707736e-01 4.723237994401049614e+09
9.026427316648023558e-01 5.547057014964534760e+09
9.062533025914615292e-01 6.202847024682983398e+09
9.098783158018273198e-01 6.699861598942459106e+09
9.135178290650346478e-01 7.270563923019457817e+09
9.171719003812948134e-01 7.742499893431141853e+09
9.208405879828199803e-01 8.541224038915329933e+09
9.245239503347512100e-01 8.947330112809677124e+09
9.282220461360901620e-01 6.638100514206218719e+09
9.319349343206346781e-01 6.344726093513254166e+09
9.356626740579171431e-01 7.595316986047723770e+09
9.394053247541488405e-01 9.913247224847890854e+09
9.431629460531654185e-01 9.867921428294317245e+09
9.469355978373780180e-01 9.796361382593826294e+09
9.507233402287275092e-01 1.018301397197204018e+10
9.545262335896426142e-01 1.084436573612521172e+10
9.583443385240012491e-01 1.080892335899228477e+10
9.621777158780971950e-01 1.163362291742419624e+10
9.660264267416096562e-01 1.281620353980047417e+10
9.698905324485760371e-01 1.430925533294045830e+10
9.737700945783701600e-01 1.479503391966146851e+10
9.776651749566835914e-01 1.561927605489322090e+10
9.815758356565105203e-01 1.632104798626698875e+10
9.855021389991363012e-01 1.701668408447585106e+10
9.894441475551331022e-01 1.775601212076402283e+10
9.934019241453534432e-01 1.805118228844641113e+10
9.973755318419349480e-01 1.742731696747925949e+10
1.001365033969302543e+00 1.597204733724293327e+10
1.005370494105179757e+00 1.617705950690991974e+10
1.009391976081600362e+00 1.635172129626890945e+10
1.013429543985926884e+00 1.638958831535869217e+10
1.017483262161870350e+00 1.607029447469546509e+10
1.021553195210518128e+00 1.603646062679696083e+10
1.025639407991360219e+00 1.621852313191297531e+10
1.029741965623325539e+00 1.636111590701331520e+10
1.033860933485818867e+00 1.566091748722991180e+10
1.037996377219762012e+00 1.563017910688468170e+10
1.042148362728641198e+00 1.546650705926092339e+10
1.046316956179555557e+00 1.522368636750257683e+10
1.050502224004274066e+00 1.492424706918651390e+10
1.054704232900291139e+00 1.464104282758322144e+10
1.058923049831892227e+00 1.427632776577153969e+10
1.063158742031219628e+00 1.386382981900526047e+10
1.067411376999344741e+00 1.341286866502494621e+10
1.071681022507342096e+00 1.297448896443915176e+10
1.075967746597371377e+00 1.257618416747057343e+10
1.080271617583760779e+00 1.225303211722138405e+10
1.084592704054095913e+00 1.194739649560975647e+10
1.088931074870312044e+00 1.153191544305383873e+10
1.093286799169793433e+00 1.082646167959112930e+10
1.097659946366472461e+00 1.000068989473810768e+10
1.102050586151938294e+00 8.729299168608833313e+09
1.106458788496546219e+00 7.349916739466291428e+09
1.110884623650532532e+00 5.852817047659523010e+09
1.115328162145134749e+00 4.571460916845854759e+09
1.119789474793714934e+00 5.110745017883536339e+09
1.124268632692889902e+00 5.610294990070188522e+09
1.128765707223661430e+00 7.088736686726933479e+09
1.133280770052556230e+00 4.512974454793931007e+09
1.137813893132766374e+00 7.057521060589967728e+09
1.142365148705297484e+00 7.491241589696956635e+09
1.146934609300118479e+00 7.225528558549761772e+09
1.151522347737319096e+00 6.137426985320819855e+09
1.156128437128268516e+00 5.551294056687586784e+09
1.160752950876781542e+00 5.580078393554039955e+09
1.165395962680288999e+00 7.014339762123186111e+09
1.170057546531009907e+00 7.267940435297175407e+09
1.174737776717134086e+00 6.074950443747853279e+09
1.179436727824002773e+00 8.205681794737064362e+09
1.184154474735298557e+00 9.312039108887434006e+09
1.188891092634239977e+00 9.942823931171072006e+09
1.193646657004777012e+00 1.015185080105048561e+10
1.198421243632796118e+00 1.059293516535678864e+10
1.203214928607327261e+00 1.103832724815562439e+10
1.208027788321756724e+00 1.144918992912781334e+10
1.212859899475043468e+00 1.183410546313428116e+10
1.217711339072943710e+00 1.229183653594778252e+10
1.222582184429235275e+00 1.277194990267798233e+10
1.227472513166952384e+00 1.349765251350452995e+10
1.232382403219620226e+00 1.411409110804134178e+10
1.237311932832498407e+00 1.476241309591289520e+10
1.242261180563828615e+00 1.553578950644297028e+10
1.247230225286083849e+00 1.643901360762491035e+10
1.252219146187228072e+00 1.725682741235363388e+10
1.257228022771976983e+00 1.833406430936865997e+10
1.262256934863064783e+00 1.939147541494721985e+10
1.267305962602517155e+00 2.027421281512768173e+10
1.272375186452927354e+00 2.070666039796052551e+10
1.277464687198738957e+00 2.088025968568225861e+10
1.282574545947533950e+00 2.057200707672286987e+10
1.287704844131324133e+00 2.035037069491188049e+10
1.292855663507849417e+00 2.040184060237850189e+10
1.298027086161880783e+00 2.051579025663740921e+10
1.303219194506528344e+00 2.032980696858511734e+10
1.308432071284554521e+00 2.026235070383497620e+10
1.313665799569692760e+00 1.967144059750178909e+10
1.318920462767971591e+00 1.964440682561385345e+10
1.324196144619043336e+00 1.839580534238360977e+10
1.329492929197519491e+00 1.387218055741830826e+10
1.334810900914309650e+00 6.895205859226389885e+09
1.340150144517967101e+00 1.983514119957092047e+09
1.345510745096038852e+00 8.500921994678025246e+08
1.350892788076423212e+00 4.982982900163679719e+08
1.356296359228728932e+00 2.594162300350252092e+08
1.361721544665643879e+00 3.886556588932565451e+08
1.367168430844306393e+00 8.802211177259006500e+08
1.372637104567683730e+00 1.076632483054920673e+09
1.378127652985954299e+00 1.890369541652224541e+09
1.383640163597898098e+00 5.379575975501941442e+08
1.389174724252289828e+00 7.536213218451718092e+08
1.394731423149298877e+00 6.038877087934972048e+08
1.400310348841896202e+00 9.961192661053069830e+08
1.405911590237263642e+00 1.072329307215810061e+09
1.411535236598212784e+00 7.992915305981137753e+08
1.417181377544605603e+00 9.613354536520428658e+08
1.422850103054784210e+00 1.124308671745048046e+09
1.428541503467003038e+00 1.892254923167800665e+09
1.434255669480871243e+00 1.753651903474747181e+09
1.439992692158794885e+00 2.086450853316029072e+09
1.445752662927429988e+00 3.148953303512852669e+09
1.451535673579139596e+00 4.332380178570798874e+09
1.457341816273456159e+00 5.112675954574515343e+09
1.463171183538549913e+00 4.800489688473219872e+09
1.469023868272704147e+00 4.089792797928774357e+09
1.474899963745795128e+00 4.096609557083958626e+09
1.480799563600778246e+00 4.218837461631074429e+09
1.486722761855181485e+00 4.610951007110039711e+09
1.492669652902602007e+00 4.936766617211549759e+09
1.498640331514212276e+00 5.824099773341382027e+09
1.504634892840269300e+00 6.022873066529872894e+09
1.510653432411630304e+00 5.322479635705681801e+09
1.516696046141276843e+00 5.282367842159667969e+09
1.522762830325842032e+00 6.205300635853673935e+09
1.528853881647145307e+00 6.522024889853080750e+09
1.534969297173733649e+00 6.970298389218543053e+09
1.541109174362428780e+00 7.202471359592656136e+09
1.547273611059878373e+00 7.494733925657402992e+09
1.553462705504118135e+00 7.668099818972532272e+09
1.559676556326134556e+00 7.967679081942939758e+09
1.565915262551438980e+00 8.265063030413448334e+09
1.572178923601644795e+00 8.390420435929755211e+09
1.578467639296051495e+00 8.304384651795050621e+09
1.584781509853235626e+00 8.197672741278598785e+09
1.591120635892648405e+00 7.914250027590960503e+09
1.597485118436219098e+00 7.494569174643880844e+09
1.603875058909963958e+00 6.881419264251668930e+09
1.610290559145603595e+00 5.999591888893776894e+09
1.616731721382186127e+00 5.047417555510722160e+09
1.623198648267714761e+00 4.153373244919649124e+09
1.629691442860785600e+00 3.620922446979455471e+09
1.636210208632228769e+00 3.510624780947061539e+09
1.642755049466757766e+00 3.516681044157567024e+09
1.649326069664624805e+00 3.736941915129665852e+09
1.655923373943283039e+00 3.576633959009560585e+09
1.662547067439056336e+00 3.527057371107861996e+09
1.669197255708812611e+00 1.890675920413102627e+09
1.675874044731648027e+00 2.819465742871580124e+09
1.682577540910574321e+00 2.944509392794774055e+09
1.689307851074216771e+00 2.632504955096235275e+09
1.696065082478513508e+00 2.328147820208156109e+09
1.702849342808427480e+00 2.205719330562564373e+09
1.709660740179661298e+00 2.400759981471642971e+09
1.716499383140379864e+00 2.342426527010894299e+09
1.723365380672941427e+00 2.343105643768380165e+09
1.730258842195633306e+00 2.069430649813402414e+09
1.737179877564415831e+00 1.998884228713663340e+09
1.744128597074673603e+00 1.967365244659491777e+09
1.751105111462972097e+00 1.898644553614461184e+09
1.758109531908824241e+00 1.678351289926410198e+09
1.765141970036459451e+00 1.428398777271937609e+09
1.772202537916605314e+00 1.301272121878311634e+09
1.779291348068271716e+00 1.132843480908531904e+09
1.786408513460544745e+00 8.989357494352046251e+08
1.793554147514387020e+00 6.206534129987338781e+08
1.800728364104444257e+00 6.280048418767814636e+08
1.807931277560862249e+00 4.726738575294690132e+08
1.815163002671105641e+00 4.615219240057888031e+08
1.822423654681789795e+00 5.009134076430787444e+08
1.829713349300517100e+00 3.410237098570527434e+08
1.837032202697718830e+00 3.270192440348115563e+08
1.844380331508509885e+00 4.463509659132387042e+08
1.851757852834543527e+00 4.234235092606805563e+08
1.859164884245881888e+00 3.308457761619235277e+08
1.866601543782865358e+00 2.275273739325146377e+08
1.874067949957996859e+00 2.517095664407568276e+08
1.881564221757828781e+00 5.740872559223301411e+08
1.889090478644860127e+00 5.071842348612583280e+08
1.896646840559439662e+00 5.052694787570163608e+08
1.904233427921677269e+00 3.365590991625577807e+08
1.911850361633363971e+00 3.514583864520789981e+08
1.919497763079897279e+00 3.055515820878171921e+08
1.927175754132217200e+00 2.514489591458027959e+08
1.934884457148745796e+00 2.383037119695469141e+08
1.942623994977340729e+00 2.294162348796392977e+08
1.950394490957250149e+00 2.849589568592185378e+08
1.958196068921079336e+00 2.834391869340961576e+08
1.966028853196763793e+00 3.518436392944165468e+08
1.973892968609550991e+00 3.538663476313409209e+08
1.981788540483989447e+00 3.803646625457409024e+08
1.989715694645925126e+00 4.269463554972153306e+08
1.997674557424508723e+00 4.529547505435017943e+08
2.005665255654207169e+00 4.494091520276455283e+08
2.013687916676823786e+00 4.547451087592355013e+08
2.021742668343530891e+00 4.369142809929589629e+08
2.029829639016905052e+00 4.550656394318530560e+08
2.037948957572972564e+00 4.728051310076749921e+08
2.046100753403264694e+00 4.830747042683312297e+08
2.054285156416877811e+00 4.895312377795549035e+08
2.062502297042545507e+00 4.886702029528277516e+08
2.070752306230715600e+00 4.807374714357213378e+08
2.079035315455638244e+00 4.689914130946545005e+08
2.087351456717461140e+00 4.576445636710441113e+08
2.095700862544330967e+00 4.448999330032866597e+08
2.104083665994508134e+00 4.346397173785510063e+08
2.112500000658485977e+00 4.259498916824916601e+08
2.120950000661120161e+00 4.190471537785440087e+08
2.129433800663764753e+00 4.140526088251255155e+08
2.137951535866419839e+00 4.103365614652310014e+08
2.146503342009885351e+00 4.027998077318111062e+08
2.155089355377924676e+00 3.951490219980230927e+08
2.163709712799436691e+00 3.750451769514551163e+08
2.172364551650634468e+00 3.694475618671066761e+08
2.181054009857236853e+00 3.395388412008237839e+08
2.189778225896665376e+00 3.177950920907322168e+08
2.198537338800252705e+00 2.143038192920055389e+08
2.207331488155453325e+00 2.199660644313978255e+08
2.216160814108075083e+00 2.504762506027102768e+08
2.225025457364507631e+00 2.204241280207773745e+08
2.233925559193965515e+00 2.001710357647326887e+08
2.242861261430741493e+00 1.732802306665897667e+08
2.251832706476463830e+00 1.613816185434894562e+08
2.260840037302370042e+00 1.371436909790410101e+08
2.269883397451579299e+00 1.570065755808141828e+08
2.278962931041386142e+00 1.504439974423750639e+08
2.288078782765551100e+00 1.452298164888474345e+08
2.297231097896613505e+00 1.362883533031107187e+08
2.306420022288200311e+00 1.761014378418594301e+08
2.315645702377353121e+00 1.543182788912239075e+08
2.324908285186861878e+00 1.366802132214637399e+08
2.334207918327609654e+00 1.261244535871894956e+08
2.343544750000919663e+00 1.176841137252373546e+08
2.352918929000923143e+00 1.392661430403672457e+08
2.362330604716927240e+00 1.729741689021982253e+08
2.371779927135795329e+00 1.115285161140209883e+08
2.381267046844337987e+00 1.642027193046143055e+08
2.390792115031715070e+00 1.815436895913634300e+08
2.400355283491842240e+00 1.958802399829066992e+08
2.409956704625809465e+00 2.229803040716701150e+08
2.419596531444312859e+00 2.306335004066985548e+08
2.429274917570089620e+00 2.565363537865824997e+08
2.438992017240370291e+00 2.810499719715814590e+08
2.448747985309331465e+00 3.005129489714564681e+08
2.458542977250568917e+00 3.468851951938337088e+08
2.468377149159570738e+00 3.628285377345044613e+08
2.478250657756209563e+00 3.629751937148796916e+08
2.488163660387234355e+00 3.612829465891949534e+08
2.498116315028783063e+00 3.698795565878996253e+08
2.508108780288898387e+00 2.990934007143718004e+08
2.518141215410053757e+00 2.686778810632381439e+08
2.528213780271693967e+00 2.031872188647267520e+08
2.538326635392781139e+00 1.932427157312458456e+08
2.548479941934351789e+00 1.334029371893258840e+08
2.558673861702089436e+00 2.236159176734056175e+08
2.568908557148898097e+00 1.278554463213887215e+08
2.579184191377493551e+00 1.335895839192536324e+08
2.589500928143003478e+00 1.134241771967597008e+08
2.599858931855575594e+00 1.544837608070279658e+08
2.610258367582998229e+00 2.042971278478860855e+08
2.620699401053329769e+00 2.813738913272191286e+08
2.631182198657543214e+00 2.517789954068399072e+08
2.641706927452173392e+00 5.339453814064792395e+08
2.652273755161981938e+00 4.533360147085356712e+08
2.662882850182629824e+00 1.649128536681101620e+08
2.673534381583360542e+00 5.989399232333895564e+07
2.684228519109693956e+00 9.819564906856700778e+07
2.694965433186132575e+00 2.013603806070118546e+08
2.705745294918877164e+00 2.129113749269963801e+08
2.716568276098552559e+00 2.391477607862814963e+08
2.727434549202946812e+00 4.647432520760780573e+08
2.738344287399758326e+00 1.793340361156611741e+08
2.749297664549357201e+00 4.311499017952962518e+08
2.760294855207554576e+00 1.824767178691155016e+08
2.771336034628385292e+00 2.157300173911661506e+08
2.782421378766898545e+00 1.656016534525361657e+08
2.793551064281966312e+00 3.757679533976113796e+08
2.804725268539093985e+00 1.960313972947952747e+08
2.815944169613250558e+00 3.141533089693852663e+08
2.827207946291703244e+00 4.949339946558009386e+08
2.838516778076869862e+00 3.102542637989549041e+08
2.849870845189177437e+00 4.312691975847976804e+08
2.861270328569933685e+00 5.194046617454034686e+08
2.872715409884213589e+00 5.555689338348995447e+08
2.884206271523750420e+00 6.418895003666008711e+08
2.895743096609845413e+00 7.107340258256756067e+08
2.907326068996284985e+00 6.745260759055885077e+08
2.918955373272270393e+00 9.159646456864056587e+08
2.930631194765359826e+00 1.135119515325669289e+09
2.942353719544420709e+00 1.079144275804652691e+09
2.954123134422598440e+00 1.118614831957964897e+09
2.965939626960289122e+00 1.236185495488166094e+09
2.977803385468130504e+00 1.312682190719580889e+09
2.989714599010003138e+00 1.660141010956731319e+09
3.001673457406043077e+00 4.242563620238780975e+08
3.013680151235667015e+00 1.330375669546212435e+09
3.025734871840609408e+00 1.768092547971122742e+09
3.037837811327972037e+00 1.921576243478490114e+09
3.049989162573283785e+00 1.474317399003564358e+09
3.062189119223576395e+00 2.189694710983201027e+09
3.074437875700470890e+00 1.634826653791682005e+09
3.086735627203272880e+00 1.430761951218961954e+09
3.099082569712085622e+00 1.312774578141203880e+09
3.111478899990933744e+00 1.003687139503266215e+09
3.123924815590897186e+00 1.249221521733415365e+09
3.136420514853261121e+00 8.431245365568460226e+08
3.148966196912674320e+00 7.223117924452934265e+08
3.161562061700325277e+00 4.517865346787813902e+08
3.174208309947126327e+00 4.509960103999205232e+08
3.186905143186915090e+00 3.196022238971422911e+08
3.199652763759662566e+00 2.782303005454570055e+08
3.212451374814701222e+00 3.009981923939620852e+08
3.225301180313960625e+00 2.633562840639625490e+08
3.238202385035215958e+00 3.016239841691641212e+08
3.251155194575356955e+00 3.491082467982763648e+08
3.264159815353658622e+00 4.083599783854244947e+08
3.277216454615073271e+00 6.723045504939690828e+08
3.290325320433533207e+00 9.537444778010219336e+08
3.303486621715267635e+00 7.499783236689274311e+08
3.316700568202128441e+00 3.604109549036216736e+07
3.329967370474937294e+00 7.070617491467049718e+07
3.343287239956836743e+00 3.516046307318002582e+08
3.356660388916663962e+00 5.574591583567510843e+08
3.370087030472330714e+00 6.100772162622705698e+08
3.383567378594220187e+00 4.585627187362766862e+08
3.397101648108596716e+00 4.226550449142298102e+08
3.410690054701031482e+00 4.048971527551787496e+08
3.424332814919834878e+00 4.080434228296581507e+08
3.438030146179514634e+00 4.625916020841462016e+08
3.451782266764232610e+00 4.650054592806997895e+08
3.465589395831289998e+00 5.780232959051855803e+08
3.479451753414614767e+00 5.657051990652600527e+08
3.493369560428273068e+00 7.178992512653884888e+08
3.507343038669985980e+00 9.419823063556556702e+08
3.521372410824665788e+00 9.806092563774108887e+08
3.535457900467964709e+00 8.925790407863526344e+08
3.549599732069836477e+00 1.121411859481672525e+09
3.563798130998116154e+00 1.355522865048315048e+09
3.578053323522108364e+00 1.572356854224257231e+09
3.592365536816196858e+00 1.812112780495038509e+09
3.606734998963461614e+00 1.818285102005813599e+09
3.621161938959315041e+00 2.382047256721891403e+09
3.635646586715152839e+00 2.998708725429302692e+09
3.650189173062013293e+00 3.084730351606961250e+09
3.664789929754260545e+00 3.523577173203720093e+09
3.679449089473277645e+00 4.122589323051751614e+09
3.694166885831170699e+00 3.907151659389902592e+09
3.708943553374495661e+00 4.050907833406142235e+09
3.723779327587993571e+00 4.190379432665528774e+09
3.738674444898345328e+00 4.854484167399669647e+09
3.753629142677938901e+00 5.088614160681659698e+09
3.768643659248651190e+00 4.674795239936798096e+09
3.783718233885645432e+00 4.684120523642442703e+09
3.798853106821188153e+00 4.968996121302185059e+09
3.814048519248473657e+00 5.734612240796047211e+09
3.829304713325467180e+00 6.112828163804044724e+09
3.844621932178768908e+00 5.022848706415914536e+09
3.860000419907484215e+00 5.755351326877411842e+09
3.875440421587113882e+00 5.826830120260775566e+09
3.890942183273462529e+00 6.093777123742586136e+09
3.906505952006555926e+00 5.948394650781154633e+09
3.922131975814582727e+00 6.107480023961570740e+09
3.937820503717840648e+00 6.447906298444860458e+09
3.953571785732711508e+00 6.239324918063828468e+09
3.969386072875642490e+00 6.455117036090966225e+09
3.985263617167145167e+00 6.521728805397716522e+09
4.001204671635814059e+00 6.360358801211605072e+09
4.017209490322357190e+00 6.406609733475522041e+09
4.033278328283646630e+00 6.385565798622270584e+09
4.049411441596781458e+00 6.249991705921565056e+09
4.065609087363168506e+00 6.401074864997605324e+09
4.081871523712622185e+00 6.205303041488670349e+09
4.098199009807472315e+00 6.111135922137866020e+09
4.114591805846702144e+00 6.015120225051674843e+09
4.131050173070089038e+00 5.978152251137990952e+09
4.147574373762369149e+00 5.934196413658628464e+09
4.164164671257418959e+00 5.869362304513995171e+09
4.180821329942449260e+00 5.740496313549266815e+09
4.197544615262219558e+00 5.653489329492265701e+09
4.214334793723269357e+00 5.667392425486050606e+09
4.231192132898162761e+00 5.657573569603667259e+09
4.248116901429755288e+00 5.699484964261018753e+09
4.265109369035473996e+00 5.642781119065048218e+09
4.282169806511615384e+00 5.491240644026855469e+09
4.299298485737661935e+00 4.236587937201389790e+09
4.316495679680612874e+00 4.287065138146433353e+09
4.333761662399335357e+00 4.972201639769230843e+09
4.351096709048932532e+00 4.993159704820021629e+09
4.368501095885127583e+00 5.201509252644156456e+09
4.385975100268668214e+00 5.076179864397374153e+09
4.403519000669743555e+00 4.933363391902532578e+09
4.421133076672422391e+00 5.097544192606637001e+09
4.438817608979111817e+00 4.450024021065687180e+09
4.456572879415028332e+00 4.959999802369682312e+09
4.474399170932688463e+00 4.408955118198694229e+09
4.492296767616419828e+00 4.777731885401195526e+09
4.510265954686884626e+00 4.794787803942135811e+09
4.528307018505633330e+00 3.907378731670389175e+09
4.546420246579655711e+00 4.982862391227864265e+09
4.564605927565974497e+00 4.476527268656992912e+09
4.582864351276237258e+00 4.636825507030286789e+09
4.601195808681342925e+00 4.809580812617926598e+09
4.619600591916067422e+00 3.712644564889696121e+09
4.638078994283731937e+00 4.412502223859061241e+09
4.656631310260867629e+00 4.010424701611234665e+09
4.675257835501911430e+00 3.291381538455602169e+09
4.693958866843916944e+00 4.439963138068075180e+09
4.712734702311292878e+00 3.867766093870919228e+09
4.731585641120538810e+00 3.413748239288140774e+09
4.750511983685020923e+00 4.130336680514883995e+09
4.769514031619761063e+00 3.700919534118313789e+09
4.788592087746240011e+00 2.796901461942829609e+09
4.807746456097224730e+00 3.512942195161464214e+09
4.826977441921613377e+00 3.655126765818910122e+09
4.846285351689299858e+00 2.533169150375128269e+09
4.865670493096057925e+00 3.618853222526377678e+09
4.885133175068442135e+00 3.070576339065038204e+09
4.904673707768715474e+00 2.716414977509189129e+09
4.924292402599791174e+00 3.228959170356402397e+09
4.943989572210189642e+00 2.387407345384838104e+09
4.963765530499030021e+00 2.175711148355959892e+09
4.983620592621027079e+00 2.959653498680594444e+09
5.003555074991511198e+00 2.778618563849737644e+09
5.023569295291476777e+00 1.482958785840044975e+09
5.043663572472643075e+00 2.632524626295410633e+09
5.063838226762532813e+00 2.776683902539739132e+09
5.084093579669583640e+00 1.812896260098709822e+09
5.104429953988261381e+00 2.132610895964411020e+09
5.124847673804215020e+00 2.203041364922466755e+09
5.145347064499431688e+00 1.241544252389683723e+09
5.165928452757428957e+00 1.760665246519509792e+09
5.186592166568458673e+00 2.183805603610122681e+09
5.207338535234733001e+00 9.012147265578817129e+08
5.228167889375671784e+00 1.502321554431849241e+09
5.249080560933174766e+00 1.641608992384430170e+09
5.270076883176907145e+00 1.378980779633890629e+09
5.291157190709615321e+00 1.260775561543799877e+09
5.312321819472453299e+00 1.483680836292720556e+09
5.333571106750343738e+00 1.712744957972248793e+09
5.354905391177344320e+00 6.937921120580052137e+08
5.376325012742054099e+00 1.060132061773942828e+09
5.397830312793021612e+00 1.481902514871251822e+09
5.419421634044193858e+00 4.788070454042178392e+08
5.441099320580370602e+00 1.078407127619362116e+09
5.462863717862692425e+00 7.258170875863349438e+08
5.484715172734142996e+00 8.673666490721224546e+08
5.506654033425078865e+00 8.662569866436944008e+08
5.528680649558780580e+00 7.583102721480947733e+08
5.550795372157015350e+00 6.271808966865031719e+08
5.572998553645643227e+00 5.072964069410284162e+08
5.595290547860225949e+00 6.636754085946698189e+08
5.617671710051667766e+00 6.295720028524930477e+08
5.640142396891874021e+00 5.023671974110851288e+08
5.662702966479441713e+00 5.721092886093261242e+08
5.685353778345359821e+00 4.859774634574530125e+08
5.708095193458740724e+00 4.868175317507353425e+08
5.730927574232576482e+00 4.283935441247625351e+08
5.753851284529505783e+00 3.944116493741860390e+08
5.776866689667624399e+00 4.511420755522103310e+08
5.799974156426294769e+00 6.157839623086400032e+08
5.823174053051999977e+00 3.191297849302003384e+08
5.846466749264207508e+00 5.402782435015158653e+08
5.869852616261264977e+00 3.393508702244415283e+08
5.893332026726310069e+00 3.370154730137847662e+08
5.916905354833215114e+00 5.121288459131481051e+08
5.940572976252548543e+00 3.132935916715744138e+08
5.964335268157558545e+00 5.102745261496371627e+08
5.988192609230189589e+00 4.799232410158125758e+08
6.012145379667110490e+00 6.058061479790748358e+08
6.036193961185778889e+00 4.850169639163937569e+08
6.060338737030522616e+00 3.208565485871443152e+08
6.084580091978644134e+00 4.696022894768668413e+08
6.108918412346558746e+00 3.510128157729306221e+08
6.133354085995945226e+00 3.676329249382472038e+08
6.157887502339929320e+00 2.703774511759388447e+08
6.182519052349287669e+00 3.107664207373627424e+08
6.207249128558685491e+00 4.936850079476734996e+08
6.232078125072920471e+00 5.028123432273680568e+08
6.257006437573212843e+00 6.331110550080908537e+08
6.282034463323505236e+00 6.072225505531865358e+08
6.307162601176800720e+00 7.774540166119027138e+08
6.332391251581507063e+00 5.319752250628500581e+08
6.357720816587833390e+00 5.366308922923476696e+08
6.383151699854184180e+00 4.913882865506556630e+08
6.408684306653601226e+00 2.911717096954489946e+08
6.434319043880215361e+00 3.746063134283158183e+08
6.460056320055736379e+00 3.444974877269855142e+08
6.485896545335958052e+00 2.077847519003152251e+08
6.511840131517302233e+00 2.964176384834481478e+08
6.537887492043371829e+00 3.228251651923515201e+08
6.564039042011545533e+00 2.497749527837129831e+08
6.590295198179591196e+00 2.470805255347722769e+08
6.616656378972309405e+00 2.723029427388372421e+08
6.643123004488199257e+00 2.891655216274794340e+08
6.669695496506150789e+00 3.002704731996409893e+08
6.696374278492176479e+00 3.911491021291069984e+08
6.723159775606144528e+00 3.370992118514789939e+08
6.750052414708568094e+00 4.411033191641606688e+08
6.777052624367403411e+00 3.415042835524370670e+08
6.804160834864871887e+00 3.524260234641918540e+08
6.831377478204331055e+00 4.352954687264022231e+08
6.858702988117148180e+00 2.623394082083503306e+08
6.886137800069615622e+00 4.169241362957590818e+08
6.913682351269895499e+00 4.968336129314181209e+08
6.941337080674975013e+00 5.098330867188900709e+08
6.969102428997675069e+00 3.748028917324863076e+08
6.996978838713665994e+00 4.683308946043249369e+08
7.024966754068519670e+00 4.496920403914608955e+08
7.053066621084793653e+00 3.244234476366471648e+08
7.081278887569133929e+00 4.724490958863497376e+08
7.109604003119409654e+00 4.247760417026417851e+08
7.138042419131887861e+00 4.212299801571947336e+08
7.166594588808414379e+00 3.217768502142373919e+08
7.195260967163648047e+00 3.561040909571927190e+08
7.224042011032302923e+00 3.542718855430079103e+08
7.252938179076432235e+00 3.326774577622566819e+08
7.281949931792737196e+00 2.709289875435340405e+08
7.311077731519908696e+00 3.018153912383494377e+08
7.340322042445988515e+00 2.091201377217730284e+08
7.369683330615771411e+00 2.644758723817137182e+08
7.399162063938235612e+00 2.759297082427003980e+08
7.428758712193988423e+00 2.750944542438796163e+08
7.458473747042765112e+00 2.162157181193900406e+08
7.488307642030935796e+00 2.687273425153892636e+08
7.518260872599060285e+00 3.222622077439752817e+08
7.548333916089456253e+00 3.409394547906847596e+08
7.578527251753813587e+00 3.289826717810732722e+08
7.608841360760829176e+00 3.377663188099947572e+08
7.639276726203872769e+00 4.217782527336553335e+08
7.669833833108687493e+00 1.143060041841779947e+08
7.700513168441122325e+00 1.774499880303933024e+08
7.731315221114887670e+00 2.009719013443486392e+08
7.762240481999347352e+00 2.212699702347338796e+08
7.793289443927344351e+00 2.775252613757588863e+08
7.824462601703054077e+00 2.938228908560001850e+08
7.855760452109866065e+00 2.988611516317237020e+08
7.887183493918306532e+00 2.657337695993511677e+08
7.918732227893980458e+00 2.684162861452296972e+08
7.950407156805555431e+00 3.359904573683777452e+08
7.982208785432777454e+00 3.493806327632169127e+08
8.014137620574508958e+00 2.730469443826904297e+08
8.046194171056805899e+00 2.936876471621718407e+08
8.078378947741034821e+00 2.856989535857096314e+08
8.110692463531997021e+00 4.039486211760506630e+08
8.143135233386125549e+00 3.281622378474253416e+08
8.175707774319670662e+00 3.192896638932305574e+08
8.208410605416949224e+00 3.189693010818377137e+08
8.241244247838615422e+00 3.287027843465011716e+08
8.274209224829968790e+00 4.007722197937810421e+08
8.307306061729288871e+00 4.050277358302828670e+08
8.340535285976207192e+00 3.777356637259123325e+08
8.373897427120111203e+00 3.237844906784701347e+08
8.407393016828594412e+00 3.938791942703520656e+08
8.441022588895906509e+00 4.356730779392545223e+08
8.474786679251490540e+00 4.081515954439156651e+08
8.508685825968495209e+00 3.297830399596260190e+08
8.542720569272368891e+00 4.181087749606699347e+08
8.576891451549458978e+00 4.623606147502951622e+08
8.611199017355655627e+00 4.082199490946370959e+08
8.645643813425078150e+00 3.059972440954613686e+08
8.680226388678779159e+00 4.056256222775254846e+08
8.714947294233493125e+00 4.527935090153259039e+08
8.749807083410427566e+00 3.944541030364751816e+08
8.784806311744070229e+00 3.012488161038926840e+08
8.819945536991047774e+00 3.658100207089952826e+08
8.855225319139009343e+00 4.253764194266464710e+08
8.890646220415566958e+00 4.027284644652315378e+08
8.926208805297228821e+00 3.327850663779150844e+08
8.961913640518417878e+00 2.745470747018430233e+08
8.997761295080492161e+00 3.616049854767529964e+08
9.033752340260813085e+00 3.912616994698464870e+08
9.069887349621856387e+00 3.067507715093618035e+08
9.106166899020346150e+00 3.481723892807170749e+08
9.142591566616424359e+00 2.948180700897914767e+08
9.179161932882891506e+00 3.409580380943335295e+08
9.215878580614422333e+00 2.604885644425936043e+08
9.252742094936881045e+00 3.903531389647772312e+08
9.289753063316627646e+00 2.797072138266338706e+08
9.326912075569895322e+00 2.659777778495144248e+08
9.364219723872173162e+00 3.268724887757700086e+08
9.401676602767663482e+00 3.372407031937832236e+08
9.439283309178733816e+00 3.570446897539032102e+08
9.477040442415447075e+00 2.625517686075899303e+08
9.514948604185111236e+00 2.864731068925477862e+08
9.553008398601852136e+00 2.834249687496311069e+08
9.591220432196260859e+00 3.600106544877595901e+08
9.629585313925044687e+00 3.513016218876165152e+08
9.668103655180747324e+00 2.501156729722684622e+08
9.706776069801470896e+00 2.973143157022017837e+08
9.745603174080676112e+00 3.074553225502792597e+08
9.784585586776998412e+00 3.444040643721482158e+08
9.823723929124106746e+00 3.692797731466733217e+08
9.863018824840601440e+00 2.898079951580837965e+08
9.902470900139965337e+00 2.972937797237567902e+08
9.942080783740523842e+00 3.103475653427837491e+08
9.981849106875488431e+00 3.781969139733085036e+08
1.002177650330298952e+01 3.662016244497402310e+08
1.006186360931619994e+01 2.714947887018753290e+08
1.010211106375346723e+01 3.063119198740569353e+08
1.014251950800847979e+01 3.484040778326583505e+08
1.018308958604051284e+01 3.630269167127575278e+08
1.022382194438467451e+01 3.575179593545446992e+08
1.026471723216221399e+01 3.250677791530786753e+08
1.030577610109086173e+01 2.657280813819049597e+08
1.034699920549522467e+01 9.465084357899437845e+07
1.038838720231720458e+01 1.051109938463830948e+08
1.042994075112647501e+01 1.493759530734383464e+08
1.047166051413097954e+01 1.799921683512138426e+08
1.051354715618750468e+01 1.685535775383655131e+08
1.055560134481225454e+01 2.020323814818879366e+08
1.059782375019150358e+01 2.321227747953859866e+08
1.064021504519226902e+01 2.052944433612316847e+08
1.068277590537303823e+01 1.580256415945756733e+08
1.072550700899452991e+01 9.782523329513940215e+07
1.076840903703050856e+01 1.052177314145244956e+08
1.081148267317863088e+01 1.422721521087842882e+08
1.085472860387134553e+01 1.813775342635103762e+08
1.089814751828683015e+01 1.954513885809688866e+08
1.094174010835997635e+01 1.960843806264786422e+08
1.098550706879341909e+01 2.046930018853970766e+08
1.102944909706859100e+01 2.026736087130537629e+08
1.107356689345686540e+01 2.505338181596053839e+08
1.111786116103069233e+01 2.426616357121767402e+08
1.116233260567481622e+01 2.687997027570760846e+08
1.120698193609751492e+01 2.134600618122171164e+08
1.125180986384190440e+01 1.774434813259258866e+08
1.129681710329727373e+01 2.541844689116548300e+08
1.134200437171046083e+01 2.634937012707540691e+08
1.138737238919730466e+01 2.456324542917863131e+08
1.143292187875409383e+01 2.594781854104995728e+08
1.147865356626910938e+01 2.014300637981693149e+08
1.152456818053418530e+01 1.656435731814422011e+08
1.157066645325632237e+01 2.302592514447354078e+08
1.161694911906934635e+01 2.466776487896316350e+08
1.166341691554562487e+01 2.303202650573453009e+08
1.171007058320780736e+01 1.546378652543391883e+08
1.175691086554063958e+01 1.879004998258182406e+08
1.180393850900279951e+01 1.605944148984484076e+08
1.185115426303881137e+01 2.033454456016077697e+08
1.189855888009096674e+01 2.282991290882137120e+08
1.194615311561133097e+01 2.047286486439852118e+08
1.199393772807377623e+01 1.402405062242541015e+08
1.204191347898607134e+01 1.828479160500514805e+08
1.209008113290201614e+01 1.294899925596748143e+08
1.213844145743362368e+01 1.942932085182286799e+08
1.218699522326335938e+01 2.064577563272051811e+08
1.223574320415641381e+01 1.554930295968698859e+08
1.228468617697303777e+01 1.519692276111557782e+08
1.233382492168093059e+01 1.741488453286053240e+08
1.238316022136765504e+01 1.297818593656610101e+08
1.243269286225312520e+01 1.709088775619727969e+08
1.248242363370213859e+01 1.896616458632674813e+08
1.253235332823694748e+01 1.391404732176043093e+08
1.258248274154989410e+01 1.452798415349339545e+08
1.263281267251609385e+01 1.713740129858682752e+08
1.268334392320615756e+01 1.365310690094465315e+08
1.273407729889898299e+01 1.338741514218076766e+08
1.278501360809457665e+01 1.675183410655472875e+08
1.283615366252695544e+01 1.244805541115589142e+08
1.288749827717706253e+01 1.501631062345608175e+08
1.293904827028577031e+01 1.539768154275619388e+08
1.299080446336691352e+01 1.546967538200944364e+08
1.304276768122038099e+01 1.210650408872289062e+08
1.309493875194526424e+01 1.470685824657776356e+08
1.314731850695304693e+01 1.390141016063070595e+08
1.319990778098085649e+01 1.463408119084473550e+08
1.325270741210477965e+01 1.383806109940682948e+08
1.330571824175319939e+01 1.436059240407089293e+08
1.335894111472021173e+01 1.248974399813575000e+08
1.341237687917909227e+01 1.151952997944424450e+08
1.346602638669580898e+01 1.287858237539671808e+08
1.351989049224258999e+01 1.469790975634354651e+08
1.357397005421156067e+01 1.282793661239073128e+08
1.362826593442840917e+01 1.388604981238067150e+08
1.368277899816612297e+01 1.412787396272132993e+08
1.373751011415878942e+01 1.179174005435002446e+08
1.379246015461542463e+01 1.255231717964554727e+08
1.384762999523388416e+01 1.359142444100947082e+08
1.390302051521481808e+01 1.414711302550138831e+08
1.395863259727567751e+01 1.439996374792211056e+08
1.401446712766477987e+01 1.221976507044471800e+08
1.407052499617543972e+01 1.154560431471611857e+08
1.412680709616014063e+01 1.216717162635658383e+08
1.418331432454478147e+01 1.141581070204320848e+08
1.424004758184296193e+01 1.235178127329938412e+08
1.429700777217033369e+01 1.274132702715676725e+08
1.435419580325901379e+01 1.151973214720562547e+08
1.441161258647204946e+01 1.152766101409985274e+08
1.446925903681793812e+01 9.884886435886791348e+07
1.452713607296521126e+01 1.061253172094939202e+08
1.458524461725707155e+01 1.209433129128844589e+08
1.464358559572609764e+01 1.229412995574638247e+08
1.470215993810900557e+01 1.173243661364962608e+08
1.476096857786143879e+01 1.199263220651892573e+08
1.482001245217288599e+01 1.174712773214323819e+08
1.487929250198157760e+01 1.075865512421715409e+08
1.493880967198950316e+01 1.012151973687158376e+08
1.499856491067746056e+01 1.139926594336724579e+08
1.505855917032016933e+01 1.078396454339817166e+08
1.511879340700144958e+01 1.111791804555492401e+08
1.517926858062945605e+01 1.010610048399071395e+08
1.523998565495197433e+01 1.070147442030972540e+08
1.530094559757178274e+01 1.069070842613308132e+08
1.536214937996206764e+01 9.526596170202282071e+07
1.542359797748191674e+01 9.772756006164278090e+07
1.548529236939184450e+01 9.506596689333951473e+07
1.554723353886941339e+01 8.788666845622143149e+07
1.560942247302489072e+01 8.370417245275779068e+07
1.567186016291699069e+01 8.755379654521794617e+07
1.573454760356865556e+01 7.831196953128619492e+07
1.579748579398293096e+01 7.335585229556366801e+07
1.586067573715886247e+01 7.275834268054829538e+07
1.592411844010749888e+01 6.822117755451004207e+07
1.598781491386792730e+01 6.768971147771815956e+07
1.605176617352340074e+01 7.898846159211423993e+07
1.611597323821749228e+01 7.470586530150318146e+07
1.618043713117036120e+01 8.020443837905655801e+07
1.624515887969504391e+01 7.157126719794775546e+07
1.631013951521382310e+01 7.889250420605556667e+07
1.637538007327468037e+01 8.146605532300844789e+07
1.644088159356778078e+01 8.341485107382410765e+07
1.650664511994205341e+01 8.117910145505619049e+07
1.657267170042182158e+01 7.441905666926148534e+07
1.663896238722350418e+01 6.854001381817749143e+07
1.670551823677240222e+01 7.420334491685874760e+07
1.677234030971949608e+01 8.042273327609233558e+07
1.683942967095837062e+01 7.214644400319312513e+07
1.690678738964220429e+01 6.347008632945223153e+07
1.697441453920077237e+01 7.124531148718281090e+07
1.704231219735757108e+01 7.941655035565347970e+07
1.711048144614700561e+01 6.261449020594188571e+07
1.717892337193159236e+01 6.912411574575801194e+07
1.724763906541932101e+01 6.468533923292600363e+07
1.731662962168099895e+01 6.782198275565309823e+07
1.738589614016772344e+01 5.708097463519059122e+07
1.745543972472839300e+01 7.087623608462435007e+07
1.752526148362730751e+01 5.888835704008817673e+07
1.759536252956181812e+01 6.300529651897132397e+07
1.766574397968006238e+01 6.660831556576208770e+07
1.773640695559878466e+01 6.305040089425946027e+07
1.780735258342117433e+01 6.647851354106054455e+07
1.787858199375486024e+01 6.636649696500594914e+07
1.795009632172988034e+01 5.691274359046841413e+07
1.802189670701679702e+01 5.707113575095956028e+07
1.809398429384486562e+01 5.895518370587870479e+07
1.816636023102024211e+01 4.859765810955899209e+07
1.823902567194432578e+01 5.390272928370178491e+07
1.831198177463210186e+01 5.487814958125639707e+07
1.838522970173062987e+01 5.863910430962691456e+07
1.845877062053754969e+01 6.100372731078427285e+07
1.853260570301970134e+01 5.172921357418897003e+07
1.860673612583178027e+01 4.892183574701965600e+07
1.868116307033510637e+01 4.971037080494964868e+07
1.875588772261644976e+01 5.243600598897657543e+07
1.883091127350691352e+01 5.771600007345797867e+07
1.890623491860094063e+01 5.553920867558941990e+07
1.898185985827534594e+01 4.330015665989866108e+07
1.905778729770844748e+01 5.194519429258611053e+07
1.913401844689928311e+01 5.333287930576412380e+07
1.921055452068688041e+01 4.254985403263209760e+07
1.928739673876962968e+01 3.960173508340793848e+07
1.936454632572470658e+01 3.957247787459561974e+07
1.944200451102760141e+01 3.591975745771714300e+07
1.951977252907171589e+01 4.523159230707044899e+07
1.959785161918800256e+01 3.832564741167978942e+07
1.967624302566475691e+01 4.232382454817000031e+07
1.991079942767366973e+01 3.789613141343466192e+07
2.030901541622714390e+01 3.698366859784566611e+07
2.071519572455168756e+01 3.616443481500464678e+07
2.112949963904272010e+01 3.023001293183704466e+07
2.155208963182357707e+01 2.969221722655091807e+07
2.198313142446004420e+01 2.685593586718240380e+07
2.242279405294924643e+01 2.426965795033577457e+07
2.287124993400822959e+01 2.544389555356143042e+07
2.332867493268839709e+01 2.495575389297556877e+07
2.379524843134216638e+01 1.779074372891340032e+07
2.427115339996900900e+01 2.379311894289956242e+07
2.475657646796839018e+01 2.023261517101775482e+07
2.525170799732775961e+01 1.420308042846334353e+07
2.575674215727431715e+01 1.750634744078337401e+07
2.627187700041980278e+01 1.545627247687333822e+07
2.679731454042819649e+01 1.192281448879318871e+07
2.733326083123676042e+01 1.491974006924674474e+07
2.787992604786149542e+01 1.158142226094701141e+07
2.843752456881871993e+01 8.519225012047708035e+06
2.900627506019509738e+01 1.042828391028130427e+07
2.958640056139899599e+01 9.337255882595492527e+06
3.017812857262697435e+01 8.855991347823152319e+06
3.078169114407952023e+01 6.882483052722985856e+06
3.139732496696110431e+01 8.348742290381573141e+06
3.202527146630033172e+01 7.049054344553683884e+06
3.266577689562632969e+01 6.239896454702613875e+06
3.331909243353885586e+01 5.344129374019866809e+06
3.398547428220963695e+01 6.080311533197400160e+06
3.466518376785383282e+01 4.661126795589008369e+06
3.535848744321090464e+01 4.131090657620371319e+06
3.606565719207512188e+01 3.882535461681987159e+06
3.678697033591662802e+01 4.015160359240746591e+06
3.752270974263496583e+01 3.789760101209473331e+06
3.827316393748766643e+01 4.361076580445924774e+06
3.903862721623740839e+01 2.977274892469174229e+06
3.981939976056215613e+01 2.688144033593203872e+06
4.061578775577340394e+01 2.402207342000802048e+06
4.142810351088887444e+01 3.182085275253073778e+06
4.225666558110664539e+01 2.521023592386123259e+06
4.310179889272878029e+01 2.014280280046217609e+06
4.396383487058335504e+01 1.856851151957065798e+06
4.484311156799503095e+01 1.805541800803235732e+06
4.573997379935492091e+01 1.847545305026076501e+06
4.665477327534202345e+01 1.413466971749791177e+06
4.758786874084886165e+01 1.521545330620546592e+06
4.853962611566583973e+01 1.505702154793165857e+06
4.951041863797915710e+01 1.184876988894365495e+06
5.050062701073873939e+01 1.124693675708469469e+06
5.151063955095351332e+01 1.044041752289336873e+06
5.254085234197258103e+01 1.232641699566176394e+06
5.359166938881203635e+01 1.062384920956445625e+06
5.466350277658827395e+01 9.804812433371433290e+05
5.575677283212004198e+01 7.758313337564282119e+05
5.687190828876244098e+01 6.855441407527587144e+05
5.800934645453768468e+01 7.160895251269468572e+05
5.916953338362844050e+01 6.782463657078156248e+05
6.035292405130100946e+01 6.561713997859648662e+05
6.155998253232701956e+01 6.858118391239955090e+05
6.279118218297357146e+01 4.796313433842872619e+05
6.404700582663303976e+01 4.490940912506047171e+05
6.532794594316570169e+01 4.346553181822215556e+05
6.663450486202900436e+01 3.689659005620249081e+05
6.796719495926959098e+01 4.442257412957797060e+05
6.932653885845499531e+01 4.379537475423346041e+05
7.071306963562409464e+01 3.404679278349597007e+05
7.212733102833657028e+01 2.668486406350576435e+05
7.356987764890331505e+01 3.131475274214494857e+05
7.504127520188137623e+01 2.564254209434900258e+05
7.654210070591901172e+01 2.655868580950096366e+05
7.807294272003738911e+01 2.294812560397839989e+05
7.963440157443814371e+01 2.251998461205697095e+05
8.122708960592690630e+01 1.945063334720292187e+05
8.285163139804545551e+01 1.745286868707702670e+05
8.450866402600635752e+01 1.622364388223074784e+05
8.619883730652648524e+01 1.832263222451359907e+05
8.792281405265701721e+01 1.938367312522386492e+05
8.968127033371015955e+01 1.483082756713136041e+05
9.147489574038435478e+01 1.424319592916777183e+05
9.330439365519204387e+01 1.184309992412323772e+05
9.517048152829590890e+01 1.003952546381017310e+05
9.707389115886181230e+01 1.148745201486053120e+05
9.901536898203904968e+01 8.642198303745468729e+04
