# Wavelength [um]       Fp [W/m2/m]  
1.000553076518779783e-01 2.779043887095254228e-08
1.004555288824854897e-01 1.170358635637168238e-47
1.008573509980154326e-01 1.141726082854878129e-45
1.012607804020075053e-01 2.174860083307765279e-45
1.016658235236155422e-01 2.097788901524488655e-47
1.020724868177099870e-01 5.324250035846951040e-35
1.024807767649808382e-01 4.173473778800724806e-37
1.028906998720407612e-01 2.888764773015287959e-44
1.033022626715289355e-01 3.044922095753528597e-32
1.037154717222150413e-01 9.792290594051069999e-46
1.041303336091038839e-01 1.404661806697081245e-42
1.045468549435403099e-01 1.475759684108677043e-40
1.049650423633144702e-01 1.628659911313608326e-46
1.053849025327677214e-01 3.339452464811038177e-36
1.058064421428987906e-01 1.633552760958308782e-43
1.062296679114703990e-01 1.087751375359692548e-35
1.066545865831162732e-01 5.394887245576148458e-39
1.070812049294487533e-01 3.051829108268142694e-40
1.075095297491665408e-01 1.191179323434789205e-32
1.079395678681632220e-01 3.533993844748876711e-40
1.083713261396358624e-01 3.330229406496217350e-31
1.088048114441943909e-01 1.954937807584144618e-33
1.092400306899711654e-01 7.288733009457016264e-21
1.096769908127310511e-01 1.017310410048407094e-32
1.101156987759819850e-01 1.669726402906830381e-33
1.105561615710859147e-01 2.325669516320067109e-21
1.109983862173702651e-01 9.015983453513267774e-26
1.114423797622397516e-01 7.116432606685898276e-30
1.118881492812886930e-01 1.173159745952188226e-32
1.123357018784138517e-01 7.007074251169522084e-30
1.127850446859275102e-01 3.450862463564530696e-17
1.132361848646712132e-01 8.056063980111795576e-20
1.136891296041298988e-01 2.872375857027344686e-19
1.141438861225464035e-01 6.595730284522413994e-19
1.146004616670366072e-01 2.966670424819369735e-18
1.150588635137047705e-01 9.500717769767179647e-21
1.155190989677595953e-01 3.822264090719558645e-20
1.159811753636306314e-01 2.323521390512689514e-22
1.164451000650851553e-01 8.474794656030198737e-26
1.169108804653455069e-01 4.275382781038354412e-25
1.173785239872068981e-01 8.840814222543823909e-29
1.178480380831557206e-01 3.900805719091322278e-29
1.183194302354883543e-01 3.572317000116200957e-27
1.187927079564302935e-01 2.271057774539239208e-29
1.192678787882560099e-01 3.573481260381222179e-29
1.197449503034090645e-01 1.820173866576508903e-29
1.202239301046226783e-01 2.364698812727065500e-32
1.207048258250411760e-01 1.348691354453164797e-26
1.211876451283413342e-01 1.326847125057446666e-28
1.216723957088547137e-01 9.381984864170757462e-29
1.221590852916901310e-01 4.787670744271744524e-26
1.226477216328568792e-01 6.297075206359426762e-24
1.231383125193883099e-01 2.650522669055459935e-28
1.236308657694658586e-01 6.819764681130006848e-26
1.241253892325437369e-01 1.231672843881472598e-25
1.246218907894739159e-01 4.377689883554515309e-28
1.251203783526317892e-01 1.325126724271741491e-27
1.256208598660423226e-01 5.344875638005091461e-23
1.261233433055065078e-01 1.474859635575793350e-23
1.266278366787285392e-01 5.228205706594933181e-28
1.271343480254434610e-01 6.725718093498519736e-23
1.276428854175452321e-01 4.064975560486010178e-24
1.281534569592154005e-01 3.689372144766255419e-26
1.286660707870522780e-01 2.964057011021130583e-24
1.291807350702004475e-01 2.805027065373335521e-23
1.296974580104812425e-01 2.357178758420246543e-23
1.302162478425231973e-01 8.499003167615716478e-24
1.307371128338932764e-01 1.517595852852723867e-21
1.312600612852288795e-01 3.839951440192050096e-21
1.317851015303697915e-01 1.103085007165318782e-21
1.323122419364912705e-01 2.895256125494144976e-20
1.328414909042372472e-01 1.963226408436506478e-19
1.333728568678542170e-01 6.757847401836289423e-20
1.339063482953256612e-01 1.405785468349278501e-21
1.344419736885069383e-01 7.785917595061008096e-20
1.349797415832609815e-01 8.289104539248878184e-19
1.355196605495940232e-01 3.507211249335718648e-19
1.360617391917924301e-01 1.407990853877860962e-18
1.366059861485595939e-01 2.151095111541331706e-19
1.371524100931538481e-01 5.649770691337403187e-21
1.377010197335264696e-01 8.684944949088141387e-20
1.382518238124605670e-01 1.394935066978095732e-16
1.388048311077104136e-01 5.469606731775119011e-18
1.393600504321412248e-01 2.906290694538131980e-19
1.399174906338697677e-01 2.080125122753749987e-19
1.404771605964052761e-01 1.138781616789309632e-16
1.410390692387908651e-01 3.859049303211368469e-18
1.416032255157460562e-01 4.358429984306204433e-16
1.421696384178090522e-01 4.525322474726045895e-20
1.427383169714803168e-01 4.259836354795722549e-17
1.433092702393662099e-01 1.232130501215443588e-14
1.438825073203236771e-01 1.282507671553503173e-16
1.444580373496049674e-01 1.714562955961077542e-14
1.450358694990033503e-01 1.908848043609293891e-16
1.456160129769993872e-01 7.872813051218863139e-15
1.461984770289073976e-01 8.243252329059868906e-14
1.467832709370230082e-01 1.098867956711563915e-15
1.473704040207710897e-01 6.382792942102784306e-14
1.479598856368541382e-01 6.396544675982564320e-17
1.485517251794015725e-01 1.023601543826841270e-14
1.491459320801191979e-01 5.967067566802335392e-14
1.497425158084396690e-01 1.573637334696898493e-15
1.503414858716734248e-01 2.934531129625332120e-12
1.509428518151600951e-01 3.373285007120552289e-14
1.515466232224207677e-01 3.382478795001953921e-15
1.521528097153104220e-01 4.642329418191052430e-12
1.527614209541716672e-01 5.265848987399971599e-14
1.533724666379883694e-01 2.900759899187450946e-13
1.539859565045403056e-01 1.224761615957196973e-12
1.546019003305584838e-01 1.709377044522339861e-16
1.552203079318807133e-01 5.339044851127701236e-13
1.558411891636082569e-01 8.425925273758443626e-13
1.564645539202626778e-01 3.218581413459744294e-13
1.570904121359437411e-01 1.453670657458266497e-12
1.577187737844875093e-01 1.167060613219505797e-12
1.583496488796254653e-01 2.628581087191292313e-12
1.589830474751439959e-01 6.519622399557855619e-12
1.596189796650445414e-01 2.238054370192622818e-12
1.602574555837047166e-01 4.476665004592111840e-12
1.608984854060395708e-01 1.013444057785578463e-11
1.615420793476636807e-01 6.596734004378568481e-12
1.621882476650543525e-01 1.891863052478045588e-11
1.628370006557145755e-01 1.641787467105153904e-11
1.634883486583374457e-01 2.628527993621733369e-11
1.641423020529707844e-01 6.246913237759664855e-11
1.647988712611826723e-01 3.273183139550100694e-11
1.654580667462274002e-01 3.074603294124146563e-11
1.661198990132123077e-01 1.002494355940428004e-10
1.667843786092651215e-01 7.483257293599187946e-11
1.674515161237022098e-01 2.009157939534711725e-10
1.681213221881969755e-01 3.400958309777871740e-10
1.687938074769497754e-01 3.581518048086894356e-10
1.694689827068575905e-01 9.523785109527662274e-10
1.701468586376850278e-01 8.459770051443320622e-10
1.708274460722357391e-01 7.776906773184696296e-10
1.715107558565246715e-01 1.182023580656934892e-09
1.721967988799507909e-01 1.161268661897637824e-09
1.728855860754705820e-01 1.629834095906847296e-09
1.735771284197724640e-01 2.628701991903509891e-09
1.742714369334515678e-01 2.859448429573035756e-09
1.749685226811853456e-01 5.323095812663240848e-09
1.756683967719100681e-01 7.226993950042689652e-09
1.763710703589977391e-01 1.352099103906506644e-08
1.770765546404337309e-01 1.381337942695108243e-08
1.777848608589954471e-01 1.074167890279775451e-08
1.784960003024314568e-01 2.229849991877286839e-08
1.792099843036411844e-01 2.137598541551986469e-08
1.799268242408557650e-01 3.207138598091336364e-08
1.806465315378191772e-01 5.138796036249936054e-08
1.813691176639704306e-01 4.415836906983195638e-08
1.820945941346263086e-01 7.740416869501789975e-08
1.828229725111648329e-01 1.400239793013746273e-07
1.835542644012094771e-01 7.705645220399286085e-08
1.842884814588143239e-01 1.382751261855927732e-07
1.850256353846495561e-01 2.595504530346257741e-07
1.857657379261881403e-01 1.844721453339807854e-07
1.865088008778928996e-01 3.953102767274298894e-07
1.872548360814044743e-01 3.874685535718522252e-07
1.880038554257300876e-01 4.138001506307324709e-07
1.887558708474330049e-01 8.003810807450122470e-07
1.895108943308226879e-01 7.894933772186066357e-07
1.902689379081460019e-01 8.264013921452197841e-07
1.910300136597785636e-01 1.637409107057630308e-06
1.917941337144176972e-01 1.429676747784411040e-06
1.925613102492753359e-01 1.884498008579429293e-06
1.933315554902724498e-01 3.092504645904268922e-06
1.941048817122335568e-01 3.127490664085117635e-06
1.948813012390824828e-01 3.589025731680452189e-06
1.956608264440388156e-01 5.982708206124386609e-06
1.964434697498149418e-01 5.233426205075157898e-06
1.972292436288141937e-01 6.903702699402175706e-06
1.980181606033294406e-01 9.746509791975273979e-06
1.988102332457427346e-01 1.012153072388472438e-05
1.996054741787257336e-01 1.156571589941124322e-05
2.004038960754406518e-01 1.489859221055852619e-05
2.012055116597424309e-01 1.764738759934582685e-05
2.020103337063813842e-01 2.118307007501278561e-05
2.028183750412069219e-01 2.676159312324730765e-05
2.036296485413717494e-01 3.001156763761141566e-05
2.044441671355372303e-01 3.462099262720507245e-05
2.052619438040793887e-01 4.426073518448585319e-05
2.060829915792957157e-01 5.188250564694121749e-05
2.069073235456129201e-01 6.213810294799062064e-05
2.077349528397953449e-01 7.487093603713337571e-05
2.085658926511545219e-01 9.174907140456009936e-05
2.094001562217591150e-01 1.103986643238561750e-04
2.102377568466461677e-01 1.317572850399720459e-04
2.110787078740327671e-01 1.546561112295287389e-04
2.119230227055288740e-01 1.900273108667764957e-04
2.127707147963510126e-01 2.291455109502266434e-04
2.136217976555363773e-01 2.778955089752107276e-04
2.144762848461585492e-01 3.198444527086958980e-04
2.153341899855431840e-01 3.958485653178910458e-04
2.161955267454853669e-01 4.836864844575472565e-04
2.170603088524672986e-01 5.818348099237102789e-04
2.179285500878772042e-01 6.725771350267053606e-04
2.188002642882286852e-01 8.057552538920769716e-04
2.196754653453815986e-01 9.998654872493846751e-04
2.205541672067631020e-01 1.167749977872996597e-03
2.214363838755901703e-01 1.513290868732447125e-03
2.223221294110925284e-01 1.647629881130315693e-03
2.232114179287369160e-01 2.261772458151541879e-03
2.241042636004518529e-01 2.439028584893653678e-03
2.250006806548536520e-01 3.445587139314758903e-03
2.259006833774730438e-01 3.547788047021562495e-03
2.268042861109829667e-01 4.398293987912832437e-03
2.277115032554268836e-01 5.274833832056660156e-03
2.286223492684485714e-01 6.215400804387797955e-03
2.295368386655223802e-01 9.087559391839720654e-03
2.304549860201844658e-01 7.988370835771689549e-03
2.313768059642651864e-01 1.142421992426464507e-02
2.323023131881222503e-01 1.251753591395841914e-02
2.332315224408747223e-01 1.713067843004027757e-02
2.341644485306381973e-01 2.106878533395877343e-02
2.351011063247607502e-01 1.890630385268994920e-02
2.360415107500598020e-01 2.922689158494669662e-02
2.369856767930600405e-01 2.589072588238684747e-02
2.379336195002322851e-01 4.111942145442171875e-02
2.388853539782332114e-01 4.229078514613537204e-02
2.398408953941461863e-01 8.085104299108424042e-02
2.408002589757227141e-01 9.232064275201327941e-02
2.417634600116256582e-01 6.458791590640287905e-02
2.427305138516721306e-01 1.374364713337151156e-01
2.437014359070788505e-01 1.225810090662139556e-01
2.446762416507071713e-01 3.171516296854375860e-01
2.456549466173099938e-01 1.836186024498013547e-01
2.466375664037792625e-01 3.170375145616139978e-01
2.476241166693943785e-01 4.647657888661902437e-01
2.486146131360719436e-01 2.063651949612406722e-01
2.496090715886161993e-01 4.982874140520325290e-01
2.506075078749706586e-01 3.742989751292878919e-01
2.516099379064705155e-01 6.330259049131253812e-01
2.526163776580964138e-01 2.068664558191386948e+00
2.536268431687287994e-01 3.546791712924120876e+00
2.546413505414037437e-01 5.868042473401835935e+00
2.556599159435693491e-01 1.838309330788849838e+00
2.566825556073435988e-01 1.946156316963709720e+00
2.577092858297729827e-01 2.266197929341626782e+00
2.587401229730920682e-01 1.852334372346832403e+00
2.597750834649844576e-01 3.434487379274256291e+00
2.608141837988444123e-01 2.878348684988077721e+00
2.618574405340398092e-01 9.343846961635799531e+00
2.629048702961759298e-01 1.864865304919598543e+01
2.639564897773606367e-01 1.867149234258553392e+01
2.650123157364701054e-01 1.875841127990419821e+01
2.660723649994159445e-01 1.501322017103107420e+01
2.671366544594135917e-01 1.898570349685030934e+01
2.682052010772512096e-01 2.520325617183468481e+01
2.692780218815602478e-01 1.983513581655850544e+01
2.703551339690865030e-01 3.788641725608845690e+01
2.714365545049627904e-01 3.559619346648531035e+01
2.725223007229827243e-01 3.896334338973329636e+01
2.736123899258746106e-01 4.968478127508731745e+01
2.747068394855781692e-01 7.978171932683549983e+01
2.758056668435204806e-01 8.778668012666697962e+01
2.769088895108945403e-01 1.603329194618901283e+02
2.780165250689380918e-01 1.453695013047253326e+02
2.791285911692138466e-01 2.013346548872898722e+02
2.802451055338907038e-01 1.973400521683973352e+02
2.813660859560263017e-01 2.082668586838801730e+02
2.824915502998503469e-01 2.184837369248820664e+02
2.836215165010497197e-01 3.131495862911515928e+02
2.847560025670539119e-01 3.286340915759744803e+02
2.858950265773221866e-01 5.565781878374675671e+02
2.870386066836315142e-01 5.391531961236668167e+02
2.881867611103660631e-01 8.121201582836974922e+02
2.893395081548075787e-01 9.855161963351955592e+02
2.904968661874267610e-01 1.067839676349169395e+03
2.916588536521764197e-01 1.265739385538423903e+03
2.928254890667851273e-01 1.393796702622689736e+03
2.939967910230522619e-01 1.606317474648384177e+03
2.951727781871444911e-01 2.025266544751036008e+03
2.963534692998930908e-01 2.389237888834001751e+03
2.975388831770926501e-01 2.806699854467745809e+03
2.987290387098009981e-01 3.715458968799301601e+03
2.999239548646402409e-01 3.871266359583213671e+03
3.011236506840988536e-01 5.046450488469453376e+03
3.023281452868351593e-01 5.201058640766064855e+03
3.035374578679824742e-01 4.982940705862554751e+03
3.047516076994544187e-01 7.138983972158059260e+03
3.059706141302522830e-01 8.448334426630168309e+03
3.071944965867733357e-01 9.314948523146264051e+03
3.084232745731204095e-01 1.097290091417015356e+04
3.096569676714128194e-01 9.252686794735671356e+03
3.108955955420985018e-01 1.072850565314547930e+04
3.121391779242668751e-01 1.574744586145503672e+04
3.133877346359639215e-01 1.782864790291913960e+04
3.146412855745078230e-01 2.025763348303253952e+04
3.158998507168058190e-01 2.220470702795420220e+04
3.171634501196730627e-01 2.485473463458190599e+04
3.184321039201517545e-01 2.691272493835932983e+04
3.197058323358323295e-01 2.896912058001532205e+04
3.209846556651756444e-01 2.546690121494931736e+04
3.222685942878363852e-01 1.723782702174874794e+04
3.235576686649877520e-01 3.174745552073259023e+04
3.248518993396476984e-01 2.991048945685096987e+04
3.261513069370062801e-01 2.301761890152451087e+04
3.274559121647543369e-01 1.117483879788690501e+04
3.287657358134133401e-01 1.492076759544375363e+03
3.300807987566670154e-01 5.606832881096428522e+00
3.314011219516936890e-01 3.291896133505709372e+02
3.327267264395004642e-01 8.698372727995327296e+03
3.340576333452584534e-01 3.254010488406678633e+04
3.353938638786395088e-01 6.050998142557897518e+04
3.367354393341540630e-01 8.662418740665851510e+04
3.380823810914907468e-01 1.106434014958452462e+05
3.394347106158566718e-01 1.333343583405054233e+05
3.407924494583201014e-01 1.550257030926529260e+05
3.421556192561533982e-01 1.735243222636781284e+05
3.435242417331779707e-01 1.601088138822569454e+05
3.448983387001106626e-01 4.587558988000821410e+04
3.462779320549111417e-01 2.212315038971636968e+05
3.476630437831307319e-01 2.799941836969286087e+05
3.490536959582632992e-01 3.187877076486708829e+05
3.504499107420963600e-01 3.572035594718852080e+05
3.518517103850647421e-01 3.973084523233275395e+05
3.532591172266050239e-01 4.399755709618732799e+05
3.546721536955114717e-01 4.867312701652779360e+05
3.560908423102934761e-01 5.372830705642247340e+05
3.575152056795346533e-01 5.914715269387669396e+05
3.589452665022527800e-01 6.517043773522925330e+05
3.603810475682617254e-01 7.163704654785882449e+05
3.618225717585348278e-01 7.866921201647379203e+05
3.632698620455689364e-01 8.630794209217283642e+05
3.647229414937512293e-01 9.461451077848351561e+05
3.661818332597261971e-01 1.036698699288908159e+06
3.676465605927651259e-01 1.131024216919840546e+06
3.691171468351361895e-01 1.239650930910005933e+06
3.705936154224767076e-01 1.350817229156452464e+06
3.720759898841666247e-01 1.462759182721320307e+06
3.735642938437032656e-01 1.601327903458532179e+06
3.750585510190780902e-01 1.746399792102068663e+06
3.765587852231543908e-01 1.919236946175443940e+06
3.780650203640470441e-01 2.088139123027227120e+06
3.795772804455032068e-01 2.275113914181226864e+06
3.810955895672852312e-01 2.474228610272543970e+06
3.826199719255543585e-01 2.649094468124310952e+06
3.841504518132565771e-01 2.897156217308707535e+06
3.856870536205096456e-01 3.140143919955076650e+06
3.872298018349916715e-01 3.423671824549831450e+06
3.887787210423316320e-01 3.702498390440101270e+06
3.903338359265008939e-01 4.012627926057617180e+06
3.918951712702069545e-01 4.345913982232994400e+06
3.934627519552877928e-01 4.689173822002318688e+06
3.950366029631089404e-01 5.071775412653008476e+06
3.966167493749613859e-01 5.441901838325226679e+06
3.982032163724612550e-01 5.759941740728190169e+06
3.997960292379510450e-01 6.012988072385623120e+06
4.013952133549028578e-01 5.859436477622928098e+06
4.030007942083224659e-01 3.690585754349238239e+06
4.046127973851557647e-01 1.649256933277105563e+05
4.062312485746963908e-01 4.138251266358785331e+06
4.078561735689951728e-01 7.908303332588036545e+06
4.094875982632711353e-01 9.446237920393697917e+06
4.111255486563242245e-01 1.055696090200714394e+07
4.127700508509495880e-01 1.157370664400500432e+07
4.144211310543532978e-01 1.258436933572589420e+07
4.160788155785707931e-01 1.360500438558734767e+07
4.177431308408850463e-01 1.469476318407073244e+07
4.194141033642486138e-01 1.584757752118714526e+07
4.210917597777056320e-01 1.699971181852295995e+07
4.227761268168164221e-01 1.818993374529008567e+07
4.244672313240837602e-01 1.958574558333770558e+07
4.261651002493800910e-01 2.105251252283811569e+07
4.278697606503775730e-01 2.257655223344245553e+07
4.295812396929790666e-01 2.425954077085840330e+07
4.312995646517510107e-01 2.602773201692046598e+07
4.330247629103580187e-01 2.772703200596928596e+07
4.347568619619994745e-01 2.965281389907608181e+07
4.364958894098474596e-01 3.169385777341462299e+07
4.382418729674867897e-01 3.396252081778410077e+07
4.399948404593567730e-01 3.619850203251510113e+07
4.417548198211941890e-01 3.879773209547825158e+07
4.435218391004789873e-01 4.151246008022184670e+07
4.452959264568808750e-01 4.435670432529743761e+07
4.470771101627084021e-01 4.717518010571683943e+07
4.488654186033592119e-01 4.972095344453001767e+07
4.506608802777726241e-01 5.326707285930687189e+07
4.524635237988837710e-01 5.682277602508815378e+07
4.542733778940792333e-01 6.045956521299374849e+07
4.560904714056555065e-01 5.923813908771722764e+07
4.579148332912781894e-01 5.988881862869527191e+07
4.597464926244433370e-01 7.273156532414051890e+07
4.615854785949410899e-01 7.749233326622299850e+07
4.634318205093208576e-01 8.158297760221275687e+07
4.652855477913582227e-01 8.659357627489040792e+07
4.671466899825236219e-01 9.066148236510807276e+07
4.690152767424536906e-01 9.635465604190136492e+07
4.708913378494234969e-01 1.004148210466242731e+08
4.727749032008212171e-01 1.029418573978878260e+08
4.746660028136244769e-01 1.039426957570409775e+08
4.765646668248789131e-01 1.007552768744581193e+08
4.784709254921784560e-01 7.820367114508694410e+07
4.803848091941470555e-01 7.417987745515200496e+07
4.823063484309236815e-01 6.889645252246819437e+07
4.842355738246474361e-01 6.336083679986220598e+07
4.861725161199459966e-01 5.784044776143145561e+07
4.881172061844257226e-01 4.929454141734218597e+07
4.900696750091634302e-01 4.246599753342091292e+07
4.920299537092001074e-01 3.520760599584809691e+07
4.939980735240369625e-01 2.761360253328247741e+07
4.959740658181330253e-01 2.017692242661649361e+07
4.979579620814056362e-01 1.347583461968853883e+07
4.999497939297311566e-01 8.527859314969317988e+06
5.019495931054501758e-01 5.275640143559169956e+06
5.039573914778719965e-01 3.650526707811405882e+06
5.059732210437835054e-01 3.041253207709040493e+06
5.079971139279585435e-01 2.926932126246016938e+06
5.100291023836703852e-01 2.915913225721357856e+06
5.120692187932051054e-01 2.814488763825171627e+06
5.141174956683780550e-01 2.687086504513768014e+06
5.161739656510514473e-01 2.623556350891442969e+06
5.182386615136556074e-01 2.565581547576220240e+06
5.203116161597103329e-01 2.440938386177772656e+06
5.223928626243490303e-01 2.303212731441112235e+06
5.244824340748465152e-01 2.191767584758148063e+06
5.265803638111459239e-01 2.066785739293990424e+06
5.286866852663905103e-01 1.929698191762375413e+06
5.308014320074561088e-01 1.821560627774494933e+06
5.329246377354859288e-01 1.718815911381087732e+06
5.350563362864277916e-01 1.608025225144578610e+06
5.371965616315735881e-01 1.521644000742822886e+06
5.393453478780998456e-01 1.437633858222755603e+06
5.415027292696121819e-01 1.343118081703438424e+06
5.436687401866906466e-01 1.266520463485322893e+06
5.458434151474373941e-01 1.187546427032331005e+06
5.480267888080271321e-01 1.098851824832561426e+06
5.502188959632591247e-01 1.023921981204963871e+06
5.524197715471121928e-01 9.477575150127948727e+05
5.546294506333006025e-01 8.678014678593609715e+05
5.568479684358338400e-01 7.933863682468342595e+05
5.590753603095770519e-01 7.233274617223666282e+05
5.613116617508153716e-01 6.458587695316907484e+05
5.635569083978186899e-01 5.777084131298827706e+05
5.658111360314097560e-01 5.025961030012814444e+05
5.680743805755354980e-01 4.316369317594020977e+05
5.703466780978375672e-01 3.658733768048414495e+05
5.726280648102289872e-01 3.024441119503972004e+05
5.749185770694699160e-01 2.412111088977100153e+05
5.772182513777477375e-01 1.845483611821521481e+05
5.795271243832587071e-01 1.342651324037628365e+05
5.818452328807918184e-01 9.237197515275547630e+04
5.841726138123150003e-01 6.003028765236644540e+04
5.865093042675643131e-01 2.177969791004940271e+04
5.888553414846344758e-01 1.822227341740408519e+03
5.912107628505729462e-01 9.449535862738963260e+03
5.935756059019753339e-01 5.984145214995498100e+04
5.959499083255832552e-01 1.428572808796877798e+05
5.983337079588855190e-01 2.672833192813282367e+05
6.007270427907210886e-01 4.646247785595525638e+05
6.031299509618840426e-01 7.698458338720508618e+05
6.055424707657315331e-01 1.183481211457995232e+06
6.079646406487945187e-01 1.729018733115684707e+06
6.103964992113897203e-01 2.457187760955329519e+06
6.128380852082353503e-01 3.405865644754481036e+06
6.152894375490681744e-01 4.620388866873569787e+06
6.177505952992645710e-01 6.139047434628416784e+06
6.202215976804615893e-01 7.993747833905971609e+06
6.227024840711834486e-01 1.027524988866811618e+07
6.251932940074681477e-01 1.308777091759043373e+07
6.276940671834980723e-01 1.653066776408752799e+07
6.302048434522321552e-01 2.076793316962563619e+07
6.327256628260409244e-01 2.586463632461768016e+07
6.352565654773452142e-01 3.187512511998283118e+07
6.377975917392545435e-01 3.903607360817745328e+07
6.403487821062116003e-01 4.749305037470525503e+07
6.429101772346363930e-01 5.748542657859361917e+07
6.454818179435749537e-01 6.934294627880804241e+07
6.480637452153492628e-01 8.347897873809809983e+07
6.506560001962106154e-01 1.004109147153928280e+08
6.532586241969955410e-01 1.207311275417284966e+08
6.558716586937833881e-01 1.450029236603912711e+08
6.584951453285585732e-01 1.737146126085459292e+08
6.611291259098727169e-01 2.079767963994638622e+08
6.637736424135122215e-01 2.487759132891009450e+08
6.664287369831662922e-01 2.959616635495883226e+08
6.690944519310989547e-01 3.495220151568168998e+08
6.717708297388232941e-01 4.104033952044768929e+08
6.744579130577786907e-01 4.779140891912481189e+08
6.771557447100098326e-01 5.476160855928198099e+08
6.798643676888498355e-01 6.116957603557121754e+08
6.825838251596052508e-01 6.610013602474519014e+08
6.853141604602436265e-01 6.864577542139722109e+08
6.880554171020846210e-01 6.831632334162255526e+08
6.908076387704928933e-01 6.542062137636827230e+08
6.935708693255748791e-01 6.214402591902214289e+08
6.963451528028771209e-01 6.142316545748990774e+08
6.991305334140887062e-01 6.203135512889637947e+08
7.019270555477450380e-01 6.462061637589780092e+08
7.047347637699360456e-01 6.862567764884263277e+08
7.075537028250157290e-01 7.295009464114480019e+08
7.103839176363159202e-01 7.702199293081343174e+08
7.132254533068611568e-01 8.090217966057602167e+08
7.160783551200886610e-01 8.319638932962058783e+08
7.189426685405689854e-01 8.476681896181739569e+08
7.218184392147313222e-01 8.517262974978815317e+08
7.247057129715901436e-01 8.317392941895765066e+08
7.276045358234763949e-01 8.081886664927554131e+08
7.305149539667704639e-01 7.662222476082160473e+08
7.334370137826373703e-01 7.294093066079154015e+08
7.363707618377679509e-01 6.895636482508221865e+08
7.393162448851190449e-01 6.502129056506221294e+08
7.422735098646596752e-01 6.052259589352401495e+08
7.452426039041182282e-01 5.639273372891374826e+08
7.482235743197346300e-01 5.206471111018966436e+08
7.512164686170136330e-01 4.682985865587564111e+08
7.542213344914817652e-01 4.249459501787847281e+08
7.572382198294477229e-01 3.777833663120718002e+08
7.602671727087656484e-01 3.021223613789891601e+08
7.633082413996006288e-01 1.558444836246553957e+08
7.663614743651989691e-01 1.961265068566642329e+07
7.694269202626597970e-01 2.690951660367810354e+07
7.725046279437104424e-01 1.228739060672011077e+08
7.755946464554852593e-01 2.723977673668854833e+08
7.786970250413072225e-01 4.385749709624758363e+08
7.818118131414724115e-01 5.943144815116086006e+08
7.849390603940383793e-01 7.515209968218166828e+08
7.880788166356144098e-01 9.319576359562580585e+08
7.912311319021569922e-01 1.139643132951947927e+09
7.943960564297655180e-01 1.384272310270124197e+09
7.975736406554845281e-01 1.664759508257257462e+09
8.007639352181065151e-01 1.977841457453008652e+09
8.039669909589789443e-01 2.314245657542365551e+09
8.071828589228148276e-01 2.686928873834231377e+09
8.104115903585061842e-01 3.083631685006793022e+09
8.136532367199402760e-01 3.506067277272369385e+09
8.169078496668199518e-01 3.956630564776786804e+09
8.201754810654874328e-01 4.153098872985559464e+09
8.234561829897493190e-01 5.075330350162335396e+09
8.267500077217083687e-01 5.789401424736187935e+09
8.300570077525952772e-01 6.398352962110877037e+09
8.333772357836056743e-01 7.043346702470659256e+09
8.367107447267401188e-01 7.636809858961058617e+09
8.400575877056470908e-01 8.404259405781478882e+09
8.434178180564695371e-01 9.213576215826488495e+09
8.467914893286955236e-01 1.006997114230010986e+10
8.501786552860102208e-01 1.091858562180850983e+10
8.535793699071543283e-01 1.178042641266936111e+10
8.569936873867830540e-01 1.267199425387024879e+10
8.604216621363300899e-01 1.228367381318009567e+10
8.638633487848753623e-01 8.774537326422679901e+09
8.673188021800150027e-01 1.112363576433903122e+10
8.707880773887352044e-01 1.099715495963863373e+10
8.742712296982900755e-01 1.190993852577481079e+10
8.777683146170831563e-01 1.298546311571026039e+10
8.812793878755513788e-01 1.431199002858843994e+10
8.848045054270535781e-01 1.578483784231366348e+10
8.883437234487617795e-01 1.553353366551455879e+10
8.918970983425568155e-01 1.654105605877397919e+10
8.954646867359271623e-01 1.812661271646108627e+10
8.990465454828707736e-01 1.795286137538800812e+10
9.026427316648023558e-01 2.062706521638839722e+10
9.062533025914615292e-01 2.254816845800036240e+10
9.098783158018273198e-01 2.405307035807564545e+10
9.135178290650346478e-01 2.545947589524061966e+10
9.171719003812948134e-01 2.658901624862571335e+10
9.208405879828199803e-01 2.860906977592300415e+10
9.245239503347512100e-01 2.984064267292473221e+10
9.282220461360901620e-01 2.534612618193587875e+10
9.319349343206346781e-01 2.679552034906523132e+10
9.356626740579171431e-01 2.826515701152215958e+10
9.394053247541488405e-01 3.066741227272019958e+10
9.431629460531654185e-01 3.173083166271235275e+10
9.469355978373780180e-01 3.254381038115165329e+10
9.507233402287275092e-01 3.238256632081811905e+10
9.545262335896426142e-01 3.410835844758169937e+10
9.583443385240012491e-01 3.329684262696610260e+10
9.621777158780971950e-01 3.456653031711669159e+10
9.660264267416096562e-01 3.588459766294747162e+10
9.698905324485760371e-01 3.779639887079098511e+10
9.737700945783701600e-01 3.821576439264250183e+10
9.776651749566835914e-01 3.963593032849800873e+10
9.815758356565105203e-01 4.083788078474652863e+10
9.855021389991363012e-01 4.217990357066287231e+10
9.894441475551331022e-01 4.389782440009680939e+10
9.934019241453534432e-01 4.450771464730271912e+10
9.973755318419349480e-01 3.992888278177917480e+10
1.001365033969302543e+00 3.175134747741012192e+10
1.005370494105179757e+00 3.494177596364539337e+10
1.009391976081600362e+00 3.663719851452247620e+10
1.013429543985926884e+00 4.104544845776226807e+10
1.017483262161870350e+00 4.470997301632414246e+10
1.021553195210518128e+00 4.714841334561553955e+10
1.025639407991360219e+00 4.991202053672672272e+10
1.029741965623325539e+00 5.258671867710996246e+10
1.033860933485818867e+00 5.501359859892474365e+10
1.037996377219762012e+00 5.691069937898049927e+10
1.042148362728641198e+00 5.897813504719504547e+10
1.046316956179555557e+00 6.055032218542608643e+10
1.050502224004274066e+00 6.218573951892077637e+10
1.054704232900291139e+00 6.306110603983488464e+10
1.058923049831892227e+00 6.404092155163455963e+10
1.063158742031219628e+00 6.617365098863197327e+10
1.067411376999344741e+00 6.743116493903215790e+10
1.071681022507342096e+00 6.846527552494432831e+10
1.075967746597371377e+00 6.955992930825221252e+10
1.080271617583760779e+00 7.046799167298953247e+10
1.084592704054095913e+00 7.061655134196527100e+10
1.088931074870312044e+00 6.959129705972253418e+10
1.093286799169793433e+00 6.623251536906330872e+10
1.097659946366472461e+00 6.255122775862107086e+10
1.102050586151938294e+00 5.810718861031121826e+10
1.106458788496546219e+00 5.393865920219760132e+10
1.110884623650532532e+00 4.934384758541865540e+10
1.115328162145134749e+00 4.328187351073402405e+10
1.119789474793714934e+00 4.385853906714088440e+10
1.124268632692889902e+00 4.520260451161003113e+10
1.128765707223661430e+00 4.884445931287515259e+10
1.133280770052556230e+00 4.075827044107252502e+10
1.137813893132766374e+00 4.110371175465576935e+10
1.142365148705297484e+00 4.238688654971524048e+10
1.146934609300118479e+00 4.297711558002718353e+10
1.151522347737319096e+00 3.358029112639286804e+10
1.156128437128268516e+00 2.851660652234853745e+10
1.160752950876781542e+00 3.121300888587124252e+10
1.165395962680288999e+00 4.009882829691401672e+10
1.170057546531009907e+00 3.583092232554227448e+10
1.174737776717134086e+00 2.304240475836712265e+10
1.179436727824002773e+00 2.986284490741860580e+10
1.184154474735298557e+00 4.288229487475850677e+10
1.188891092634239977e+00 5.158260302668090057e+10
1.193646657004777012e+00 5.511307230290318298e+10
1.198421243632796118e+00 6.091032337534169769e+10
1.203214928607327261e+00 6.698966153752584076e+10
1.208027788321756724e+00 7.339499195695208740e+10
1.212859899475043468e+00 7.888737457852177429e+10
1.217711339072943710e+00 8.410726629035453796e+10
1.222582184429235275e+00 8.871913274933404541e+10
1.227472513166952384e+00 9.307887145062846375e+10
1.232382403219620226e+00 9.576314157998756409e+10
1.237311932832498407e+00 9.794940964951049805e+10
1.242261180563828615e+00 9.191869689576269531e+10
1.247230225286083849e+00 1.036838500529084015e+11
1.252219146187228072e+00 9.109085776781719971e+10
1.257228022771976983e+00 1.074884282542836761e+11
1.262256934863064783e+00 1.082768150087261658e+11
1.267305962602517155e+00 1.084780926859349976e+11
1.272375186452927354e+00 1.077583765899372406e+11
1.277464687198738957e+00 1.076766381444478455e+11
1.282574545947533950e+00 1.056458379382290802e+11
1.287704844131324133e+00 1.032620596808366394e+11
1.292855663507849417e+00 1.007453487631447754e+11
1.298027086161880783e+00 9.787732690298774719e+10
1.303219194506528344e+00 9.393735068827934265e+10
1.308432071284554521e+00 8.984169056929447937e+10
1.313665799569692760e+00 8.551159016487809753e+10
1.318920462767971591e+00 8.126212114657638550e+10
1.324196144619043336e+00 7.479396185899748230e+10
1.329492929197519491e+00 5.667932385157106018e+10
1.334810900914309650e+00 3.445712500517700958e+10
1.340150144517967101e+00 2.935420530251926041e+10
1.345510745096038852e+00 2.343427563433941269e+10
1.350892788076423212e+00 2.005637033237883759e+10
1.356296359228728932e+00 1.459436242783016205e+10
1.361721544665643879e+00 1.271230973909062767e+10
1.367168430844306393e+00 1.710664952120889091e+10
1.372637104567683730e+00 1.467447788852850723e+10
1.378127652985954299e+00 1.584764554661676979e+10
1.383640163597898098e+00 1.354395916557869720e+10
1.389174724252289828e+00 1.450599123505395126e+10
1.394731423149298877e+00 1.238066392031339264e+10
1.400310348841896202e+00 1.172156229674361038e+10
1.405911590237263642e+00 1.399322723802280807e+10
1.411535236598212784e+00 1.369645778831301880e+10
1.417181377544605603e+00 1.522160441715797234e+10
1.422850103054784210e+00 1.566338290560936165e+10
1.428541503467003038e+00 1.813034298502706528e+10
1.434255669480871243e+00 1.891215061157651520e+10
1.439992692158794885e+00 2.214353874412054062e+10
1.445752662927429988e+00 2.559660034781150436e+10
1.451535673579139596e+00 3.113308708116352844e+10
1.457341816273456159e+00 3.855874087980064392e+10
1.463171183538549913e+00 3.677411172109496307e+10
1.469023868272704147e+00 3.804977931862497711e+10
1.474899963745795128e+00 4.284145777299005127e+10
1.480799563600778246e+00 4.788564868871929169e+10
1.486722761855181485e+00 4.956302763974237823e+10
1.492669652902602007e+00 5.408780648367960358e+10
1.498640331514212276e+00 5.897270138754485321e+10
1.504634892840269300e+00 6.207377318955317688e+10
1.510653432411630304e+00 6.623901957957743073e+10
1.516696046141276843e+00 7.240377510897872925e+10
1.522762830325842032e+00 7.723094633960926819e+10
1.528853881647145307e+00 8.209218507794352722e+10
1.534969297173733649e+00 8.478971475470770264e+10
1.541109174362428780e+00 8.945689571368707275e+10
1.547273611059878373e+00 9.614891366056553650e+10
1.553462705504118135e+00 9.611804235165875244e+10
1.559676556326134556e+00 8.936720622512757874e+10
1.565915262551438980e+00 9.404087374153958130e+10
1.572178923601644795e+00 9.603601688993557739e+10
1.578467639296051495e+00 9.024115110657876587e+10
1.584781509853235626e+00 8.831034605818434143e+10
1.591120635892648405e+00 8.062216797963523865e+10
1.597485118436219098e+00 6.828359937162419128e+10
1.603875058909963958e+00 5.073628635066978455e+10
1.610290559145603595e+00 3.617266375325856018e+10
1.616731721382186127e+00 2.604898245181466675e+10
1.623198648267714761e+00 2.051784125952215195e+10
1.629691442860785600e+00 1.728007833923938370e+10
1.636210208632228769e+00 1.894935992808997345e+10
1.642755049466757766e+00 2.251052349023303986e+10
1.649326069664624805e+00 2.371823025451816177e+10
1.655923373943283039e+00 2.272472100420028687e+10
1.662547067439056336e+00 2.283984208618299484e+10
1.669197255708812611e+00 1.024072634711086082e+10
1.675874044731648027e+00 1.092673221014009476e+10
1.682577540910574321e+00 1.588804929317781639e+10
1.689307851074216771e+00 1.509324986532076836e+10
1.696065082478513508e+00 1.215231999814900017e+10
1.702849342808427480e+00 1.254244798092903137e+10
1.709660740179661298e+00 1.755098264893567657e+10
1.716499383140379864e+00 1.659969641610154533e+10
1.723365380672941427e+00 2.110828345702367020e+10
1.730258842195633306e+00 1.668803973237806702e+10
1.737179877564415831e+00 1.553251857853914642e+10
1.744128597074673603e+00 1.744927388206086731e+10
1.751105111462972097e+00 2.032484537715631485e+10
1.758109531908824241e+00 1.895871531414970016e+10
1.765141970036459451e+00 1.740294227353347015e+10
1.772202537916605314e+00 1.597264854958178902e+10
1.779291348068271716e+00 1.736021403506873322e+10
1.786408513460544745e+00 1.654117693898907089e+10
1.793554147514387020e+00 1.280164080430867958e+10
1.800728364104444257e+00 1.550889229797186852e+10
1.807931277560862249e+00 1.616629590241264343e+10
1.815163002671105641e+00 1.896273626574712372e+10
1.822423654681789795e+00 1.932334930607649994e+10
1.829713349300517100e+00 1.840319268907241821e+10
1.837032202697718830e+00 1.817290071394906235e+10
1.844380331508509885e+00 1.880387839809729385e+10
1.851757852834543527e+00 1.836777068053364944e+10
1.859164884245881888e+00 1.522298999109562874e+10
1.866601543782865358e+00 1.671488913987184525e+10
1.874067949957996859e+00 1.906008931843255997e+10
1.881564221757828781e+00 2.401485620282796860e+10
1.889090478644860127e+00 2.637625384350066757e+10
1.896646840559439662e+00 2.957310928599800491e+10
1.904233427921677269e+00 2.838662975360638046e+10
1.911850361633363971e+00 3.122386099612191010e+10
1.919497763079897279e+00 2.977916435900453568e+10
1.927175754132217200e+00 2.771347529467184448e+10
1.934884457148745796e+00 2.598351394613443375e+10
1.942623994977340729e+00 2.264252657889710236e+10
1.950394490957250149e+00 2.721745304221615982e+10
1.958196068921079336e+00 2.431438819731337357e+10
1.966028853196763793e+00 2.804627554281406784e+10
1.973892968609550991e+00 2.768633620550593948e+10
1.981788540483989447e+00 2.909038782338984299e+10
1.989715694645925126e+00 3.013858653942573547e+10
1.997674557424508723e+00 3.234714774177102280e+10
2.005665255654207169e+00 3.349436665148149490e+10
2.013687916676823786e+00 3.498607738297933960e+10
2.021742668343530891e+00 3.829202733042671967e+10
2.029829639016905052e+00 3.746692708709535980e+10
2.037948957572972564e+00 4.015619918287207794e+10
2.046100753403264694e+00 4.136525119275514221e+10
2.054285156416877811e+00 4.192861759183091736e+10
2.062502297042545507e+00 4.222845736774090576e+10
2.070752306230715600e+00 4.227097355561578369e+10
2.079035315455638244e+00 4.040060647355104828e+10
2.087351456717461140e+00 3.940982828546910095e+10
2.095700862544330967e+00 3.693297828097131348e+10
2.104083665994508134e+00 3.511311974167228699e+10
2.112500000658485977e+00 3.285328904462004089e+10
2.120950000661120161e+00 2.994669172574360657e+10
2.129433800663764753e+00 2.701860333051369476e+10
2.137951535866419839e+00 2.484200754578390503e+10
2.146503342009885351e+00 2.190125857676840210e+10
2.155089355377924676e+00 1.932298613558607483e+10
2.163709712799436691e+00 1.558021154413136864e+10
2.172364551650634468e+00 1.420538409881011200e+10
2.181054009857236853e+00 1.188061481589155388e+10
2.189778225896665376e+00 8.625952544069869995e+09
2.198537338800252705e+00 4.551163579208283424e+09
2.207331488155453325e+00 2.873157476920473576e+09
2.216160814108075083e+00 4.617497709324547768e+09
2.225025457364507631e+00 4.491278242588747978e+09
2.233925559193965515e+00 3.825789101511881828e+09
2.242861261430741493e+00 3.070952806340471268e+09
2.251832706476463830e+00 2.625166857863317013e+09
2.260840037302370042e+00 2.399375476589382648e+09
2.269883397451579299e+00 2.468164611513803005e+09
2.278962931041386142e+00 2.201687812190473080e+09
2.288078782765551100e+00 1.843080797400696993e+09
2.297231097896613505e+00 1.862984088881892681e+09
2.306420022288200311e+00 2.844509991881609917e+09
2.315645702377353121e+00 3.152890641300266266e+09
2.324908285186861878e+00 1.729729154953246832e+09
2.334207918327609654e+00 1.549000478485550165e+09
2.343544750000919663e+00 1.651711161924801350e+09
2.352918929000923143e+00 2.017686072998356819e+09
2.362330604716927240e+00 2.547595955915732861e+09
2.371779927135795329e+00 2.058592679816765785e+09
2.381267046844337987e+00 1.715200618107539654e+09
2.390792115031715070e+00 2.642605967824027538e+09
2.400355283491842240e+00 3.242369383165637016e+09
2.409956704625809465e+00 3.736525030388683319e+09
2.419596531444312859e+00 3.664994273383641720e+09
2.429274917570089620e+00 3.821791868254986286e+09
2.438992017240370291e+00 3.920872644758265018e+09
2.448747985309331465e+00 4.374167301716890335e+09
2.458542977250568917e+00 4.904914452929772377e+09
2.468377149159570738e+00 5.210039103559187889e+09
2.478250657756209563e+00 5.336334196527180672e+09
2.488163660387234355e+00 5.831047907838999748e+09
2.498116315028783063e+00 6.592949258778797150e+09
2.508108780288898387e+00 6.379919958023669243e+09
2.518141215410053757e+00 6.725716270405943871e+09
2.528213780271693967e+00 6.545037522726320267e+09
2.538326635392781139e+00 6.909954842875913620e+09
2.548479941934351789e+00 6.081419342492630005e+09
2.558673861702089436e+00 6.349593893201978683e+09
2.568908557148898097e+00 6.403395532516866684e+09
2.579184191377493551e+00 5.698708751032678604e+09
2.589500928143003478e+00 5.823881427279423714e+09
2.599858931855575594e+00 6.992246853117259979e+09
2.610258367582998229e+00 7.838740360201545715e+09
2.620699401053329769e+00 7.691540783068633080e+09
2.631182198657543214e+00 8.392262359046568871e+09
2.641706927452173392e+00 1.103884999678920364e+10
2.652273755161981938e+00 1.125151733385546303e+10
2.662882850182629824e+00 1.066074885540427399e+10
2.673534381583360542e+00 7.309379605646399498e+09
2.684228519109693956e+00 7.305859065730501175e+09
2.694965433186132575e+00 8.247173756001482964e+09
2.705745294918877164e+00 8.192071200397522926e+09
2.716568276098552559e+00 8.600451466429407120e+09
2.727434549202946812e+00 1.092570511258268166e+10
2.738344287399758326e+00 9.416823482863792419e+09
2.749297664549357201e+00 1.264224204288821983e+10
2.760294855207554576e+00 1.049361145007369232e+10
2.771336034628385292e+00 1.006383222961326981e+10
2.782421378766898545e+00 8.332231132329077721e+09
2.793551064281966312e+00 1.156285088258788681e+10
2.804725268539093985e+00 8.813492514417943954e+09
2.815944169613250558e+00 9.809046642801525116e+09
2.827207946291703244e+00 1.335231283000687790e+10
2.838516778076869862e+00 9.403949786271648407e+09
2.849870845189177437e+00 9.969603597649681091e+09
2.861270328569933685e+00 1.181781687200737762e+10
2.872715409884213589e+00 1.137024638618320274e+10
2.884206271523750420e+00 1.140745981980337906e+10
2.895743096609845413e+00 1.201862410361500168e+10
2.907326068996284985e+00 1.095405845298277664e+10
2.918955373272270393e+00 1.192142721920907593e+10
2.930631194765359826e+00 1.324715210264965439e+10
2.942353719544420709e+00 1.243430447650051498e+10
2.954123134422598440e+00 1.226809604115534782e+10
2.965939626960289122e+00 1.229949032219691658e+10
2.977803385468130504e+00 1.270712830082564735e+10
2.989714599010003138e+00 1.244780572439212036e+10
3.001673457406043077e+00 1.122101694881216621e+10
3.013680151235667015e+00 1.075741000249680901e+10
3.025734871840609408e+00 9.603718634582849503e+09
3.037837811327972037e+00 8.216972430807994843e+09
3.049989162573283785e+00 6.680872559665812492e+09
3.062189119223576395e+00 6.177178420429757118e+09
3.074437875700470890e+00 5.307569470684215546e+09
3.086735627203272880e+00 4.507644078672104836e+09
3.099082569712085622e+00 3.986275575685441971e+09
3.111478899990933744e+00 3.379540386899627686e+09
3.123924815590897186e+00 2.987245203341810226e+09
3.136420514853261121e+00 2.482045048839942932e+09
3.148966196912674320e+00 2.176870269665813446e+09
3.161562061700325277e+00 1.944476443245578766e+09
3.174208309947126327e+00 1.847429770696723938e+09
3.186905143186915090e+00 1.679268846785671234e+09
3.199652763759662566e+00 1.616685445556096077e+09
3.212451374814701222e+00 1.680052845028077364e+09
3.225301180313960625e+00 1.636776470409481049e+09
3.238202385035215958e+00 1.722858696921005726e+09
3.251155194575356955e+00 1.800700725887978077e+09
3.264159815353658622e+00 2.098750381981090307e+09
3.277216454615073271e+00 2.397135597541275978e+09
3.290325320433533207e+00 2.517663924599023819e+09
3.303486621715267635e+00 2.289806060452489376e+09
3.316700568202128441e+00 9.183534744256397486e+08
3.329967370474937294e+00 5.491179989280298948e+08
3.343287239956836743e+00 9.726059130349161625e+08
3.356660388916663962e+00 1.537904132173808813e+09
3.370087030472330714e+00 1.947181312779780865e+09
3.383567378594220187e+00 2.129206575641860247e+09
3.397101648108596716e+00 2.104987961968002796e+09
3.410690054701031482e+00 2.014570907567717075e+09
3.424332814919834878e+00 1.909154389530769348e+09
3.438030146179514634e+00 1.815575879550909996e+09
3.451782266764232610e+00 1.853835415344450951e+09
3.465589395831289998e+00 1.993172613872280598e+09
3.479451753414614767e+00 1.965714197993036032e+09
3.493369560428273068e+00 2.103031027133119822e+09
3.507343038669985980e+00 2.325319371757215023e+09
3.521372410824665788e+00 2.389240589182057381e+09
3.535457900467964709e+00 2.374601684289018631e+09
3.549599732069836477e+00 2.487478699990616798e+09
3.563798130998116154e+00 2.620861556612837791e+09
3.578053323522108364e+00 2.908149329841775894e+09
3.592365536816196858e+00 3.073869126508225441e+09
3.606734998963461614e+00 3.088567687667438507e+09
3.621161938959315041e+00 3.343538153793902874e+09
3.635646586715152839e+00 3.674516433932347775e+09
3.650189173062013293e+00 4.079640825628579617e+09
3.664789929754260545e+00 4.411008878803468704e+09
3.679449089473277645e+00 4.910595554282769203e+09
3.694166885831170699e+00 5.048793805929619789e+09
3.708943553374495661e+00 5.516763141285128593e+09
3.723779327587993571e+00 5.644791337721657753e+09
3.738674444898345328e+00 6.159486336374732971e+09
3.753629142677938901e+00 6.465897613591847420e+09
3.768643659248651190e+00 6.446257956481396675e+09
3.783718233885645432e+00 6.415229432927950859e+09
3.798853106821188153e+00 7.032572505689270973e+09
3.814048519248473657e+00 7.649279346492901802e+09
3.829304713325467180e+00 8.426221164264531136e+09
3.844621932178768908e+00 7.761285870415081024e+09
3.860000419907484215e+00 8.436387526805974960e+09
3.875440421587113882e+00 8.438227624610045433e+09
3.890942183273462529e+00 9.117187739097530365e+09
3.906505952006555926e+00 9.264468369063426971e+09
3.922131975814582727e+00 9.365025944958175659e+09
3.937820503717840648e+00 1.025770213547501373e+10
3.953571785732711508e+00 1.004521904208152199e+10
3.969386072875642490e+00 1.055733443217532349e+10
3.985263617167145167e+00 1.120038888458492279e+10
4.001204671635814059e+00 1.123527849638241577e+10
4.017209490322357190e+00 1.171678013252326393e+10
4.033278328283646630e+00 1.167808498234488297e+10
4.049411441596781458e+00 1.194494586710891533e+10
4.065609087363168506e+00 1.182587350969083977e+10
4.081871523712622185e+00 1.159837437789473724e+10
4.098199009807472315e+00 1.194498884691853523e+10
4.114591805846702144e+00 1.181144636612213707e+10
4.131050173070089038e+00 1.158476645327751923e+10
4.147574373762369149e+00 1.213250071324488449e+10
4.164164671257418959e+00 1.219158059066925240e+10
4.180821329942449260e+00 1.209530888494716263e+10
4.197544615262219558e+00 1.230808041590956116e+10
4.214334793723269357e+00 1.230463760447099876e+10
4.231192132898162761e+00 1.211599701928098297e+10
4.248116901429755288e+00 1.165987113536676788e+10
4.265109369035473996e+00 1.165313630804881096e+10
4.282169806511615384e+00 1.091802687048165703e+10
4.299298485737661935e+00 8.021408259352576256e+09
4.316495679680612874e+00 6.940182770598223686e+09
4.333761662399335357e+00 8.065224981985828400e+09
4.351096709048932532e+00 8.915173314470054626e+09
4.368501095885127583e+00 1.011340102989827728e+10
4.385975100268668214e+00 9.853796548508836746e+09
4.403519000669743555e+00 9.418112246316404343e+09
4.421133076672422391e+00 9.066003028957355499e+09
4.438817608979111817e+00 8.171277625538898468e+09
4.456572879415028332e+00 8.170089669496054649e+09
4.474399170932688463e+00 7.164682609546251297e+09
4.492296767616419828e+00 7.134811109310893059e+09
4.510265954686884626e+00 6.926453300667134285e+09
4.528307018505633330e+00 6.429013386402800560e+09
4.546420246579655711e+00 6.449398628929690361e+09
4.564605927565974497e+00 6.079167607681125641e+09
4.582864351276237258e+00 6.483400578105118752e+09
4.601195808681342925e+00 6.462596524952288628e+09
4.619600591916067422e+00 6.567094166841133118e+09
4.638078994283731937e+00 6.782852858466736794e+09
4.656631310260867629e+00 7.580061528341480255e+09
4.675257835501911430e+00 7.118098272416808128e+09
4.693958866843916944e+00 7.603553780985652924e+09
4.712734702311292878e+00 6.885500870218267441e+09
4.731585641120538810e+00 6.531204119068953514e+09
4.750511983685020923e+00 6.639728782210584641e+09
4.769514031619761063e+00 6.341886375505552292e+09
4.788592087746240011e+00 5.948448949808354378e+09
4.807746456097224730e+00 6.703603173384705544e+09
4.826977441921613377e+00 6.710062782663316727e+09
4.846285351689299858e+00 6.328021371049110413e+09
4.865670493096057925e+00 6.653301240324234009e+09
4.885133175068442135e+00 6.595158615625892639e+09
4.904673707768715474e+00 6.348577391205801964e+09
4.924292402599791174e+00 6.337512892699141502e+09
4.943989572210189642e+00 6.222807697317456245e+09
4.963765530499030021e+00 5.867864869251978874e+09
4.983620592621027079e+00 6.786332990443852425e+09
5.003555074991511198e+00 6.536426512801317215e+09
5.023569295291476777e+00 5.875840702869133949e+09
5.043663572472643075e+00 6.650141943267716408e+09
5.063838226762532813e+00 6.648346824086849213e+09
5.084093579669583640e+00 6.464566134237307549e+09
5.104429953988261381e+00 6.458703743872776031e+09
5.124847673804215020e+00 6.645551911147188187e+09
5.145347064499431688e+00 5.649677251098739624e+09
5.165928452757428957e+00 5.918863459406792641e+09
5.186592166568458673e+00 6.360281477017545700e+09
5.207338535234733001e+00 5.538861020146709442e+09
5.228167889375671784e+00 5.861154527164621353e+09
5.249080560933174766e+00 5.846431607968079567e+09
5.270076883176907145e+00 5.370391045930021286e+09
5.291157190709615321e+00 5.464383897177034378e+09
5.312321819472453299e+00 5.433427327760467529e+09
5.333571106750343738e+00 5.754883159337661743e+09
5.354905391177344320e+00 4.696324978444854736e+09
5.376325012742054099e+00 4.909426221060297966e+09
5.397830312793021612e+00 4.893549854311329842e+09
5.419421634044193858e+00 3.803634314281556606e+09
5.441099320580370602e+00 4.758395265950359344e+09
5.462863717862692425e+00 4.386825985272927284e+09
5.484715172734142996e+00 4.401544272264983177e+09
5.506654033425078865e+00 4.295662396365985870e+09
5.528680649558780580e+00 3.890643092353327274e+09
5.550795372157015350e+00 3.756165359071483612e+09
5.572998553645643227e+00 3.577099280061773300e+09
5.595290547860225949e+00 3.775956467249461651e+09
5.617671710051667766e+00 3.680326837838513851e+09
5.640142396891874021e+00 3.662461798349947453e+09
5.662702966479441713e+00 3.620690997706398010e+09
5.685353778345359821e+00 3.454652736342865467e+09
5.708095193458740724e+00 3.511682351074662685e+09
5.730927574232576482e+00 3.362227944966481209e+09
5.753851284529505783e+00 3.721984133569850445e+09
5.776866689667624399e+00 3.227638261986204624e+09
5.799974156426294769e+00 3.423617586167099476e+09
5.823174053051999977e+00 2.474264997782247066e+09
5.846466749264207508e+00 2.747776024419952393e+09
5.869852616261264977e+00 2.808673867670119762e+09
5.893332026726310069e+00 2.982999976841012478e+09
5.916905354833215114e+00 3.380262036148600578e+09
5.940572976252548543e+00 2.825661400047868729e+09
5.964335268157558545e+00 2.993454347044151783e+09
5.988192609230189589e+00 2.944303812099709511e+09
6.012145379667110490e+00 3.011144755895800591e+09
6.036193961185778889e+00 2.713169743282839298e+09
6.060338737030522616e+00 2.570111955339297295e+09
6.084580091978644134e+00 2.858139540440728664e+09
6.108918412346558746e+00 2.738319754913775444e+09
6.133354085995945226e+00 3.115655325801208496e+09
6.157887502339929320e+00 2.701371333983865738e+09
6.182519052349287669e+00 2.795517213509347916e+09
6.207249128558685491e+00 2.899728354016926765e+09
6.232078125072920471e+00 2.811859134142296791e+09
6.257006437573212843e+00 2.905563707165210247e+09
6.282034463323505236e+00 2.894013667769336224e+09
6.307162601176800720e+00 2.915015803116116524e+09
6.332391251581507063e+00 2.675783397090140820e+09
6.357720816587833390e+00 2.677775736395133495e+09
6.383151699854184180e+00 2.439597287642485619e+09
6.408684306653601226e+00 2.076073322891158104e+09
6.434319043880215361e+00 2.072964737366443872e+09
6.460056320055736379e+00 1.826655524337681770e+09
6.485896545335958052e+00 1.638289778192922592e+09
6.511840131517302233e+00 1.872005865021052837e+09
6.537887492043371829e+00 2.163505990929779053e+09
6.564039042011545533e+00 2.088117397175562382e+09
6.590295198179591196e+00 1.999568876034930229e+09
6.616656378972309405e+00 2.034644347633705139e+09
6.643123004488199257e+00 2.076506128491406441e+09
6.669695496506150789e+00 2.295152147810270309e+09
6.696374278492176479e+00 2.326167346338079453e+09
6.723159775606144528e+00 2.069340328853059530e+09
6.750052414708568094e+00 2.119454177028346777e+09
6.777052624367403411e+00 1.890581841115930796e+09
6.804160834864871887e+00 1.909053379351142168e+09
6.831377478204331055e+00 1.851760801939412594e+09
6.858702988117148180e+00 1.805770846385942221e+09
6.886137800069615622e+00 2.034488366801443338e+09
6.913682351269895499e+00 2.042651275773049831e+09
6.941337080674975013e+00 1.991622093315027952e+09
6.969102428997675069e+00 1.772584797084743023e+09
6.996978838713665994e+00 1.839898602807234049e+09
7.024966754068519670e+00 1.673085255934433460e+09
7.053066621084793653e+00 1.526807990010025501e+09
7.081278887569133929e+00 1.569647736405475616e+09
7.109604003119409654e+00 1.483944834820483446e+09
7.138042419131887861e+00 1.478709286329351425e+09
7.166594588808414379e+00 1.372770148514004469e+09
7.195260967163648047e+00 1.309864159397165060e+09
7.224042011032302923e+00 1.261126468689612389e+09
7.252938179076432235e+00 1.158150856008199930e+09
7.281949931792737196e+00 1.120403552485267401e+09
7.311077731519908696e+00 1.077324358811792612e+09
7.340322042445988515e+00 1.017055573558557868e+09
7.369683330615771411e+00 9.968398968894817829e+08
7.399162063938235612e+00 9.919543490659635067e+08
7.428758712193988423e+00 9.675557175276267529e+08
7.458473747042765112e+00 9.920790097965775728e+08
7.488307642030935796e+00 1.037564069844378710e+09
7.518260872599060285e+00 1.078972368675494671e+09
7.548333916089456253e+00 1.115068484699053049e+09
7.578527251753813587e+00 1.166823209561937809e+09
7.608841360760829176e+00 1.177574390436171293e+09
7.639276726203872769e+00 1.292842925027733564e+09
7.669833833108687493e+00 8.387732869233812094e+08
7.700513168441122325e+00 7.501547285954034328e+08
7.731315221114887670e+00 7.184238816913975477e+08
7.762240481999347352e+00 7.591042812809506655e+08
7.793289443927344351e+00 7.896437032839348316e+08
7.824462601703054077e+00 8.277854475264940262e+08
7.855760452109866065e+00 9.023628379699143171e+08
7.887183493918306532e+00 9.265708842684906721e+08
7.918732227893980458e+00 9.148918256204240322e+08
7.950407156805555431e+00 9.795752162610518932e+08
7.982208785432777454e+00 9.829493120702267885e+08
8.014137620574508958e+00 9.594628752936959267e+08
8.046194171056805899e+00 9.855227409897637367e+08
8.078378947741034821e+00 9.714563324498155117e+08
8.110692463531997021e+00 1.047005796770799875e+09
8.143135233386125549e+00 9.626781656893693209e+08
8.175707774319670662e+00 9.653567729133622646e+08
8.208410605416949224e+00 9.749240223830831051e+08
8.241244247838615422e+00 9.916639293451098204e+08
8.274209224829968790e+00 1.007509143282742500e+09
8.307306061729288871e+00 9.705939908894993067e+08
8.340535285976207192e+00 9.835093877840893269e+08
8.373897427120111203e+00 1.002830236922155380e+09
8.407393016828594412e+00 1.000494443603091240e+09
8.441022588895906509e+00 1.050574878533788681e+09
8.474786679251490540e+00 1.036632944777381539e+09
8.508685825968495209e+00 1.068657795526499271e+09
8.542720569272368891e+00 1.058865517974204540e+09
8.576891451549458978e+00 1.103047235358402252e+09
8.611199017355655627e+00 1.085561811003803015e+09
8.645643813425078150e+00 1.123306898435185909e+09
8.680226388678779159e+00 1.155223926868142366e+09
8.714947294233493125e+00 1.153083306605592012e+09
8.749807083410427566e+00 1.184440948166079760e+09
8.784806311744070229e+00 1.188535169939471722e+09
8.819945536991047774e+00 1.203835174175439596e+09
8.855225319139009343e+00 1.239968983314795732e+09
8.890646220415566958e+00 1.234763377557732344e+09
8.926208805297228821e+00 1.207766172271181345e+09
8.961913640518417878e+00 1.238275280151974201e+09
8.997761295080492161e+00 1.296939636719176054e+09
9.033752340260813085e+00 1.277174322552398205e+09
9.069887349621856387e+00 1.319706874210407019e+09
9.106166899020346150e+00 1.342967380177974939e+09
9.142591566616424359e+00 1.354302752550131559e+09
9.179161932882891506e+00 1.348609132252543211e+09
9.215878580614422333e+00 1.400940997398521662e+09
9.252742094936881045e+00 1.383198003370858669e+09
9.289753063316627646e+00 1.368059334785762548e+09
9.326912075569895322e+00 1.410699018084117413e+09
9.364219723872173162e+00 1.419365236524779797e+09
9.401676602767663482e+00 1.382492796269815683e+09
9.439283309178733816e+00 1.352688121619634628e+09
9.477040442415447075e+00 1.388242342429136992e+09
9.514948604185111236e+00 1.405421462818796635e+09
9.553008398601852136e+00 1.479301486057040930e+09
9.591220432196260859e+00 1.421620131277951002e+09
9.629585313925044687e+00 1.387689532666779518e+09
9.668103655180747324e+00 1.436781183563549757e+09
9.706776069801470896e+00 1.448099894681541681e+09
9.745603174080676112e+00 1.445649258444133282e+09
9.784585586776998412e+00 1.502794938405062199e+09
9.823723929124106746e+00 1.389251193128325462e+09
9.863018824840601440e+00 1.443098278503143787e+09
9.902470900139965337e+00 1.243828317002019405e+09
9.942080783740523842e+00 1.455262625347557306e+09
9.981849106875488431e+00 1.465772854518826723e+09
1.002177650330298952e+01 1.412406614682138205e+09
1.006186360931619994e+01 1.344073858152794600e+09
1.010211106375346723e+01 1.321285678011084318e+09
1.014251950800847979e+01 1.367526899193343878e+09
1.018308958604051284e+01 1.335747484988389492e+09
1.022382194438467451e+01 1.318608110443303347e+09
1.026471723216221399e+01 1.284334162008132219e+09
1.030577610109086173e+01 1.267762504365360498e+09
1.034699920549522467e+01 1.084540382956982374e+09
1.038838720231720458e+01 1.049282786294589281e+09
1.042994075112647501e+01 1.054036622681834936e+09
1.047166051413097954e+01 1.064041398222049832e+09
1.051354715618750468e+01 1.157838847474602461e+09
1.055560134481225454e+01 1.142207189788659811e+09
1.059782375019150358e+01 1.121526001146306038e+09
1.064021504519226902e+01 1.127597565769196272e+09
1.068277590537303823e+01 1.156616820372740269e+09
1.072550700899452991e+01 1.054073310083392859e+09
1.076840903703050856e+01 1.052797629849351764e+09
1.081148267317863088e+01 1.151093470047550440e+09
1.085472860387134553e+01 1.105391450001889706e+09
1.089814751828683015e+01 1.065634596457980990e+09
1.094174010835997635e+01 1.023234806196914196e+09
1.098550706879341909e+01 9.150622535714051723e+08
1.102944909706859100e+01 9.358132060549933910e+08
1.107356689345686540e+01 1.052374274860064864e+09
1.111786116103069233e+01 1.068568458297826290e+09
1.116233260567481622e+01 1.029189875252561331e+09
1.120698193609751492e+01 1.048439607697427154e+09
1.125180986384190440e+01 9.409296545431916714e+08
1.129681710329727373e+01 1.034478702071193933e+09
1.134200437171046083e+01 9.895348931512737274e+08
1.138737238919730466e+01 1.012506009687484384e+09
1.143292187875409383e+01 1.013791855688329935e+09
1.147865356626910938e+01 9.681778552477660179e+08
1.152456818053418530e+01 9.554144875694336891e+08
1.157066645325632237e+01 8.712523610028837919e+08
1.161694911906934635e+01 8.749614317215284109e+08
1.166341691554562487e+01 8.808052569905490875e+08
1.171007058320780736e+01 7.699366101384645700e+08
1.175691086554063958e+01 7.393567242866164446e+08
1.180393850900279951e+01 8.365498986954461336e+08
1.185115426303881137e+01 8.545837565917420387e+08
1.189855888009096674e+01 7.894285207126623392e+08
1.194615311561133097e+01 8.200654852090309858e+08
1.199393772807377623e+01 8.106476453670803308e+08
1.204191347898607134e+01 8.233356864113030434e+08
1.209008113290201614e+01 7.036723687577344179e+08
1.213844145743362368e+01 7.650242288659993410e+08
1.218699522326335938e+01 8.219278076438264847e+08
1.223574320415641381e+01 7.305383833610725403e+08
1.228468617697303777e+01 6.841993328669505119e+08
1.233382492168093059e+01 7.373504121566030979e+08
1.238316022136765504e+01 6.078209219147964716e+08
1.243269286225312520e+01 6.047354008762944937e+08
1.248242363370213859e+01 6.887435826166316271e+08
1.253235332823694748e+01 5.793567960647671223e+08
1.258248274154989410e+01 6.006111197241615057e+08
1.263281267251609385e+01 6.346685241748222113e+08
1.268334392320615756e+01 6.380247702586001158e+08
1.273407729889898299e+01 5.980956126072943211e+08
1.278501360809457665e+01 6.047078120032243729e+08
1.283615366252695544e+01 5.741617297329456806e+08
1.288749827717706253e+01 6.098774758612335920e+08
1.293904827028577031e+01 5.669548811560456753e+08
1.299080446336691352e+01 5.929915524636557102e+08
1.304276768122038099e+01 5.235349278987698555e+08
1.309493875194526424e+01 5.800182033999514580e+08
1.314731850695304693e+01 5.173921490803335309e+08
1.319990778098085649e+01 5.581555056941864491e+08
1.325270741210477965e+01 4.675126283655555844e+08
1.330571824175319939e+01 4.442977100175554156e+08
1.335894111472021173e+01 5.191139421812645197e+08
1.341237687917909227e+01 4.739824896849486828e+08
1.346602638669580898e+01 4.090985191097702980e+08
1.351989049224258999e+01 4.804847104452325702e+08
1.357397005421156067e+01 4.693625927111612558e+08
1.362826593442840917e+01 4.547098030125834942e+08
1.368277899816612297e+01 4.428315833326941729e+08
1.373751011415878942e+01 4.244253568582686186e+08
1.379246015461542463e+01 4.582304792116767168e+08
1.384762999523388416e+01 3.890334916386051178e+08
1.390302051521481808e+01 4.375826822602069378e+08
1.395863259727567751e+01 4.350354389098712206e+08
1.401446712766477987e+01 3.665806747066932321e+08
1.407052499617543972e+01 4.269917642516905665e+08
1.412680709616014063e+01 3.899796011485608816e+08
1.418331432454478147e+01 3.357484081721205115e+08
1.424004758184296193e+01 3.664811276807226539e+08
1.429700777217033369e+01 4.153026037317035198e+08
1.435419580325901379e+01 3.328154267120429277e+08
1.441161258647204946e+01 3.223759351597924232e+08
1.446925903681793812e+01 3.250093975852658749e+08
1.452713607296521126e+01 3.049326416915214062e+08
1.458524461725707155e+01 3.523752038644866347e+08
1.464358559572609764e+01 3.372912915176880360e+08
1.470215993810900557e+01 3.315344090824817419e+08
1.476096857786143879e+01 3.523231841267118454e+08
1.482001245217288599e+01 3.087796229444000721e+08
1.487929250198157760e+01 2.755249192437193990e+08
1.493880967198950316e+01 2.920275325597546697e+08
1.499856491067746056e+01 2.946228916174508929e+08
1.505855917032016933e+01 2.988136737033348083e+08
1.511879340700144958e+01 2.968738466771209836e+08
1.517926858062945605e+01 2.651282975587864518e+08
1.523998565495197433e+01 3.153937716377554536e+08
1.530094559757178274e+01 3.004170602824457884e+08
1.536214937996206764e+01 2.706998915509219170e+08
1.542359797748191674e+01 2.603022965786034763e+08
1.548529236939184450e+01 2.629356987938570976e+08
1.554723353886941339e+01 2.307544991350395381e+08
1.560942247302489072e+01 2.441055459519881606e+08
1.567186016291699069e+01 2.602915168439024389e+08
1.573454760356865556e+01 2.128816090572415888e+08
1.579748579398293096e+01 2.320044616049960256e+08
1.586067573715886247e+01 2.444777823030674160e+08
1.592411844010749888e+01 2.666018232964988351e+08
1.598781491386792730e+01 1.907171148724196851e+08
1.605176617352340074e+01 2.334646525776807070e+08
1.611597323821749228e+01 2.058720764286941290e+08
1.618043713117036120e+01 2.395523884071496427e+08
1.624515887969504391e+01 1.898139957408426702e+08
1.631013951521382310e+01 2.126597447761086524e+08
1.637538007327468037e+01 2.164829610183039904e+08
1.644088159356778078e+01 2.045842549914993942e+08
1.650664511994205341e+01 1.946239715076912344e+08
1.657267170042182158e+01 1.950658256225014925e+08
1.663896238722350418e+01 1.614809927348044813e+08
1.670551823677240222e+01 1.867627277522220314e+08
1.677234030971949608e+01 2.134344816931093633e+08
1.683942967095837062e+01 1.978754264044698179e+08
1.690678738964220429e+01 1.697972670017970502e+08
1.697441453920077237e+01 1.763478831229314506e+08
1.704231219735757108e+01 2.066581639041593075e+08
1.711048144614700561e+01 1.451315537678641379e+08
1.717892337193159236e+01 1.766189647443234026e+08
1.724763906541932101e+01 1.590343499147269726e+08
1.731662962168099895e+01 1.617886442619317770e+08
1.738589614016772344e+01 1.322172437609553188e+08
1.745543972472839300e+01 1.680323731326688528e+08
1.752526148362730751e+01 1.550807040870272815e+08
1.759536252956181812e+01 1.521093724180903137e+08
1.766574397968006238e+01 1.517756537032193840e+08
1.773640695559878466e+01 1.447352857707787454e+08
1.780735258342117433e+01 1.460238636491937041e+08
1.787858199375486024e+01 1.576857710577260554e+08
1.795009632172988034e+01 1.306163672878494263e+08
1.802189670701679702e+01 1.503157927440705299e+08
1.809398429384486562e+01 1.441225626281619072e+08
1.816636023102024211e+01 1.140160234084916562e+08
1.823902567194432578e+01 1.374908161261146069e+08
1.831198177463210186e+01 1.397590864140824676e+08
1.838522970173062987e+01 1.307962670497393161e+08
1.845877062053754969e+01 1.290753211838949472e+08
1.853260570301970134e+01 1.111431103809022605e+08
1.860673612583178027e+01 1.036917762674647272e+08
1.868116307033510637e+01 1.187459751686235666e+08
1.875588772261644976e+01 1.121941155936103016e+08
1.883091127350691352e+01 1.427277445948170125e+08
1.890623491860094063e+01 1.214823067960658371e+08
1.898185985827534594e+01 1.020579647521901578e+08
1.905778729770844748e+01 1.260805189187669009e+08
1.913401844689928311e+01 1.218347250296451002e+08
1.921055452068688041e+01 1.031011235059060305e+08
1.928739673876962968e+01 9.715934602622845769e+07
1.936454632572470658e+01 1.013705450838279873e+08
1.944200451102760141e+01 8.047798558951292932e+07
1.951977252907171589e+01 1.070347410433300287e+08
1.959785161918800256e+01 9.011150264387227595e+07
1.967624302566475691e+01 9.577087413579271734e+07
1.991079942767366973e+01 9.407816962514205277e+07
2.030901541622714390e+01 8.342987930186401308e+07
2.071519572455168756e+01 8.276603950676766038e+07
2.112949963904272010e+01 6.889261151970660686e+07
2.155208963182357707e+01 6.709757588278920203e+07
2.198313142446004420e+01 6.232267032857396454e+07
2.242279405294924643e+01 5.545244061375614256e+07
2.287124993400822959e+01 5.715873876420206577e+07
2.332867493268839709e+01 5.454171299556363374e+07
2.379524843134216638e+01 4.283662976148683578e+07
2.427115339996900900e+01 4.856517419921870530e+07
2.475657646796839018e+01 4.155402906138066947e+07
2.525170799732775961e+01 3.431183255044476688e+07
2.575674215727431715e+01 3.677845241581613570e+07
2.627187700041980278e+01 3.432526944048915058e+07
2.679731454042819649e+01 2.752315328414461389e+07
2.733326083123676042e+01 3.143589245282281563e+07
2.787992604786149542e+01 2.643717566185688227e+07
2.843752456881871993e+01 2.061662020156518370e+07
2.900627506019509738e+01 2.392951891481188685e+07
2.958640056139899599e+01 2.055515725889833644e+07
3.017812857262697435e+01 1.966175907155635580e+07
3.078169114407952023e+01 1.616132296149813011e+07
3.139732496696110431e+01 1.738861068903880566e+07
3.202527146630033172e+01 1.596533171735045314e+07
3.266577689562632969e+01 1.455002731675057299e+07
3.331909243353885586e+01 1.200596783136784099e+07
3.398547428220963695e+01 1.372138773794081993e+07
3.466518376785383282e+01 1.090269863647850417e+07
3.535848744321090464e+01 9.471374674082336947e+06
3.606565719207512188e+01 9.128017053091114387e+06
3.678697033591662802e+01 9.486047282020274550e+06
3.752270974263496583e+01 7.975262103076661937e+06
3.827316393748766643e+01 8.450236438221536577e+06
3.903862721623740839e+01 7.087925020689441822e+06
3.981939976056215613e+01 6.455190329170367680e+06
4.061578775577340394e+01 5.428291072476604022e+06
4.142810351088887444e+01 6.171678802795583382e+06
4.225666558110664539e+01 5.607842859527215362e+06
4.310179889272878029e+01 4.572701686727455817e+06
4.396383487058335504e+01 4.301580777815488167e+06
4.484311156799503095e+01 4.078138327309593093e+06
4.573997379935492091e+01 3.849233594435818493e+06
4.665477327534202345e+01 3.356743964091986883e+06
4.758786874084886165e+01 3.303182596500486135e+06
4.853962611566583973e+01 3.208732402116523590e+06
4.951041863797915710e+01 2.646125198742261156e+06
5.050062701073873939e+01 2.595853223828133196e+06
5.151063955095351332e+01 2.257830078890504781e+06
5.254085234197258103e+01 2.496570045065041631e+06
5.359166938881203635e+01 2.213315805160662625e+06
5.466350277658827395e+01 1.997577764040503651e+06
5.575677283212004198e+01 1.686602108478414593e+06
5.687190828876244098e+01 1.605417613619971089e+06
5.800934645453768468e+01 1.552650968092869269e+06
5.916953338362844050e+01 1.477601144491293933e+06
6.035292405130100946e+01 1.323305867486937437e+06
6.155998253232701956e+01 1.380112145549827721e+06
6.279118218297357146e+01 1.115661272988473065e+06
6.404700582663303976e+01 9.766256375671899877e+05
6.532794594316570169e+01 9.140078354477030225e+05
6.663450486202900436e+01 8.414730090971811442e+05
6.796719495926959098e+01 8.782549183151124744e+05
6.932653885845499531e+01 8.740163966286521172e+05
7.071306963562409464e+01 7.209235140142168384e+05
7.212733102833657028e+01 6.240971442906977609e+05
7.356987764890331505e+01 6.142859295450232457e+05
7.504127520188137623e+01 5.419849995332384715e+05
7.654210070591901172e+01 5.551698302033037180e+05
7.807294272003738911e+01 4.802202102446575300e+05
7.963440157443814371e+01 4.718971084306937992e+05
8.122708960592690630e+01 3.984511268704433460e+05
8.285163139804545551e+01 3.679883903563192580e+05
8.450866402600635752e+01 3.548891823897814029e+05
8.619883730652648524e+01 3.596245449078726815e+05
8.792281405265701721e+01 3.954339042908872361e+05
8.968127033371015955e+01 3.091558657974890084e+05
9.147489574038435478e+01 2.828129953094367520e+05
9.330439365519204387e+01 2.515977499334300519e+05
9.517048152829590890e+01 2.135797341041618201e+05
9.707389115886181230e+01 2.397194110475596099e+05
9.901536898203904968e+01 1.808183687822933425e+05
