# Wavelength [um]       Fp [W/m2/m]  
1.000553076518779783e-01 6.961768737942862423e-06
1.004555288824854897e-01 3.037292861247387349e-50
1.008573509980154326e-01 1.305871490171942555e-47
1.012607804020075053e-01 2.605985176861265061e-47
1.016658235236155422e-01 3.738059497085312282e-50
1.020724868177099870e-01 6.786848326387514873e-32
1.024807767649808382e-01 5.584709167230987937e-35
1.028906998720407612e-01 4.243585044768172929e-46
1.033022626715289355e-01 3.532028928606435384e-29
1.037154717222150413e-01 2.742971168423166565e-48
1.041303336091038839e-01 8.150961556234805665e-44
1.045468549435403099e-01 1.910971258703173390e-40
1.049650423633144702e-01 1.137555946693384123e-49
1.053849025327677214e-01 1.909156906096254322e-34
1.058064421428987906e-01 1.155047772240022409e-45
1.062296679114703990e-01 6.670044092024502601e-34
1.066545865831162732e-01 1.166306549294714132e-38
1.070812049294487533e-01 7.008711528254355124e-41
1.075095297491665408e-01 8.678253836570202668e-30
1.079395678681632220e-01 3.882491131656720004e-41
1.083713261396358624e-01 3.331863811769383544e-28
1.088048114441943909e-01 3.640553313685472693e-31
1.092400306899711654e-01 1.586712193162780396e-19
1.096769908127310511e-01 2.571573714986287836e-30
1.101156987759819850e-01 1.302112495816566325e-31
1.105561615710859147e-01 8.893250772632867928e-20
1.109983862173702651e-01 3.219957465883075819e-23
1.114423797622397516e-01 5.753764094469637356e-27
1.118881492812886930e-01 9.015156809219440637e-31
1.123357018784138517e-01 5.003245891174061292e-27
1.127850446859275102e-01 9.213525026960519186e-17
1.132361848646712132e-01 1.888193468666410746e-18
1.136891296041298988e-01 4.836814937502111082e-18
1.141438861225464035e-01 1.118466158575433708e-17
1.146004616670366072e-01 2.932166993372621393e-17
1.150588635137047705e-01 1.316584691073088204e-17
1.155190989677595953e-01 3.562765124216050510e-18
1.159811753636306314e-01 5.560601272910858520e-17
1.164451000650851553e-01 2.781631883561665652e-18
1.169108804653455069e-01 4.749785754548788425e-19
1.173785239872068981e-01 3.556519717999467486e-16
1.178480380831557206e-01 1.149583906185453352e-15
1.183194302354883543e-01 9.623451728748588429e-16
1.187927079564302935e-01 2.264728922935554283e-16
1.192678787882560099e-01 2.296672032545364958e-15
1.197449503034090645e-01 4.634582650773956148e-15
1.202239301046226783e-01 1.339612023860233932e-17
1.207048258250411760e-01 2.841657684760990660e-15
1.211876451283413342e-01 5.889739315484167775e-16
1.216723957088547137e-01 4.817858690974309478e-16
1.221590852916901310e-01 5.833709751453054110e-15
1.226477216328568792e-01 1.947971274358135974e-14
1.231383125193883099e-01 6.200053169931068999e-15
1.236308657694658586e-01 3.619537348998033967e-14
1.241253892325437369e-01 6.815939061758067962e-14
1.246218907894739159e-01 1.267345699054586216e-14
1.251203783526317892e-01 1.193031350005870678e-14
1.256208598660423226e-01 7.848260065053723402e-14
1.261233433055065078e-01 2.238994305871991785e-13
1.266278366787285392e-01 4.933411044278199805e-15
1.271343480254434610e-01 3.543585068633711482e-13
1.276428854175452321e-01 4.596539976047286494e-13
1.281534569592154005e-01 2.336260962308374436e-13
1.286660707870522780e-01 1.995514631736528102e-13
1.291807350702004475e-01 1.320062381854625299e-12
1.296974580104812425e-01 1.287711892720115765e-12
1.302162478425231973e-01 5.196526529772014734e-13
1.307371128338932764e-01 2.872545517592005254e-12
1.312600612852288795e-01 4.646993480376907595e-12
1.317851015303697915e-01 4.140114584078702670e-12
1.323122419364912705e-01 3.842432102276256266e-12
1.328414909042372472e-01 9.858872884469041837e-12
1.333728568678542170e-01 2.035464769429681646e-11
1.339063482953256612e-01 6.027761609473753950e-12
1.344419736885069383e-01 1.182523491817013539e-11
1.349797415832609815e-01 1.766716226845624821e-11
1.355196605495940232e-01 3.166072128410427369e-11
1.360617391917924301e-01 4.763840793835499334e-11
1.366059861485595939e-01 2.359200660922189840e-11
1.371524100931538481e-01 4.344455283522014718e-11
1.377010197335264696e-01 8.765785053942459851e-11
1.382518238124605670e-01 1.375398145261276664e-10
1.388048311077104136e-01 1.696581605348078959e-10
1.393600504321412248e-01 2.696236440486658840e-10
1.399174906338697677e-01 1.736684454636534293e-10
1.404771605964052761e-01 4.268540262692044979e-10
1.410390692387908651e-01 4.829357031617378976e-10
1.416032255157460562e-01 9.605412990281877619e-10
1.421696384178090522e-01 7.153324645032589859e-10
1.427383169714803168e-01 7.991563448983722923e-10
1.433092702393662099e-01 2.573443828643413516e-09
1.438825073203236771e-01 1.635922212233362005e-09
1.444580373496049674e-01 3.517470263115495720e-09
1.450358694990033503e-01 3.694218961923191210e-09
1.456160129769993872e-01 5.966373160495445576e-09
1.461984770289073976e-01 6.395846207908381452e-09
1.467832709370230082e-01 5.576984784635425546e-09
1.473704040207710897e-01 8.777571493663779942e-09
1.479598856368541382e-01 9.841397864327652144e-09
1.485517251794015725e-01 1.162608180740863384e-08
1.491459320801191979e-01 2.301512957222224559e-08
1.497425158084396690e-01 1.611176385056632154e-08
1.503414858716734248e-01 2.986594801712328804e-08
1.509428518151600951e-01 2.529401992334629542e-08
1.515466232224207677e-01 8.318545628908192890e-09
1.521528097153104220e-01 1.344166185592988354e-08
1.527614209541716672e-01 1.702129898868139365e-09
1.533724666379883694e-01 7.634465051361215941e-09
1.539859565045403056e-01 1.296346808740790762e-08
1.546019003305584838e-01 4.418906843380779245e-11
1.552203079318807133e-01 2.041476475525732505e-10
1.558411891636082569e-01 1.733052887649623756e-10
1.564645539202626778e-01 7.991327769409279349e-11
1.570904121359437411e-01 2.354138278463112680e-10
1.577187737844875093e-01 1.636151605039130498e-10
1.583496488796254653e-01 1.571575000458423055e-10
1.589830474751439959e-01 2.608208810047761621e-10
1.596189796650445414e-01 1.163178622647624313e-10
1.602574555837047166e-01 1.920648182529689787e-10
1.608984854060395708e-01 2.497265135499674931e-10
1.615420793476636807e-01 1.379143168328562110e-10
1.621882476650543525e-01 1.106261802768749047e-10
1.628370006557145755e-01 7.457365364175462639e-11
1.634883486583374457e-01 8.958613274276304493e-11
1.641423020529707844e-01 1.397010697528537651e-10
1.647988712611826723e-01 2.010466942053348798e-10
1.654580667462274002e-01 2.600328862872517071e-10
1.661198990132123077e-01 9.116004356251101182e-10
1.667843786092651215e-01 9.088013155607645248e-10
1.674515161237022098e-01 3.680377636833762610e-09
1.681213221881969755e-01 3.250547877205544603e-09
1.687938074769497754e-01 4.451229415959386121e-09
1.694689827068575905e-01 2.696440284274968515e-08
1.701468586376850278e-01 1.615151447041900260e-08
1.708274460722357391e-01 3.852609653903755949e-09
1.715107558565246715e-01 4.047210230948860656e-08
1.721967988799507909e-01 4.631385100071683719e-08
1.728855860754705820e-01 8.859113635270546486e-08
1.735771284197724640e-01 5.187540753182809894e-08
1.742714369334515678e-01 1.774102419647890814e-08
1.749685226811853456e-01 1.162406651843049899e-08
1.756683967719100681e-01 7.576675335532513010e-08
1.763710703589977391e-01 2.994253000573556440e-07
1.770765546404337309e-01 4.217829707279553443e-07
1.777848608589954471e-01 1.836722992971536943e-07
1.784960003024314568e-01 7.532321468725929918e-07
1.792099843036411844e-01 5.722980168090138856e-07
1.799268242408557650e-01 5.554654021042832888e-07
1.806465315378191772e-01 8.633727731356988952e-07
1.813691176639704306e-01 2.035655056538237945e-07
1.820945941346263086e-01 1.065156605465358561e-07
1.828229725111648329e-01 6.443098401834748759e-09
1.835542644012094771e-01 5.660593020172828308e-08
1.842884814588143239e-01 9.787996136992695606e-07
1.850256353846495561e-01 2.843039201206161400e-06
1.857657379261881403e-01 1.881845473334015395e-06
1.865088008778928996e-01 7.077639919039411037e-06
1.872548360814044743e-01 7.818172269213431179e-06
1.880038554257300876e-01 4.410481780412210208e-06
1.887558708474330049e-01 1.676832143542691643e-05
1.895108943308226879e-01 1.391158756171365492e-05
1.902689379081460019e-01 1.045324541987672213e-05
1.910300136597785636e-01 4.035341040727188563e-05
1.917941337144176972e-01 2.605562337970018563e-05
1.925613102492753359e-01 3.320850791284228924e-05
1.933315554902724498e-01 6.918295051498628907e-05
1.941048817122335568e-01 6.219083450214243631e-05
1.948813012390824828e-01 5.496151505595111360e-05
1.956608264440388156e-01 1.091588393451623981e-04
1.964434697498149418e-01 6.312678339450379975e-05
1.972292436288141937e-01 7.505846234139072976e-05
1.980181606033294406e-01 1.142054305080874666e-04
1.988102332457427346e-01 7.609038432009974982e-05
1.996054741787257336e-01 4.615029395664085898e-05
2.004038960754406518e-01 4.139321315184316911e-05
2.012055116597424309e-01 1.541218061160793892e-05
2.020103337063813842e-01 2.648629196913191689e-06
2.028183750412069219e-01 1.303171231423111599e-06
2.036296485413717494e-01 1.202524932870203009e-05
2.044441671355372303e-01 3.828580277052276920e-05
2.052619438040793887e-01 1.193677741492868953e-04
2.060829915792957157e-01 1.922259700818806255e-04
2.069073235456129201e-01 2.858235054156232436e-04
2.077349528397953449e-01 3.946285389818963898e-04
2.085658926511545219e-01 6.056709008728185023e-04
2.094001562217591150e-01 8.036066294124650762e-04
2.102377568466461677e-01 9.297052330847763776e-04
2.110787078740327671e-01 8.271354319323292060e-04
2.119230227055288740e-01 1.428187538482882882e-03
2.127707147963510126e-01 1.750338562146942865e-03
2.136217976555363773e-01 2.345195506795050375e-03
2.144762848461585492e-01 1.278275514047191473e-03
2.153341899855431840e-01 2.950739857305917195e-03
2.161955267454853669e-01 4.466617195599698747e-03
2.170603088524672986e-01 5.269469739444057783e-03
2.179285500878772042e-01 3.824639391917210827e-03
2.188002642882286852e-01 4.366825847672971272e-03
2.196754653453815986e-01 9.453867572787757675e-03
2.205541672067631020e-01 7.976555550966433691e-03
2.214363838755901703e-01 2.353900899275296332e-02
2.223221294110925284e-01 9.161416692653830476e-03
2.232114179287369160e-01 4.319902626758723163e-02
2.241042636004518529e-01 2.524656275962774629e-02
2.250006806548536520e-01 7.257500562056348747e-02
2.259006833774730438e-01 3.759496721346816672e-02
2.268042861109829667e-01 6.096864174716488255e-02
2.277115032554268836e-01 7.115871313304215906e-02
2.286223492684485714e-01 8.686352354500442852e-02
2.295368386655223802e-01 1.833617442639056405e-01
2.304549860201844658e-01 4.949632982534357684e-02
2.313768059642651864e-01 2.295195056028670744e-01
2.323023131881222503e-01 2.064551163565322978e-01
2.332315224408747223e-01 4.733881794131001297e-01
2.341644485306381973e-01 5.200557080575352042e-01
2.351011063247607502e-01 1.492760684390783688e-01
2.360415107500598020e-01 4.859027129821282265e-01
2.369856767930600405e-01 1.433832695591686912e-01
2.379336195002322851e-01 6.148367404592227636e-01
2.388853539782332114e-01 5.042724469409495258e-01
2.398408953941461863e-01 1.185570722712578462e+00
2.408002589757227141e-01 1.482476711625445143e+00
2.417634600116256582e-01 6.664340499444880717e-01
2.427305138516721306e-01 1.995627425934092480e+00
2.437014359070788505e-01 2.015502324814023805e+00
2.446762416507071713e-01 3.636485850343934345e+00
2.456549466173099938e-01 2.317645864457706040e+00
2.466375664037792625e-01 2.969292698701074595e+00
2.476241166693943785e-01 4.027195443646642836e+00
2.486146131360719436e-01 1.372364109037744528e+00
2.496090715886161993e-01 3.392310284409475685e+00
2.506075078749706586e-01 3.137873130576552150e+00
2.516099379064705155e-01 4.072514403843704223e+00
2.526163776580964138e-01 7.247571811049057011e+00
2.536268431687287994e-01 9.789606636776804649e+00
2.546413505414037437e-01 1.164856566806889226e+01
2.556599159435693491e-01 9.278843018834734835e+00
2.566825556073435988e-01 6.485214770372254023e+00
2.577092858297729827e-01 9.166791529952213580e+00
2.587401229730920682e-01 7.821701518402388587e+00
2.597750834649844576e-01 1.190613577624286634e+01
2.608141837988444123e-01 1.404358338242596815e+01
2.618574405340398092e-01 1.665859311485835903e+01
2.629048702961759298e-01 1.840006109392192712e+01
2.639564897773606367e-01 1.683946863450368170e+01
2.650123157364701054e-01 1.626753806566993887e+01
2.660723649994159445e-01 1.773738175292595898e+01
2.671366544594135917e-01 1.726929971804979047e+01
2.682052010772512096e-01 1.957076431231149982e+01
2.692780218815602478e-01 1.975521417599605911e+01
2.703551339690865030e-01 2.023103984197290117e+01
2.714365545049627904e-01 1.994622729747225520e+01
2.725223007229827243e-01 1.899009045304094911e+01
2.736123899258746106e-01 1.785680144426326166e+01
2.747068394855781692e-01 1.672869172786103320e+01
2.758056668435204806e-01 1.508504944867013720e+01
2.769088895108945403e-01 1.356606799524541707e+01
2.780165250689380918e-01 1.167928668604043629e+01
2.791285911692138466e-01 9.703089240321608244e+00
2.802451055338907038e-01 7.639729148883202647e+00
2.813660859560263017e-01 5.544316168754725105e+00
2.824915502998503469e-01 3.423177912442081361e+00
2.836215165010497197e-01 1.463777992539965878e+00
2.847560025670539119e-01 2.350306228473915682e-01
2.858950265773221866e-01 4.507389293324999824e-01
2.870386066836315142e-01 2.733586323811748819e+00
2.881867611103660631e-01 7.467355427663202150e+00
2.893395081548075787e-01 1.480582690965075976e+01
2.904968661874267610e-01 2.516714185279527527e+01
2.916588536521764197e-01 3.934744839232744340e+01
2.928254890667851273e-01 5.834273760497966066e+01
2.939967910230522619e-01 8.330604861969034403e+01
2.951727781871444911e-01 1.155725063105257107e+02
2.963534692998930908e-01 1.567314227789173060e+02
2.975388831770926501e-01 2.085506661051471440e+02
2.987290387098009981e-01 2.730637938723273805e+02
2.999239548646402409e-01 3.526580354561579611e+02
3.011236506840988536e-01 4.494000484315088215e+02
3.023281452868351593e-01 5.676321779855951490e+02
3.035374578679824742e-01 7.047499480971595176e+02
3.047516076994544187e-01 8.822714849178421446e+02
3.059706141302522830e-01 1.087710481738398812e+03
3.071944965867733357e-01 1.331789277396827174e+03
3.084232745731204095e-01 1.620527037277735417e+03
3.096569676714128194e-01 1.920039265910551876e+03
3.108955955420985018e-01 2.311462087601293206e+03
3.121391779242668751e-01 2.834665106849226049e+03
3.133877346359639215e-01 3.387828446995945797e+03
3.146412855745078230e-01 4.033429011021429233e+03
3.158998507168058190e-01 4.788231034189221646e+03
3.171634501196730627e-01 5.667715929208281523e+03
3.184321039201517545e-01 6.649959511297937752e+03
3.197058323358323295e-01 7.773188695951317641e+03
3.209846556651756444e-01 9.117264037172737517e+03
3.222685942878363852e-01 9.754902594485380178e+03
3.235576686649877520e-01 1.253625012520205019e+04
3.248518993396476984e-01 1.475641421515168440e+04
3.261513069370062801e-01 1.692679309785340956e+04
3.274559121647543369e-01 1.859897059245214768e+04
3.287657358134133401e-01 1.535155526713184918e+04
3.300807987566670154e-01 1.505597886292870498e+03
3.314011219516936890e-01 1.182136386074327675e+04
3.327267264395004642e-01 3.230617121280711581e+04
3.340576333452584534e-01 4.170472628316803457e+04
3.353938638786395088e-01 4.962224790288870281e+04
3.367354393341540630e-01 5.757855793909030035e+04
3.380823810914907468e-01 6.616717909727706865e+04
3.394347106158566718e-01 8.502143098821630701e+04
3.407924494583201014e-01 9.582228616137169593e+04
3.421556192561533982e-01 9.927699012469562877e+04
3.435242417331779707e-01 9.277237282632183633e+04
3.448983387001106626e-01 7.772004437318952114e+04
3.462779320549111417e-01 1.236203274940983392e+05
3.476630437831307319e-01 1.351479078356719692e+05
3.490536959582632992e-01 1.514947472003599396e+05
3.504499107420963600e-01 2.130597129905684269e+05
3.518517103850647421e-01 2.528159303575118247e+05
3.532591172266050239e-01 3.081914673524570535e+05
3.546721536955114717e-01 4.251733455492173671e+05
3.560908423102934761e-01 3.914347694719421561e+05
3.575152056795346533e-01 3.571889325359201757e+05
3.589452665022527800e-01 5.028377071992107667e+05
3.603810475682617254e-01 6.250668468136424199e+05
3.618225717585348278e-01 6.456110240939774085e+05
3.632698620455689364e-01 5.959268172140801325e+05
3.647229414937512293e-01 6.006279411296043545e+05
3.661818332597261971e-01 8.208963237486964790e+05
3.676465605927651259e-01 6.960581345601811772e+05
3.691171468351361895e-01 7.902934728963644011e+05
3.705936154224767076e-01 7.254337006632356206e+05
3.720759898841666247e-01 7.515311930714547634e+05
3.735642938437032656e-01 8.266990878652886022e+05
3.750585510190780902e-01 9.372703938779386226e+05
3.765587852231543908e-01 1.277758867165734991e+06
3.780650203640470441e-01 1.809355606971330941e+06
3.795772804455032068e-01 1.938556570410007844e+06
3.810955895672852312e-01 1.995146681800363353e+06
3.826199719255543585e-01 1.557477371458764421e+06
3.841504518132565771e-01 1.956541270467572147e+06
3.856870536205096456e-01 1.726250251196111320e+06
3.872298018349916715e-01 1.993802238630365347e+06
3.887787210423316320e-01 2.094940478003988741e+06
3.903338359265008939e-01 2.473438963047807105e+06
3.918951712702069545e-01 2.760760368367186747e+06
3.934627519552877928e-01 3.442683608118996955e+06
3.950366029631089404e-01 4.808152850907878019e+06
3.966167493749613859e-01 6.885160039275242016e+06
3.982032163724612550e-01 6.921318433808582835e+06
3.997960292379510450e-01 7.473811539379743859e+06
4.013952133549028578e-01 1.157553018745233677e+07
4.030007942083224659e-01 1.315848087074621581e+07
4.046127973851557647e-01 4.096805253393754829e+06
4.062312485746963908e-01 1.577917120379553922e+07
4.078561735689951728e-01 1.757757284023576975e+07
4.094875982632711353e-01 2.164446416147861257e+07
4.111255486563242245e-01 2.429652535411255807e+07
4.127700508509495880e-01 2.726442330311631039e+07
4.144211310543532978e-01 3.036578382018700242e+07
4.160788155785707931e-01 3.403807135152556002e+07
4.177431308408850463e-01 3.663781080355001986e+07
4.194141033642486138e-01 3.936844337971654534e+07
4.210917597777056320e-01 3.069769639909365028e+07
4.227761268168164221e-01 4.444798506330642104e+07
4.244672313240837602e-01 3.068301251228535920e+07
4.261651002493800910e-01 2.580056124105865136e+07
4.278697606503775730e-01 3.767923210425271094e+07
4.295812396929790666e-01 4.505494720085995644e+07
4.312995646517510107e-01 6.100537844669558853e+07
4.330247629103580187e-01 7.034237050830529630e+07
4.347568619619994745e-01 7.648599221053865552e+07
4.364958894098474596e-01 5.571209994414833933e+07
4.382418729674867897e-01 5.060596553194661438e+07
4.399948404593567730e-01 9.163077224603474140e+07
4.417548198211941890e-01 9.658638679250697792e+07
4.435218391004789873e-01 9.220124142894741893e+07
4.452959264568808750e-01 1.168087151281315535e+08
4.470771101627084021e-01 1.198276892946440279e+08
4.488654186033592119e-01 1.277616042166152596e+08
4.506608802777726241e-01 1.821914069567659795e+08
4.524635237988837710e-01 1.823648817829486430e+08
4.542733778940792333e-01 1.912596039829207063e+08
4.560904714056555065e-01 2.008411648292829990e+08
4.579148332912781894e-01 2.099861756790232956e+08
4.597464926244433370e-01 2.390261412225315571e+08
4.615854785949410899e-01 2.809560594138395190e+08
4.634318205093208576e-01 2.775330143551753163e+08
4.652855477913582227e-01 2.607096451906926036e+08
4.671466899825236219e-01 2.449668528208478987e+08
4.690152767424536906e-01 3.019777889948131442e+08
4.708913378494234969e-01 3.937573397486888170e+08
4.727749032008212171e-01 4.214633016774612069e+08
4.746660028136244769e-01 4.373299196752566099e+08
4.765646668248789131e-01 3.417299291287292242e+08
4.784709254921784560e-01 2.894722552988730669e+08
4.803848091941470555e-01 3.135082787969157100e+08
4.823063484309236815e-01 3.655844402730995417e+08
4.842355738246474361e-01 4.433286449296337962e+08
4.861725161199459966e-01 5.006439135836603642e+08
4.881172061844257226e-01 5.458626146056817770e+08
4.900696750091634302e-01 5.537568434857883453e+08
4.920299537092001074e-01 5.833306403351342678e+08
4.939980735240369625e-01 5.699735088423399925e+08
4.959740658181330253e-01 3.903193861947036982e+08
4.979579620814056362e-01 3.353475512196400166e+08
4.999497939297311566e-01 2.989973365125077963e+08
5.019495931054501758e-01 2.507442907559081316e+08
5.039573914778719965e-01 2.346212505551574230e+08
5.059732210437835054e-01 2.063014456584598720e+08
5.079971139279585435e-01 2.124210016605938971e+08
5.100291023836703852e-01 1.741328822739736140e+08
5.120692187932051054e-01 1.407820578066712320e+08
5.141174956683780550e-01 1.070753284679358155e+08
5.161739656510514473e-01 7.995966148003870249e+07
5.182386615136556074e-01 7.279220041575206816e+07
5.203116161597103329e-01 9.561116320891906321e+07
5.223928626243490303e-01 1.654089747820172012e+08
5.244824340748465152e-01 2.029529118588981330e+08
5.265803638111459239e-01 1.881232455154304206e+08
5.286866852663905103e-01 2.011708470112686455e+08
5.308014320074561088e-01 1.913416707207373977e+08
5.329246377354859288e-01 1.662746090242605805e+08
5.350563362864277916e-01 1.611863477599327266e+08
5.371965616315735881e-01 1.438132500200746953e+08
5.393453478780998456e-01 1.327127195948470682e+08
5.415027292696121819e-01 1.201610268527957946e+08
5.436687401866906466e-01 1.076684857237089723e+08
5.458434151474373941e-01 9.493564826526924968e+07
5.480267888080271321e-01 8.548827596692246199e+07
5.502188959632591247e-01 7.581625477709752321e+07
5.524197715471121928e-01 6.676075749339342862e+07
5.546294506333006025e-01 5.760491787619908154e+07
5.568479684358338400e-01 4.935402204020465165e+07
5.590753603095770519e-01 4.192518839358399063e+07
5.613116617508153716e-01 3.470007377300491184e+07
5.635569083978186899e-01 2.876422777914414182e+07
5.658111360314097560e-01 2.281915887594312057e+07
5.680743805755354980e-01 1.778704461670599878e+07
5.703466780978375672e-01 1.328876381984096952e+07
5.726280648102289872e-01 9.614572611061297357e+06
5.749185770694699160e-01 6.541993108706602827e+06
5.772182513777477375e-01 4.143673769041198771e+06
5.795271243832587071e-01 2.384968666306539904e+06
5.818452328807918184e-01 1.217001199705631007e+06
5.841726138123150003e-01 5.099722209615411120e+05
5.865093042675643131e-01 7.718076435943774413e+04
5.888553414846344758e-01 4.942001539441362183e+02
5.912107628505729462e-01 1.441792157707543447e+04
5.935756059019753339e-01 3.924197670225343318e+05
5.959499083255832552e-01 1.694496432201926596e+06
5.983337079588855190e-01 4.465471128161163069e+06
6.007270427907210886e-01 9.928148526115441695e+06
6.031299509618840426e-01 2.003367481288393959e+07
6.055424707657315331e-01 3.572150549722240865e+07
6.079646406487945187e-01 5.848265172600222379e+07
6.103964992113897203e-01 9.147941110085146129e+07
6.128380852082353503e-01 1.372872963148111105e+08
6.152894375490681744e-01 1.973748975966000855e+08
6.177505952992645710e-01 2.655062910809079409e+08
6.202215976804615893e-01 3.513539087510117292e+08
6.227024840711834486e-01 4.490300011874762774e+08
6.251932940074681477e-01 5.935202905982500315e+08
6.276940671834980723e-01 7.735792654663937092e+08
6.302048434522321552e-01 9.965514911092151403e+08
6.327256628260409244e-01 1.255097028161570787e+09
6.352565654773452142e-01 1.531412060121746540e+09
6.377975917392545435e-01 1.815000328973052025e+09
6.403487821062116003e-01 2.182480076277925491e+09
6.429101772346363930e-01 2.568389930913896084e+09
6.454818179435749537e-01 3.090775302948697090e+09
6.480637452153492628e-01 3.642058589944623470e+09
6.506560001962106154e-01 4.241741756577766895e+09
6.532586241969955410e-01 4.974762219465538025e+09
6.558716586937833881e-01 5.401851906513209343e+09
6.584951453285585732e-01 5.922466422956982613e+09
6.611291259098727169e-01 6.642998431363899231e+09
6.637736424135122215e-01 7.103514790151819229e+09
6.664287369831662922e-01 6.844638069809084892e+09
6.690944519310989547e-01 6.917481864539454460e+09
6.717708297388232941e-01 7.051228382765538216e+09
6.744579130577786907e-01 7.521642291520341873e+09
6.771557447100098326e-01 8.596244134714645386e+09
6.798643676888498355e-01 8.546565501250168800e+09
6.825838251596052508e-01 9.424980272989912033e+09
6.853141604602436265e-01 9.818946459725189209e+09
6.880554171020846210e-01 1.014352422268173599e+10
6.908076387704928933e-01 1.041567911338720322e+10
6.935708693255748791e-01 1.045142749946030998e+10
6.963451528028771209e-01 1.072028913879377747e+10
6.991305334140887062e-01 1.096827131981310081e+10
7.019270555477450380e-01 1.149900171395972633e+10
7.047347637699360456e-01 1.161326796947818375e+10
7.075537028250157290e-01 9.645582692264196396e+09
7.103839176363159202e-01 8.815187624852943420e+09
7.132254533068611568e-01 8.717338887448492050e+09
7.160783551200886610e-01 9.844065152741937637e+09
7.189426685405689854e-01 1.199448084482024002e+10
7.218184392147313222e-01 1.310617871086277008e+10
7.247057129715901436e-01 1.466774224063218498e+10
7.276045358234763949e-01 1.521936222733647919e+10
7.305149539667704639e-01 1.528404024788946533e+10
7.334370137826373703e-01 1.470139820610632324e+10
7.363707618377679509e-01 1.381135049090170670e+10
7.393162448851190449e-01 1.281839122476693916e+10
7.422735098646596752e-01 1.169041354426354027e+10
7.452426039041182282e-01 1.052399975384767342e+10
7.482235743197346300e-01 9.260409795077865601e+09
7.512164686170136330e-01 7.794709092391461372e+09
7.542213344914817652e-01 6.424406937902016640e+09
7.572382198294477229e-01 5.076188447480948448e+09
7.602671727087656484e-01 3.376875006968385696e+09
7.633082413996006288e-01 9.694454870533454418e+08
7.663614743651989691e-01 1.742420526619745791e+07
7.694269202626597970e-01 2.407630081065825373e+07
7.725046279437104424e-01 3.320621686428856254e+08
7.755946464554852593e-01 1.378009408268825293e+09
7.786970250413072225e-01 3.928064576703886509e+09
7.818118131414724115e-01 6.810838935951142311e+09
7.849390603940383793e-01 9.502442655982076645e+09
7.880788166356144098e-01 1.242526372710231018e+10
7.912311319021569922e-01 1.552682405207791328e+10
7.943960564297655180e-01 1.891255495971417236e+10
7.975736406554845281e-01 2.241899441973797607e+10
8.007639352181065151e-01 2.620107331434235001e+10
8.039669909589789443e-01 2.928902700443693161e+10
8.071828589228148276e-01 3.216003135719705963e+10
8.104115903585061842e-01 3.530429416204393005e+10
8.136532367199402760e-01 3.877303685277692413e+10
8.169078496668199518e-01 4.166228434709551239e+10
8.201754810654874328e-01 4.391390982162966156e+10
8.234561829897493190e-01 4.823226140591259766e+10
8.267500077217083687e-01 5.180393002409146118e+10
8.300570077525952772e-01 5.470810755348802948e+10
8.333772357836056743e-01 5.784925763645358276e+10
8.367107447267401188e-01 6.028395731991893005e+10
8.400575877056470908e-01 6.218875900492349243e+10
8.434178180564695371e-01 6.167756075797748566e+10
8.467914893286955236e-01 5.943582296288685608e+10
8.501786552860102208e-01 6.421027770912901306e+10
8.535793699071543283e-01 6.927637417733106995e+10
8.569936873867830540e-01 7.353894492871324158e+10
8.604216621363300899e-01 7.016988001367880249e+10
8.638633487848753623e-01 5.207712969015308380e+10
8.673188021800150027e-01 6.537040061650247955e+10
8.707880773887352044e-01 4.447529919582540131e+10
8.742712296982900755e-01 4.945854765893122864e+10
8.777683146170831563e-01 6.097625263704835510e+10
8.812793878755513788e-01 6.089409243923604584e+10
8.848045054270535781e-01 7.036004517543589783e+10
8.883437234487617795e-01 6.564033896888019562e+10
8.918970983425568155e-01 7.524522330000605774e+10
8.954646867359271623e-01 7.962373152866285706e+10
8.990465454828707736e-01 8.632313601994036865e+10
9.026427316648023558e-01 8.169615852395193481e+10
9.062533025914615292e-01 7.819044619636590576e+10
9.098783158018273198e-01 8.842878473093988037e+10
9.135178290650346478e-01 9.171271377516894531e+10
9.171719003812948134e-01 9.942313847361746216e+10
9.208405879828199803e-01 1.037981461784992828e+11
9.245239503347512100e-01 1.072662990495722961e+11
9.282220461360901620e-01 1.075830925044399261e+11
9.319349343206346781e-01 1.096163060452033081e+11
9.356626740579171431e-01 1.124668213916429291e+11
9.394053247541488405e-01 1.153755702027762604e+11
9.431629460531654185e-01 1.207036313681054840e+11
9.469355978373780180e-01 1.253741766360643768e+11
9.507233402287275092e-01 1.284888412189295197e+11
9.545262335896426142e-01 1.302594893985110474e+11
9.583443385240012491e-01 1.310291776295848236e+11
9.621777158780971950e-01 1.308348470735915222e+11
9.660264267416096562e-01 1.327727183680207520e+11
9.698905324485760371e-01 1.352145537438860626e+11
9.737700945783701600e-01 1.349966962339918671e+11
9.776651749566835914e-01 1.344310271844872284e+11
9.815758356565105203e-01 1.352541271029509583e+11
9.855021389991363012e-01 1.295325238162155609e+11
9.894441475551331022e-01 9.475755543745825195e+10
9.934019241453534432e-01 5.757890160854575348e+10
9.973755318419349480e-01 6.307687156976722717e+10
1.001365033969302543e+00 6.734872390021569061e+10
1.005370494105179757e+00 6.500032810590762329e+10
1.009391976081600362e+00 7.425750314129241943e+10
1.013429543985926884e+00 6.974082675549345398e+10
1.017483262161870350e+00 7.058411455248037720e+10
1.021553195210518128e+00 7.294477758443429565e+10
1.025639407991360219e+00 7.503706203267774963e+10
1.029741965623325539e+00 7.315863357677903748e+10
1.033860933485818867e+00 7.576915511180331421e+10
1.037996377219762012e+00 8.152381815558482361e+10
1.042148362728641198e+00 8.108590354354821777e+10
1.046316956179555557e+00 8.418670021556140137e+10
1.050502224004274066e+00 8.307069021533477783e+10
1.054704232900291139e+00 8.499395643640246582e+10
1.058923049831892227e+00 8.408702547355366516e+10
1.063158742031219628e+00 8.479406310559275818e+10
1.067411376999344741e+00 8.217941312195674133e+10
1.071681022507342096e+00 8.315234434084564209e+10
1.075967746597371377e+00 8.418648517514675903e+10
1.080271617583760779e+00 8.307701562718609619e+10
1.084592704054095913e+00 8.428286528886199951e+10
1.088931074870312044e+00 8.535310949718869019e+10
1.093286799169793433e+00 8.432275458801869202e+10
1.097659946366472461e+00 8.374802693956356812e+10
1.102050586151938294e+00 8.413491183159843445e+10
1.106458788496546219e+00 8.354608355142382812e+10
1.110884623650532532e+00 8.357997454293830872e+10
1.115328162145134749e+00 8.334708733781402588e+10
1.119789474793714934e+00 8.430797121234986877e+10
1.124268632692889902e+00 8.583751677566230774e+10
1.128765707223661430e+00 8.708789047956977844e+10
1.133280770052556230e+00 8.647241830352320862e+10
1.137813893132766374e+00 8.881464707845079041e+10
1.142365148705297484e+00 9.039454550644215393e+10
1.146934609300118479e+00 9.090231360813029480e+10
1.151522347737319096e+00 9.121247429674452209e+10
1.156128437128268516e+00 9.116731568009951782e+10
1.160752950876781542e+00 9.178564781838681030e+10
1.165395962680288999e+00 9.278931965120333862e+10
1.170057546531009907e+00 9.245600351003253174e+10
1.174737776717134086e+00 9.137673648026100159e+10
1.179436727824002773e+00 9.136677107293478394e+10
1.184154474735298557e+00 9.267813181780809021e+10
1.188891092634239977e+00 9.299619342972463989e+10
1.193646657004777012e+00 9.141627417405982971e+10
1.198421243632796118e+00 8.836074976049958801e+10
1.203214928607327261e+00 8.827070864611155701e+10
1.208027788321756724e+00 8.923938288765242004e+10
1.212859899475043468e+00 8.891029813083996582e+10
1.217711339072943710e+00 9.007412434153691101e+10
1.222582184429235275e+00 9.020766347690962219e+10
1.227472513166952384e+00 9.196311125347241211e+10
1.232382403219620226e+00 9.268317464236045837e+10
1.237311932832498407e+00 9.372367540455082703e+10
1.242261180563828615e+00 9.380465560869914246e+10
1.247230225286083849e+00 9.722410953081788635e+10
1.252219146187228072e+00 9.864885905695161438e+10
1.257228022771976983e+00 1.013154115387935486e+11
1.262256934863064783e+00 1.034234477492999420e+11
1.267305962602517155e+00 1.058201835232030640e+11
1.272375186452927354e+00 1.073652065398758087e+11
1.277464687198738957e+00 1.088293803976763306e+11
1.282574545947533950e+00 1.101201482510944824e+11
1.287704844131324133e+00 1.107227718590179749e+11
1.292855663507849417e+00 1.116673688491935425e+11
1.298027086161880783e+00 1.129223641602100525e+11
1.303219194506528344e+00 1.138846562200117340e+11
1.308432071284554521e+00 1.145234716278259125e+11
1.313665799569692760e+00 1.151692765077434235e+11
1.318920462767971591e+00 1.155015029022916870e+11
1.324196144619043336e+00 1.151909919030473175e+11
1.329492929197519491e+00 1.133247844879200287e+11
1.334810900914309650e+00 1.058828615118145905e+11
1.340150144517967101e+00 9.561441756989494324e+10
1.345510745096038852e+00 8.651083293423051453e+10
1.350892788076423212e+00 8.335018239663452148e+10
1.356296359228728932e+00 7.948551176309251404e+10
1.361721544665643879e+00 8.359134566850965881e+10
1.367168430844306393e+00 9.059822308051246643e+10
1.372637104567683730e+00 9.284193257769816589e+10
1.378127652985954299e+00 9.389068831629154968e+10
1.383640163597898098e+00 8.298394597531788635e+10
1.389174724252289828e+00 8.441613041403897095e+10
1.394731423149298877e+00 8.111360810326847839e+10
1.400310348841896202e+00 8.329369273526914978e+10
1.405911590237263642e+00 8.262120896945054626e+10
1.411535236598212784e+00 7.677825944566345215e+10
1.417181377544605603e+00 7.766962294479112244e+10
1.422850103054784210e+00 7.811815573712344360e+10
1.428541503467003038e+00 7.858560556218753052e+10
1.434255669480871243e+00 7.711221747486787415e+10
1.439992692158794885e+00 7.744746419256018066e+10
1.445752662927429988e+00 7.825500398338731384e+10
1.451535673579139596e+00 7.787647252910794067e+10
1.457341816273456159e+00 7.741854324848667908e+10
1.463171183538549913e+00 7.562838585140679932e+10
1.469023868272704147e+00 7.372828915352020264e+10
1.474899963745795128e+00 7.257464819362033081e+10
1.480799563600778246e+00 7.088772142812185669e+10
1.486722761855181485e+00 6.949252516663760376e+10
1.492669652902602007e+00 6.787500829118355560e+10
1.498640331514212276e+00 6.645382314363426208e+10
1.504634892840269300e+00 6.466203800406832886e+10
1.510653432411630304e+00 6.262838761403688049e+10
1.516696046141276843e+00 6.082725805352983093e+10
1.522762830325842032e+00 5.925739630816117096e+10
1.528853881647145307e+00 5.751063661919078827e+10
1.534969297173733649e+00 5.579428171855734253e+10
1.541109174362428780e+00 5.405850124506607056e+10
1.547273611059878373e+00 5.234300658351653290e+10
1.553462705504118135e+00 5.056937959869271851e+10
1.559676556326134556e+00 4.885189715402424622e+10
1.565915262551438980e+00 4.718427167563814545e+10
1.572178923601644795e+00 4.550522741153929901e+10
1.578467639296051495e+00 4.384141166504791260e+10
1.584781509853235626e+00 4.221733982455154419e+10
1.591120635892648405e+00 4.059728271945687866e+10
1.597485118436219098e+00 3.898756485812495422e+10
1.603875058909963958e+00 3.735635364934534454e+10
1.610290559145603595e+00 3.571587378281454468e+10
1.616731721382186127e+00 3.407523732897355270e+10
1.623198648267714761e+00 3.252403953905519867e+10
1.629691442860785600e+00 3.112181423687873077e+10
1.636210208632228769e+00 2.985378209551108170e+10
1.642755049466757766e+00 2.873701804780240250e+10
1.649326069664624805e+00 2.774924085248862076e+10
1.655923373943283039e+00 2.661850339270777512e+10
1.662547067439056336e+00 2.554923828974533463e+10
1.669197255708812611e+00 2.387255556446026993e+10
1.675874044731648027e+00 2.332667929582589722e+10
1.682577540910574321e+00 2.251518440661078262e+10
1.689307851074216771e+00 2.156412829773659515e+10
1.696065082478513508e+00 2.063633460889535141e+10
1.702849342808427480e+00 1.982036077169546890e+10
1.709660740179661298e+00 1.913413530880307770e+10
1.716499383140379864e+00 1.835547778125015259e+10
1.723365380672941427e+00 1.765985224920579529e+10
1.730258842195633306e+00 1.688870212141290665e+10
1.737179877564415831e+00 1.618930942724044037e+10
1.744128597074673603e+00 1.554221217347707176e+10
1.751105111462972097e+00 1.490477786552486038e+10
1.758109531908824241e+00 1.424379550074275208e+10
1.765141970036459451e+00 1.356468141069752502e+10
1.772202537916605314e+00 1.302920673545178986e+10
1.779291348068271716e+00 1.240781725077259827e+10
1.786408513460544745e+00 1.178635336742689323e+10
1.793554147514387020e+00 1.113162756411930466e+10
1.800728364104444257e+00 1.072053975365272713e+10
1.807931277560862249e+00 1.016401490436636925e+10
1.815163002671105641e+00 9.828151941813682556e+09
1.822423654681789795e+00 9.566576675674560547e+09
1.829713349300517100e+00 9.047184199205091476e+09
1.837032202697718830e+00 8.857244661061016083e+09
1.844380331508509885e+00 8.798906063398523331e+09
1.851757852834543527e+00 8.519747798822262764e+09
1.859164884245881888e+00 8.027833582352703094e+09
1.866601543782865358e+00 7.572075038833569527e+09
1.874067949957996859e+00 7.497182610388134956e+09
1.881564221757828781e+00 7.825699212093690872e+09
1.889090478644860127e+00 7.558025143193013191e+09
1.896646840559439662e+00 7.359889678333224297e+09
1.904233427921677269e+00 6.931936210588301659e+09
1.911850361633363971e+00 6.814518559279198647e+09
1.919497763079897279e+00 6.451914014395329475e+09
1.927175754132217200e+00 6.324007030402864456e+09
1.934884457148745796e+00 6.191326183346126556e+09
1.942623994977340729e+00 6.019625041054572105e+09
1.950394490957250149e+00 6.063843793716354370e+09
1.958196068921079336e+00 5.950289508778488159e+09
1.966028853196763793e+00 5.985391459199340820e+09
1.973892968609550991e+00 5.908413426435214043e+09
1.981788540483989447e+00 5.895512914869516373e+09
1.989715694645925126e+00 5.849024204281653404e+09
1.997674557424508723e+00 5.798899640636448860e+09
2.005665255654207169e+00 5.724925944515389442e+09
2.013687916676823786e+00 5.642152682155566216e+09
2.021742668343530891e+00 5.552218310035418510e+09
2.029829639016905052e+00 5.463025881763729095e+09
2.037948957572972564e+00 5.375190548077466965e+09
2.046100753403264694e+00 5.282090999035074234e+09
2.054285156416877811e+00 5.185808443076390266e+09
2.062502297042545507e+00 5.085851110318649292e+09
2.070752306230715600e+00 4.984359879572033882e+09
2.079035315455638244e+00 4.882556486023164749e+09
2.087351456717461140e+00 4.785076529005120277e+09
2.095700862544330967e+00 4.693339008837723732e+09
2.104083665994508134e+00 4.612181342944298744e+09
2.112500000658485977e+00 4.541789662710832596e+09
2.120950000661120161e+00 4.481688212098563194e+09
2.129433800663764753e+00 4.429720989117183685e+09
2.137951535866419839e+00 4.385147566469695091e+09
2.146503342009885351e+00 4.343031627098026276e+09
2.155089355377924676e+00 4.301367861494993210e+09
2.163709712799436691e+00 4.252478374821669579e+09
2.172364551650634468e+00 4.206204910869847298e+09
2.181054009857236853e+00 4.146376062683916569e+09
2.189778225896665376e+00 4.084952426691389561e+09
2.198537338800252705e+00 3.976259504727612495e+09
2.207331488155453325e+00 3.910433476963807106e+09
2.216160814108075083e+00 3.889946990193318367e+09
2.225025457364507631e+00 3.826686852305886745e+09
2.233925559193965515e+00 3.758235878644660950e+09
2.242861261430741493e+00 3.685668867096004486e+09
2.251832706476463830e+00 3.629006151839401245e+09
2.260840037302370042e+00 3.560361969322510242e+09
2.269883397451579299e+00 3.535345003228924751e+09
2.278962931041386142e+00 3.481259520953449726e+09
2.288078782765551100e+00 3.434049989918227196e+09
2.297231097896613505e+00 3.402004254816705704e+09
2.306420022288200311e+00 3.414597594085909367e+09
2.315645702377353121e+00 3.355538228531895161e+09
2.324908285186861878e+00 3.312621795944521904e+09
2.334207918327609654e+00 3.277448999668868542e+09
2.343544750000919663e+00 3.260991413461398602e+09
2.352918929000923143e+00 3.284588968034327030e+09
2.362330604716927240e+00 3.320516432577433109e+09
2.371779927135795329e+00 3.255555325731596947e+09
2.381267046844337987e+00 3.319809843130117893e+09
2.390792115031715070e+00 3.387300194875816345e+09
2.400355283491842240e+00 3.439686849051454067e+09
2.409956704625809465e+00 3.507000444064496517e+09
2.419596531444312859e+00 3.578589413434912682e+09
2.429274917570089620e+00 3.677851745098346710e+09
2.438992017240370291e+00 3.775754736088466644e+09
2.448747985309331465e+00 3.888605419633739471e+09
2.458542977250568917e+00 4.027248124396089554e+09
2.468377149159570738e+00 4.166794642813543797e+09
2.478250657756209563e+00 4.252014882785272598e+09
2.488163660387234355e+00 4.372040303216606140e+09
2.498116315028783063e+00 4.544158161027576447e+09
2.508108780288898387e+00 4.518902335433376312e+09
2.518141215410053757e+00 4.651343657655203819e+09
2.528213780271693967e+00 4.609759312357762337e+09
2.538326635392781139e+00 4.699045816580918312e+09
2.548479941934351789e+00 4.742036915079258919e+09
2.558673861702089436e+00 5.070565500162340164e+09
2.568908557148898097e+00 5.088586682370731354e+09
2.579184191377493551e+00 5.265728648965941429e+09
2.589500928143003478e+00 5.523688202238306046e+09
2.599858931855575594e+00 5.865028379958389282e+09
2.610258367582998229e+00 6.474404306864754677e+09
2.620699401053329769e+00 6.758329241495913506e+09
2.631182198657543214e+00 6.935651156933837891e+09
2.641706927452173392e+00 7.760047456991723061e+09
2.652273755161981938e+00 7.858946600945865631e+09
2.662882850182629824e+00 7.155949173722595215e+09
2.673534381583360542e+00 6.045711506083968163e+09
2.684228519109693956e+00 6.434887712319116592e+09
2.694965433186132575e+00 7.120136019257804871e+09
2.705745294918877164e+00 7.623145810708713531e+09
2.716568276098552559e+00 7.877051014007032394e+09
2.727434549202946812e+00 8.958652057256574631e+09
2.738344287399758326e+00 7.850916635532521248e+09
2.749297664549357201e+00 9.809540302738859177e+09
2.760294855207554576e+00 8.178011854766754150e+09
2.771336034628385292e+00 8.475889982799302101e+09
2.782421378766898545e+00 8.336637055146718979e+09
2.793551064281966312e+00 1.031384169875331497e+10
2.804725268539093985e+00 8.321503695903903008e+09
2.815944169613250558e+00 9.308932767491788864e+09
2.827207946291703244e+00 1.109218916155802727e+10
2.838516778076869862e+00 9.462191156880706787e+09
2.849870845189177437e+00 1.034610419645763779e+10
2.861270328569933685e+00 1.151143208039136696e+10
2.872715409884213589e+00 1.099038243708031464e+10
2.884206271523750420e+00 1.228692186321748734e+10
2.895743096609845413e+00 1.245065148570062065e+10
2.907326068996284985e+00 1.241638194595187378e+10
2.918955373272270393e+00 1.397229883591086197e+10
2.930631194765359826e+00 1.407874535064424133e+10
2.942353719544420709e+00 1.430295231834078026e+10
2.954123134422598440e+00 1.494188149593226051e+10
2.965939626960289122e+00 1.523184895308070946e+10
2.977803385468130504e+00 1.587400258742171669e+10
2.989714599010003138e+00 1.635970088334160233e+10
3.001673457406043077e+00 1.496511478916642380e+10
3.013680151235667015e+00 1.665750586133159828e+10
3.025734871840609408e+00 1.704243570850428772e+10
3.037837811327972037e+00 1.763335965817118454e+10
3.049989162573283785e+00 1.700245251597025681e+10
3.062189119223576395e+00 1.753828407635743332e+10
3.074437875700470890e+00 1.674454151843594933e+10
3.086735627203272880e+00 1.606232035356624603e+10
3.099082569712085622e+00 1.552546970183683014e+10
3.111478899990933744e+00 1.410906751091914558e+10
3.123924815590897186e+00 1.462464460888096809e+10
3.136420514853261121e+00 1.241377383549994087e+10
3.148966196912674320e+00 1.228938506326921272e+10
3.161562061700325277e+00 1.035472534054232025e+10
3.174208309947126327e+00 1.077014889456245613e+10
3.186905143186915090e+00 9.634692411078878403e+09
3.199652763759662566e+00 9.449265506704448700e+09
3.212451374814701222e+00 1.038896031482875633e+10
3.225301180313960625e+00 9.937787343976690292e+09
3.238202385035215958e+00 1.096345710121498871e+10
3.251155194575356955e+00 1.197183529653864670e+10
3.264159815353658622e+00 1.300138923313714981e+10
3.277216454615073271e+00 1.488683037787229538e+10
3.290325320433533207e+00 1.609184275227108955e+10
3.303486621715267635e+00 1.556435229374167824e+10
3.316700568202128441e+00 3.868710286611909866e+09
3.329967370474937294e+00 3.464297428074455738e+09
3.343287239956836743e+00 7.140956386690476418e+09
3.356660388916663962e+00 1.133418760233041382e+10
3.370087030472330714e+00 1.377627186020668221e+10
3.383567378594220187e+00 1.373630441589160347e+10
3.397101648108596716e+00 1.272322911861434555e+10
3.410690054701031482e+00 1.233084502368072891e+10
3.424332814919834878e+00 1.180684438334847260e+10
3.438030146179514634e+00 1.177016463794226074e+10
3.451782266764232610e+00 1.180024230300563622e+10
3.465589395831289998e+00 1.235485102951763725e+10
3.479451753414614767e+00 1.248148443800697136e+10
3.493369560428273068e+00 1.295632629457469368e+10
3.507343038669985980e+00 1.356267657943110275e+10
3.521372410824665788e+00 1.406959581846699715e+10
3.535457900467964709e+00 1.439650469890090179e+10
3.549599732069836477e+00 1.485794731188516617e+10
3.563798130998116154e+00 1.574378104612699890e+10
3.578053323522108364e+00 1.645082774832571793e+10
3.592365536816196858e+00 1.745163630130301285e+10
3.606734998963461614e+00 1.780004395542463684e+10
3.621161938959315041e+00 1.851594340412034225e+10
3.635646586715152839e+00 1.904994996288328171e+10
3.650189173062013293e+00 1.926922857578073120e+10
3.664789929754260545e+00 1.952700550829391861e+10
3.679449089473277645e+00 1.986223531817862701e+10
3.694166885831170699e+00 1.976621520642411804e+10
3.708943553374495661e+00 1.981292889805971146e+10
3.723779327587993571e+00 1.976408107987174988e+10
3.738674444898345328e+00 1.988043118990197372e+10
3.753629142677938901e+00 1.979151656940809631e+10
3.768643659248651190e+00 1.955553315031674576e+10
3.783718233885645432e+00 1.945959891146708298e+10
3.798853106821188153e+00 1.936510058077986908e+10
3.814048519248473657e+00 1.932527582275752258e+10
3.829304713325467180e+00 1.923417128152974701e+10
3.844621932178768908e+00 1.893451528802252197e+10
3.860000419907484215e+00 1.886056635310257339e+10
3.875440421587113882e+00 1.869265548844350815e+10
3.890942183273462529e+00 1.854627224491185760e+10
3.906505952006555926e+00 1.834679147746306610e+10
3.922131975814582727e+00 1.816480110068254089e+10
3.937820503717840648e+00 1.801721670886852264e+10
3.953571785732711508e+00 1.779207118719177246e+10
3.969386072875642490e+00 1.761629987607392502e+10
3.985263617167145167e+00 1.742275876181142426e+10
4.001204671635814059e+00 1.720629489829729843e+10
4.017209490322357190e+00 1.700927562356465721e+10
4.033278328283646630e+00 1.680073887151148796e+10
4.049411441596781458e+00 1.658605080404909134e+10
4.065609087363168506e+00 1.639147699213291740e+10
4.081871523712622185e+00 1.615419893838319588e+10
4.098199009807472315e+00 1.594460933618770981e+10
4.114591805846702144e+00 1.573166626809999084e+10
4.131050173070089038e+00 1.550690311893901062e+10
4.147574373762369149e+00 1.531323780594627571e+10
4.164164671257418959e+00 1.507757242067382050e+10
4.180821329942449260e+00 1.485469109077669525e+10
4.197544615262219558e+00 1.466404653025858688e+10
4.214334793723269357e+00 1.443429337390483856e+10
4.231192132898162761e+00 1.424694284989795303e+10
4.248116901429755288e+00 1.399698130052215958e+10
4.265109369035473996e+00 1.381170034111990166e+10
4.282169806511615384e+00 1.360736164726519585e+10
4.299298485737661935e+00 1.328394355961123276e+10
4.316495679680612874e+00 1.311527592555556488e+10
4.333761662399335357e+00 1.295947185172790146e+10
4.351096709048932532e+00 1.276657406425774193e+10
4.368501095885127583e+00 1.261011071140379143e+10
4.385975100268668214e+00 1.242020481893453598e+10
4.403519000669743555e+00 1.220155257267255783e+10
4.421133076672422391e+00 1.204559841006274605e+10
4.438817608979111817e+00 1.174675129515743637e+10
4.456572879415028332e+00 1.162835030617998886e+10
4.474399170932688463e+00 1.127537017961804390e+10
4.492296767616419828e+00 1.114621546617768860e+10
4.510265954686884626e+00 1.099667036897014427e+10
4.528307018505633330e+00 1.057984728330132484e+10
4.546420246579655711e+00 1.056561994078216934e+10
4.564605927565974497e+00 1.033682330505459213e+10
4.582864351276237258e+00 1.030424058174575233e+10
4.601195808681342925e+00 1.011605077516409111e+10
4.619600591916067422e+00 9.851904105092535019e+09
4.638078994283731937e+00 9.934300789653738022e+09
4.656631310260867629e+00 9.786604738281478882e+09
4.675257835501911430e+00 9.469383640036479950e+09
4.693958866843916944e+00 9.530444073342220306e+09
4.712734702311292878e+00 9.250906185746946335e+09
4.731585641120538810e+00 8.975104372582937241e+09
4.750511983685020923e+00 9.016714813456619263e+09
4.769514031619761063e+00 8.813464297942632675e+09
4.788592087746240011e+00 8.443014520215537071e+09
4.807746456097224730e+00 8.501213999488577843e+09
4.826977441921613377e+00 8.463355330002749443e+09
4.846285351689299858e+00 8.052519195301514626e+09
4.865670493096057925e+00 8.262764309914565086e+09
4.885133175068442135e+00 8.057996112158306122e+09
4.904673707768715474e+00 7.805569120651704788e+09
4.924292402599791174e+00 7.868153256569260597e+09
4.943989572210189642e+00 7.613428932563674927e+09
4.963765530499030021e+00 7.298551678831218719e+09
4.983620592621027079e+00 7.555325319923368454e+09
5.003555074991511198e+00 7.403135166510719299e+09
5.023569295291476777e+00 6.739895766607899666e+09
5.043663572472643075e+00 7.123071452603133202e+09
5.063838226762532813e+00 7.075094720588385582e+09
5.084093579669583640e+00 6.647024832480859756e+09
5.104429953988261381e+00 6.709899895717932701e+09
5.124847673804215020e+00 6.622761002379742622e+09
5.145347064499431688e+00 6.114905248802649498e+09
5.165928452757428957e+00 6.258861587589980125e+09
5.186592166568458673e+00 6.425576544729076385e+09
5.207338535234733001e+00 5.605655874957053185e+09
5.228167889375671784e+00 5.950180017663324356e+09
5.249080560933174766e+00 5.903387415865757942e+09
5.270076883176907145e+00 5.638942459295833588e+09
5.291157190709615321e+00 5.616403340298361778e+09
5.312321819472453299e+00 5.496589741580832481e+09
5.333571106750343738e+00 5.779130781721027374e+09
5.354905391177344320e+00 4.875178180590689659e+09
5.376325012742054099e+00 5.185130720582500458e+09
5.397830312793021612e+00 5.401783415966278076e+09
5.419421634044193858e+00 4.331674639779321671e+09
5.441099320580370602e+00 5.174750224112435341e+09
5.462863717862692425e+00 4.709459401621045113e+09
5.484715172734142996e+00 4.773051649715721130e+09
5.506654033425078865e+00 4.709978669720741272e+09
5.528680649558780580e+00 4.599151966183227539e+09
5.550795372157015350e+00 4.318554318935136795e+09
5.572998553645643227e+00 4.146366060870786190e+09
5.595290547860225949e+00 4.393418435316195488e+09
5.617671710051667766e+00 4.276302195775128365e+09
5.640142396891874021e+00 4.216654054024827480e+09
5.662702966479441713e+00 4.124859130966582775e+09
5.685353778345359821e+00 3.924982873768988609e+09
5.708095193458740724e+00 3.821653136908263206e+09
5.730927574232576482e+00 3.808919203040775776e+09
5.753851284529505783e+00 3.864838233487066746e+09
5.776866689667624399e+00 3.586189320626936913e+09
5.799974156426294769e+00 4.024048021113397121e+09
5.823174053051999977e+00 3.294881041539777279e+09
5.846466749264207508e+00 3.852444848238859177e+09
5.869852616261264977e+00 3.414595903654236794e+09
5.893332026726310069e+00 3.348796499926465988e+09
5.916905354833215114e+00 3.694197027691373825e+09
5.940572976252548543e+00 3.172788650008085728e+09
5.964335268157558545e+00 3.529094758199062347e+09
5.988192609230189589e+00 3.481528031088585377e+09
6.012145379667110490e+00 3.594348564550852776e+09
6.036193961185778889e+00 3.319796120051929951e+09
6.060338737030522616e+00 3.136809377483469486e+09
6.084580091978644134e+00 3.396424841437378883e+09
6.108918412346558746e+00 3.179969811801749229e+09
6.133354085995945226e+00 3.314951707552198410e+09
6.157887502339929320e+00 3.102640912151123047e+09
6.182519052349287669e+00 3.092675265106164932e+09
6.207249128558685491e+00 3.240216793732577324e+09
6.232078125072920471e+00 3.212513121989418507e+09
6.257006437573212843e+00 3.231094365645070553e+09
6.282034463323505236e+00 3.188509299185677528e+09
6.307162601176800720e+00 3.176051952533189774e+09
6.332391251581507063e+00 3.027808671151511669e+09
6.357720816587833390e+00 3.027903909209459305e+09
6.383151699854184180e+00 2.960350138115384102e+09
6.408684306653601226e+00 2.529799934204649925e+09
6.434319043880215361e+00 2.749396884531730175e+09
6.460056320055736379e+00 2.529054945603720665e+09
6.485896545335958052e+00 2.273049770108249664e+09
6.511840131517302233e+00 2.463243491413764954e+09
6.537887492043371829e+00 2.499753747884789467e+09
6.564039042011545533e+00 2.313651520469634056e+09
6.590295198179591196e+00 2.187996782166640759e+09
6.616656378972309405e+00 2.156439923513806820e+09
6.643123004488199257e+00 2.179623878576124191e+09
6.669695496506150789e+00 2.338240408078040123e+09
6.696374278492176479e+00 2.372974061318744183e+09
6.723159775606144528e+00 2.242153608629049301e+09
6.750052414708568094e+00 2.411691157000308037e+09
6.777052624367403411e+00 2.210178190330668449e+09
6.804160834864871887e+00 2.232310625255143166e+09
6.831377478204331055e+00 2.223861585214767456e+09
6.858702988117148180e+00 2.022303069095135689e+09
6.886137800069615622e+00 2.272351471834537029e+09
6.913682351269895499e+00 2.255405238747998714e+09
6.941337080674975013e+00 2.272502363445170879e+09
6.969102428997675069e+00 2.073809796069812059e+09
6.996978838713665994e+00 2.171756876159463406e+09
7.024966754068519670e+00 2.119096277133231163e+09
7.053066621084793653e+00 1.945036415133926630e+09
7.081278887569133929e+00 2.081951666198854446e+09
7.109604003119409654e+00 2.013330165528603554e+09
7.138042419131887861e+00 1.983089105092999458e+09
7.166594588808414379e+00 1.858578660028161287e+09
7.195260967163648047e+00 1.860571756055384159e+09
7.224042011032302923e+00 1.842790461510986090e+09
7.252938179076432235e+00 1.789739807587460041e+09
7.281949931792737196e+00 1.706457626484416246e+09
7.311077731519908696e+00 1.746857900286336899e+09
7.340322042445988515e+00 1.574006505392252445e+09
7.369683330615771411e+00 1.660875238580636263e+09
7.399162063938235612e+00 1.688312761909621716e+09
7.428758712193988423e+00 1.655190271516417265e+09
7.458473747042765112e+00 1.519218428477413416e+09
7.488307642030935796e+00 1.628833073185511589e+09
7.518260872599060285e+00 1.704559465209247589e+09
7.548333916089456253e+00 1.682865500053427935e+09
7.578527251753813587e+00 1.655419278248823166e+09
7.608841360760829176e+00 1.623681335858978987e+09
7.639276726203872769e+00 1.729880568053584576e+09
7.669833833108687493e+00 1.253529433100968599e+09
7.700513168441122325e+00 1.349444647894610167e+09
7.731315221114887670e+00 1.342633473877581120e+09
7.762240481999347352e+00 1.367237575906881332e+09
7.793289443927344351e+00 1.458138068611550808e+09
7.824462601703054077e+00 1.460561308714116573e+09
7.855760452109866065e+00 1.468027793922498465e+09
7.887183493918306532e+00 1.418706662989890814e+09
7.918732227893980458e+00 1.452138737530137062e+09
7.950407156805555431e+00 1.473161029338205099e+09
7.982208785432777454e+00 1.473764122215200901e+09
8.014137620574508958e+00 1.409012882877296686e+09
8.046194171056805899e+00 1.398429055627925158e+09
8.078378947741034821e+00 1.393264390017420292e+09
8.110692463531997021e+00 1.456113961045277357e+09
8.143135233386125549e+00 1.374306651587441921e+09
8.175707774319670662e+00 1.357841768441881657e+09
8.208410605416949224e+00 1.352361627632298470e+09
8.241244247838615422e+00 1.332325679630142450e+09
8.274209224829968790e+00 1.365188465948233366e+09
8.307306061729288871e+00 1.353526701058270454e+09
8.340535285976207192e+00 1.332138267155224562e+09
8.373897427120111203e+00 1.275882124319441557e+09
8.407393016828594412e+00 1.312390469193491697e+09
8.441022588895906509e+00 1.314460037171495199e+09
8.474786679251490540e+00 1.297047123043779612e+09
8.508685825968495209e+00 1.245824650391321898e+09
8.542720569272368891e+00 1.274056406799177170e+09
8.576891451549458978e+00 1.275549997047368050e+09
8.611199017355655627e+00 1.246741004754007101e+09
8.645643813425078150e+00 1.192299156611035109e+09
8.680226388678779159e+00 1.224934416287400484e+09
8.714947294233493125e+00 1.223020084522861004e+09
8.749807083410427566e+00 1.197739969622535229e+09
8.784806311744070229e+00 1.153218753641344309e+09
8.819945536991047774e+00 1.165715832754516840e+09
8.855225319139009343e+00 1.169116993572722912e+09
8.890646220415566958e+00 1.156047068987165451e+09
8.926208805297228821e+00 1.111153164322251320e+09
8.961913640518417878e+00 1.086726218197209597e+09
8.997761295080492161e+00 1.110111994821006536e+09
9.033752340260813085e+00 1.104369866799391985e+09
9.069887349621856387e+00 1.064931305278662801e+09
9.106166899020346150e+00 1.068975723863387704e+09
9.142591566616424359e+00 1.048796110306310654e+09
9.179161932882891506e+00 1.046552096838419437e+09
9.215878580614422333e+00 1.011329709976594567e+09
9.252742094936881045e+00 1.033646192666664600e+09
9.289753063316627646e+00 9.942596918469742537e+08
9.326912075569895322e+00 9.880573853926918507e+08
9.364219723872173162e+00 9.948726242144263983e+08
9.401676602767663482e+00 9.744139979035295248e+08
9.439283309178733816e+00 9.696156416396298409e+08
9.477040442415447075e+00 9.438450118633308411e+08
9.514948604185111236e+00 9.444620164762228727e+08
9.553008398601852136e+00 9.290736918887424469e+08
9.591220432196260859e+00 9.344136475739150047e+08
9.629585313925044687e+00 9.210115028738522530e+08
9.668103655180747324e+00 8.921502193905595541e+08
9.706776069801470896e+00 8.972118826135939360e+08
9.745603174080676112e+00 8.882320955951362848e+08
9.784585586776998412e+00 8.829851019430521727e+08
9.823723929124106746e+00 8.752040020775623322e+08
9.863018824840601440e+00 8.577919308268537521e+08
9.902470900139965337e+00 8.500614650758153200e+08
9.942080783740523842e+00 8.412406902518410683e+08
9.981849106875488431e+00 8.419410080836142302e+08
1.002177650330298952e+01 8.317290646880612373e+08
1.006186360931619994e+01 8.088803494314260483e+08
1.010211106375346723e+01 8.098056712777700424e+08
1.014251950800847979e+01 8.046305541571526527e+08
1.018308958604051284e+01 7.974078093571695089e+08
1.022382194438467451e+01 7.892236836451781988e+08
1.026471723216221399e+01 7.775539187347345352e+08
1.030577610109086173e+01 7.657308008798065186e+08
1.034699920549522467e+01 6.582630755360196829e+08
1.038838720231720458e+01 6.509054558170089722e+08
1.042994075112647501e+01 6.780575822693295479e+08
1.047166051413097954e+01 6.844849604909244776e+08
1.051354715618750468e+01 6.785672106729512215e+08
1.055560134481225454e+01 6.912618379576714039e+08
1.059782375019150358e+01 6.911440417424571514e+08
1.064021504519226902e+01 6.820278262212005854e+08
1.068277590537303823e+01 6.586766992961843014e+08
1.072550700899452991e+01 6.056853659646872282e+08
1.076840903703050856e+01 6.085353043166002035e+08
1.081148267317863088e+01 6.287505377695059776e+08
1.085472860387134553e+01 6.412767423882324696e+08
1.089814751828683015e+01 6.353944491739484072e+08
1.094174010835997635e+01 6.256539061594212055e+08
1.098550706879341909e+01 6.231772048601806164e+08
1.102944909706859100e+01 6.142377702426102161e+08
1.107356689345686540e+01 6.239185185648946762e+08
1.111786116103069233e+01 6.148902828179435730e+08
1.116233260567481622e+01 6.141151041537446976e+08
1.120698193609751492e+01 6.008923179946876764e+08
1.125180986384190440e+01 5.820994754722152948e+08
1.129681710329727373e+01 5.934461757025965452e+08
1.134200437171046083e+01 5.869749969907888174e+08
1.138737238919730466e+01 5.782246327520912886e+08
1.143292187875409383e+01 5.759015128056131601e+08
1.147865356626910938e+01 5.621730584779307842e+08
1.152456818053418530e+01 5.433743531032315493e+08
1.157066645325632237e+01 5.497266996621997356e+08
1.161694911906934635e+01 5.458904934878927469e+08
1.166341691554562487e+01 5.372895057193228006e+08
1.171007058320780736e+01 5.125180061223399043e+08
1.175691086554063958e+01 5.220588260445750952e+08
1.180393850900279951e+01 5.090882135243490934e+08
1.185115426303881137e+01 5.132973731191434264e+08
1.189855888009096674e+01 5.093878898721885681e+08
1.194615311561133097e+01 4.996632982640600204e+08
1.199393772807377623e+01 4.850196293388236165e+08
1.204191347898607134e+01 4.891066038476764560e+08
1.209008113290201614e+01 4.646200367004899383e+08
1.213844145743362368e+01 4.779609947377554774e+08
1.218699522326335938e+01 4.749840247178515196e+08
1.223574320415641381e+01 4.585899317438253164e+08
1.228468617697303777e+01 4.531386833389713168e+08
1.233382492168093059e+01 4.531884572812278867e+08
1.238316022136765504e+01 4.292689629015708566e+08
1.243269286225312520e+01 4.381515335467693806e+08
1.248242363370213859e+01 4.401288527038029432e+08
1.253235332823694748e+01 4.215121478998631239e+08
1.258248274154989410e+01 4.185740654425520301e+08
1.263281267251609385e+01 4.226566879808229804e+08
1.268334392320615756e+01 4.085732377362272739e+08
1.273407729889898299e+01 4.029623884582868218e+08
1.278501360809457665e+01 4.072465425841761231e+08
1.283615366252695544e+01 3.922923219079518318e+08
1.288749827717706253e+01 3.944753982509043217e+08
1.293904827028577031e+01 3.903823580164550543e+08
1.299080446336691352e+01 3.858008067973576784e+08
1.304276768122038099e+01 3.707356176218139529e+08
1.309493875194526424e+01 3.774431875100573897e+08
1.314731850695304693e+01 3.674521494013634324e+08
1.319990778098085649e+01 3.667493715797469020e+08
1.325270741210477965e+01 3.577187574972912669e+08
1.330571824175319939e+01 3.499008270647889972e+08
1.335894111472021173e+01 3.489862242710534334e+08
1.341237687917909227e+01 3.386396072339706421e+08
1.346602638669580898e+01 3.364211636627500057e+08
1.351989049224258999e+01 3.405582516899026036e+08
1.357397005421156067e+01 3.320249788233655691e+08
1.362826593442840917e+01 3.284235453040565252e+08
1.368277899816612297e+01 3.237175618041418791e+08
1.373751011415878942e+01 3.190682781832814813e+08
1.379246015461542463e+01 3.178633489339984059e+08
1.384762999523388416e+01 3.141272534431684613e+08
1.390302051521481808e+01 3.110351445479750037e+08
1.395863259727567751e+01 3.084663662424817085e+08
1.401446712766477987e+01 2.980881975271987319e+08
1.407052499617543972e+01 2.967992451066403985e+08
1.412680709616014063e+01 2.940380441104637980e+08
1.418331432454478147e+01 2.820546261461284757e+08
1.424004758184296193e+01 2.841228513879992366e+08
1.429700777217033369e+01 2.850834395011262298e+08
1.435419580325901379e+01 2.737310068003875017e+08
1.441161258647204946e+01 2.702156683390035629e+08
1.446925903681793812e+01 2.656632880697248280e+08
1.452713607296521126e+01 2.622771648850206435e+08
1.458524461725707155e+01 2.666496124546232820e+08
1.464358559572609764e+01 2.616228814003663063e+08
1.470215993810900557e+01 2.579770049386715293e+08
1.476096857786143879e+01 2.572038609974549711e+08
1.482001245217288599e+01 2.511734405277091563e+08
1.487929250198157760e+01 2.400699854325955510e+08
1.493880967198950316e+01 2.402959152828437388e+08
1.499856491067746056e+01 2.404132059732621014e+08
1.505855917032016933e+01 2.370774538859902322e+08
1.511879340700144958e+01 2.368378309300508797e+08
1.517926858062945605e+01 2.271734208487653136e+08
1.523998565495197433e+01 2.316740239194731116e+08
1.530094559757178274e+01 2.277262323666107953e+08
1.536214937996206764e+01 2.212629816174257696e+08
1.542359797748191674e+01 2.168818078208267093e+08
1.548529236939184450e+01 2.149559790006494522e+08
1.554723353886941339e+01 2.053382854474143982e+08
1.560942247302489072e+01 2.048754712332753539e+08
1.567186016291699069e+01 2.086769688651845455e+08
1.573454760356865556e+01 1.931317693884044290e+08
1.579748579398293096e+01 1.958070020701262057e+08
1.586067573715886247e+01 1.965206574636778533e+08
1.592411844010749888e+01 1.924738918459146619e+08
1.598781491386792730e+01 1.813533269692988694e+08
1.605176617352340074e+01 1.903796012625407875e+08
1.611597323821749228e+01 1.824263040923117995e+08
1.618043713117036120e+01 1.874722834389385879e+08
1.624515887969504391e+01 1.754345563789388537e+08
1.631013951521382310e+01 1.772116632721295655e+08
1.637538007327468037e+01 1.763807170815592408e+08
1.644088159356778078e+01 1.763634555760304928e+08
1.650664511994205341e+01 1.716676906208582222e+08
1.657267170042182158e+01 1.699779480554876924e+08
1.663896238722350418e+01 1.556994919518710375e+08
1.670551823677240222e+01 1.632248471056812704e+08
1.677234030971949608e+01 1.692493501774855256e+08
1.683942967095837062e+01 1.643788714577370286e+08
1.690678738964220429e+01 1.573808178494871557e+08
1.697441453920077237e+01 1.543517177157287002e+08
1.704231219735757108e+01 1.611071842442513406e+08
1.711048144614700561e+01 1.422213049901981950e+08
1.717892337193159236e+01 1.527503766479263902e+08
1.724763906541932101e+01 1.436092607707014382e+08
1.731662962168099895e+01 1.456196849605855644e+08
1.738589614016772344e+01 1.299734567571389675e+08
1.745543972472839300e+01 1.462680086978174746e+08
1.752526148362730751e+01 1.400052734472880661e+08
1.759536252956181812e+01 1.419663206792839766e+08
1.766574397968006238e+01 1.386968249418356121e+08
1.773640695559878466e+01 1.317808166409041137e+08
1.780735258342117433e+01 1.328417750409667790e+08
1.787858199375486024e+01 1.354107669230705202e+08
1.795009632172988034e+01 1.232958932816437781e+08
1.802189670701679702e+01 1.285662786163637042e+08
1.809398429384486562e+01 1.288271204289270043e+08
1.816636023102024211e+01 1.111932063615605831e+08
1.823902567194432578e+01 1.237828830738947392e+08
1.831198177463210186e+01 1.261348599212576449e+08
1.838522970173062987e+01 1.195918109712111950e+08
1.845877062053754969e+01 1.205629097912483811e+08
1.853260570301970134e+01 1.082949887867235988e+08
1.860673612583178027e+01 1.052834134470871687e+08
1.868116307033510637e+01 1.110407186896334589e+08
1.875588772261644976e+01 1.087763927346604764e+08
1.883091127350691352e+01 1.169718040151104182e+08
1.890623491860094063e+01 1.120960651434625685e+08
1.898185985827534594e+01 9.859624806021621823e+07
1.905778729770844748e+01 1.097103008785573095e+08
1.913401844689928311e+01 1.077380970038720518e+08
1.921055452068688041e+01 1.013443869279023409e+08
1.928739673876962968e+01 9.587209671686501801e+07
1.936454632572470658e+01 9.608292797629480064e+07
1.944200451102760141e+01 8.221410794489540160e+07
1.951977252907171589e+01 9.797717093567471206e+07
1.959785161918800256e+01 8.741048830888865888e+07
1.967624302566475691e+01 9.194971208485421538e+07
1.991079942767366973e+01 8.766838112778361142e+07
2.030901541622714390e+01 8.102837639153848588e+07
2.071519572455168756e+01 7.872681931310096383e+07
2.112949963904272010e+01 6.917988659593597054e+07
2.155208963182357707e+01 6.520472189896956086e+07
2.198313142446004420e+01 6.216580808178789914e+07
2.242279405294924643e+01 5.552009169159511477e+07
2.287124993400822959e+01 5.516261064797642082e+07
2.332867493268839709e+01 5.348343535101289302e+07
2.379524843134216638e+01 4.310950044807894528e+07
2.427115339996900900e+01 4.770050856243561953e+07
2.475657646796839018e+01 4.171761009660408646e+07
2.525170799732775961e+01 3.481623337894236296e+07
2.575674215727431715e+01 3.692099849747801572e+07
2.627187700041980278e+01 3.384877750749099255e+07
2.679731454042819649e+01 2.803788407189520076e+07
2.733326083123676042e+01 3.102297736370508000e+07
2.787992604786149542e+01 2.599292075534084439e+07
2.843752456881871993e+01 2.132603754047597945e+07
2.900627506019509738e+01 2.340918130733735487e+07
2.958640056139899599e+01 2.111862259909047186e+07
3.017812857262697435e+01 1.982993981484723091e+07
3.078169114407952023e+01 1.651358274642538093e+07
3.139732496696110431e+01 1.745972613233865052e+07
3.202527146630033172e+01 1.596662521270275675e+07
3.266577689562632969e+01 1.434539238520197943e+07
3.331909243353885586e+01 1.246923157136493176e+07
3.398547428220963695e+01 1.353901431685301848e+07
3.466518376785383282e+01 1.086963576243066043e+07
3.535848744321090464e+01 9.754208328327422962e+06
3.606565719207512188e+01 9.437478867916481569e+06
3.678697033591662802e+01 9.087272067381855100e+06
3.752270974263496583e+01 8.215120944806511514e+06
3.827316393748766643e+01 9.034790223094185814e+06
3.903862721623740839e+01 7.141261442505071871e+06
3.981939976056215613e+01 6.370644103526475839e+06
4.061578775577340394e+01 5.668249159629830159e+06
4.142810351088887444e+01 6.596403469456993043e+06
4.225666558110664539e+01 5.668760727738405578e+06
4.310179889272878029e+01 4.596735667725975625e+06
4.396383487058335504e+01 4.476912033204103820e+06
4.484311156799503095e+01 4.211574238994654268e+06
4.573997379935492091e+01 4.039263679811395705e+06
4.665477327534202345e+01 3.325041318613106385e+06
4.758786874084886165e+01 3.504941426574738696e+06
4.853962611566583973e+01 3.418016146892964840e+06
4.951041863797915710e+01 2.783742183843977749e+06
5.050062701073873939e+01 2.561849263342003804e+06
5.151063955095351332e+01 2.330984118068529759e+06
5.254085234197258103e+01 2.725551936635063961e+06
5.359166938881203635e+01 2.329624907331090886e+06
5.466350277658827395e+01 2.190806501380950212e+06
5.575677283212004198e+01 1.756965834120352287e+06
5.687190828876244098e+01 1.601517380419177702e+06
5.800934645453768468e+01 1.637568756242741598e+06
5.916953338362844050e+01 1.562934152888160897e+06
6.035292405130100946e+01 1.411736159193424741e+06
6.155998253232701956e+01 1.478462708974297857e+06
6.279118218297357146e+01 1.106290542405907530e+06
6.404700582663303976e+01 1.023211825364956982e+06
6.532794594316570169e+01 9.591875179709030781e+05
6.663450486202900436e+01 8.747632004196067574e+05
6.796719495926959098e+01 1.011511403992786072e+06
6.932653885845499531e+01 9.411349730475731194e+05
7.071306963562409464e+01 7.589448616150397575e+05
7.212733102833657028e+01 6.235315270435904386e+05
7.356987764890331505e+01 6.707563181426571682e+05
7.504127520188137623e+01 5.693842645058034686e+05
7.654210070591901172e+01 5.938765977404892910e+05
7.807294272003738911e+01 5.205788774570715032e+05
7.963440157443814371e+01 5.076972117240728112e+05
8.122708960592690630e+01 4.213042190090599470e+05
8.285163139804545551e+01 3.879986940134032047e+05
8.450866402600635752e+01 3.673762164461475913e+05
8.619883730652648524e+01 3.922201131829905207e+05
8.792281405265701721e+01 4.450755431480908301e+05
8.968127033371015955e+01 3.402842617849608650e+05
9.147489574038435478e+01 3.333194942336048698e+05
9.330439365519204387e+01 2.637267209524321370e+05
9.517048152829590890e+01 2.248202191271763877e+05
9.707389115886181230e+01 2.692567470386388595e+05
9.901536898203904968e+01 1.912218904870916740e+05
