# Wavelength [um]       Fp [W/m2/m]  
1.000553076518779783e-01 1.757893873938436273e-10
1.004555288824854897e-01 7.142390472869007683e-64
1.008573509980154326e-01 2.132656969391009103e-61
1.012607804020075053e-01 4.802855420051974574e-61
1.016658235236155422e-01 1.830546684489767909e-63
1.020724868177099870e-01 4.280114363555081780e-44
1.024807767649808382e-01 2.061427973312157336e-47
1.028906998720407612e-01 1.254833063381152620e-59
1.033022626715289355e-01 3.850535801012546634e-40
1.037154717222150413e-01 1.902824011505388119e-61
1.041303336091038839e-01 2.391727438219960922e-57
1.045468549435403099e-01 3.951699602780244134e-54
1.049650423633144702e-01 5.338589964233466250e-62
1.053849025327677214e-01 9.445878523917351597e-47
1.058064421428987906e-01 9.906117731733423782e-59
1.062296679114703990e-01 4.528546166686740090e-46
1.066545865831162732e-01 4.453214160577917464e-52
1.070812049294487533e-01 3.611928382964999829e-54
1.075095297491665408e-01 2.023018684810018041e-41
1.079395678681632220e-01 2.976530822299786460e-54
1.083713261396358624e-01 2.259576712935868446e-39
1.088048114441943909e-01 8.459771286379719506e-43
1.092400306899711654e-01 1.323332763785177230e-25
1.096769908127310511e-01 7.935751300872701504e-42
1.101156987759819850e-01 3.065406928315184636e-43
1.105561615710859147e-01 2.432743101304953577e-26
1.109983862173702651e-01 4.309272297150742378e-32
1.114423797622397516e-01 8.102410010480529977e-38
1.118881492812886930e-01 3.316237209298775028e-42
1.123357018784138517e-01 5.785940442441704356e-38
1.127850446859275102e-01 2.259114878651382055e-20
1.132361848646712132e-01 1.781748245854884773e-24
1.136891296041298988e-01 9.907002787179102827e-24
1.141438861225464035e-01 4.433503135562345404e-23
1.146004616670366072e-01 2.687683622399218344e-22
1.150588635137047705e-01 3.798843297591582782e-23
1.155190989677595953e-01 2.421887428746601103e-24
1.159811753636306314e-01 4.505969897358479652e-22
1.164451000650851553e-01 1.081028109639212861e-24
1.169108804653455069e-01 2.770562413125132495e-26
1.173785239872068981e-01 9.329207218629236870e-21
1.178480380831557206e-01 8.938863458263464114e-20
1.183194302354883543e-01 6.309264037390625158e-20
1.187927079564302935e-01 1.361155974002437648e-21
1.192678787882560099e-01 1.849928926560249389e-19
1.197449503034090645e-01 1.110139507802128967e-18
1.202239301046226783e-01 2.489438210365620223e-24
1.207048258250411760e-01 4.045846357038119119e-19
1.211876451283413342e-01 1.070047336867032853e-19
1.216723957088547137e-01 8.919186406337599756e-21
1.221590852916901310e-01 7.010412147603231837e-19
1.226477216328568792e-01 3.022238761607264253e-18
1.231383125193883099e-01 1.568718155247315130e-20
1.236308657694658586e-01 3.008595689303394583e-19
1.241253892325437369e-01 2.144149862019401398e-18
1.246218907894739159e-01 2.984658660193269208e-21
1.251203783526317892e-01 1.773239161900506162e-19
1.256208598660423226e-01 2.446632329514111043e-18
1.261233433055065078e-01 2.829974770148023633e-18
1.266278366787285392e-01 1.905123569659614918e-21
1.271343480254434610e-01 6.033902902227899008e-17
1.276428854175452321e-01 8.179852630024021792e-18
1.281534569592154005e-01 5.734881607503743552e-19
1.286660707870522780e-01 2.027654185312874598e-18
1.291807350702004475e-01 4.030589930148193238e-16
1.296974580104812425e-01 2.331127066984519543e-16
1.302162478425231973e-01 1.147329722864770065e-18
1.307371128338932764e-01 5.773639650926385534e-17
1.312600612852288795e-01 1.866981467336404793e-15
1.317851015303697915e-01 6.378380506116988021e-17
1.323122419364912705e-01 5.298780752833290653e-17
1.328414909042372472e-01 2.779396669507335528e-16
1.333728568678542170e-01 1.783432944562131842e-15
1.339063482953256612e-01 5.582313568390769046e-16
1.344419736885069383e-01 8.971463328907856821e-17
1.349797415832609815e-01 6.461900640945776608e-15
1.355196605495940232e-01 6.591474419474183768e-15
1.360617391917924301e-01 5.539668938050835675e-14
1.366059861485595939e-01 4.302820553102001325e-15
1.371524100931538481e-01 1.753000465060122208e-14
1.377010197335264696e-01 7.242111456687958367e-14
1.382518238124605670e-01 1.124176953092845368e-13
1.388048311077104136e-01 1.647074980059563119e-13
1.393600504321412248e-01 4.184090545507400351e-13
1.399174906338697677e-01 1.670043035122780013e-13
1.404771605964052761e-01 2.556377399307413721e-12
1.410390692387908651e-01 1.354336551264446834e-12
1.416032255157460562e-01 1.052634557020098985e-11
1.421696384178090522e-01 8.145512070345699939e-13
1.427383169714803168e-01 3.124977773537583256e-12
1.433092702393662099e-01 8.234386366575175096e-11
1.438825073203236771e-01 1.098541913136810342e-11
1.444580373496049674e-01 9.763712889887493599e-11
1.450358694990033503e-01 4.643043687755818774e-11
1.456160129769993872e-01 1.717375325322940490e-10
1.461984770289073976e-01 5.723354787251057349e-11
1.467832709370230082e-01 9.668415961660547595e-11
1.473704040207710897e-01 2.599696514762467760e-10
1.479598856368541382e-01 5.234662906103845681e-11
1.485517251794015725e-01 1.612952407333656585e-10
1.491459320801191979e-01 1.783275170906327848e-10
1.497425158084396690e-01 1.043051003496152803e-10
1.503414858716734248e-01 1.669158187697133316e-10
1.509428518151600951e-01 1.477956380259944078e-10
1.515466232224207677e-01 4.829229381946748385e-11
1.521528097153104220e-01 1.312242663378290997e-10
1.527614209541716672e-01 7.971010913732000160e-11
1.533724666379883694e-01 9.632154761683645831e-11
1.539859565045403056e-01 1.985902525721698247e-10
1.546019003305584838e-01 2.387235063303114798e-11
1.552203079318807133e-01 5.468100600410922445e-11
1.558411891636082569e-01 6.540733777979505836e-11
1.564645539202626778e-01 4.406480434909832496e-11
1.570904121359437411e-01 1.248376829788776254e-10
1.577187737844875093e-01 9.450292486792447087e-11
1.583496488796254653e-01 1.319080242847988890e-10
1.589830474751439959e-01 1.867731624904849334e-10
1.596189796650445414e-01 1.265930627013201929e-10
1.602574555837047166e-01 1.723035469145731560e-10
1.608984854060395708e-01 2.364372076647686720e-10
1.615420793476636807e-01 2.277758502068326956e-10
1.621882476650543525e-01 2.767791913175217611e-10
1.628370006557145755e-01 2.469105222926558362e-10
1.634883486583374457e-01 3.825613847679101159e-10
1.641423020529707844e-01 5.794805793028107664e-10
1.647988712611826723e-01 7.076261790016858599e-10
1.654580667462274002e-01 6.656918990658627521e-10
1.661198990132123077e-01 1.340643803776816107e-09
1.667843786092651215e-01 1.565198568850671387e-09
1.674515161237022098e-01 2.452158120502862780e-09
1.681213221881969755e-01 4.310118980714634012e-09
1.687938074769497754e-01 3.968536933192849958e-09
1.694689827068575905e-01 1.187808934873779360e-08
1.701468586376850278e-01 1.035829683541821234e-08
1.708274460722357391e-01 1.011957801346724494e-08
1.715107558565246715e-01 1.909652101755608964e-08
1.721967988799507909e-01 1.887537848879594960e-08
1.728855860754705820e-01 3.372039597995437704e-08
1.735771284197724640e-01 2.686533287907472065e-08
1.742714369334515678e-01 2.666904396097453149e-08
1.749685226811853456e-01 4.096111147268967200e-08
1.756683967719100681e-01 4.918921547511708250e-08
1.763710703589977391e-01 1.269895441769033748e-07
1.770765546404337309e-01 1.648138316003232509e-07
1.777848608589954471e-01 8.276703025003599208e-08
1.784960003024314568e-01 2.809679128813807720e-07
1.792099843036411844e-01 2.433444144600371244e-07
1.799268242408557650e-01 2.816957802560406223e-07
1.806465315378191772e-01 5.796042996321966515e-07
1.813691176639704306e-01 2.354954085534192759e-07
1.820945941346263086e-01 3.567452526007055457e-07
1.828229725111648329e-01 2.059294614895493840e-07
1.835542644012094771e-01 2.931130187540457742e-07
1.842884814588143239e-01 1.015289769760113487e-06
1.850256353846495561e-01 2.171452090106884907e-06
1.857657379261881403e-01 9.518661321424422591e-07
1.865088008778928996e-01 3.361212538151911608e-06
1.872548360814044743e-01 3.010988770324748385e-06
1.880038554257300876e-01 1.673467211162344780e-06
1.887558708474330049e-01 6.391907945029555597e-06
1.895108943308226879e-01 4.668345810003914773e-06
1.902689379081460019e-01 3.638379774306800284e-06
1.910300136597785636e-01 1.380818375247993281e-05
1.917941337144176972e-01 8.455802815877115476e-06
1.925613102492753359e-01 1.166721494254661076e-05
1.933315554902724498e-01 2.531824360799516928e-05
1.941048817122335568e-01 2.165885398373291971e-05
1.948813012390824828e-01 2.148864164455985008e-05
1.956608264440388156e-01 4.745965922070340294e-05
1.964434697498149418e-01 2.853057232907871811e-05
1.972292436288141937e-01 4.028365310760455162e-05
1.980181606033294406e-01 6.768509969224167152e-05
1.988102332457427346e-01 5.534256032579850911e-05
1.996054741787257336e-01 5.049224123646028201e-05
2.004038960754406518e-01 6.518146033338925748e-05
2.012055116597424309e-01 5.733196564974623807e-05
2.020103337063813842e-01 3.721021316839953554e-05
2.028183750412069219e-01 3.388094000952085927e-05
2.036296485413717494e-01 7.680591789383172340e-05
2.044441671355372303e-01 1.012349693838854461e-04
2.052619438040793887e-01 1.599282882107096290e-04
2.060829915792957157e-01 1.783462519174052743e-04
2.069073235456129201e-01 2.022914209996294502e-04
2.077349528397953449e-01 2.370391875108419553e-04
2.085658926511545219e-01 3.055063798761557445e-04
2.094001562217591150e-01 3.524788947872664526e-04
2.102377568466461677e-01 3.907758031685859448e-04
2.110787078740327671e-01 3.767561569853937692e-04
2.119230227055288740e-01 5.155471926130841083e-04
2.127707147963510126e-01 6.128355498303395118e-04
2.136217976555363773e-01 7.592102790831995471e-04
2.144762848461585492e-01 6.203617487850196033e-04
2.153341899855431840e-01 9.514710610031412979e-04
2.161955267454853669e-01 1.275829725000641795e-03
2.170603088524672986e-01 1.535238429441446346e-03
2.179285500878772042e-01 1.347040459462745931e-03
2.188002642882286852e-01 1.593653826813651395e-03
2.196754653453815986e-01 2.515764375633060008e-03
2.205541672067631020e-01 2.477996317311436780e-03
2.214363838755901703e-01 4.755219448199516329e-03
2.223221294110925284e-01 3.039014271415512933e-03
2.232114179287369160e-01 8.307182729158120796e-03
2.241042636004518529e-01 5.907379726921459587e-03
2.250006806548536520e-01 1.450367918686916099e-02
2.259006833774730438e-01 9.430105880364502910e-03
2.268042861109829667e-01 1.410651043373733690e-02
2.277115032554268836e-01 1.733858380549901934e-02
2.286223492684485714e-01 1.990406078446038327e-02
2.295368386655223802e-01 4.439077766565274058e-02
2.304549860201844658e-01 1.547520505985093206e-02
2.313768059642651864e-01 4.631922586472062703e-02
2.323023131881222503e-01 4.232729969134861603e-02
2.332315224408747223e-01 7.886306282117769295e-02
2.341644485306381973e-01 9.600716084632615610e-02
2.351011063247607502e-01 4.011409887122290713e-02
2.360415107500598020e-01 1.207462272148113330e-01
2.369856767930600405e-01 4.873246228949313502e-02
2.379336195002322851e-01 1.691668177045137500e-01
2.388853539782332114e-01 1.431557472074935777e-01
2.398408953941461863e-01 3.494554652749798929e-01
2.408002589757227141e-01 4.191892640716514129e-01
2.417634600116256582e-01 1.860889533572758492e-01
2.427305138516721306e-01 6.447596615725424973e-01
2.437014359070788505e-01 5.736515734227125574e-01
2.446762416507071713e-01 1.427308845728290976e+00
2.456549466173099938e-01 8.099315890738020274e-01
2.466375664037792625e-01 1.233506580213434400e+00
2.476241166693943785e-01 1.736241402871110173e+00
2.486146131360719436e-01 6.029749992551121096e-01
2.496090715886161993e-01 1.635532597662670673e+00
2.506075078749706586e-01 1.362236957591285380e+00
2.516099379064705155e-01 2.033464836415915133e+00
2.526163776580964138e-01 4.354672078850919448e+00
2.536268431687287994e-01 6.711974734515429475e+00
2.546413505414037437e-01 8.396764851066118140e+00
2.556599159435693491e-01 5.129041918739521755e+00
2.566825556073435988e-01 4.203251450426496838e+00
2.577092858297729827e-01 5.396833470074891892e+00
2.587401229730920682e-01 4.500694623015810691e+00
2.597750834649844576e-01 7.521253193337340548e+00
2.608141837988444123e-01 8.049744404772869899e+00
2.618574405340398092e-01 1.187291901289931673e+01
2.629048702961759298e-01 1.644503377956986157e+01
2.639564897773606367e-01 1.557973626251386179e+01
2.650123157364701054e-01 1.525381521896207992e+01
2.660723649994159445e-01 1.576785828849491722e+01
2.671366544594135917e-01 1.481158183197237044e+01
2.682052010772512096e-01 1.988494113326706270e+01
2.692780218815602478e-01 1.963482587505207988e+01
2.703551339690865030e-01 2.400240993226158537e+01
2.714365545049627904e-01 2.554590274921926607e+01
2.725223007229827243e-01 2.561762300394083169e+01
2.736123899258746106e-01 2.576164622297364915e+01
2.747068394855781692e-01 2.697218510791807944e+01
2.758056668435204806e-01 2.608210325685508479e+01
2.769088895108945403e-01 2.663763672516352798e+01
2.780165250689380918e-01 2.581783528675622108e+01
2.791285911692138466e-01 2.571239441681018079e+01
2.802451055338907038e-01 2.497903179456315215e+01
2.813660859560263017e-01 2.457411211478977719e+01
2.824915502998503469e-01 2.476622907307471877e+01
2.836215165010497197e-01 2.586863747405209679e+01
2.847560025670539119e-01 2.765460247969297214e+01
2.858950265773221866e-01 3.240705231882972726e+01
2.870386066836315142e-01 3.892280393214012690e+01
2.881867611103660631e-01 4.841932497741503028e+01
2.893395081548075787e-01 6.172638106348421871e+01
2.904968661874267610e-01 7.979132129897044479e+01
2.916588536521764197e-01 1.037798908801063646e+02
2.928254890667851273e-01 1.349749597414263462e+02
2.939967910230522619e-01 1.749248211885389708e+02
2.951727781871444911e-01 2.256007571020265345e+02
2.963534692998930908e-01 2.886143758807828590e+02
2.975388831770926501e-01 3.674291027611714071e+02
2.987290387098009981e-01 4.643838283699162730e+02
2.999239548646402409e-01 5.811800748495129483e+02
3.011236506840988536e-01 7.257308813294542915e+02
3.023281452868351593e-01 8.841501987336389448e+02
3.035374578679824742e-01 1.041474284561444392e+03
3.047516076994544187e-01 1.349378647373627928e+03
3.059706141302522830e-01 1.643265546772069911e+03
3.071944965867733357e-01 1.996151379827632582e+03
3.084232745731204095e-01 2.407161951872456939e+03
3.096569676714128194e-01 2.702954510466412103e+03
3.108955955420985018e-01 3.223466221088014663e+03
3.121391779242668751e-01 4.115082537032183609e+03
3.133877346359639215e-01 4.886680438044279981e+03
3.146412855745078230e-01 5.781013102533285746e+03
3.158998507168058190e-01 6.813700538169165156e+03
3.171634501196730627e-01 8.011969206705660326e+03
3.184321039201517545e-01 9.365332900304381837e+03
3.197058323358323295e-01 1.090519890453162043e+04
3.209846556651756444e-01 1.253814369773041290e+04
3.222685942878363852e-01 1.194859249960848138e+04
3.235576686649877520e-01 1.704529935753206883e+04
3.248518993396476984e-01 1.967348388587154113e+04
3.261513069370062801e-01 2.221697102534403530e+04
3.274559121647543369e-01 2.386411312833115517e+04
3.287657358134133401e-01 1.914073014501645594e+04
3.300807987566670154e-01 1.806944297559838560e+03
3.314011219516936890e-01 1.440547744171273735e+04
3.327267264395004642e-01 3.933896334345644573e+04
3.340576333452584534e-01 5.180004433150147088e+04
3.353938638786395088e-01 6.179802288536384731e+04
3.367354393341540630e-01 7.184256547443436284e+04
3.380823810914907468e-01 8.290653668934336747e+04
3.394347106158566718e-01 1.000974574221516086e+05
3.407924494583201014e-01 1.131184672370301996e+05
3.421556192561533982e-01 1.231920425027990423e+05
3.435242417331779707e-01 1.226770646171296976e+05
3.448983387001106626e-01 9.633775177260549390e+04
3.462779320549111417e-01 1.636613228240153694e+05
3.476630437831307319e-01 1.815931033610374434e+05
3.490536959582632992e-01 2.043767524647360260e+05
3.504499107420963600e-01 2.622317385173262446e+05
3.518517103850647421e-01 2.986246798431641073e+05
3.532591172266050239e-01 3.596515786001964589e+05
3.546721536955114717e-01 4.603449128312317771e+05
3.560908423102934761e-01 4.396509359994162805e+05
3.575152056795346533e-01 4.418102546399402781e+05
3.589452665022527800e-01 5.687513402210734785e+05
3.603810475682617254e-01 6.902222592932394473e+05
3.618225717585348278e-01 7.328805435100909090e+05
3.632698620455689364e-01 7.409391902631939156e+05
3.647229414937512293e-01 7.691007417646998074e+05
3.661818332597261971e-01 9.879917652785538230e+05
3.676465605927651259e-01 9.119341980762106832e+05
3.691171468351361895e-01 1.029736387508463115e+06
3.705936154224767076e-01 1.003359932827010867e+06
3.720759898841666247e-01 1.031835668990881531e+06
3.735642938437032656e-01 1.149927496681554476e+06
3.750585510190780902e-01 1.288942691937653581e+06
3.765587852231543908e-01 1.659440033605220495e+06
3.780650203640470441e-01 2.207581793254487216e+06
3.795772804455032068e-01 2.276813820189586841e+06
3.810955895672852312e-01 2.491990833092445042e+06
3.826199719255543585e-01 2.143507936089936178e+06
3.841504518132565771e-01 2.597351217277464923e+06
3.856870536205096456e-01 2.403177038518369664e+06
3.872298018349916715e-01 2.804839233305721544e+06
3.887787210423316320e-01 2.972985132939468604e+06
3.903338359265008939e-01 3.417911516384176910e+06
3.918951712702069545e-01 3.830864644842564594e+06
3.934627519552877928e-01 4.624292690961474553e+06
3.950366029631089404e-01 6.254567953334754333e+06
3.966167493749613859e-01 8.417422200042340904e+06
3.982032163724612550e-01 9.067164166572125629e+06
3.997960292379510450e-01 1.003785696633731201e+07
4.013952133549028578e-01 1.318489840687351674e+07
4.030007942083224659e-01 1.488734147284043580e+07
4.046127973851557647e-01 4.470348941199373454e+06
4.062312485746963908e-01 1.659576581315383315e+07
4.078561735689951728e-01 1.943058579785751179e+07
4.094875982632711353e-01 2.348194831646978855e+07
4.111255486563242245e-01 2.660111494219763577e+07
4.127700508509495880e-01 2.855955379314259440e+07
4.144211310543532978e-01 3.113519021391636878e+07
4.160788155785707931e-01 3.662558985140109062e+07
4.177431308408850463e-01 3.642346249280320853e+07
4.194141033642486138e-01 3.743641618023336679e+07
4.210917597777056320e-01 2.603077889335048944e+07
4.227761268168164221e-01 1.893905601567727700e+07
4.244672313240837602e-01 2.948180389114495367e+07
4.261651002493800910e-01 3.001567828254250810e+07
4.278697606503775730e-01 4.076963153255057335e+07
4.295812396929790666e-01 4.432199878048733622e+07
4.312995646517510107e-01 5.931361845248688012e+07
4.330247629103580187e-01 6.776548759862655401e+07
4.347568619619994745e-01 7.716931976782573760e+07
4.364958894098474596e-01 5.953275378234841675e+07
4.382418729674867897e-01 5.469406080499183387e+07
4.399948404593567730e-01 8.763748719507555664e+07
4.417548198211941890e-01 9.243881485673204064e+07
4.435218391004789873e-01 8.081163440274575353e+07
4.452959264568808750e-01 1.020553990513450354e+08
4.470771101627084021e-01 9.333678766233812273e+07
4.488654186033592119e-01 1.063692198411274105e+08
4.506608802777726241e-01 1.400887540551810563e+08
4.524635237988837710e-01 1.401898739892246723e+08
4.542733778940792333e-01 1.514964620163723230e+08
4.560904714056555065e-01 1.483953185897583663e+08
4.579148332912781894e-01 1.479213801832675934e+08
4.597464926244433370e-01 1.403040707915936708e+08
4.615854785949410899e-01 1.965538878418454826e+08
4.634318205093208576e-01 1.598350918682534099e+08
4.652855477913582227e-01 1.852876428087999225e+08
4.671466899825236219e-01 1.913746636774163246e+08
4.690152767424536906e-01 2.220243535301313698e+08
4.708913378494234969e-01 2.898028687973203063e+08
4.727749032008212171e-01 2.814767707208901048e+08
4.746660028136244769e-01 3.330930341573964357e+08
4.765646668248789131e-01 2.264781952715397775e+08
4.784709254921784560e-01 1.622888162874664664e+08
4.803848091941470555e-01 1.647834262002524436e+08
4.823063484309236815e-01 1.938998362798932791e+08
4.842355738246474361e-01 2.583805517476009130e+08
4.861725161199459966e-01 2.809321879704681635e+08
4.881172061844257226e-01 3.605136510626059175e+08
4.900696750091634302e-01 3.875435754225669503e+08
4.920299537092001074e-01 4.487846702742532492e+08
4.939980735240369625e-01 4.799079456603936553e+08
4.959740658181330253e-01 2.902641095794331431e+08
4.979579620814056362e-01 2.386441956409283876e+08
4.999497939297311566e-01 2.235538105179507434e+08
5.019495931054501758e-01 1.905883093914715350e+08
5.039573914778719965e-01 1.973050087261953652e+08
5.059732210437835054e-01 1.811059226458753049e+08
5.079971139279585435e-01 1.810914127683950663e+08
5.100291023836703852e-01 1.527779626549487710e+08
5.120692187932051054e-01 1.147214829310522228e+08
5.141174956683780550e-01 8.222092713079963624e+07
5.161739656510514473e-01 6.353695351837299764e+07
5.182386615136556074e-01 6.211997405826389790e+07
5.203116161597103329e-01 7.703199713534878194e+07
5.223928626243490303e-01 1.779146490542191863e+08
5.244824340748465152e-01 1.831683100586580336e+08
5.265803638111459239e-01 1.747392957565109432e+08
5.286866852663905103e-01 1.815041863295846879e+08
5.308014320074561088e-01 1.763593862890532911e+08
5.329246377354859288e-01 1.600467919678014815e+08
5.350563362864277916e-01 1.559619807721788585e+08
5.371965616315735881e-01 1.423816761566026211e+08
5.393453478780998456e-01 1.344015191483540237e+08
5.415027292696121819e-01 1.243783805720279515e+08
5.436687401866906466e-01 1.134510841737452149e+08
5.458434151474373941e-01 1.008199373490192890e+08
5.480267888080271321e-01 9.067388338689634204e+07
5.502188959632591247e-01 8.326036192953835428e+07
5.524197715471121928e-01 7.523742397506952286e+07
5.546294506333006025e-01 6.676644281209255755e+07
5.568479684358338400e-01 5.856508237639267743e+07
5.590753603095770519e-01 5.085415950704559684e+07
5.613116617508153716e-01 4.306001628097216785e+07
5.635569083978186899e-01 3.661532940500684083e+07
5.658111360314097560e-01 2.961138963932881504e+07
5.680743805755354980e-01 2.351235267258744687e+07
5.703466780978375672e-01 1.802966441508011892e+07
5.726280648102289872e-01 1.336120766797361337e+07
5.749185770694699160e-01 9.351648848479392007e+06
5.772182513777477375e-01 6.123041416204773821e+06
5.795271243832587071e-01 3.663091787180971354e+06
5.818452328807918184e-01 1.950739695429176325e+06
5.841726138123150003e-01 8.943350268872532761e+05
5.865093042675643131e-01 1.526376407738889393e+05
5.888553414846344758e-01 7.842279492570627326e+02
5.912107628505729462e-01 2.906031600084880120e+04
5.935756059019753339e-01 7.002576274362419499e+05
5.959499083255832552e-01 2.750450627854921389e+06
5.983337079588855190e-01 6.810656411654087715e+06
6.007270427907210886e-01 1.443981545083826035e+07
6.031299509618840426e-01 2.792053843573069572e+07
6.055424707657315331e-01 4.798483291254463047e+07
6.079646406487945187e-01 7.618430499622593820e+07
6.103964992113897203e-01 1.151844638880692124e+08
6.128380852082353503e-01 1.678662340611997545e+08
6.152894375490681744e-01 2.336098557231854498e+08
6.177505952992645710e-01 3.063500915651077032e+08
6.202215976804615893e-01 3.943499205163172483e+08
6.227024840711834486e-01 4.935101307666668892e+08
6.251932940074681477e-01 6.172953273180932999e+08
6.276940671834980723e-01 7.625141659979290962e+08
6.302048434522321552e-01 9.390504987746597528e+08
6.327256628260409244e-01 1.148361342353870630e+09
6.352565654773452142e-01 1.373015090834015131e+09
6.377975917392545435e-01 1.599766284740852356e+09
6.403487821062116003e-01 1.904003471421468735e+09
6.429101772346363930e-01 2.105437602871469975e+09
6.454818179435749537e-01 2.468745435303416729e+09
6.480637452153492628e-01 2.827899014732738495e+09
6.506560001962106154e-01 3.229190056876170635e+09
6.532586241969955410e-01 3.790868056875058651e+09
6.558716586937833881e-01 3.795809645535411835e+09
6.584951453285585732e-01 3.982255543881434441e+09
6.611291259098727169e-01 4.191067541945032120e+09
6.637736424135122215e-01 4.330002403660072327e+09
6.664287369831662922e-01 4.304949945207427979e+09
6.690944519310989547e-01 4.451150348669210434e+09
6.717708297388232941e-01 4.694889523548221588e+09
6.744579130577786907e-01 4.957678592879444122e+09
6.771557447100098326e-01 5.552292547546673775e+09
6.798643676888498355e-01 5.689476410079144478e+09
6.825838251596052508e-01 6.370036183692513466e+09
6.853141604602436265e-01 6.872424834690982819e+09
6.880554171020846210e-01 7.384291345336676598e+09
6.908076387704928933e-01 7.902638240581599236e+09
6.935708693255748791e-01 8.168491709072525978e+09
6.963451528028771209e-01 9.193699202952320099e+09
6.991305334140887062e-01 9.794536936983604431e+09
7.019270555477450380e-01 1.032644024488647842e+10
7.047347637699360456e-01 1.009322929379204750e+10
7.075537028250157290e-01 7.324055013067276955e+09
7.103839176363159202e-01 6.938805238554092407e+09
7.132254533068611568e-01 7.082365049714474678e+09
7.160783551200886610e-01 7.314065600817694664e+09
7.189426685405689854e-01 8.164812319739925385e+09
7.218184392147313222e-01 8.461275552757940292e+09
7.247057129715901436e-01 9.677783776433515549e+09
7.276045358234763949e-01 1.061389620378361511e+10
7.305149539667704639e-01 1.172667313310036278e+10
7.334370137826373703e-01 1.233384001723911285e+10
7.363707618377679509e-01 1.223226891431474876e+10
7.393162448851190449e-01 1.170735209552020073e+10
7.422735098646596752e-01 1.095461434106507111e+10
7.452426039041182282e-01 9.975924820983177185e+09
7.482235743197346300e-01 9.043865207179908752e+09
7.512164686170136330e-01 7.793131905821773529e+09
7.542213344914817652e-01 6.671230095967236519e+09
7.572382198294477229e-01 5.403023313618125916e+09
7.602671727087656484e-01 3.536432303030510902e+09
7.633082413996006288e-01 1.094184088135490417e+09
7.663614743651989691e-01 2.142262092069221660e+07
7.694269202626597970e-01 2.981898730024374276e+07
7.725046279437104424e-01 5.407809053830240965e+08
7.755946464554852593e-01 2.204115043675130844e+09
7.786970250413072225e-01 4.873317470824782372e+09
7.818118131414724115e-01 7.443188175933578491e+09
7.849390603940383793e-01 9.465020264589002609e+09
7.880788166356144098e-01 1.183485999390652466e+10
7.912311319021569922e-01 1.400772521987578201e+10
7.943960564297655180e-01 1.703880229073009682e+10
7.975736406554845281e-01 1.990966210867115784e+10
8.007639352181065151e-01 2.382893127845416260e+10
8.039669909589789443e-01 2.722990863243800354e+10
8.071828589228148276e-01 3.098458894813087845e+10
8.104115903585061842e-01 3.454639997341353607e+10
8.136532367199402760e-01 3.898627683680181885e+10
8.169078496668199518e-01 4.191875690143809509e+10
8.201754810654874328e-01 3.771386753170411682e+10
8.234561829897493190e-01 4.330153688868690491e+10
8.267500077217083687e-01 4.681133678765372467e+10
8.300570077525952772e-01 4.571719722620087433e+10
8.333772357836056743e-01 5.096754400177745056e+10
8.367107447267401188e-01 5.270702618344019318e+10
8.400575877056470908e-01 5.581972800781998444e+10
8.434178180564695371e-01 4.929475743882447815e+10
8.467914893286955236e-01 3.633295546230612946e+10
8.501786552860102208e-01 4.237692794131999207e+10
8.535793699071543283e-01 4.715403182349230957e+10
8.569936873867830540e-01 5.602540060585483551e+10
8.604216621363300899e-01 5.965367209223785400e+10
8.638633487848753623e-01 4.274201926541178131e+10
8.673188021800150027e-01 5.856006391095211029e+10
8.707880773887352044e-01 4.345630698921028137e+10
8.742712296982900755e-01 4.862624284623708344e+10
8.777683146170831563e-01 6.001323932865602112e+10
8.812793878755513788e-01 6.342049449886238098e+10
8.848045054270535781e-01 7.270066753792752075e+10
8.883437234487617795e-01 5.162763236483325195e+10
8.918970983425568155e-01 6.556571640742433167e+10
8.954646867359271623e-01 6.670405221578836823e+10
8.990465454828707736e-01 7.784570485526676941e+10
9.026427316648023558e-01 7.809077492108558655e+10
9.062533025914615292e-01 7.973818739610101318e+10
9.098783158018273198e-01 9.218647288264993286e+10
9.135178290650346478e-01 9.707239842895562744e+10
9.171719003812948134e-01 1.056018862251892242e+11
9.208405879828199803e-01 1.132527901204521484e+11
9.245239503347512100e-01 1.111946575817315216e+11
9.282220461360901620e-01 9.733464404858686829e+10
9.319349343206346781e-01 9.716305953270013428e+10
9.356626740579171431e-01 1.037404460401412354e+11
9.394053247541488405e-01 1.117597560238936920e+11
9.431629460531654185e-01 1.186658327641043549e+11
9.469355978373780180e-01 1.261761476897135315e+11
9.507233402287275092e-01 1.283164578218085480e+11
9.545262335896426142e-01 1.341587836699951324e+11
9.583443385240012491e-01 1.318797111186169586e+11
9.621777158780971950e-01 1.304316277656914978e+11
9.660264267416096562e-01 1.327940353692506256e+11
9.698905324485760371e-01 1.389811094343025513e+11
9.737700945783701600e-01 1.296751574359290161e+11
9.776651749566835914e-01 1.312132351958651886e+11
9.815758356565105203e-01 1.383303937713685608e+11
9.855021389991363012e-01 1.366566200831559143e+11
9.894441475551331022e-01 1.171609899628851166e+11
9.934019241453534432e-01 7.288020328620254517e+10
9.973755318419349480e-01 8.099001403256210327e+10
1.001365033969302543e+00 8.028176340066096497e+10
1.005370494105179757e+00 8.173022419381620789e+10
1.009391976081600362e+00 9.522450997083218384e+10
1.013429543985926884e+00 9.713915275261506653e+10
1.017483262161870350e+00 1.013020743029000702e+11
1.021553195210518128e+00 1.060777912167559814e+11
1.025639407991360219e+00 1.068361708709890442e+11
1.029741965623325539e+00 1.036596402461379089e+11
1.033860933485818867e+00 1.052626772772024841e+11
1.037996377219762012e+00 1.215298310426352386e+11
1.042148362728641198e+00 1.213060319554798126e+11
1.046316956179555557e+00 1.323773369512341614e+11
1.050502224004274066e+00 1.306355237569108124e+11
1.054704232900291139e+00 1.420478695904471130e+11
1.058923049831892227e+00 1.423259784827953186e+11
1.063158742031219628e+00 1.428416687027365417e+11
1.067411376999344741e+00 1.392219002246540527e+11
1.071681022507342096e+00 1.418698591536084900e+11
1.075967746597371377e+00 1.515345185895800476e+11
1.080271617583760779e+00 1.528798764363902283e+11
1.084592704054095913e+00 1.585650346664697876e+11
1.088931074870312044e+00 1.594585801779705200e+11
1.093286799169793433e+00 1.526845442942480164e+11
1.097659946366472461e+00 1.452090750881298523e+11
1.102050586151938294e+00 1.406891992392958679e+11
1.106458788496546219e+00 1.304046402235889740e+11
1.110884623650532532e+00 1.231176450993226776e+11
1.115328162145134749e+00 1.189350374714986115e+11
1.119789474793714934e+00 1.267791982851058502e+11
1.124268632692889902e+00 1.335275823207248383e+11
1.128765707223661430e+00 1.414273555503670349e+11
1.133280770052556230e+00 1.141713505632899017e+11
1.137813893132766374e+00 1.317615589880619354e+11
1.142365148705297484e+00 1.348379445627316437e+11
1.146934609300118479e+00 1.469416232141898804e+11
1.151522347737319096e+00 1.446056553889925232e+11
1.156128437128268516e+00 1.423853750470730896e+11
1.160752950876781542e+00 1.420191727261587524e+11
1.165395962680288999e+00 1.443570176420424805e+11
1.170057546531009907e+00 1.318174866741092834e+11
1.174737776717134086e+00 1.376972267637648621e+11
1.179436727824002773e+00 1.261390083191878967e+11
1.184154474735298557e+00 1.521394120409866028e+11
1.188891092634239977e+00 1.632457612136895447e+11
1.193646657004777012e+00 1.640641830567171021e+11
1.198421243632796118e+00 1.534881848831993103e+11
1.203214928607327261e+00 1.577093905439918213e+11
1.208027788321756724e+00 1.704498399116117554e+11
1.212859899475043468e+00 1.665970640724170532e+11
1.217711339072943710e+00 1.757494199995746765e+11
1.222582184429235275e+00 1.734024505346931152e+11
1.227472513166952384e+00 1.831113552757339783e+11
1.232382403219620226e+00 1.827642275513376770e+11
1.237311932832498407e+00 1.836662671390826111e+11
1.242261180563828615e+00 1.668036110128377991e+11
1.247230225286083849e+00 1.879309988687426453e+11
1.252219146187228072e+00 1.737111512157911377e+11
1.257228022771976983e+00 1.931012852435164490e+11
1.262256934863064783e+00 1.945453061354456787e+11
1.267305962602517155e+00 2.022220241734720154e+11
1.272375186452927354e+00 2.012185695168892517e+11
1.277464687198738957e+00 2.029201096454780579e+11
1.282574545947533950e+00 2.035789000472704163e+11
1.287704844131324133e+00 1.967973812475312500e+11
1.292855663507849417e+00 1.964769668950227661e+11
1.298027086161880783e+00 1.989889853119615173e+11
1.303219194506528344e+00 2.016620137302757568e+11
1.308432071284554521e+00 1.996923498375033264e+11
1.313665799569692760e+00 1.998374512977943420e+11
1.318920462767971591e+00 1.985118517683787842e+11
1.324196144619043336e+00 1.855487917976427002e+11
1.329492929197519491e+00 1.591754168665758972e+11
1.334810900914309650e+00 8.991418792180548096e+10
1.340150144517967101e+00 6.247550039305506134e+10
1.345510745096038852e+00 5.150481766528614807e+10
1.350892788076423212e+00 4.690547893424422455e+10
1.356296359228728932e+00 3.628440869615413666e+10
1.361721544665643879e+00 4.490626131482868958e+10
1.367168430844306393e+00 5.399841793303606415e+10
1.372637104567683730e+00 5.119220022245981598e+10
1.378127652985954299e+00 6.518381389389520264e+10
1.383640163597898098e+00 5.512305594854785919e+10
1.389174724252289828e+00 5.688830155708139801e+10
1.394731423149298877e+00 4.913767448800480652e+10
1.400310348841896202e+00 4.796282756324150085e+10
1.405911590237263642e+00 5.167929459371986389e+10
1.411535236598212784e+00 4.173408289421595764e+10
1.417181377544605603e+00 4.353226718566249847e+10
1.422850103054784210e+00 4.352302691078530121e+10
1.428541503467003038e+00 4.805564398976331329e+10
1.434255669480871243e+00 4.567878457724716187e+10
1.439992692158794885e+00 4.934374940406262970e+10
1.445752662927429988e+00 5.590485243642290497e+10
1.451535673579139596e+00 6.354426672262387085e+10
1.457341816273456159e+00 7.146236583577142334e+10
1.463171183538549913e+00 6.773046633765301514e+10
1.469023868272704147e+00 6.635649607761867523e+10
1.474899963745795128e+00 7.256135119835176086e+10
1.480799563600778246e+00 7.630204684233111572e+10
1.486722761855181485e+00 7.697019832443403625e+10
1.492669652902602007e+00 8.037372586576754761e+10
1.498640331514212276e+00 8.358807717233471680e+10
1.504634892840269300e+00 8.579588512385810852e+10
1.510653432411630304e+00 8.786799360867236328e+10
1.516696046141276843e+00 9.212215571360986328e+10
1.522762830325842032e+00 9.582308051166133118e+10
1.528853881647145307e+00 9.775876601081231689e+10
1.534969297173733649e+00 9.851209142951005554e+10
1.541109174362428780e+00 1.002798902789782257e+11
1.547273611059878373e+00 1.035635607664190216e+11
1.553462705504118135e+00 1.023183599618927917e+11
1.559676556326134556e+00 1.022794888099010773e+11
1.565915262551438980e+00 1.017019263441291656e+11
1.572178923601644795e+00 1.006807873979094086e+11
1.578467639296051495e+00 9.933898524042572021e+10
1.584781509853235626e+00 9.802425861177052307e+10
1.591120635892648405e+00 9.547631838610913086e+10
1.597485118436219098e+00 9.310205381098454285e+10
1.603875058909963958e+00 9.008170709859017944e+10
1.610290559145603595e+00 8.651842009852236938e+10
1.616731721382186127e+00 8.305878338873229980e+10
1.623198648267714761e+00 7.954904349802362061e+10
1.629691442860785600e+00 7.671625921650743103e+10
1.636210208632228769e+00 7.458511297599505615e+10
1.642755049466757766e+00 7.275527199213517761e+10
1.649326069664624805e+00 7.126607714021978760e+10
1.655923373943283039e+00 6.884656799699777222e+10
1.662547067439056336e+00 6.652403515180553436e+10
1.669197255708812611e+00 6.112920462451396942e+10
1.675874044731648027e+00 6.084241955953440857e+10
1.682577540910574321e+00 6.007212924115271759e+10
1.689307851074216771e+00 5.745496294131469727e+10
1.696065082478513508e+00 5.521827381081491852e+10
1.702849342808427480e+00 5.356992336594790649e+10
1.709660740179661298e+00 5.220219517589524078e+10
1.716499383140379864e+00 4.940725045862751007e+10
1.723365380672941427e+00 4.749653183451538086e+10
1.730258842195633306e+00 4.475865333076788330e+10
1.737179877564415831e+00 4.244116225725732422e+10
1.744128597074673603e+00 3.940809817216017914e+10
1.751105111462972097e+00 3.783932315645874023e+10
1.758109531908824241e+00 3.486411068615806580e+10
1.765141970036459451e+00 3.176323279275650787e+10
1.772202537916605314e+00 3.051062386421939850e+10
1.779291348068271716e+00 2.728117991483195114e+10
1.786408513460544745e+00 2.546588127512376404e+10
1.793554147514387020e+00 2.283062890894393158e+10
1.800728364104444257e+00 2.259651902978216934e+10
1.807931277560862249e+00 2.024281796626888657e+10
1.815163002671105641e+00 2.105824520962649918e+10
1.822423654681789795e+00 2.099196744320246124e+10
1.829713349300517100e+00 1.866755909839680481e+10
1.837032202697718830e+00 1.879345257314947128e+10
1.844380331508509885e+00 1.876134379564787674e+10
1.851757852834543527e+00 1.735567962517591858e+10
1.859164884245881888e+00 1.486838571659318352e+10
1.866601543782865358e+00 1.477806484886718941e+10
1.874067949957996859e+00 1.567303027285857773e+10
1.881564221757828781e+00 1.850164641712373352e+10
1.889090478644860127e+00 1.877131663691226959e+10
1.896646840559439662e+00 1.996326307067823410e+10
1.904233427921677269e+00 1.802803760725442886e+10
1.911850361633363971e+00 1.848852658752838135e+10
1.919497763079897279e+00 1.727522542893130875e+10
1.927175754132217200e+00 1.618309499000026703e+10
1.934884457148745796e+00 1.550758464805252075e+10
1.942623994977340729e+00 1.404713602229176521e+10
1.950394490957250149e+00 1.546029047524905777e+10
1.958196068921079336e+00 1.432656619042926979e+10
1.966028853196763793e+00 1.573474097654495621e+10
1.973892968609550991e+00 1.531465297915769577e+10
1.981788540483989447e+00 1.607207367756473351e+10
1.989715694645925126e+00 1.618513996806444168e+10
1.997674557424508723e+00 1.671658788822397804e+10
2.005665255654207169e+00 1.709039940388655090e+10
2.013687916676823786e+00 1.725767950319694519e+10
2.021742668343530891e+00 1.759571231603684235e+10
2.029829639016905052e+00 1.738605754063488770e+10
2.037948957572972564e+00 1.761519104992266464e+10
2.046100753403264694e+00 1.770302348201424789e+10
2.054285156416877811e+00 1.758163687808187866e+10
2.062502297042545507e+00 1.746976080832156372e+10
2.070752306230715600e+00 1.732763237876749802e+10
2.079035315455638244e+00 1.700469635097542953e+10
2.087351456717461140e+00 1.682649199283717918e+10
2.095700862544330967e+00 1.654116555030233192e+10
2.104083665994508134e+00 1.626302308014416122e+10
2.112500000658485977e+00 1.601960738278444862e+10
2.120950000661120161e+00 1.574573966524590302e+10
2.129433800663764753e+00 1.551067316348646927e+10
2.137951535866419839e+00 1.526659774305585861e+10
2.146503342009885351e+00 1.502571539987743187e+10
2.155089355377924676e+00 1.474019730077845192e+10
2.163709712799436691e+00 1.442010410091371727e+10
2.172364551650634468e+00 1.415291543390932655e+10
2.181054009857236853e+00 1.381768500654013252e+10
2.189778225896665376e+00 1.344167625416354370e+10
2.198537338800252705e+00 1.273261885849263573e+10
2.207331488155453325e+00 1.230751164879842758e+10
2.216160814108075083e+00 1.244023039092663002e+10
2.225025457364507631e+00 1.219591084950050735e+10
2.233925559193965515e+00 1.188206731257800484e+10
2.242861261430741493e+00 1.149253219314062119e+10
2.251832706476463830e+00 1.123733217347353172e+10
2.260840037302370042e+00 1.089205681328807831e+10
2.269883397451579299e+00 1.081509918841221428e+10
2.278962931041386142e+00 1.056011717169401360e+10
2.288078782765551100e+00 1.029654546946753883e+10
2.297231097896613505e+00 1.018826759216514587e+10
2.306420022288200311e+00 1.050631713673161316e+10
2.315645702377353121e+00 1.019856902459538269e+10
2.324908285186861878e+00 9.750352240026052475e+09
2.334207918327609654e+00 9.531915152824932098e+09
2.343544750000919663e+00 9.410826179114082336e+09
2.352918929000923143e+00 9.621681466934576035e+09
2.362330604716927240e+00 9.901600619236942291e+09
2.371779927135795329e+00 9.378687351002548218e+09
2.381267046844337987e+00 9.394610619224185944e+09
2.390792115031715070e+00 9.874387402108278275e+09
2.400355283491842240e+00 1.002605757100046158e+10
2.409956704625809465e+00 1.009677208579418755e+10
2.419596531444312859e+00 1.010137169901414490e+10
2.429274917570089620e+00 1.038038698235349846e+10
2.438992017240370291e+00 1.023779627832399178e+10
2.448747985309331465e+00 1.005773614791533089e+10
2.458542977250568917e+00 1.030031213459371376e+10
2.468377149159570738e+00 1.033772680011697388e+10
2.478250657756209563e+00 9.715435545442739487e+09
2.488163660387234355e+00 9.866840692073425293e+09
2.498116315028783063e+00 1.014645166326770020e+10
2.508108780288898387e+00 8.946964750813253403e+09
2.518141215410053757e+00 9.140009924813642502e+09
2.528213780271693967e+00 8.259050494171591759e+09
2.538326635392781139e+00 8.466161555049071312e+09
2.548479941934351789e+00 7.860200194373345375e+09
2.558673861702089436e+00 8.674384576712577820e+09
2.568908557148898097e+00 8.476249558988554001e+09
2.579184191377493551e+00 8.412988122834949493e+09
2.589500928143003478e+00 8.555099442317127228e+09
2.599858931855575594e+00 9.289702851610506058e+09
2.610258367582998229e+00 1.093949638606618500e+10
2.620699401053329769e+00 1.126467681013742065e+10
2.631182198657543214e+00 1.106270845578277969e+10
2.641706927452173392e+00 1.281498484488397217e+10
2.652273755161981938e+00 1.289851282870144653e+10
2.662882850182629824e+00 1.124040064119924927e+10
2.673534381583360542e+00 8.100269334580458641e+09
2.684228519109693956e+00 7.993327835357163429e+09
2.694965433186132575e+00 8.711624182745946884e+09
2.705745294918877164e+00 8.876690178107984543e+09
2.716568276098552559e+00 9.298171683646598816e+09
2.727434549202946812e+00 1.153298581176624107e+10
2.738344287399758326e+00 9.735947971028947830e+09
2.749297664549357201e+00 1.291377615411734772e+10
2.760294855207554576e+00 1.062366292022934341e+10
2.771336034628385292e+00 1.033007848570055389e+10
2.782421378766898545e+00 8.941205851585441589e+09
2.793551064281966312e+00 1.210670748605711937e+10
2.804725268539093985e+00 9.180780639125619888e+09
2.815944169613250558e+00 1.037710445270623016e+10
2.827207946291703244e+00 1.355032387640498734e+10
2.838516778076869862e+00 1.015414646153883171e+10
2.849870845189177437e+00 1.096063975914001846e+10
2.861270328569933685e+00 1.272159627896677589e+10
2.872715409884213589e+00 1.213789868108081818e+10
2.884206271523750420e+00 1.279546528218836975e+10
2.895743096609845413e+00 1.331429196892749023e+10
2.907326068996284985e+00 1.311865664927508545e+10
2.918955373272270393e+00 1.452867370949832726e+10
2.930631194765359826e+00 1.562161305424291992e+10
2.942353719544420709e+00 1.529572114447046280e+10
2.954123134422598440e+00 1.542598787197501183e+10
2.965939626960289122e+00 1.593144804686913109e+10
2.977803385468130504e+00 1.700369786870247269e+10
2.989714599010003138e+00 1.785671183945925140e+10
3.001673457406043077e+00 1.578930776813284492e+10
3.013680151235667015e+00 1.842699569816036606e+10
3.025734871840609408e+00 1.816336873535430908e+10
3.037837811327972037e+00 2.026165101516420746e+10
3.049989162573283785e+00 1.768747740155821991e+10
3.062189119223576395e+00 1.960233349800461197e+10
3.074437875700470890e+00 1.825793880991513062e+10
3.086735627203272880e+00 1.658299433739279938e+10
3.099082569712085622e+00 1.690955389173356247e+10
3.111478899990933744e+00 1.497996006658249092e+10
3.123924815590897186e+00 1.581236015279250717e+10
3.136420514853261121e+00 1.354658664300426483e+10
3.148966196912674320e+00 1.274299687477282715e+10
3.161562061700325277e+00 1.202007291882326698e+10
3.174208309947126327e+00 1.157141568191352081e+10
3.186905143186915090e+00 1.111876689148722076e+10
3.199652763759662566e+00 1.032808824961703682e+10
3.212451374814701222e+00 1.156152937148157883e+10
3.225301180313960625e+00 1.160119487973983765e+10
3.238202385035215958e+00 1.245445347503774261e+10
3.251155194575356955e+00 1.378776142694915009e+10
3.264159815353658622e+00 1.498917099912767029e+10
3.277216454615073271e+00 1.613359212160425568e+10
3.290325320433533207e+00 1.719040867902040100e+10
3.303486621715267635e+00 1.557722410084840393e+10
3.316700568202128441e+00 6.067491501379988670e+09
3.329967370474937294e+00 3.620660511712362766e+09
3.343287239956836743e+00 6.222444408552831650e+09
3.356660388916663962e+00 9.978428962690792084e+09
3.370087030472330714e+00 1.374458133011038399e+10
3.383567378594220187e+00 1.456349686028120804e+10
3.397101648108596716e+00 1.446340499408279228e+10
3.410690054701031482e+00 1.379991169098170090e+10
3.424332814919834878e+00 1.313875529870297050e+10
3.438030146179514634e+00 1.244471728776113892e+10
3.451782266764232610e+00 1.270350304278355980e+10
3.465589395831289998e+00 1.349592653916829109e+10
3.479451753414614767e+00 1.353714078695872688e+10
3.493369560428273068e+00 1.390857597156398773e+10
3.507343038669985980e+00 1.502648005036462593e+10
3.521372410824665788e+00 1.549269267162669563e+10
3.535457900467964709e+00 1.548050893515406036e+10
3.549599732069836477e+00 1.588527479707497025e+10
3.563798130998116154e+00 1.669325196076082230e+10
3.578053323522108364e+00 1.784771056489622498e+10
3.592365536816196858e+00 1.952182582410143280e+10
3.606734998963461614e+00 2.009385419633126450e+10
3.621161938959315041e+00 2.150487329356926727e+10
3.635646586715152839e+00 2.271089675081832123e+10
3.650189173062013293e+00 2.371007587725576782e+10
3.664789929754260545e+00 2.458037188859593201e+10
3.679449089473277645e+00 2.569100150423664093e+10
3.694166885831170699e+00 2.608484798438224792e+10
3.708943553374495661e+00 2.662666347296351242e+10
3.723779327587993571e+00 2.704622635619222641e+10
3.738674444898345328e+00 2.731861113581669235e+10
3.753629142677938901e+00 2.773269164349945831e+10
3.768643659248651190e+00 2.746228650037314987e+10
3.783718233885645432e+00 2.761729361192396164e+10
3.798853106821188153e+00 2.767978736697009277e+10
3.814048519248473657e+00 2.771582905786064911e+10
3.829304713325467180e+00 2.777554449803920364e+10
3.844621932178768908e+00 2.752916617623477554e+10
3.860000419907484215e+00 2.762188551531637192e+10
3.875440421587113882e+00 2.746385392624722672e+10
3.890942183273462529e+00 2.718012219440669250e+10
3.906505952006555926e+00 2.704307805041323471e+10
3.922131975814582727e+00 2.690690864787108612e+10
3.937820503717840648e+00 2.667845754636908340e+10
3.953571785732711508e+00 2.636653517347171783e+10
3.969386072875642490e+00 2.610181239539614868e+10
3.985263617167145167e+00 2.571093226981456375e+10
4.001204671635814059e+00 2.532095376790520859e+10
4.017209490322357190e+00 2.510017733374172211e+10
4.033278328283646630e+00 2.441418505474134827e+10
4.049411441596781458e+00 2.407839205740425491e+10
4.065609087363168506e+00 2.367978573619458771e+10
4.081871523712622185e+00 2.270364386043928909e+10
4.098199009807472315e+00 2.255426326720700455e+10
4.114591805846702144e+00 2.211886433092749405e+10
4.131050173070089038e+00 2.107391397685405731e+10
4.147574373762369149e+00 2.142453966397277832e+10
4.164164671257418959e+00 2.010268338271280289e+10
4.180821329942449260e+00 1.974379983642293167e+10
4.197544615262219558e+00 2.001976075034154129e+10
4.214334793723269357e+00 1.894687158695890045e+10
4.231192132898162761e+00 1.963134546941270828e+10
4.248116901429755288e+00 1.765327470977145767e+10
4.265109369035473996e+00 1.842431012604726410e+10
4.282169806511615384e+00 1.766037581881747437e+10
4.299298485737661935e+00 1.616960636712846756e+10
4.316495679680612874e+00 1.609884039115742683e+10
4.333761662399335357e+00 1.633809473240447235e+10
4.351096709048932532e+00 1.611204373720860672e+10
4.368501095885127583e+00 1.638078407021894073e+10
4.385975100268668214e+00 1.612735266600863266e+10
4.403519000669743555e+00 1.543278104208501625e+10
4.421133076672422391e+00 1.578690102352795219e+10
4.438817608979111817e+00 1.470479243415289497e+10
4.456572879415028332e+00 1.548622603532956696e+10
4.474399170932688463e+00 1.424739303927231789e+10
4.492296767616419828e+00 1.463035158857674217e+10
4.510265954686884626e+00 1.488499540483031464e+10
4.528307018505633330e+00 1.342903590849413872e+10
4.546420246579655711e+00 1.468337094866651726e+10
4.564605927565974497e+00 1.404755863493749619e+10
4.582864351276237258e+00 1.438861255385362434e+10
4.601195808681342925e+00 1.388020745608100319e+10
4.619600591916067422e+00 1.282624918460348320e+10
4.638078994283731937e+00 1.319531268726804543e+10
4.656631310260867629e+00 1.260732906460185432e+10
4.675257835501911430e+00 1.204635332348359680e+10
4.693958866843916944e+00 1.326312697229057121e+10
4.712734702311292878e+00 1.201101930434168053e+10
4.731585641120538810e+00 1.183263352679512215e+10
4.750511983685020923e+00 1.242123194177536583e+10
4.769514031619761063e+00 1.130449882885298538e+10
4.788592087746240011e+00 1.072582174684869194e+10
4.807746456097224730e+00 1.139245406418824577e+10
4.826977441921613377e+00 1.113440110387391472e+10
4.846285351689299858e+00 1.038487666650769615e+10
4.865670493096057925e+00 1.073038208958040428e+10
4.885133175068442135e+00 1.031721483506017113e+10
4.904673707768715474e+00 1.016682812089533997e+10
4.924292402599791174e+00 1.010762036608585167e+10
4.943989572210189642e+00 9.565237444578948975e+09
4.963765530499030021e+00 8.839494941060029984e+09
4.983620592621027079e+00 1.007070751943619347e+10
5.003555074991511198e+00 9.149818865225952148e+09
5.023569295291476777e+00 8.016230335384239197e+09
5.043663572472643075e+00 8.966288327271369934e+09
5.063838226762532813e+00 9.046635442304199219e+09
5.084093579669583640e+00 7.991428285424745560e+09
5.104429953988261381e+00 8.146265155391580582e+09
5.124847673804215020e+00 8.290826755131552696e+09
5.145347064499431688e+00 6.830502619837259293e+09
5.165928452757428957e+00 7.153204658465729713e+09
5.186592166568458673e+00 8.183249985759982109e+09
5.207338535234733001e+00 6.416163823412096024e+09
5.228167889375671784e+00 7.365406200627727509e+09
5.249080560933174766e+00 7.012352152308417320e+09
5.270076883176907145e+00 6.638984674739063263e+09
5.291157190709615321e+00 6.636224500209800720e+09
5.312321819472453299e+00 6.689595616344475746e+09
5.333571106750343738e+00 7.319097973508294106e+09
5.354905391177344320e+00 5.633920513195214272e+09
5.376325012742054099e+00 5.954179648100646973e+09
5.397830312793021612e+00 6.126268021418828011e+09
5.419421634044193858e+00 4.549643452833938599e+09
5.441099320580370602e+00 6.140524033197423935e+09
5.462863717862692425e+00 5.438581115794369698e+09
5.484715172734142996e+00 5.688458460511188507e+09
5.506654033425078865e+00 5.551892833383959770e+09
5.528680649558780580e+00 5.016474001561528206e+09
5.550795372157015350e+00 4.868203324929725647e+09
5.572998553645643227e+00 4.639304352182959557e+09
5.595290547860225949e+00 5.212340390787364006e+09
5.617671710051667766e+00 4.935493668270776749e+09
5.640142396891874021e+00 4.937224755385568619e+09
5.662702966479441713e+00 4.880656549085287094e+09
5.685353778345359821e+00 4.421230480560048103e+09
5.708095193458740724e+00 4.341163297880575180e+09
5.730927574232576482e+00 4.191896447022614002e+09
5.753851284529505783e+00 4.650964905465856552e+09
5.776866689667624399e+00 4.037383931197256565e+09
5.799974156426294769e+00 4.739595734353991508e+09
5.823174053051999977e+00 3.686780546839819908e+09
5.846466749264207508e+00 4.364397829547430038e+09
5.869852616261264977e+00 3.826019462368712425e+09
5.893332026726310069e+00 3.762118094017548084e+09
5.916905354833215114e+00 4.437631274805870056e+09
5.940572976252548543e+00 3.570014503771326542e+09
5.964335268157558545e+00 4.234780790191581249e+09
5.988192609230189589e+00 4.224857565028840542e+09
6.012145379667110490e+00 4.414745188713033676e+09
6.036193961185778889e+00 3.907612941165599346e+09
6.060338737030522616e+00 3.652407712406810284e+09
6.084580091978644134e+00 4.274220214874494076e+09
6.108918412346558746e+00 3.793390532936020851e+09
6.133354085995945226e+00 4.299026523678090096e+09
6.157887502339929320e+00 3.638922158570787430e+09
6.182519052349287669e+00 3.819435435781641960e+09
6.207249128558685491e+00 4.042792428398523808e+09
6.232078125072920471e+00 4.029327859210384846e+09
6.257006437573212843e+00 4.101664653926987648e+09
6.282034463323505236e+00 4.105879904024589539e+09
6.307162601176800720e+00 4.160602839347261429e+09
6.332391251581507063e+00 3.990544018404822350e+09
6.357720816587833390e+00 3.967775924748556614e+09
6.383151699854184180e+00 3.701744547714709282e+09
6.408684306653601226e+00 3.044861039308089256e+09
6.434319043880215361e+00 3.342134950719202995e+09
6.460056320055736379e+00 3.062320708738652229e+09
6.485896545335958052e+00 2.516969041421836853e+09
6.511840131517302233e+00 2.741859452839152336e+09
6.537887492043371829e+00 2.879210486405325890e+09
6.564039042011545533e+00 2.536635159724209309e+09
6.590295198179591196e+00 2.341307860460103035e+09
6.616656378972309405e+00 2.396380946418462753e+09
6.643123004488199257e+00 2.439113026768785954e+09
6.669695496506150789e+00 2.665439235852311134e+09
6.696374278492176479e+00 2.771588324509369850e+09
6.723159775606144528e+00 2.481506253846045017e+09
6.750052414708568094e+00 2.862720832732870579e+09
6.777052624367403411e+00 2.510817612917642117e+09
6.804160834864871887e+00 2.466215608150000572e+09
6.831377478204331055e+00 2.365465695811816216e+09
6.858702988117148180e+00 2.284343681591020584e+09
6.886137800069615622e+00 2.724318758109411240e+09
6.913682351269895499e+00 2.716626865518273830e+09
6.941337080674975013e+00 2.747268002014894485e+09
6.969102428997675069e+00 2.450392691556288719e+09
6.996978838713665994e+00 2.604204027972485065e+09
7.024966754068519670e+00 2.477818994598232746e+09
7.053066621084793653e+00 2.258977475923012257e+09
7.081278887569133929e+00 2.413162861906497478e+09
7.109604003119409654e+00 2.300827578723359585e+09
7.138042419131887861e+00 2.337953368681940556e+09
7.166594588808414379e+00 2.182239161028687000e+09
7.195260967163648047e+00 2.189022465740002632e+09
7.224042011032302923e+00 2.134872518970156908e+09
7.252938179076432235e+00 2.052233323600656271e+09
7.281949931792737196e+00 1.967725819438503504e+09
7.311077731519908696e+00 2.064932432752967358e+09
7.340322042445988515e+00 1.807513595280151367e+09
7.369683330615771411e+00 1.869419224682086945e+09
7.399162063938235612e+00 1.969196769217782021e+09
7.428758712193988423e+00 1.869292812784271002e+09
7.458473747042765112e+00 1.745402478860191107e+09
7.488307642030935796e+00 1.868452590966791868e+09
7.518260872599060285e+00 2.007329769095934153e+09
7.548333916089456253e+00 1.960186278557213068e+09
7.578527251753813587e+00 1.915160510926723957e+09
7.608841360760829176e+00 1.841284497729031801e+09
7.639276726203872769e+00 2.161831233756201267e+09
7.669833833108687493e+00 1.609678662682798624e+09
7.700513168441122325e+00 1.542950610657651663e+09
7.731315221114887670e+00 1.489300157073312044e+09
7.762240481999347352e+00 1.501988218713254929e+09
7.793289443927344351e+00 1.623672743477993011e+09
7.824462601703054077e+00 1.671904036414015055e+09
7.855760452109866065e+00 1.673969278792172194e+09
7.887183493918306532e+00 1.581154882477547646e+09
7.918732227893980458e+00 1.686966947659400225e+09
7.950407156805555431e+00 1.735446204079245567e+09
7.982208785432777454e+00 1.820048564486686230e+09
8.014137620574508958e+00 1.709902018578570366e+09
8.046194171056805899e+00 1.627486458595192194e+09
8.078378947741034821e+00 1.753334110722932339e+09
8.110692463531997021e+00 1.779734737122114658e+09
8.143135233386125549e+00 1.673004870540781736e+09
8.175707774319670662e+00 1.620891416543717623e+09
8.208410605416949224e+00 1.622817747445151091e+09
8.241244247838615422e+00 1.659624440693712234e+09
8.274209224829968790e+00 1.687672962933477879e+09
8.307306061729288871e+00 1.712267794348263979e+09
8.340535285976207192e+00 1.618182281803974867e+09
8.373897427120111203e+00 1.605197968715854406e+09
8.407393016828594412e+00 1.719712133607080698e+09
8.441022588895906509e+00 1.637183629190066576e+09
8.474786679251490540e+00 1.686927613514965534e+09
8.508685825968495209e+00 1.536536951450150967e+09
8.542720569272368891e+00 1.657304696269164562e+09
8.576891451549458978e+00 1.669636448428761721e+09
8.611199017355655627e+00 1.656285101071353197e+09
8.645643813425078150e+00 1.565143522387561321e+09
8.680226388678779159e+00 1.607927163233801842e+09
8.714947294233493125e+00 1.637639097144615412e+09
8.749807083410427566e+00 1.592326223378197670e+09
8.784806311744070229e+00 1.530122611645768404e+09
8.819945536991047774e+00 1.545770172681478500e+09
8.855225319139009343e+00 1.598257473509045601e+09
8.890646220415566958e+00 1.606398332334673643e+09
8.926208805297228821e+00 1.512988834165299654e+09
8.961913640518417878e+00 1.456554135141872644e+09
8.997761295080492161e+00 1.529842761852825642e+09
9.033752340260813085e+00 1.509645494934040070e+09
9.069887349621856387e+00 1.472829597115071535e+09
9.106166899020346150e+00 1.465968906592568636e+09
9.142591566616424359e+00 1.468009198378397942e+09
9.179161932882891506e+00 1.453673675279945135e+09
9.215878580614422333e+00 1.427040405200709820e+09
9.252742094936881045e+00 1.437114014603403568e+09
9.289753063316627646e+00 1.376909142447045803e+09
9.326912075569895322e+00 1.387340883193539381e+09
9.364219723872173162e+00 1.398435819452308893e+09
9.401676602767663482e+00 1.361218119461878538e+09
9.439283309178733816e+00 1.300611106351118565e+09
9.477040442415447075e+00 1.314067740905388355e+09
9.514948604185111236e+00 1.330033618196577311e+09
9.553008398601852136e+00 1.331106721915749550e+09
9.591220432196260859e+00 1.301052224435878277e+09
9.629585313925044687e+00 1.271800685306469679e+09
9.668103655180747324e+00 1.254390166320282698e+09
9.706776069801470896e+00 1.259436319527488232e+09
9.745603174080676112e+00 1.257483850244419336e+09
9.784585586776998412e+00 1.256379679657917976e+09
9.823723929124106746e+00 1.194074336288202047e+09
9.863018824840601440e+00 1.205325094049735308e+09
9.902470900139965337e+00 1.118482302679645777e+09
9.942080783740523842e+00 1.185239501911687374e+09
9.981849106875488431e+00 1.183399176113472939e+09
1.002177650330298952e+01 1.160714355060516119e+09
1.006186360931619994e+01 1.129098390682056904e+09
1.010211106375346723e+01 1.115231715603828669e+09
1.014251950800847979e+01 1.129533551537316799e+09
1.018308958604051284e+01 1.116835721081222057e+09
1.022382194438467451e+01 1.105606847177368164e+09
1.026471723216221399e+01 1.061662689654259205e+09
1.030577610109086173e+01 1.042001155278928995e+09
1.034699920549522467e+01 8.740542063661088943e+08
1.038838720231720458e+01 8.449377749302135706e+08
1.042994075112647501e+01 8.578068865373864174e+08
1.047166051413097954e+01 8.698665624636660814e+08
1.051354715618750468e+01 8.809044205439525843e+08
1.055560134481225454e+01 9.076001223413718939e+08
1.059782375019150358e+01 9.059165562049829960e+08
1.064021504519226902e+01 8.902256412066498995e+08
1.068277590537303823e+01 8.688556529178215265e+08
1.072550700899452991e+01 7.928521010412194729e+08
1.076840903703050856e+01 8.172566532721906900e+08
1.081148267317863088e+01 8.542084994381697178e+08
1.085472860387134553e+01 8.526135337572555542e+08
1.089814751828683015e+01 8.400498374484630823e+08
1.094174010835997635e+01 8.128343717258729935e+08
1.098550706879341909e+01 7.659343135328373909e+08
1.102944909706859100e+01 7.677525892441263199e+08
1.107356689345686540e+01 8.274876162120109797e+08
1.111786116103069233e+01 8.269863703157413006e+08
1.116233260567481622e+01 8.179722734249718189e+08
1.120698193609751492e+01 8.170921175723689795e+08
1.125180986384190440e+01 7.516328267340373993e+08
1.129681710329727373e+01 8.056017240296411514e+08
1.134200437171046083e+01 7.822672949035687447e+08
1.138737238919730466e+01 7.782295687606871128e+08
1.143292187875409383e+01 7.794862742212212086e+08
1.147865356626910938e+01 7.604832961678568125e+08
1.152456818053418530e+01 7.341207523960019350e+08
1.157066645325632237e+01 7.135141652346048355e+08
1.161694911906934635e+01 7.152510565884896517e+08
1.166341691554562487e+01 7.040543552085644007e+08
1.171007058320780736e+01 6.397346450347987413e+08
1.175691086554063958e+01 6.514474167361184359e+08
1.180393850900279951e+01 6.677111760590919256e+08
1.185115426303881137e+01 6.835979566040225029e+08
1.189855888009096674e+01 6.615072173820917606e+08
1.194615311561133097e+01 6.562325782590428591e+08
1.199393772807377623e+01 6.433891360275154114e+08
1.204191347898607134e+01 6.547455107695380449e+08
1.209008113290201614e+01 5.807797878748686314e+08
1.213844145743362368e+01 6.291950284489980936e+08
1.218699522326335938e+01 6.428532643569823503e+08
1.223574320415641381e+01 5.966958618275868893e+08
1.228468617697303777e+01 5.691273089116251469e+08
1.233382492168093059e+01 5.991238793105666637e+08
1.238316022136765504e+01 5.185667686098715663e+08
1.243269286225312520e+01 5.436305727597738504e+08
1.248242363370213859e+01 5.750725392305479050e+08
1.253235332823694748e+01 5.141797094382551908e+08
1.258248274154989410e+01 5.144694171959939003e+08
1.263281267251609385e+01 5.386652096539417505e+08
1.268334392320615756e+01 5.291743027025127411e+08
1.273407729889898299e+01 4.985573004331582189e+08
1.278501360809457665e+01 5.202218014277092218e+08
1.283615366252695544e+01 4.922209882619252801e+08
1.288749827717706253e+01 5.021169851261026859e+08
1.293904827028577031e+01 4.883342755563698411e+08
1.299080446336691352e+01 4.959738390456954241e+08
1.304276768122038099e+01 4.480839543913848996e+08
1.309493875194526424e+01 4.860314227956277132e+08
1.314731850695304693e+01 4.523736772266539335e+08
1.319990778098085649e+01 4.703665683495456576e+08
1.325270741210477965e+01 4.266824636398225427e+08
1.330571824175319939e+01 4.090616080725033283e+08
1.335894111472021173e+01 4.397914688051571846e+08
1.341237687917909227e+01 4.132562540141663551e+08
1.346602638669580898e+01 3.920980852018767595e+08
1.351989049224258999e+01 4.252663522204911709e+08
1.357397005421156067e+01 4.090995853266000152e+08
1.362826593442840917e+01 4.019055181959329247e+08
1.368277899816612297e+01 3.936258533272175789e+08
1.373751011415878942e+01 3.788345696774910688e+08
1.379246015461542463e+01 3.948678415231425166e+08
1.384762999523388416e+01 3.667110226179175377e+08
1.390302051521481808e+01 3.863251899398406744e+08
1.395863259727567751e+01 3.852708754272478223e+08
1.401446712766477987e+01 3.473147718637589812e+08
1.407052499617543972e+01 3.707583833457188606e+08
1.412680709616014063e+01 3.520724007380282283e+08
1.418331432454478147e+01 3.215016510681731701e+08
1.424004758184296193e+01 3.356014590207156539e+08
1.429700777217033369e+01 3.588410544732046127e+08
1.435419580325901379e+01 3.149041210901465416e+08
1.441161258647204946e+01 3.106285141182827950e+08
1.446925903681793812e+01 3.038795350084981918e+08
1.452713607296521126e+01 2.955079399852684140e+08
1.458524461725707155e+01 3.214476152179000974e+08
1.464358559572609764e+01 3.105740725019496679e+08
1.470215993810900557e+01 3.059946817898335457e+08
1.476096857786143879e+01 3.157538790102706552e+08
1.482001245217288599e+01 2.907271922702150345e+08
1.487929250198157760e+01 2.701699447973921895e+08
1.493880967198950316e+01 2.820939733860726357e+08
1.499856491067746056e+01 2.773708148709328175e+08
1.505855917032016933e+01 2.751935726235406995e+08
1.511879340700144958e+01 2.780827333249848485e+08
1.517926858062945605e+01 2.565358695787941515e+08
1.523998565495197433e+01 2.820470602407898903e+08
1.530094559757178274e+01 2.756015268515864611e+08
1.536214937996206764e+01 2.575423218885959387e+08
1.542359797748191674e+01 2.490408902778212726e+08
1.548529236939184450e+01 2.460166291466891766e+08
1.554723353886941339e+01 2.244679010567149222e+08
1.560942247302489072e+01 2.360255692312521636e+08
1.567186016291699069e+01 2.435118847090734839e+08
1.573454760356865556e+01 2.116019935182022154e+08
1.579748579398293096e+01 2.201175587551222742e+08
1.586067573715886247e+01 2.240770536096401215e+08
1.592411844010749888e+01 2.358752347534843087e+08
1.598781491386792730e+01 1.927098048899859786e+08
1.605176617352340074e+01 2.205218995144751668e+08
1.611597323821749228e+01 2.041513851436085701e+08
1.618043713117036120e+01 2.214462202999065220e+08
1.624515887969504391e+01 1.896120661234368384e+08
1.631013951521382310e+01 2.030245615750976801e+08
1.637538007327468037e+01 2.049730279143157303e+08
1.644088159356778078e+01 1.975406020243270993e+08
1.650664511994205341e+01 1.909419477176014185e+08
1.657267170042182158e+01 1.898585995965668559e+08
1.663896238722350418e+01 1.643270066806993783e+08
1.670551823677240222e+01 1.841637734184618294e+08
1.677234030971949608e+01 1.996030848334292769e+08
1.683942967095837062e+01 1.878313695575792491e+08
1.690678738964220429e+01 1.701462865741957426e+08
1.697441453920077237e+01 1.726390274009450078e+08
1.704231219735757108e+01 1.922343460861386657e+08
1.711048144614700561e+01 1.490687540719698071e+08
1.717892337193159236e+01 1.717794613715254664e+08
1.724763906541932101e+01 1.583240526155135632e+08
1.731662962168099895e+01 1.603626402855112255e+08
1.738589614016772344e+01 1.365710319214338958e+08
1.745543972472839300e+01 1.654668984126230180e+08
1.752526148362730751e+01 1.544642111831710935e+08
1.759536252956181812e+01 1.526474493051791489e+08
1.766574397968006238e+01 1.502761528453857005e+08
1.773640695559878466e+01 1.448088823341334462e+08
1.780735258342117433e+01 1.448455030434553027e+08
1.787858199375486024e+01 1.537186173832653463e+08
1.795009632172988034e+01 1.323294778871281296e+08
1.802189670701679702e+01 1.457484910928366184e+08
1.809398429384486562e+01 1.424250552436617613e+08
1.816636023102024211e+01 1.176135888583142608e+08
1.823902567194432578e+01 1.361717433561029136e+08
1.831198177463210186e+01 1.385259959194744825e+08
1.838522970173062987e+01 1.304366629240336418e+08
1.845877062053754969e+01 1.285012395258022547e+08
1.853260570301970134e+01 1.139589115606504232e+08
1.860673612583178027e+01 1.073174629454839826e+08
1.868116307033510637e+01 1.203316503069113493e+08
1.875588772261644976e+01 1.150279264356605709e+08
1.883091127350691352e+01 1.355249714514909685e+08
1.890623491860094063e+01 1.209448106690438986e+08
1.898185985827534594e+01 1.047469531699884534e+08
1.905778729770844748e+01 1.228483519124530703e+08
1.913401844689928311e+01 1.184837694503742158e+08
1.921055452068688041e+01 1.055549749354715943e+08
1.928739673876962968e+01 9.972656043784351647e+07
1.936454632572470658e+01 1.035892541303000748e+08
1.944200451102760141e+01 8.488779009860248864e+07
1.951977252907171589e+01 1.064503228607705832e+08
1.959785161918800256e+01 9.278948817078988254e+07
1.967624302566475691e+01 9.744416924660494924e+07
1.991079942767366973e+01 9.357415623000262678e+07
2.030901541622714390e+01 8.481796085555325449e+07
2.071519572455168756e+01 8.360847512885946035e+07
2.112949963904272010e+01 7.119809686024226248e+07
2.155208963182357707e+01 6.881183732511132956e+07
2.198313142446004420e+01 6.408202944540823251e+07
2.242279405294924643e+01 5.740837797665388137e+07
2.287124993400822959e+01 5.806179023660481721e+07
2.332867493268839709e+01 5.511578744449581206e+07
2.379524843134216638e+01 4.471426568571644276e+07
2.427115339996900900e+01 4.884411357455036789e+07
2.475657646796839018e+01 4.248757904967350513e+07
2.525170799732775961e+01 3.597659230273904651e+07
2.575674215727431715e+01 3.750863022081851959e+07
2.627187700041980278e+01 3.492714753116909415e+07
2.679731454042819649e+01 2.871920404359641671e+07
2.733326083123676042e+01 3.177225533265337721e+07
2.787992604786149542e+01 2.708448761843167245e+07
2.843752456881871993e+01 2.188119027688811347e+07
2.900627506019509738e+01 2.420846477745696157e+07
2.958640056139899599e+01 2.130132893547974527e+07
3.017812857262697435e+01 2.024874922968724743e+07
3.078169114407952023e+01 1.696287539420949295e+07
3.139732496696110431e+01 1.787416746822008491e+07
3.202527146630033172e+01 1.634137270582623407e+07
3.266577689562632969e+01 1.490407758513712138e+07
3.331909243353885586e+01 1.265434940446916781e+07
3.398547428220963695e+01 1.379919634647746943e+07
3.466518376785383282e+01 1.130432210990050994e+07
3.535848744321090464e+01 1.000826793629612029e+07
3.606565719207512188e+01 9.592522818852448836e+06
3.678697033591662802e+01 9.482578219625292346e+06
3.752270974263496583e+01 8.345115822646563873e+06
3.827316393748766643e+01 8.748727723606953397e+06
3.903862721623740839e+01 7.352158966820191592e+06
3.981939976056215613e+01 6.696999543342444114e+06
4.061578775577340394e+01 5.755299667257653549e+06
4.142810351088887444e+01 6.384091207827511244e+06
4.225666558110664539e+01 5.748508317060488276e+06
4.310179889272878029e+01 4.791234389721268788e+06
4.396383487058335504e+01 4.537965453977382742e+06
4.484311156799503095e+01 4.274706469227748923e+06
4.573997379935492091e+01 4.028678857491802424e+06
4.665477327534202345e+01 3.506965109260224272e+06
4.758786874084886165e+01 3.481046338256493676e+06
4.853962611566583973e+01 3.343606917587230913e+06
4.951041863797915710e+01 2.799378000961320940e+06
5.050062701073873939e+01 2.694404611856889445e+06
5.151063955095351332e+01 2.386774523616459686e+06
5.254085234197258103e+01 2.630114349674247671e+06
5.359166938881203635e+01 2.310336376412948128e+06
5.466350277658827395e+01 2.124371578109007794e+06
5.575677283212004198e+01 1.773895379846646916e+06
5.687190828876244098e+01 1.673717527418698417e+06
5.800934645453768468e+01 1.630314077925919322e+06
5.916953338362844050e+01 1.546983651169433724e+06
6.035292405130100946e+01 1.392855738690302242e+06
6.155998253232701956e+01 1.430390558136771433e+06
6.279118218297357146e+01 1.159328084371682955e+06
6.404700582663303976e+01 1.035200191708260216e+06
6.532794594316570169e+01 9.655767107250207337e+05
6.663450486202900436e+01 8.910521380809163675e+05
6.796719495926959098e+01 9.614216530111043248e+05
6.932653885845499531e+01 9.127667155898183119e+05
7.071306963562409464e+01 7.568287995687009534e+05
7.212733102833657028e+01 6.529108670679491479e+05
7.356987764890331505e+01 6.508857004313144134e+05
7.504127520188137623e+01 5.713887371368353488e+05
7.654210070591901172e+01 5.789766679960094625e+05
7.807294272003738911e+01 5.196657455082696397e+05
7.963440157443814371e+01 4.923713057645246736e+05
8.122708960592690630e+01 4.197251791904874262e+05
8.285163139804545551e+01 3.888584109304492595e+05
8.450866402600635752e+01 3.753165456007583416e+05
8.619883730652648524e+01 3.778903915623198263e+05
8.792281405265701721e+01 4.135026738468805561e+05
8.968127033371015955e+01 3.208720772068164079e+05
9.147489574038435478e+01 3.108270963118725922e+05
9.330439365519204387e+01 2.630526757375784800e+05
9.517048152829590890e+01 2.252505613504287321e+05
9.707389115886181230e+01 2.530243288969182759e+05
9.901536898203904968e+01 1.911870655336453638e+05
