# Wavelength [um]       Fp [W/m2/m]  
1.000553076518779783e-01 5.418654989848000836e-04
1.004555288824854897e-01 9.806650301906344516e-42
1.008573509980154326e-01 1.204607838182786812e-39
1.012607804020075053e-01 2.202533168657972126e-39
1.016658235236155422e-01 1.442285246058086525e-41
1.020724868177099870e-01 7.439232595359765297e-27
1.024807767649808382e-01 3.147329330490604542e-29
1.028906998720407612e-01 2.518789566619794129e-38
1.033022626715289355e-01 9.135971976320867464e-25
1.037154717222150413e-01 5.285972125583684003e-40
1.041303336091038839e-01 2.174262305652527614e-36
1.045468549435403099e-01 8.318261415067392445e-34
1.049650423633144702e-01 6.237417746058314242e-41
1.053849025327677214e-01 9.578594431023925604e-29
1.058064421428987906e-01 7.438002958488523960e-38
1.062296679114703990e-01 2.952242874476376572e-28
1.066545865831162732e-01 2.570157942789124386e-32
1.070812049294487533e-01 6.046910927496128954e-34
1.075095297491665408e-01 6.285427370344380740e-25
1.079395678681632220e-01 4.368066550213921540e-34
1.083713261396358624e-01 1.027987560453033483e-23
1.088048114441943909e-01 6.226894161432884699e-26
1.092400306899711654e-01 6.569679606123021450e-18
1.096769908127310511e-01 3.102062447995863825e-25
1.101156987759819850e-01 2.937652976869763406e-26
1.105561615710859147e-01 2.271976141737388773e-18
1.109983862173702651e-01 3.512803202113226188e-20
1.114423797622397516e-01 1.324701077713125766e-22
1.118881492812886930e-01 1.566447309883356500e-25
1.123357018784138517e-01 1.307786618418044387e-22
1.127850446859275102e-01 7.193747213430572572e-15
1.132361848646712132e-01 6.028749558774252766e-17
1.136891296041298988e-01 1.405436193319888147e-16
1.141438861225464035e-01 2.902288391765232338e-16
1.146004616670366072e-01 8.839589636640433095e-16
1.150588635137047705e-01 1.089463227570513705e-16
1.155190989677595953e-01 6.166526561245531317e-17
1.159811753636306314e-01 5.451372891713898374e-17
1.164451000650851553e-01 5.699503138947039043e-19
1.169108804653455069e-01 1.158577815547233023e-18
1.173785239872068981e-01 1.099000398998454422e-22
1.178480380831557206e-01 1.778855068360562200e-23
1.183194302354883543e-01 7.942957124454637201e-21
1.187927079564302935e-01 3.774204646123082300e-23
1.192678787882560099e-01 2.374578581326967587e-23
1.197449503034090645e-01 4.072780499737558497e-24
1.202239301046226783e-01 8.758003237281973128e-27
1.207048258250411760e-01 6.963625848277096766e-20
1.211876451283413342e-01 1.293073905340658953e-22
1.216723957088547137e-01 9.076910107168529717e-24
1.221590852916901310e-01 1.793674476273977086e-20
1.226477216328568792e-01 4.136291329303955047e-18
1.231383125193883099e-01 4.628657228661300286e-24
1.236308657694658586e-01 6.873533136040040098e-21
1.241253892325437369e-01 1.437489088272606234e-20
1.246218907894739159e-01 4.484753543650436216e-24
1.251203783526317892e-01 1.415551960496257254e-22
1.256208598660423226e-01 7.424891251505745672e-18
1.261233433055065078e-01 7.936658792269892131e-19
1.266278366787285392e-01 7.454735046966602320e-23
1.271343480254434610e-01 3.945718698283122668e-17
1.276428854175452321e-01 4.215125745132624848e-19
1.281534569592154005e-01 8.173945485771026395e-21
1.286660707870522780e-01 1.768270483761968698e-18
1.291807350702004475e-01 6.349299819092660791e-18
1.296974580104812425e-01 1.256215390811259140e-17
1.302162478425231973e-01 2.736406739326405261e-19
1.307371128338932764e-01 4.569134344839838569e-17
1.312600612852288795e-01 1.305728129330382284e-15
1.317851015303697915e-01 1.889827060494733422e-17
1.323122419364912705e-01 2.072918523638286485e-15
1.328414909042372472e-01 1.416878796228795695e-14
1.333728568678542170e-01 3.445577613873046629e-15
1.339063482953256612e-01 2.399733946880174312e-17
1.344419736885069383e-01 4.543967496078391804e-15
1.349797415832609815e-01 3.255027281580407623e-14
1.355196605495940232e-01 1.024106002475568189e-14
1.360617391917924301e-01 4.593321408124005940e-14
1.366059861485595939e-01 2.747247219327306287e-15
1.371524100931538481e-01 8.451355375449025077e-17
1.377010197335264696e-01 5.867746816901481099e-16
1.382518238124605670e-01 1.658099174461622250e-12
1.388048311077104136e-01 1.158004410343404773e-13
1.393600504321412248e-01 1.557117308608839690e-15
1.399174906338697677e-01 1.313132763990057864e-15
1.404771605964052761e-01 1.548606583489294086e-12
1.410390692387908651e-01 1.966271653349223356e-14
1.416032255157460562e-01 4.663435140196394114e-12
1.421696384178090522e-01 2.920237235308874546e-16
1.427383169714803168e-01 4.513805094163328101e-13
1.433092702393662099e-01 4.715428754578840507e-11
1.438825073203236771e-01 2.034873504315702758e-12
1.444580373496049674e-01 6.415986125189234723e-11
1.450358694990033503e-01 1.975395838887167614e-12
1.456160129769993872e-01 5.734487427794176711e-11
1.461984770289073976e-01 2.189686199016247273e-10
1.467832709370230082e-01 1.386137102167937241e-11
1.473704040207710897e-01 2.095309258467625206e-10
1.479598856368541382e-01 1.685543331460665908e-13
1.485517251794015725e-01 7.755298826876321987e-11
1.491459320801191979e-01 2.826322777326939168e-10
1.497425158084396690e-01 1.517630789605060757e-11
1.503414858716734248e-01 4.879537599632273080e-09
1.509428518151600951e-01 2.402516421249831926e-10
1.515466232224207677e-01 1.983805365195811620e-11
1.521528097153104220e-01 6.766488473133234302e-08
1.527614209541716672e-01 1.732290023395014250e-09
1.533724666379883694e-01 6.345225744474855274e-09
1.539859565045403056e-01 5.834689757986754892e-08
1.546019003305584838e-01 6.435315912886095791e-13
1.552203079318807133e-01 3.068588896893802662e-08
1.558411891636082569e-01 6.315580730432903946e-08
1.564645539202626778e-01 1.531504322360393200e-08
1.570904121359437411e-01 1.389741240351058999e-07
1.577187737844875093e-01 9.337532079300848123e-08
1.583496488796254653e-01 2.322613240941222234e-07
1.589830474751439959e-01 4.680733794481731894e-07
1.596189796650445414e-01 1.687308226012175473e-07
1.602574555837047166e-01 3.375273408218495109e-07
1.608984854060395708e-01 8.526656119286314280e-07
1.615420793476636807e-01 4.319702107815882075e-07
1.621882476650543525e-01 1.475721031995362885e-06
1.628370006557145755e-01 1.653698050801164272e-06
1.634883486583374457e-01 2.026897647513460427e-06
1.641423020529707844e-01 5.335631689299707646e-06
1.647988712611826723e-01 1.879723511689636045e-06
1.654580667462274002e-01 2.452478964919638655e-06
1.661198990132123077e-01 7.254833188552883906e-06
1.667843786092651215e-01 5.917126262694393626e-06
1.674515161237022098e-01 1.355590179186661246e-05
1.681213221881969755e-01 1.804213911790111593e-05
1.687938074769497754e-01 2.120082254421509977e-05
1.694689827068575905e-01 5.262470550211456984e-05
1.701468586376850278e-01 3.975679031100564753e-05
1.708274460722357391e-01 2.860195843490546182e-05
1.715107558565246715e-01 5.517704319432820430e-05
1.721967988799507909e-01 4.227405001681150225e-05
1.728855860754705820e-01 5.576558417545126364e-05
1.735771284197724640e-01 1.247813384869786229e-04
1.742714369334515678e-01 1.238482381790994061e-04
1.749685226811853456e-01 1.748914803278543305e-04
1.756683967719100681e-01 3.673192127234765946e-04
1.763710703589977391e-01 5.600410089209108310e-04
1.770765546404337309e-01 4.606086850192640694e-04
1.777848608589954471e-01 4.557325564548999328e-04
1.784960003024314568e-01 5.933289650051381441e-04
1.792099843036411844e-01 6.438773970855902681e-04
1.799268242408557650e-01 1.052225697714980358e-03
1.806465315378191772e-01 9.612384045250933285e-04
1.813691176639704306e-01 1.532087629716850398e-03
1.820945941346263086e-01 2.149723543068854728e-03
1.828229725111648329e-01 2.944884779324090113e-03
1.835542644012094771e-01 2.707180180580145458e-03
1.842884814588143239e-01 3.554026306390426111e-03
1.850256353846495561e-01 4.488347281009950722e-03
1.857657379261881403e-01 5.590116990908237417e-03
1.865088008778928996e-01 7.788230698857040099e-03
1.872548360814044743e-01 8.370954415826026285e-03
1.880038554257300876e-01 1.144115781617272010e-02
1.887558708474330049e-01 1.519932524845212310e-02
1.895108943308226879e-01 1.952009072391436631e-02
1.902689379081460019e-01 2.098540391978844302e-02
1.910300136597785636e-01 2.675572464677350437e-02
1.917941337144176972e-01 3.143284684409230340e-02
1.925613102492753359e-01 3.814437719722016396e-02
1.933315554902724498e-01 4.778862712652075934e-02
1.941048817122335568e-01 5.539364942326450991e-02
1.948813012390824828e-01 6.986783355850395560e-02
1.956608264440388156e-01 8.404022529336696579e-02
1.964434697498149418e-01 1.004121830649877811e-01
1.972292436288141937e-01 1.192505274605992482e-01
1.980181606033294406e-01 1.404453541133851291e-01
1.988102332457427346e-01 1.668585961076353430e-01
1.996054741787257336e-01 1.934336106306185910e-01
2.004038960754406518e-01 2.304262022397967069e-01
2.012055116597424309e-01 2.689663073250349035e-01
2.020103337063813842e-01 3.173155837302654714e-01
2.028183750412069219e-01 3.725230713928282533e-01
2.036296485413717494e-01 4.372316178111783636e-01
2.044441671355372303e-01 5.146469244602853710e-01
2.052619438040793887e-01 6.030143836126989898e-01
2.060829915792957157e-01 7.071975740404857769e-01
2.069073235456129201e-01 8.268937379114585928e-01
2.077349528397953449e-01 9.661794337716785863e-01
2.085658926511545219e-01 1.129122700707967164e+00
2.094001562217591150e-01 1.315576165822315291e+00
2.102377568466461677e-01 1.533306307164316040e+00
2.110787078740327671e-01 1.781984741196794841e+00
2.119230227055288740e-01 2.075735179330512103e+00
2.127707147963510126e-01 2.413496980566413264e+00
2.136217976555363773e-01 2.804714314781428186e+00
2.144762848461585492e-01 3.247288010885596155e+00
2.153341899855431840e-01 3.771775331864000158e+00
2.161955267454853669e-01 4.378215146155208792e+00
2.170603088524672986e-01 5.073111508674783110e+00
2.179285500878772042e-01 5.860318301290273979e+00
2.188002642882286852e-01 6.780385447842203206e+00
2.196754653453815986e-01 7.847465379976958033e+00
2.205541672067631020e-01 9.058750752637125814e+00
2.214363838755901703e-01 1.049150769031082575e+01
2.223221294110925284e-01 1.205586138318641964e+01
2.232114179287369160e-01 1.399029709561564516e+01
2.241042636004518529e-01 1.604887322046301534e+01
2.250006806548536520e-01 1.859203771067935307e+01
2.259006833774730438e-01 2.126259934813567298e+01
2.268042861109829667e-01 2.448016015800322975e+01
2.277115032554268836e-01 2.804390723983461697e+01
2.286223492684485714e-01 3.233524005656783373e+01
2.295368386655223802e-01 3.735471675698931904e+01
2.304549860201844658e-01 4.236154404716556598e+01
2.313768059642651864e-01 4.891631046381036896e+01
2.323023131881222503e-01 5.590403188082053276e+01
2.332315224408747223e-01 6.427571587877098125e+01
2.341644485306381973e-01 7.341446994118798841e+01
2.351011063247607502e-01 8.309841692516053513e+01
2.360415107500598020e-01 9.554818208373674793e+01
2.369856767930600405e-01 1.082283013011463311e+02
2.379336195002322851e-01 1.243167592671081536e+02
2.388853539782332114e-01 1.412227602810301903e+02
2.398408953941461863e-01 1.606272220938907935e+02
2.408002589757227141e-01 1.843980937074487372e+02
2.417634600116256582e-01 2.079696146478356411e+02
2.427305138516721306e-01 2.388483647558893779e+02
2.437014359070788505e-01 2.709023050467651501e+02
2.446762416507071713e-01 3.105208534365693254e+02
2.456549466173099938e-01 3.486885127816823342e+02
2.466375664037792625e-01 3.958718236456262503e+02
2.476241166693943785e-01 4.498039206893778896e+02
2.486146131360719436e-01 5.029528327131706646e+02
2.496090715886161993e-01 5.723290447849772136e+02
2.506075078749706586e-01 6.458723781360422436e+02
2.516099379064705155e-01 7.309675587662536600e+02
2.526163776580964138e-01 8.303108760447909162e+02
2.536268431687287994e-01 9.400005476997031337e+02
2.546413505414037437e-01 1.061271526030007863e+03
2.556599159435693491e-01 1.188260468848652408e+03
2.566825556073435988e-01 1.332224299563034265e+03
2.577092858297729827e-01 1.502063106139087040e+03
2.587401229730920682e-01 1.685944065213843942e+03
2.597750834649844576e-01 1.899720088306905836e+03
2.608141837988444123e-01 2.135087218832816234e+03
2.618574405340398092e-01 2.399673442393090681e+03
2.629048702961759298e-01 2.694249426752020554e+03
2.639564897773606367e-01 3.017223459323894531e+03
2.650123157364701054e-01 3.378207697315684982e+03
2.660723649994159445e-01 3.783076687378555107e+03
2.671366544594135917e-01 4.231863933622076729e+03
2.682052010772512096e-01 4.735998832712311014e+03
2.692780218815602478e-01 5.293628146736123199e+03
2.703551339690865030e-01 5.915006194231455993e+03
2.714365545049627904e-01 6.604509333415793662e+03
2.725223007229827243e-01 7.369728914827530389e+03
2.736123899258746106e-01 8.218959221097189584e+03
2.747068394855781692e-01 9.162890950632661770e+03
2.758056668435204806e-01 1.020873107045194047e+04
2.769088895108945403e-01 1.136838774574040872e+04
2.780165250689380918e-01 1.265297381626360220e+04
2.791285911692138466e-01 1.407562090157761668e+04
2.802451055338907038e-01 1.565022397899298630e+04
2.813660859560263017e-01 1.739214100080780554e+04
2.824915502998503469e-01 1.931813180436336188e+04
2.836215165010497197e-01 2.144652486451568984e+04
2.847560025670539119e-01 2.379734548637627813e+04
2.858950265773221866e-01 2.639248296125821435e+04
2.870386066836315142e-01 2.925581163659355298e+04
2.881867611103660631e-01 3.241338325784919289e+04
2.893395081548075787e-01 3.589361056220785395e+04
2.904968661874267610e-01 3.972745295416997396e+04
2.916588536521764197e-01 4.394863763990448933e+04
2.928254890667851273e-01 4.859386471903487836e+04
2.939967910230522619e-01 5.370308492342516547e+04
2.951727781871444911e-01 5.931972891853655892e+04
2.963534692998930908e-01 6.549098526785148715e+04
2.975388831770926501e-01 7.226813828931799799e+04
2.987290387098009981e-01 7.970689725599042140e+04
2.999239548646402409e-01 8.786742812941719603e+04
3.011236506840988536e-01 5.441313101081051718e+04
3.023281452868351593e-01 5.863817949138637778e+04
3.035374578679824742e-01 3.252691413367926361e+04
3.047516076994544187e-01 6.904332331350492314e+04
3.059706141302522830e-01 7.892911123299191240e+04
3.071944965867733357e-01 8.289747628060494026e+04
3.084232745731204095e-01 7.994783124371115991e+04
3.096569676714128194e-01 3.530933974302709248e+04
3.108955955420985018e-01 3.631901092717708525e+04
3.121391779242668751e-01 8.733467815026936296e+04
3.133877346359639215e-01 9.482832324458155199e+04
3.146412855745078230e-01 9.362496482758196362e+04
3.158998507168058190e-01 8.806381772428732074e+04
3.171634501196730627e-01 7.852439808750848169e+04
3.184321039201517545e-01 6.488435656718022074e+04
3.197058323358323295e-01 4.572658598441899812e+04
3.209846556651756444e-01 1.566867066691425680e+04
3.222685942878363852e-01 4.934804118791876135e+03
3.235576686649877520e-01 8.574973410374577725e+03
3.248518993396476984e-01 2.950546994437349440e+03
3.261513069370062801e-01 5.652174970263220075e+02
3.274559121647543369e-01 6.219051582679374235e+01
3.287657358134133401e-01 2.573347074372428267e+00
3.300807987566670154e-01 3.729736470072163301e-02
3.314011219516936890e-01 5.461020261809264031e-01
3.327267264395004642e-01 2.717472491306697790e+01
3.340576333452584534e-01 4.011622630328163268e+02
3.353938638786395088e-01 2.966132793209340434e+03
3.367354393341540630e-01 1.346665844896565613e+04
3.380823810914907468e-01 3.975576647151492216e+04
3.394347106158566718e-01 8.580475284512939106e+04
3.407924494583201014e-01 1.459047438685880916e+05
3.421556192561533982e-01 1.866444772348629194e+05
3.435242417331779707e-01 9.691598554764348955e+04
3.448983387001106626e-01 4.626686370527467261e+03
3.462779320549111417e-01 2.182621530281308223e+05
3.476630437831307319e-01 5.960167068882526364e+05
3.490536959582632992e-01 8.804995441974778660e+05
3.504499107420963600e-01 1.128971909555479651e+06
3.518517103850647421e-01 1.372393908266735962e+06
3.532591172266050239e-01 1.620458908832254587e+06
3.546721536955114717e-01 1.879086754414615221e+06
3.560908423102934761e-01 2.151437677303974051e+06
3.575152056795346533e-01 2.439575761774122249e+06
3.589452665022527800e-01 2.745414830117505509e+06
3.603810475682617254e-01 3.070615669194937684e+06
3.618225717585348278e-01 3.416808112870429177e+06
3.632698620455689364e-01 3.785485245923823677e+06
3.647229414937512293e-01 4.178426950517765246e+06
3.661818332597261971e-01 4.597360671380816028e+06
3.676465605927651259e-01 5.043845056896401569e+06
3.691171468351361895e-01 5.519611054338868707e+06
3.705936154224767076e-01 6.026290605708771385e+06
3.720759898841666247e-01 6.565545760279403068e+06
3.735642938437032656e-01 7.138971766561954282e+06
3.750585510190780902e-01 7.747770865436178632e+06
3.765587852231543908e-01 8.393262677413094789e+06
3.780650203640470441e-01 9.076132594880903140e+06
3.795772804455032068e-01 9.796834262023910880e+06
3.810955895672852312e-01 1.055455740311219543e+07
3.826199719255543585e-01 1.134667496899838746e+07
3.841504518132565771e-01 1.217082959835267998e+07
3.856870536205096456e-01 1.302163372728767246e+07
3.872298018349916715e-01 1.388314387290475518e+07
3.887787210423316320e-01 1.473873064436574094e+07
3.903338359265008939e-01 1.555622645779695176e+07
3.918951712702069545e-01 1.628289541677475721e+07
3.934627519552877928e-01 1.682595685282185674e+07
3.950366029631089404e-01 1.702756100767594948e+07
3.966167493749613859e-01 1.660224941762096435e+07
3.982032163724612550e-01 1.503912537217150256e+07
3.997960292379510450e-01 1.154131960243362561e+07
4.013952133549028578e-01 5.693267527069156058e+06
4.030007942083224659e-01 8.133022167024973314e+05
4.046127973851557647e-01 1.066945941117521397e+04
4.062312485746963908e-01 8.554339129490072373e+05
4.078561735689951728e-01 7.100780727093255147e+06
4.094875982632711353e-01 1.671666436392212845e+07
4.111255486563242245e-01 2.506626689545189217e+07
4.127700508509495880e-01 3.172604643934840336e+07
4.144211310543532978e-01 3.724692468310540915e+07
4.160788155785707931e-01 4.209068794636338204e+07
4.177431308408850463e-01 4.656215206071243435e+07
4.194141033642486138e-01 5.086738568684480339e+07
4.210917597777056320e-01 5.514795959087716043e+07
4.227761268168164221e-01 5.957582527064813673e+07
4.244672313240837602e-01 6.416900588873703033e+07
4.261651002493800910e-01 6.908600579593400657e+07
4.278697606503775730e-01 7.416841434770764410e+07
4.295812396929790666e-01 7.963432613508112729e+07
4.312995646517510107e-01 8.528824413631203771e+07
4.330247629103580187e-01 9.114668416776940227e+07
4.347568619619994745e-01 9.741838896191214025e+07
4.364958894098474596e-01 1.039507819236589074e+08
4.382418729674867897e-01 1.106587887004897892e+08
4.399948404593567730e-01 1.176417305280509889e+08
4.417548198211941890e-01 1.253451195278165489e+08
4.435218391004789873e-01 1.332230652761326879e+08
4.452959264568808750e-01 1.414712701669518054e+08
4.470771101627084021e-01 1.501696407772493064e+08
4.488654186033592119e-01 1.589107815060561895e+08
4.506608802777726241e-01 1.683907442199462652e+08
4.524635237988837710e-01 1.788061612456259429e+08
4.542733778940792333e-01 1.891911473349023163e+08
4.560904714056555065e-01 1.994480179281755388e+08
4.579148332912781894e-01 1.723545370642619133e+08
4.597464926244433370e-01 1.747699795004831553e+08
4.615854785949410899e-01 1.752442933579394221e+08
4.634318205093208576e-01 1.739869938410877585e+08
4.652855477913582227e-01 1.710137276131576300e+08
4.671466899825236219e-01 1.677760624638969600e+08
4.690152767424536906e-01 1.611217565656112134e+08
4.708913378494234969e-01 1.444349509719726741e+08
4.727749032008212171e-01 1.181883272594405562e+08
4.746660028136244769e-01 8.597940705558572710e+07
4.765646668248789131e-01 5.469659263163783401e+07
4.784709254921784560e-01 2.962854396979971975e+07
4.803848091941470555e-01 1.351911944150476530e+07
4.823063484309236815e-01 5.624022206089645624e+06
4.842355738246474361e-01 2.546059704157841858e+06
4.861725161199459966e-01 1.412888304306701291e+06
4.881172061844257226e-01 9.039613124617079739e+05
4.900696750091634302e-01 6.391406360440809513e+05
4.920299537092001074e-01 4.494419421586889657e+05
4.939980735240369625e-01 3.061045564454768901e+05
4.959740658181330253e-01 2.032270749656354601e+05
4.979579620814056362e-01 1.311539553268999443e+05
4.999497939297311566e-01 8.285462951154778420e+04
5.019495931054501758e-01 5.395888742566206201e+04
5.039573914778719965e-01 4.026476448209321097e+04
5.059732210437835054e-01 3.583516204121702322e+04
5.079971139279585435e-01 3.589259827546095767e+04
5.100291023836703852e-01 3.694800489362909138e+04
5.120692187932051054e-01 3.725096543664819183e+04
5.141174956683780550e-01 3.738285089165371755e+04
5.161739656510514473e-01 3.817545934778139781e+04
5.182386615136556074e-01 3.907213402011425933e+04
5.203116161597103329e-01 3.940596276172615762e+04
5.223928626243490303e-01 3.964825488076060719e+04
5.244824340748465152e-01 4.018662865436966240e+04
5.265803638111459239e-01 4.059794015363694780e+04
5.286866852663905103e-01 4.088016232923578355e+04
5.308014320074561088e-01 4.147488383204035199e+04
5.329246377354859288e-01 4.212719298775230709e+04
5.350563362864277916e-01 4.266928635268205107e+04
5.371965616315735881e-01 4.350755728268859821e+04
5.393453478780998456e-01 4.438110904265307181e+04
5.415027292696121819e-01 4.506617473179198714e+04
5.436687401866906466e-01 4.600538028987676807e+04
5.458434151474373941e-01 4.688662947897899721e+04
5.480267888080271321e-01 4.756981032802605478e+04
5.502188959632591247e-01 4.847114969067557831e+04
5.524197715471121928e-01 4.934804264467697067e+04
5.546294506333006025e-01 5.007210533417294209e+04
5.568479684358338400e-01 5.088066088232546463e+04
5.590753603095770519e-01 5.175079015163495205e+04
5.613116617508153716e-01 5.238529680450817250e+04
5.635569083978186899e-01 5.323682988571417081e+04
5.658111360314097560e-01 5.377441837430783926e+04
5.680743805755354980e-01 5.439527683857363445e+04
5.703466780978375672e-01 5.492324819437566475e+04
5.726280648102289872e-01 5.547647310129943799e+04
5.749185770694699160e-01 5.591250783549998596e+04
5.772182513777477375e-01 5.632877582044230803e+04
5.795271243832587071e-01 5.675993680650602619e+04
5.818452328807918184e-01 5.736168788842550566e+04
5.841726138123150003e-01 5.809969393032169319e+04
5.865093042675643131e-01 5.705623749904739088e+04
5.888553414846344758e-01 5.721576411500006361e+04
5.912107628505729462e-01 6.394809930399392033e+04
5.935756059019753339e-01 7.704257132316128991e+04
5.959499083255832552e-01 9.132294672042904131e+04
5.983337079588855190e-01 1.071530859786812362e+05
6.007270427907210886e-01 1.262822001309131447e+05
6.031299509618840426e-01 1.497558664479573199e+05
6.055424707657315331e-01 1.768818892954842013e+05
6.079646406487945187e-01 2.081677659565495851e+05
6.103964992113897203e-01 2.450751589613268734e+05
6.128380852082353503e-01 2.883843169868228142e+05
6.152894375490681744e-01 3.390108914766366943e+05
6.177505952992645710e-01 3.972406507476824336e+05
6.202215976804615893e-01 4.641881197443303536e+05
6.227024840711834486e-01 5.416171333836695412e+05
6.251932940074681477e-01 6.317553121997650014e+05
6.276940671834980723e-01 7.363427688655281672e+05
6.302048434522321552e-01 8.596851781890600687e+05
6.327256628260409244e-01 1.003148907373196678e+06
6.352565654773452142e-01 1.168752511996571906e+06
6.377975917392545435e-01 1.362438322290345561e+06
6.403487821062116003e-01 1.588882352066735271e+06
6.429101772346363930e-01 1.854287157185806194e+06
6.454818179435749537e-01 2.168756530651056673e+06
6.480637452153492628e-01 2.544967596826213412e+06
6.506560001962106154e-01 2.997661696980844717e+06
6.532586241969955410e-01 3.544670462963877246e+06
6.558716586937833881e-01 4.205278111557273194e+06
6.584951453285585732e-01 4.998143898362386972e+06
6.611291259098727169e-01 5.955908779743502848e+06
6.637736424135122215e-01 7.113003763377652504e+06
6.664287369831662922e-01 8.489469205081170425e+06
6.690944519310989547e-01 1.011447674649115466e+07
6.717708297388232941e-01 1.204676737701000832e+07
6.744579130577786907e-01 1.433318264091127925e+07
6.771557447100098326e-01 1.696734536455444247e+07
6.798643676888498355e-01 1.990346868282722682e+07
6.825838251596052508e-01 2.310848877321432158e+07
6.853141604602436265e-01 2.653186521753071249e+07
6.880554171020846210e-01 3.000634662515424937e+07
6.908076387704928933e-01 3.336257352748457715e+07
6.935708693255748791e-01 3.652283388433383405e+07
6.963451528028771209e-01 4.015578882673095912e+07
6.991305334140887062e-01 4.425452783956254274e+07
7.019270555477450380e-01 4.913733920625800639e+07
7.047347637699360456e-01 5.487781880516184121e+07
7.075537028250157290e-01 6.118582602634873986e+07
7.103839176363159202e-01 6.779430786337859929e+07
7.132254533068611568e-01 7.474108100775800645e+07
7.160783551200886610e-01 8.134029227258180082e+07
7.189426685405689854e-01 8.799189532417729497e+07
7.218184392147313222e-01 9.451781815226961672e+07
7.247057129715901436e-01 9.926199048285160959e+07
7.276045358234763949e-01 1.036064117933300436e+08
7.305149539667704639e-01 1.058703997015249431e+08
7.334370137826373703e-01 1.083668428669810742e+08
7.363707618377679509e-01 1.097087404248835146e+08
7.393162448851190449e-01 1.105392555086651593e+08
7.422735098646596752e-01 1.100094815237441361e+08
7.452426039041182282e-01 1.088683306937335283e+08
7.482235743197346300e-01 1.067753109308328480e+08
7.512164686170136330e-01 1.022831825852105319e+08
7.542213344914817652e-01 9.766458437888896465e+07
7.572382198294477229e-01 9.203154059852890670e+07
7.602671727087656484e-01 8.078446751008401811e+07
7.633082413996006288e-01 4.821177473612383753e+07
7.663614743651989691e-01 6.953796005597948097e+06
7.694269202626597970e-01 9.268403868335489184e+06
7.725046279437104424e-01 3.764999608378680795e+07
7.755946464554852593e-01 7.273346883139377832e+07
7.786970250413072225e-01 1.122981545640130639e+08
7.818118131414724115e-01 1.484492523173927069e+08
7.849390603940383793e-01 1.820014121020452976e+08
7.880788166356144098e-01 2.187541727756296396e+08
7.912311319021569922e-01 2.595895771531640887e+08
7.943960564297655180e-01 3.056247005458800793e+08
7.975736406554845281e-01 3.570818202530098557e+08
8.007639352181065151e-01 4.132397370808858871e+08
8.039669909589789443e-01 4.728006097138456702e+08
8.071828589228148276e-01 5.371473497360221148e+08
8.104115903585061842e-01 6.045998719560934305e+08
8.136532367199402760e-01 6.749119433809665442e+08
8.169078496668199518e-01 7.512948580043010712e+08
8.201754810654874328e-01 8.025618861884611845e+08
8.234561829897493190e-01 9.468921865526882410e+08
8.267500077217083687e-01 1.075194840384872198e+09
8.300570077525952772e-01 1.189154773084719181e+09
8.333772357836056743e-01 1.315009880655565023e+09
8.367107447267401188e-01 1.448529360770387888e+09
8.400575877056470908e-01 1.608274643811603785e+09
8.434178180564695371e-01 1.783990318242464304e+09
8.467914893286955236e-01 1.976823751409212351e+09
8.501786552860102208e-01 2.180296802486807823e+09
8.535793699071543283e-01 2.403438371815823078e+09
8.569936873867830540e-01 2.647375232573976994e+09
8.604216621363300899e-01 2.896155403366675854e+09
8.638633487848753623e-01 3.114796071564676285e+09
8.673188021800150027e-01 3.420324416987812996e+09
8.707880773887352044e-01 3.708436361251409054e+09
8.742712296982900755e-01 4.039455403742565155e+09
8.777683146170831563e-01 4.394483367646574974e+09
8.812793878755513788e-01 4.766957728017713547e+09
8.848045054270535781e-01 5.131148284894743919e+09
8.883437234487617795e-01 5.304571905025656700e+09
8.918970983425568155e-01 5.451264306199777603e+09
8.954646867359271623e-01 6.038480956386223793e+09
8.990465454828707736e-01 6.213052174959022522e+09
9.026427316648023558e-01 7.255632216839005470e+09
9.062533025914615292e-01 8.083022762647508621e+09
9.098783158018273198e-01 8.746827102997533798e+09
9.135178290650346478e-01 9.493332688096431732e+09
9.171719003812948134e-01 1.011744210129593658e+10
9.208405879828199803e-01 1.123830511538357353e+10
9.245239503347512100e-01 1.192984100923517036e+10
9.282220461360901620e-01 8.936580584763221741e+09
9.319349343206346781e-01 9.067438773782915115e+09
9.356626740579171431e-01 1.075292506693024445e+10
9.394053247541488405e-01 1.364638391387493706e+10
9.431629460531654185e-01 1.390750095433216667e+10
9.469355978373780180e-01 1.413663096750532150e+10
9.507233402287275092e-01 1.471386130120492744e+10
9.545262335896426142e-01 1.591341810923387337e+10
9.583443385240012491e-01 1.572106454579623795e+10
9.621777158780971950e-01 1.711482430343170166e+10
9.660264267416096562e-01 1.911797635670193481e+10
9.698905324485760371e-01 2.147440173630818176e+10
9.737700945783701600e-01 2.243291173766621780e+10
9.776651749566835914e-01 2.428029958476904678e+10
9.815758356565105203e-01 2.592273502517147827e+10
9.855021389991363012e-01 2.766540134015166855e+10
9.894441475551331022e-01 2.976658983609099579e+10
9.934019241453534432e-01 3.102532291303918457e+10
9.973755318419349480e-01 2.775319814987528229e+10
1.001365033969302543e+00 2.486685704768303680e+10
1.005370494105179757e+00 2.782891942384832001e+10
1.009391976081600362e+00 3.020343951201163483e+10
1.013429543985926884e+00 3.313083656906722260e+10
1.017483262161870350e+00 3.530239541331897736e+10
1.021553195210518128e+00 3.716306774684285736e+10
1.025639407991360219e+00 4.005251097692887115e+10
1.029741965623325539e+00 4.241559608059811401e+10
1.033860933485818867e+00 4.397348763327663422e+10
1.037996377219762012e+00 4.613443430992826080e+10
1.042148362728641198e+00 4.794573402946149445e+10
1.046316956179555557e+00 4.973821022022007751e+10
1.050502224004274066e+00 5.156652466039003754e+10
1.054704232900291139e+00 5.308821029217944336e+10
1.058923049831892227e+00 5.422527054168930817e+10
1.063158742031219628e+00 5.562290829839757538e+10
1.067411376999344741e+00 5.655206399099780273e+10
1.071681022507342096e+00 5.737657902612890625e+10
1.075967746597371377e+00 5.796583888718869019e+10
1.080271617583760779e+00 5.863769962193686676e+10
1.084592704054095913e+00 5.866540681162114716e+10
1.088931074870312044e+00 5.663197214396526337e+10
1.093286799169793433e+00 5.132687504389260864e+10
1.097659946366472461e+00 4.535822956364459991e+10
1.102050586151938294e+00 3.700930498996722412e+10
1.106458788496546219e+00 3.000398308883599854e+10
1.110884623650532532e+00 2.307600205919659424e+10
1.115328162145134749e+00 1.829332144218946075e+10
1.119789474793714934e+00 2.225346237237387466e+10
1.124268632692889902e+00 2.510294720719930267e+10
1.128765707223661430e+00 3.100889083106548309e+10
1.133280770052556230e+00 1.758400478912919235e+10
1.137813893132766374e+00 2.706603668165756607e+10
1.142365148705297484e+00 2.831261119856378937e+10
1.146934609300118479e+00 2.901682638388388443e+10
1.151522347737319096e+00 2.282143750532990265e+10
1.156128437128268516e+00 1.945915058891212463e+10
1.160752950876781542e+00 1.971626332944174194e+10
1.165395962680288999e+00 2.528196563056871796e+10
1.170057546531009907e+00 2.244215826332813644e+10
1.174737776717134086e+00 1.770019905373122787e+10
1.179436727824002773e+00 2.359311219799273300e+10
1.184154474735298557e+00 3.492999941629423523e+10
1.188891092634239977e+00 4.255870770462139130e+10
1.193646657004777012e+00 4.697247534654223633e+10
1.198421243632796118e+00 5.306017164255654907e+10
1.203214928607327261e+00 5.839724323181774902e+10
1.208027788321756724e+00 6.384509768772339630e+10
1.212859899475043468e+00 6.806413440690895844e+10
1.217711339072943710e+00 7.283909285770083618e+10
1.222582184429235275e+00 7.657601947200781250e+10
1.227472513166952384e+00 8.073903208595039368e+10
1.232382403219620226e+00 8.376131914624893188e+10
1.237311932832498407e+00 8.613659438370375061e+10
1.242261180563828615e+00 8.563189350474066162e+10
1.247230225286083849e+00 9.016527476467025757e+10
1.252219146187228072e+00 8.798335865946244812e+10
1.257228022771976983e+00 9.745551632238096619e+10
1.262256934863064783e+00 1.003311542707886810e+11
1.267305962602517155e+00 1.009893896710104370e+11
1.272375186452927354e+00 9.961992212830509949e+10
1.277464687198738957e+00 9.881780221399075317e+10
1.282574545947533950e+00 9.493725281543667603e+10
1.287704844131324133e+00 9.121125112340173340e+10
1.292855663507849417e+00 8.858536411784510803e+10
1.298027086161880783e+00 8.463486367390538025e+10
1.303219194506528344e+00 8.167641732266734314e+10
1.308432071284554521e+00 7.790791666725302124e+10
1.313665799569692760e+00 7.263350353431037903e+10
1.318920462767971591e+00 6.963647322026263428e+10
1.324196144619043336e+00 5.844481907476083374e+10
1.329492929197519491e+00 3.781123221209842682e+10
1.334810900914309650e+00 1.387668189515298843e+10
1.340150144517967101e+00 4.595966109896255493e+09
1.345510745096038852e+00 2.813028140255700588e+09
1.350892788076423212e+00 2.086241909894892931e+09
1.356296359228728932e+00 1.200766809214863300e+09
1.361721544665643879e+00 1.605052106274998426e+09
1.367168430844306393e+00 2.764554268845089436e+09
1.372637104567683730e+00 2.787561485725624084e+09
1.378127652985954299e+00 4.745813739072542191e+09
1.383640163597898098e+00 2.344167774193612099e+09
1.389174724252289828e+00 2.649930406448228836e+09
1.394731423149298877e+00 2.087925391358435869e+09
1.400310348841896202e+00 2.557223802678354740e+09
1.405911590237263642e+00 3.069464402861372948e+09
1.411535236598212784e+00 2.356707736497518539e+09
1.417181377544605603e+00 2.708054065124351025e+09
1.422850103054784210e+00 2.983110657452751160e+09
1.428541503467003038e+00 4.586065891071009636e+09
1.434255669480871243e+00 4.011135272476542473e+09
1.439992692158794885e+00 4.666022007128662109e+09
1.445752662927429988e+00 6.881176499492977142e+09
1.451535673579139596e+00 9.528562306790956497e+09
1.457341816273456159e+00 1.170889799470674133e+10
1.463171183538549913e+00 1.137409951941420364e+10
1.469023868272704147e+00 1.091471211232459068e+10
1.474899963745795128e+00 1.350883157230063248e+10
1.480799563600778246e+00 1.477624752350160980e+10
1.486722761855181485e+00 1.607277516493905830e+10
1.492669652902602007e+00 1.852977209104361725e+10
1.498640331514212276e+00 2.129395214257835388e+10
1.504634892840269300e+00 2.308388284624099731e+10
1.510653432411630304e+00 2.434245173189348602e+10
1.516696046141276843e+00 2.730102866246486282e+10
1.522762830325842032e+00 3.116300034719889832e+10
1.528853881647145307e+00 3.352401788450206375e+10
1.534969297173733649e+00 3.638389771973503876e+10
1.541109174362428780e+00 3.916142042166576385e+10
1.547273611059878373e+00 4.292667397911687469e+10
1.553462705504118135e+00 4.346840949883734131e+10
1.559676556326134556e+00 4.368411849083571625e+10
1.565915262551438980e+00 4.539311928324128723e+10
1.572178923601644795e+00 4.681633211116845703e+10
1.578467639296051495e+00 4.633197306640356445e+10
1.584781509853235626e+00 4.583227307211482239e+10
1.591120635892648405e+00 4.323923143739203644e+10
1.597485118436219098e+00 3.923234096055677032e+10
1.603875058909963958e+00 3.265969478843624115e+10
1.610290559145603595e+00 2.544266042021842194e+10
1.616731721382186127e+00 1.965932025844912720e+10
1.623198648267714761e+00 1.561362792839680099e+10
1.629691442860785600e+00 1.379541240087059402e+10
1.636210208632228769e+00 1.458802190940617180e+10
1.642755049466757766e+00 1.609362156265566444e+10
1.649326069664624805e+00 1.761620602629378510e+10
1.655923373943283039e+00 1.689927823896307564e+10
1.662547067439056336e+00 1.717682106388759613e+10
1.669197255708812611e+00 6.918792955118478775e+09
1.675874044731648027e+00 1.120603902804738998e+10
1.682577540910574321e+00 1.383992739502941322e+10
1.689307851074216771e+00 1.249580659113315964e+10
1.696065082478513508e+00 1.075817428554812431e+10
1.702849342808427480e+00 1.049429048110963821e+10
1.709660740179661298e+00 1.280261708154826355e+10
1.716499383140379864e+00 1.230523931715621376e+10
1.723365380672941427e+00 1.346955283829750443e+10
1.730258842195633306e+00 1.121958893814767265e+10
1.737179877564415831e+00 1.048141776352361679e+10
1.744128597074673603e+00 1.045984374070532417e+10
1.751105111462972097e+00 1.039309492535879898e+10
1.758109531908824241e+00 8.849909017471267700e+09
1.765141970036459451e+00 7.344770964440367699e+09
1.772202537916605314e+00 6.591455759678452492e+09
1.779291348068271716e+00 5.796118601902482986e+09
1.786408513460544745e+00 4.826804703779870033e+09
1.793554147514387020e+00 3.260850288733211517e+09
1.800728364104444257e+00 3.759570571717451096e+09
1.807931277560862249e+00 2.980465058895681381e+09
1.815163002671105641e+00 3.456543734551684856e+09
1.822423654681789795e+00 3.897562051505186558e+09
1.829713349300517100e+00 2.519258996845130444e+09
1.837032202697718830e+00 2.601979159768693447e+09
1.844380331508509885e+00 3.304765323368708611e+09
1.851757852834543527e+00 2.936888869436935425e+09
1.859164884245881888e+00 2.210866531951655865e+09
1.866601543782865358e+00 1.736448216335181236e+09
1.874067949957996859e+00 2.309988750457816601e+09
1.881564221757828781e+00 4.875653250838892937e+09
1.889090478644860127e+00 4.538319471079908371e+09
1.896646840559439662e+00 5.550872350791181564e+09
1.904233427921677269e+00 4.039272810120770931e+09
1.911850361633363971e+00 4.347055375262860298e+09
1.919497763079897279e+00 3.917942683027612686e+09
1.927175754132217200e+00 3.080016107261722088e+09
1.934884457148745796e+00 2.790751850407848358e+09
1.942623994977340729e+00 2.576776236519275188e+09
1.950394490957250149e+00 3.431346354957942486e+09
1.958196068921079336e+00 3.117050069987620831e+09
1.966028853196763793e+00 4.238218392788462639e+09
1.973892968609550991e+00 4.135210032803103924e+09
1.981788540483989447e+00 5.084584990868898392e+09
1.989715694645925126e+00 5.455953471465323448e+09
1.997674557424508723e+00 6.393927567273359299e+09
2.005665255654207169e+00 6.842403681848373413e+09
2.013687916676823786e+00 7.308564035358769417e+09
2.021742668343530891e+00 7.786282526406941414e+09
2.029829639016905052e+00 7.886465000172440529e+09
2.037948957572972564e+00 8.424667065176484108e+09
2.046100753403264694e+00 8.851295413734359741e+09
2.054285156416877811e+00 8.964825347081960678e+09
2.062502297042545507e+00 9.136999976297937393e+09
2.070752306230715600e+00 9.173398698542789459e+09
2.079035315455638244e+00 9.016371651773298264e+09
2.087351456717461140e+00 8.982525096043193817e+09
2.095700862544330967e+00 8.757136282235412598e+09
2.104083665994508134e+00 8.538581502051374435e+09
2.112500000658485977e+00 8.279844807320821762e+09
2.120950000661120161e+00 7.952035502720163345e+09
2.129433800663764753e+00 7.625334311742706299e+09
2.137951535866419839e+00 7.323765200047543526e+09
2.146503342009885351e+00 6.915314368774286270e+09
2.155089355377924676e+00 6.552924284924332619e+09
2.163709712799436691e+00 5.895818577725526810e+09
2.172364551650634468e+00 5.763866298983089447e+09
2.181054009857236853e+00 5.157334823047945976e+09
2.189778225896665376e+00 4.387202556168654442e+09
2.198537338800252705e+00 2.402343786440738678e+09
2.207331488155453325e+00 2.124817937122475386e+09
2.216160814108075083e+00 2.893049259820709229e+09
2.225025457364507631e+00 2.553232601886894703e+09
2.233925559193965515e+00 2.084920203259580851e+09
2.242861261430741493e+00 1.703863842551784039e+09
2.251832706476463830e+00 1.542670935303048134e+09
2.260840037302370042e+00 1.325742401101182699e+09
2.269883397451579299e+00 1.557674629154755354e+09
2.278962931041386142e+00 1.356006473006545067e+09
2.288078782765551100e+00 1.177399537115318537e+09
2.297231097896613505e+00 1.137018992956508398e+09
2.306420022288200311e+00 1.719494274212111950e+09
2.315645702377353121e+00 1.639850457121818066e+09
2.324908285186861878e+00 9.689016761658161879e+08
2.334207918327609654e+00 9.276863144935343266e+08
2.343544750000919663e+00 8.711350816782550812e+08
2.352918929000923143e+00 1.070251718137574315e+09
2.362330604716927240e+00 1.446186989138833523e+09
2.371779927135795329e+00 8.678831203141192198e+08
2.381267046844337987e+00 1.057009431295193672e+09
2.390792115031715070e+00 1.462924362240728378e+09
2.400355283491842240e+00 1.697519356689951420e+09
2.409956704625809465e+00 1.938331093703668833e+09
2.419596531444312859e+00 1.914558150252464533e+09
2.429274917570089620e+00 2.118780590178528547e+09
2.438992017240370291e+00 2.209582695207729816e+09
2.448747985309331465e+00 2.254371787483971119e+09
2.458542977250568917e+00 2.573386272361445427e+09
2.468377149159570738e+00 2.539109794978200912e+09
2.478250657756209563e+00 2.316257509495769978e+09
2.488163660387234355e+00 2.439161705814371109e+09
2.498116315028783063e+00 2.377443558416596889e+09
2.508108780288898387e+00 1.755385606374401569e+09
2.518141215410053757e+00 1.573344705889496088e+09
2.528213780271693967e+00 1.170031962275096416e+09
2.538326635392781139e+00 1.223128346689120531e+09
2.548479941934351789e+00 8.607852215480697155e+08
2.558673861702089436e+00 1.220594832056156635e+09
2.568908557148898097e+00 8.970934655579569340e+08
2.579184191377493551e+00 9.224533124746912718e+08
2.589500928143003478e+00 8.208035786222101450e+08
2.599858931855575594e+00 1.044807066284667850e+09
2.610258367582998229e+00 1.394268506604769707e+09
2.620699401053329769e+00 1.693270602221926212e+09
2.631182198657543214e+00 1.583626667486190319e+09
2.641706927452173392e+00 2.704246011645833015e+09
2.652273755161981938e+00 2.269755911874811649e+09
2.662882850182629824e+00 1.214643107249598265e+09
2.673534381583360542e+00 5.441557863650809526e+08
2.684228519109693956e+00 6.353866476692373753e+08
2.694965433186132575e+00 1.028439643508715987e+09
2.705745294918877164e+00 1.003422596230509043e+09
2.716568276098552559e+00 1.129386893998320103e+09
2.727434549202946812e+00 2.060826891744412422e+09
2.738344287399758326e+00 1.070403436542130351e+09
2.749297664549357201e+00 2.173458835645734787e+09
2.760294855207554576e+00 1.144505206340153933e+09
2.771336034628385292e+00 1.212913996471050739e+09
2.782421378766898545e+00 9.192489448349627256e+08
2.793551064281966312e+00 1.781046277049120426e+09
2.804725268539093985e+00 1.015974556257581830e+09
2.815944169613250558e+00 1.492406556059184551e+09
2.827207946291703244e+00 2.296735000350011349e+09
2.838516778076869862e+00 1.441802916895324230e+09
2.849870845189177437e+00 1.823054535732944727e+09
2.861270328569933685e+00 2.228258729067671299e+09
2.872715409884213589e+00 2.114756012702572107e+09
2.884206271523750420e+00 2.472008772332201481e+09
2.895743096609845413e+00 2.706861394274262905e+09
2.907326068996284985e+00 2.678164267475709915e+09
2.918955373272270393e+00 3.331554867113284588e+09
2.930631194765359826e+00 4.074906227618301392e+09
2.942353719544420709e+00 3.815497415063614845e+09
2.954123134422598440e+00 3.659795202782699108e+09
2.965939626960289122e+00 3.729636090618243217e+09
2.977803385468130504e+00 3.656394286399585724e+09
2.989714599010003138e+00 4.036348294430894375e+09
3.001673457406043077e+00 2.564616340060473442e+09
3.013680151235667015e+00 4.191313837217251778e+09
3.025734871840609408e+00 4.624681351996040344e+09
3.037837811327972037e+00 4.681425871570629120e+09
3.049989162573283785e+00 3.557454831204820633e+09
3.062189119223576395e+00 3.851490203212417126e+09
3.074437875700470890e+00 3.115047052686730862e+09
3.086735627203272880e+00 2.755153286225341797e+09
3.099082569712085622e+00 2.468384106934494495e+09
3.111478899990933744e+00 2.169309715568017483e+09
3.123924815590897186e+00 2.208607745465540409e+09
3.136420514853261121e+00 1.548224892987697124e+09
3.148966196912674320e+00 1.333441800189768791e+09
3.161562061700325277e+00 9.588373780659426451e+08
3.174208309947126327e+00 9.356709888445059061e+08
3.186905143186915090e+00 7.838950625689544678e+08
3.199652763759662566e+00 7.213088239253839254e+08
3.212451374814701222e+00 7.810431823626824617e+08
3.225301180313960625e+00 7.358094141796215773e+08
3.238202385035215958e+00 8.047153850619899035e+08
3.251155194575356955e+00 8.913349707308852673e+08
3.264159815353658622e+00 1.076724628754956245e+09
3.277216454615073271e+00 1.445929317984473705e+09
3.290325320433533207e+00 1.700990341872409582e+09
3.303486621715267635e+00 1.514479264551639080e+09
3.316700568202128441e+00 1.942584720161657631e+08
3.329967370474937294e+00 1.866341791956074536e+08
3.343287239956836743e+00 5.795351724513076544e+08
3.356660388916663962e+00 1.005750552760947108e+09
3.370087030472330714e+00 1.193050182746749878e+09
3.383567378594220187e+00 1.087998360007911205e+09
3.397101648108596716e+00 9.825087595956355333e+08
3.410690054701031482e+00 9.496771897734944820e+08
3.424332814919834878e+00 9.252511964868632555e+08
3.438030146179514634e+00 9.314905095592403412e+08
3.451782266764232610e+00 9.089754031172353029e+08
3.465589395831289998e+00 1.027980646290565610e+09
3.479451753414614767e+00 1.007831959125319123e+09
3.493369560428273068e+00 1.187912345988007069e+09
3.507343038669985980e+00 1.455533412404964924e+09
3.521372410824665788e+00 1.497226204285689354e+09
3.535457900467964709e+00 1.454839312776636362e+09
3.549599732069836477e+00 1.688054685994417191e+09
3.563798130998116154e+00 1.861728793097138882e+09
3.578053323522108364e+00 2.143160578963389635e+09
3.592365536816196858e+00 2.409331974769016266e+09
3.606734998963461614e+00 2.390401883781529427e+09
3.621161938959315041e+00 2.926161720002580643e+09
3.635646586715152839e+00 3.526134277076301098e+09
3.650189173062013293e+00 3.827016822984624863e+09
3.664789929754260545e+00 4.374825357618637085e+09
3.679449089473277645e+00 5.016787245233204842e+09
3.694166885831170699e+00 4.979577701039813042e+09
3.708943553374495661e+00 5.368516238573720932e+09
3.723779327587993571e+00 5.499920426938973427e+09
3.738674444898345328e+00 6.380945418955780029e+09
3.753629142677938901e+00 6.776160580929969788e+09
3.768643659248651190e+00 6.511387357049477577e+09
3.783718233885645432e+00 6.421319871276944160e+09
3.798853106821188153e+00 7.016140208094282150e+09
3.814048519248473657e+00 8.038293296424908638e+09
3.829304713325467180e+00 9.030418322292045593e+09
3.844621932178768908e+00 7.480733982785194397e+09
3.860000419907484215e+00 8.450289126535756111e+09
3.875440421587113882e+00 8.836646059283876419e+09
3.890942183273462529e+00 9.285315926404827118e+09
3.906505952006555926e+00 9.387551769800949097e+09
3.922131975814582727e+00 9.499036290247257233e+09
3.937820503717840648e+00 1.033498708170948219e+10
3.953571785732711508e+00 1.014165400987862396e+10
3.969386072875642490e+00 1.059381649349281311e+10
3.985263617167145167e+00 1.098643471326461792e+10
4.001204671635814059e+00 1.101788540550929642e+10
4.017209490322357190e+00 1.126678618175698471e+10
4.033278328283646630e+00 1.111845722664518738e+10
4.049411441596781458e+00 1.108211011802693176e+10
4.065609087363168506e+00 1.104646228484545898e+10
4.081871523712622185e+00 1.044344344645834732e+10
4.098199009807472315e+00 1.054156571735837746e+10
4.114591805846702144e+00 1.017449389290385437e+10
4.131050173070089038e+00 9.816155719960985184e+09
4.147574373762369149e+00 1.009203168794348907e+10
4.164164671257418959e+00 9.865438892973651886e+09
4.180821329942449260e+00 9.545776786349710464e+09
4.197544615262219558e+00 1.004305774804574013e+10
4.214334793723269357e+00 9.982869201084335327e+09
4.231192132898162761e+00 9.948771908880397797e+09
4.248116901429755288e+00 9.443638997854574203e+09
4.265109369035473996e+00 9.685450514086162567e+09
4.282169806511615384e+00 9.091726482616685867e+09
4.299298485737661935e+00 6.162281913638129234e+09
4.316495679680612874e+00 5.812981034503201485e+09
4.333761662399335357e+00 7.331867365913888931e+09
4.351096709048932532e+00 7.264899067363787651e+09
4.368501095885127583e+00 7.108940205569478989e+09
4.385975100268668214e+00 5.949239022771998405e+09
4.403519000669743555e+00 4.905163065730051994e+09
4.421133076672422391e+00 4.262053547363316536e+09
4.438817608979111817e+00 3.194663093022016525e+09
4.456572879415028332e+00 2.789938927793790340e+09
4.474399170932688463e+00 2.140733062681428909e+09
4.492296767616419828e+00 1.881601747629959822e+09
4.510265954686884626e+00 1.652655292389204025e+09
4.528307018505633330e+00 1.464506219802660704e+09
4.546420246579655711e+00 1.290250737247381926e+09
4.564605927565974497e+00 1.210063996651718616e+09
4.582864351276237258e+00 1.307285394538289785e+09
4.601195808681342925e+00 1.270980338415946722e+09
4.619600591916067422e+00 1.433157573553734779e+09
4.638078994283731937e+00 1.597751552730141878e+09
4.656631310260867629e+00 2.338498896825835705e+09
4.675257835501911430e+00 2.179445835864090443e+09
4.693958866843916944e+00 1.927225558192396164e+09
4.712734702311292878e+00 1.750828598909893990e+09
4.731585641120538810e+00 1.486188521681521893e+09
4.750511983685020923e+00 1.492635411535209417e+09
4.769514031619761063e+00 1.532269164066938400e+09
4.788592087746240011e+00 1.491092306903068542e+09
4.807746456097224730e+00 1.725306225975690603e+09
4.826977441921613377e+00 1.853783073660345554e+09
4.846285351689299858e+00 1.727508743367064476e+09
4.865670493096057925e+00 2.105473136616604567e+09
4.885133175068442135e+00 2.177492251737660408e+09
4.904673707768715474e+00 2.201216791844193459e+09
4.924292402599791174e+00 2.250674123996078968e+09
4.943989572210189642e+00 2.389128343820165157e+09
4.963765530499030021e+00 2.169683918078863621e+09
4.983620592621027079e+00 3.084745038012115479e+09
5.003555074991511198e+00 3.170983416472557545e+09
5.023569295291476777e+00 2.383487328469330788e+09
5.043663572472643075e+00 3.283198258970344543e+09
5.063838226762532813e+00 3.704476617089066029e+09
5.084093579669583640e+00 3.034092001726625443e+09
5.104429953988261381e+00 3.637572589273414612e+09
5.124847673804215020e+00 3.603888888673968315e+09
5.145347064499431688e+00 2.526351143854331493e+09
5.165928452757428957e+00 3.008942573977169514e+09
5.186592166568458673e+00 3.887899585927856445e+09
5.207338535234733001e+00 2.086917689284816027e+09
5.228167889375671784e+00 3.069532095769738197e+09
5.249080560933174766e+00 3.161851408114812374e+09
5.270076883176907145e+00 2.718419886357575417e+09
5.291157190709615321e+00 2.624900172900918484e+09
5.312321819472453299e+00 2.892602902033961773e+09
5.333571106750343738e+00 3.453956896919465542e+09
5.354905391177344320e+00 1.764759361775039911e+09
5.376325012742054099e+00 2.196764416746172428e+09
5.397830312793021612e+00 2.725137683066219330e+09
5.419421634044193858e+00 1.263811506252160072e+09
5.441099320580370602e+00 2.384081911333386898e+09
5.462863717862692425e+00 1.776345394171067238e+09
5.484715172734142996e+00 2.069566736313233376e+09
5.506654033425078865e+00 2.048660988792511225e+09
5.528680649558780580e+00 1.743740678637429714e+09
5.550795372157015350e+00 1.581561303714824200e+09
5.572998553645643227e+00 1.381581951451482773e+09
5.595290547860225949e+00 1.730684577052253008e+09
5.617671710051667766e+00 1.654122221426031351e+09
5.640142396891874021e+00 1.458025858534351110e+09
5.662702966479441713e+00 1.586995145133826256e+09
5.685353778345359821e+00 1.338550172890106678e+09
5.708095193458740724e+00 1.317047123449525833e+09
5.730927574232576482e+00 1.203082548026387453e+09
5.753851284529505783e+00 1.365780555626974106e+09
5.776866689667624399e+00 1.200888283279896259e+09
5.799974156426294769e+00 1.654719773443030119e+09
5.823174053051999977e+00 9.634510802000482082e+08
5.846466749264207508e+00 1.414497900209919691e+09
5.869852616261264977e+00 1.016039539819461107e+09
5.893332026726310069e+00 1.007394838618258953e+09
5.916905354833215114e+00 1.492509215936188221e+09
5.940572976252548543e+00 9.380844464299314022e+08
5.964335268157558545e+00 1.367263207486823320e+09
5.988192609230189589e+00 1.337002449863765478e+09
6.012145379667110490e+00 1.552481543031690598e+09
6.036193961185778889e+00 1.281791067721418858e+09
6.060338737030522616e+00 1.007272621522323966e+09
6.084580091978644134e+00 1.470287531188684225e+09
6.108918412346558746e+00 1.134018590679344416e+09
6.133354085995945226e+00 1.405433004545535088e+09
6.157887502339929320e+00 1.027265655190578580e+09
6.182519052349287669e+00 1.162474758123802185e+09
6.207249128558685491e+00 1.453376884552549601e+09
6.232078125072920471e+00 1.485799554887769222e+09
6.257006437573212843e+00 1.691326326044798613e+09
6.282034463323505236e+00 1.620875070467486620e+09
6.307162601176800720e+00 1.787222119057692289e+09
6.332391251581507063e+00 1.507198881009002209e+09
6.357720816587833390e+00 1.439552000472135544e+09
6.383151699854184180e+00 1.271670034710402012e+09
6.408684306653601226e+00 8.893890235492635965e+08
6.434319043880215361e+00 9.817835102754046917e+08
6.460056320055736379e+00 8.937247427427840233e+08
6.485896545335958052e+00 6.291465351817363501e+08
6.511840131517302233e+00 8.004374837139511108e+08
6.537887492043371829e+00 9.383639881429952383e+08
6.564039042011545533e+00 7.360003618951029778e+08
6.590295198179591196e+00 6.991412430278028250e+08
6.616656378972309405e+00 7.445744276339001656e+08
6.643123004488199257e+00 7.959859668174817562e+08
6.669695496506150789e+00 8.803632243703650236e+08
6.696374278492176479e+00 1.047748377482139945e+09
6.723159775606144528e+00 8.330025789110360146e+08
6.750052414708568094e+00 1.089615412505052567e+09
6.777052624367403411e+00 8.289580350775034428e+08
6.804160834864871887e+00 8.973187806365865469e+08
6.831377478204331055e+00 9.032974415515553951e+08
6.858702988117148180e+00 6.975167165619508028e+08
6.886137800069615622e+00 1.049940809238893867e+09
6.913682351269895499e+00 1.067937269084008694e+09
6.941337080674975013e+00 1.114429742186093330e+09
6.969102428997675069e+00 8.581126164561275244e+08
6.996978838713665994e+00 9.968528856329011917e+08
7.024966754068519670e+00 9.217502676013599634e+08
7.053066621084793653e+00 7.448998043896034956e+08
7.081278887569133929e+00 8.798095350688223839e+08
7.109604003119409654e+00 7.915530708151139021e+08
7.138042419131887861e+00 7.675668276700127125e+08
7.166594588808414379e+00 6.692118837415016890e+08
7.195260967163648047e+00 6.608332014428733587e+08
7.224042011032302923e+00 6.584745871177964211e+08
7.252938179076432235e+00 6.270999033502414227e+08
7.281949931792737196e+00 5.608365164017177820e+08
7.311077731519908696e+00 5.913083911054451466e+08
7.340322042445988515e+00 4.777274829399165511e+08
7.369683330615771411e+00 5.283477876842505932e+08
7.399162063938235612e+00 5.382443566450170279e+08
7.428758712193988423e+00 5.312835206961722970e+08
7.458473747042765112e+00 4.627752117019175887e+08
7.488307642030935796e+00 5.363367434424089789e+08
7.518260872599060285e+00 6.043368077680636644e+08
7.548333916089456253e+00 6.214038928076970577e+08
7.578527251753813587e+00 6.154548654348430634e+08
7.608841360760829176e+00 6.322213121706025600e+08
7.639276726203872769e+00 7.805120440117831230e+08
7.669833833108687493e+00 3.195746945708867908e+08
7.700513168441122325e+00 3.679272937790312171e+08
7.731315221114887670e+00 3.791822655065328479e+08
7.762240481999347352e+00 4.255805989690023065e+08
7.793289443927344351e+00 4.845904657002025843e+08
7.824462601703054077e+00 5.026653045528814197e+08
7.855760452109866065e+00 5.408116709084115028e+08
7.887183493918306532e+00 5.078578612592484355e+08
7.918732227893980458e+00 5.200463111898511648e+08
7.950407156805555431e+00 5.926394524676858187e+08
7.982208785432777454e+00 6.103070972601091862e+08
8.014137620574508958e+00 5.411654475918233395e+08
8.046194171056805899e+00 5.479780471454241276e+08
8.078378947741034821e+00 5.347656412439138293e+08
8.110692463531997021e+00 6.780785962795177698e+08
8.143135233386125549e+00 5.812838628072115183e+08
8.175707774319670662e+00 5.649099415218414068e+08
8.208410605416949224e+00 5.778099798852450848e+08
8.241244247838615422e+00 6.353712704665549994e+08
8.274209224829968790e+00 6.705936161663749218e+08
8.307306061729288871e+00 6.447748935921492577e+08
8.340535285976207192e+00 6.566630382649614811e+08
8.373897427120111203e+00 6.229783899235385656e+08
8.407393016828594412e+00 6.685774325881220102e+08
8.441022588895906509e+00 7.385496424958846569e+08
8.474786679251490540e+00 7.453121466382807493e+08
8.508685825968495209e+00 6.540219475197440386e+08
8.542720569272368891e+00 7.561469130187199116e+08
8.576891451549458978e+00 8.140453592759101391e+08
8.611199017355655627e+00 7.768037297441418171e+08
8.645643813425078150e+00 7.162833634802761078e+08
8.680226388678779159e+00 8.110585004897004366e+08
8.714947294233493125e+00 8.794686130297380686e+08
8.749807083410427566e+00 8.127241303598588705e+08
8.784806311744070229e+00 7.455708079246970415e+08
8.819945536991047774e+00 8.009582503265496492e+08
8.855225319139009343e+00 9.021721704588036537e+08
8.890646220415566958e+00 8.888763003687888384e+08
8.926208805297228821e+00 7.908441085446112156e+08
8.961913640518417878e+00 7.202628326271384954e+08
8.997761295080492161e+00 8.847405142451381683e+08
9.033752340260813085e+00 8.780739099364684820e+08
9.069887349621856387e+00 8.133366007829574347e+08
9.106166899020346150e+00 8.483047039058891535e+08
9.142591566616424359e+00 8.332928677144603729e+08
9.179161932882891506e+00 8.368365896334319115e+08
9.215878580614422333e+00 7.781256057168322802e+08
9.252742094936881045e+00 9.309735925181354284e+08
9.289753063316627646e+00 7.614783279591645002e+08
9.326912075569895322e+00 7.860780118840458393e+08
9.364219723872173162e+00 8.737699743274042606e+08
9.401676602767663482e+00 8.570614938962780237e+08
9.439283309178733816e+00 8.085881753544642925e+08
9.477040442415447075e+00 7.446211780608845949e+08
9.514948604185111236e+00 8.191815874055773020e+08
9.553008398601852136e+00 8.338883093609783649e+08
9.591220432196260859e+00 8.817860681811922789e+08
9.629585313925044687e+00 8.155177023332743645e+08
9.668103655180747324e+00 7.420572348572255373e+08
9.706776069801470896e+00 8.235919026157209873e+08
9.745603174080676112e+00 8.291428944444884062e+08
9.784585586776998412e+00 8.607739483000149727e+08
9.823723929124106746e+00 8.094544804556657076e+08
9.863018824840601440e+00 7.719147422248182297e+08
9.902470900139965337e+00 7.125669169850022793e+08
9.942080783740523842e+00 8.027526294255172014e+08
9.981849106875488431e+00 8.740092034342473745e+08
1.002177650330298952e+01 8.363729790591422319e+08
1.006186360931619994e+01 7.137500624955246449e+08
1.010211106375346723e+01 7.413201128705490828e+08
1.014251950800847979e+01 8.109984327205146551e+08
1.018308958604051284e+01 8.125590898456754684e+08
1.022382194438467451e+01 8.104223173960969448e+08
1.026471723216221399e+01 7.268280301737784147e+08
1.030577610109086173e+01 6.751124962000981569e+08
1.034699920549522467e+01 3.253767292644709945e+08
1.038838720231720458e+01 3.213970212413328290e+08
1.042994075112647501e+01 3.956233588149966002e+08
1.047166051413097954e+01 4.301300213642544746e+08
1.051354715618750468e+01 4.266098516563924551e+08
1.055560134481225454e+01 4.973195611968089342e+08
1.059782375019150358e+01 5.307583723203606009e+08
1.064021504519226902e+01 4.929976532127877474e+08
1.068277590537303823e+01 4.284690246826303005e+08
1.072550700899452991e+01 3.075759090903183222e+08
1.076840903703050856e+01 3.290823361230710745e+08
1.081148267317863088e+01 4.114580158128446937e+08
1.085472860387134553e+01 4.693106633529893756e+08
1.089814751828683015e+01 4.762125253422549367e+08
1.094174010835997635e+01 4.515076008632912636e+08
1.098550706879341909e+01 4.344109198074263334e+08
1.102944909706859100e+01 4.404547054026568532e+08
1.107356689345686540e+01 5.416340794026923180e+08
1.111786116103069233e+01 5.336895210527485609e+08
1.116233260567481622e+01 5.710315869335026741e+08
1.120698193609751492e+01 5.286431590662829876e+08
1.125180986384190440e+01 4.241221758271828294e+08
1.129681710329727373e+01 5.588256801010817289e+08
1.134200437171046083e+01 5.465975408705196381e+08
1.138737238919730466e+01 5.296441624121661782e+08
1.143292187875409383e+01 5.639111847550952435e+08
1.147865356626910938e+01 4.984540835829230547e+08
1.152456818053418530e+01 4.355422279217822552e+08
1.157066645325632237e+01 4.692752849354274869e+08
1.161694911906934635e+01 4.848496967822741270e+08
1.166341691554562487e+01 4.629825825760431886e+08
1.171007058320780736e+01 3.369502204155751467e+08
1.175691086554063958e+01 4.048982779569603205e+08
1.180393850900279951e+01 4.055055100350371003e+08
1.185115426303881137e+01 4.587152899339969158e+08
1.189855888009096674e+01 4.534335511493690014e+08
1.194615311561133097e+01 4.343944073800812960e+08
1.199393772807377623e+01 3.716711020370860696e+08
1.204191347898607134e+01 4.355806278278900981e+08
1.209008113290201614e+01 3.169998078065396547e+08
1.213844145743362368e+01 4.304313849816168547e+08
1.218699522326335938e+01 4.554670191392273903e+08
1.223574320415641381e+01 3.643872962916533947e+08
1.228468617697303777e+01 3.349880685736967921e+08
1.233382492168093059e+01 3.959980817091496587e+08
1.238316022136765504e+01 2.759783462520868778e+08
1.243269286225312520e+01 3.347063797985828519e+08
1.248242363370213859e+01 3.822185446794208884e+08
1.253235332823694748e+01 2.862464277198023796e+08
1.258248274154989410e+01 2.943192304394876361e+08
1.263281267251609385e+01 3.532285412587499022e+08
1.268334392320615756e+01 3.151053524177635908e+08
1.273407729889898299e+01 2.922261369336433411e+08
1.278501360809457665e+01 3.412426201946754456e+08
1.283615366252695544e+01 2.887239450898051858e+08
1.288749827717706253e+01 2.961660600563061237e+08
1.293904827028577031e+01 3.071919321667237282e+08
1.299080446336691352e+01 2.988070900120034218e+08
1.304276768122038099e+01 2.519933774271618426e+08
1.309493875194526424e+01 2.982670578080033064e+08
1.314731850695304693e+01 2.660163046068191230e+08
1.319990778098085649e+01 2.842964175387463570e+08
1.325270741210477965e+01 2.479004540977089703e+08
1.330571824175319939e+01 2.416347748686099648e+08
1.335894111472021173e+01 2.541561639895545542e+08
1.341237687917909227e+01 2.246901878715662956e+08
1.346602638669580898e+01 2.237327806536762714e+08
1.351989049224258999e+01 2.599435132815664709e+08
1.357397005421156067e+01 2.469525507638185322e+08
1.362826593442840917e+01 2.440095030871524215e+08
1.368277899816612297e+01 2.414674049838778377e+08
1.373751011415878942e+01 2.282929009340180755e+08
1.379246015461542463e+01 2.415334151520602107e+08
1.384762999523388416e+01 2.258760841272109151e+08
1.390302051521481808e+01 2.084703784969792366e+08
1.395863259727567751e+01 1.792361540261168182e+08
1.401446712766477987e+01 1.423656011258166432e+08
1.407052499617543972e+01 2.120034959199133217e+08
1.412680709616014063e+01 2.148316535242097676e+08
1.418331432454478147e+01 1.866577162060704827e+08
1.424004758184296193e+01 2.052517318599334657e+08
1.429700777217033369e+01 2.060934677622205317e+08
1.435419580325901379e+01 1.888363063018153906e+08
1.441161258647204946e+01 1.865685561784318984e+08
1.446925903681793812e+01 1.783008750740750134e+08
1.452713607296521126e+01 1.709431213067152500e+08
1.458524461725707155e+01 2.056647055827423632e+08
1.464358559572609764e+01 2.023172928042207658e+08
1.470215993810900557e+01 1.954566346923248768e+08
1.476096857786143879e+01 2.027763263765686750e+08
1.482001245217288599e+01 1.885358539805873930e+08
1.487929250198157760e+01 1.667931604692457616e+08
1.493880967198950316e+01 1.683901407419342697e+08
1.499856491067746056e+01 1.796145051615270376e+08
1.505855917032016933e+01 1.741282005837309062e+08
1.511879340700144958e+01 1.849084609932399094e+08
1.517926858062945605e+01 1.595688392204714119e+08
1.523998565495197433e+01 1.868494320357531607e+08
1.530094559757178274e+01 1.814901773181182742e+08
1.536214937996206764e+01 1.595359809109102488e+08
1.542359797748191674e+01 1.609693513595429361e+08
1.548529236939184450e+01 1.554938342093520463e+08
1.554723353886941339e+01 1.368648049002678096e+08
1.560942247302489072e+01 1.394503293459651172e+08
1.567186016291699069e+01 1.486322189137385488e+08
1.573454760356865556e+01 1.248147270103944987e+08
1.579748579398293096e+01 1.265756354561761916e+08
1.586067573715886247e+01 1.388497709002021551e+08
1.592411844010749888e+01 1.367657765759771168e+08
1.598781491386792730e+01 1.122320458758560568e+08
1.605176617352340074e+01 1.400258654243125021e+08
1.611597323821749228e+01 1.253211937885847986e+08
1.618043713117036120e+01 1.410628695557703376e+08
1.624515887969504391e+01 1.155206229595776498e+08
1.631013951521382310e+01 1.251695140930279195e+08
1.637538007327468037e+01 1.310859824862937629e+08
1.644088159356778078e+01 1.296722304205401391e+08
1.650664511994205341e+01 1.226083267173349857e+08
1.657267170042182158e+01 1.192875040636592954e+08
1.663896238722350418e+01 9.964041486715447903e+07
1.670551823677240222e+01 1.132711301227449328e+08
1.677234030971949608e+01 1.313004132056641430e+08
1.683942967095837062e+01 1.170378210531918555e+08
1.690678738964220429e+01 1.002427225303232223e+08
1.697441453920077237e+01 1.097881275605210960e+08
1.704231219735757108e+01 1.262963386577440053e+08
1.711048144614700561e+01 8.973108230024066567e+07
1.717892337193159236e+01 1.063935128972695619e+08
1.724763906541932101e+01 9.824714755184502900e+07
1.731662962168099895e+01 1.017220668755331188e+08
1.738589614016772344e+01 8.072108424569717050e+07
1.745543972472839300e+01 1.057221483410146832e+08
1.752526148362730751e+01 9.470075069268257916e+07
1.759536252956181812e+01 9.585187350540868938e+07
1.766574397968006238e+01 9.812994416772100329e+07
1.773640695559878466e+01 9.022425602920272946e+07
1.780735258342117433e+01 9.495759018834508955e+07
1.787858199375486024e+01 9.950234242448462546e+07
1.795009632172988034e+01 8.200550042418198287e+07
1.802189670701679702e+01 9.066654242708097398e+07
1.809398429384486562e+01 9.038699692777335644e+07
1.816636023102024211e+01 6.967780443382477760e+07
1.823902567194432578e+01 8.199900266879695654e+07
1.831198177463210186e+01 8.342083578784286976e+07
1.838522970173062987e+01 8.331257957218562067e+07
1.845877062053754969e+01 8.483886165180042386e+07
1.853260570301970134e+01 7.099343474202740192e+07
1.860673612583178027e+01 6.604869566926745325e+07
1.868116307033510637e+01 7.340794268663625419e+07
1.875588772261644976e+01 7.275609521244196594e+07
1.883091127350691352e+01 9.110170319610017538e+07
1.890623491860094063e+01 8.030832449198777974e+07
1.898185985827534594e+01 6.261168128876851499e+07
1.905778729770844748e+01 7.749555892657375336e+07
1.913401844689928311e+01 7.672664265237346292e+07
1.921055452068688041e+01 6.632994668252696842e+07
1.928739673876962968e+01 5.787843122733718902e+07
1.936454632572470658e+01 5.902031279195018113e+07
1.944200451102760141e+01 4.962348640895663947e+07
1.951977252907171589e+01 6.483883631049289554e+07
1.959785161918800256e+01 5.482669564378862083e+07
1.967624302566475691e+01 6.029148509863179177e+07
1.991079942767366973e+01 5.682519778442829847e+07
2.030901541622714390e+01 5.219281680545632541e+07
2.071519572455168756e+01 5.162382280227260292e+07
2.112949963904272010e+01 4.250003337124775350e+07
2.155208963182357707e+01 4.146917483059258014e+07
2.198313142446004420e+01 3.841643278999343514e+07
2.242279405294924643e+01 3.419484892882278562e+07
2.287124993400822959e+01 3.583701156735727936e+07
2.332867493268839709e+01 3.499869949606565386e+07
2.379524843134216638e+01 2.573538741849075258e+07
2.427115339996900900e+01 3.252751093870767578e+07
2.475657646796839018e+01 2.719157270933061838e+07
2.525170799732775961e+01 2.068237263664453849e+07
2.575674215727431715e+01 2.422789170282167941e+07
2.627187700041980278e+01 2.146782851438885927e+07
2.679731454042819649e+01 1.696169584859983250e+07
2.733326083123676042e+01 2.074675331989734992e+07
2.787992604786149542e+01 1.640976113065961376e+07
2.843752456881871993e+01 1.246899789470152557e+07
2.900627506019509738e+01 1.476454462522740848e+07
2.958640056139899599e+01 1.306416111645168811e+07
3.017812857262697435e+01 1.248136818664521165e+07
3.078169114407952023e+01 9.941264336652345955e+06
3.139732496696110431e+01 1.135576397908377089e+07
3.202527146630033172e+01 1.005868311356997117e+07
3.266577689562632969e+01 8.987574024550730363e+06
3.331909243353885586e+01 7.579995350427734666e+06
3.398547428220963695e+01 8.601314792030027136e+06
3.466518376785383282e+01 6.766160509758472443e+06
3.535848744321090464e+01 5.897819740853427909e+06
3.606565719207512188e+01 5.631384752153996378e+06
3.678697033591662802e+01 5.780529874356292188e+06
3.752270974263496583e+01 5.188613984400253743e+06
3.827316393748766643e+01 5.846070243038206361e+06
3.903862721623740839e+01 4.399170086854724213e+06
3.981939976056215613e+01 3.966996822195537854e+06
4.061578775577340394e+01 3.442025297661392018e+06
4.142810351088887444e+01 4.259430939630247653e+06
4.225666558110664539e+01 3.622259102837167215e+06
4.310179889272878029e+01 2.904259312811412849e+06
4.396383487058335504e+01 2.678481296043173410e+06
4.484311156799503095e+01 2.553948252597671468e+06
4.573997379935492091e+01 2.567960925495149568e+06
4.665477327534202345e+01 2.086090766055463348e+06
4.758786874084886165e+01 2.133024263897468336e+06
4.853962611566583973e+01 2.098528239439346828e+06
4.951041863797915710e+01 1.680384516862888122e+06
5.050062701073873939e+01 1.613403518944955664e+06
5.151063955095351332e+01 1.463953661652141949e+06
5.254085234197258103e+01 1.677292612988658017e+06
5.359166938881203635e+01 1.448972740683463169e+06
5.466350277658827395e+01 1.336463842740799068e+06
5.575677283212004198e+01 1.107284122734511737e+06
5.687190828876244098e+01 9.981306118727099383e+05
5.800934645453768468e+01 9.988932564851719653e+05
5.916953338362844050e+01 9.429723899813328171e+05
6.035292405130100946e+01 8.768724285557991825e+05
6.155998253232701956e+01 9.131558415152729722e+05
6.279118218297357146e+01 6.965085550594177330e+05
6.404700582663303976e+01 6.479160417844064068e+05
6.532794594316570169e+01 5.961353118706856621e+05
6.663450486202900436e+01 5.265565360042134998e+05
6.796719495926959098e+01 5.916992792043382069e+05
6.932653885845499531e+01 5.809152975126076490e+05
7.071306963562409464e+01 4.655665705138984486e+05
7.212733102833657028e+01 3.898172292674644268e+05
7.356987764890331505e+01 4.138247229090101318e+05
7.504127520188137623e+01 3.523724100549058639e+05
7.654210070591901172e+01 3.619935476429740665e+05
7.807294272003738911e+01 3.120152105546079692e+05
7.963440157443814371e+01 3.073245406440686784e+05
8.122708960592690630e+01 2.632523784218095243e+05
8.285163139804545551e+01 2.403360490568313689e+05
8.450866402600635752e+01 2.263454701284184994e+05
8.619883730652648524e+01 2.443432025463701575e+05
8.792281405265701721e+01 2.650457971852399642e+05
8.968127033371015955e+01 2.023217847966107656e+05
9.147489574038435478e+01 1.863529773726405401e+05
9.330439365519204387e+01 1.609381494852007017e+05
9.517048152829590890e+01 1.376846479641321057e+05
9.707389115886181230e+01 1.550566647603192832e+05
9.901536898203904968e+01 1.182235113102707255e+05
