# Wavelength [um]       Fp [W/m2/m]  
1.000553076518779783e-01 3.782141609493336788e-06
1.004555288824854897e-01 3.598500188466179250e-46
1.008573509980154326e-01 4.498723930428914937e-44
1.012607804020075053e-01 8.544647223345591201e-44
1.016658235236155422e-01 6.961650932554431362e-46
1.020724868177099870e-01 3.458252018376728134e-30
1.024807767649808382e-01 5.318266576192144265e-33
1.028906998720407612e-01 1.129785969658150124e-42
1.033022626715289355e-01 9.970879231014968020e-28
1.037154717222150413e-01 2.807339638073504179e-44
1.041303336091038839e-01 8.553662900061785520e-41
1.045468549435403099e-01 4.002775344107899085e-38
1.049650423633144702e-01 8.365740928180581710e-45
1.053849025327677214e-01 1.611785413722710940e-32
1.058064421428987906e-01 4.478768437855301130e-42
1.062296679114703990e-01 5.474297736489729367e-32
1.066545865831162732e-01 1.787843027333967645e-36
1.070812049294487533e-01 2.866526019348288777e-38
1.075095297491665408e-01 3.926374085979509475e-28
1.079395678681632220e-01 2.308450375503834053e-38
1.083713261396358624e-01 1.076976584511572415e-26
1.088048114441943909e-01 2.357874608415765245e-29
1.092400306899711654e-01 1.419604324138102157e-18
1.096769908127310511e-01 1.472936715319877478e-28
1.101156987759819850e-01 8.991501141411195867e-30
1.105561615710859147e-01 6.792992306950301114e-19
1.109983862173702651e-01 3.302879907667400587e-22
1.114423797622397516e-01 1.688349619160734016e-25
1.118881492812886930e-01 5.756749091835376600e-29
1.123357018784138517e-01 1.572649760012317800e-25
1.127850446859275102e-01 1.063078436641971372e-15
1.132361848646712132e-01 1.539439621955353069e-17
1.136891296041298988e-01 3.877638745785573662e-17
1.141438861225464035e-01 8.953908048784426915e-17
1.146004616670366072e-01 2.407800272782397460e-16
1.150588635137047705e-01 1.003831523441840984e-16
1.155190989677595953e-01 2.509699031044208378e-17
1.159811753636306314e-01 4.221398001832845135e-16
1.164451000650851553e-01 1.629758728717973159e-17
1.169108804653455069e-01 3.117675447511227224e-18
1.173785239872068981e-01 1.049811000050486714e-15
1.178480380831557206e-01 2.236991262851762404e-15
1.183194302354883543e-01 3.875244973725977141e-15
1.187927079564302935e-01 8.635023740253086803e-17
1.192678787882560099e-01 8.313872775964549926e-16
1.197449503034090645e-01 1.327694574691424287e-15
1.202239301046226783e-01 1.239394274621581873e-18
1.207048258250411760e-01 9.792171673237892371e-17
1.211876451283413342e-01 4.826164058675627079e-17
1.216723957088547137e-01 2.825883852213789052e-18
1.221590852916901310e-01 3.008771600661272403e-17
1.226477216328568792e-01 4.698528263046880944e-16
1.231383125193883099e-01 1.526005946318825660e-16
1.236308657694658586e-01 9.272039464961767053e-16
1.241253892325437369e-01 1.166920889027169361e-16
1.246218907894739159e-01 1.596346275570296429e-17
1.251203783526317892e-01 1.523359461989993453e-16
1.256208598660423226e-01 2.797558708358886787e-15
1.261233433055065078e-01 1.374825982191999348e-15
1.266278366787285392e-01 5.089679336050024217e-18
1.271343480254434610e-01 1.789181095915496170e-14
1.276428854175452321e-01 4.152466285898349833e-14
1.281534569592154005e-01 1.603096374711437411e-16
1.286660707870522780e-01 4.771530227989595683e-16
1.291807350702004475e-01 2.704129814792530868e-13
1.296974580104812425e-01 7.421944763664839183e-14
1.302162478425231973e-01 4.051163655752158634e-15
1.307371128338932764e-01 5.549976293819237755e-14
1.312600612852288795e-01 1.249991237601687190e-13
1.317851015303697915e-01 2.118498342045172945e-13
1.323122419364912705e-01 3.615788345038869914e-13
1.328414909042372472e-01 9.369546955648613700e-13
1.333728568678542170e-01 8.061590700985027498e-13
1.339063482953256612e-01 5.384763365153496744e-13
1.344419736885069383e-01 3.038429002911392561e-13
1.349797415832609815e-01 1.751207318310468811e-11
1.355196605495940232e-01 1.412215720433397897e-11
1.360617391917924301e-01 8.417838861439296279e-11
1.366059861485595939e-01 8.831115027884797226e-12
1.371524100931538481e-01 5.610802312973866656e-12
1.377010197335264696e-01 3.994143536295721848e-11
1.382518238124605670e-01 2.154006439129320132e-10
1.388048311077104136e-01 1.986944365981368497e-10
1.393600504321412248e-01 1.248553054909378649e-10
1.399174906338697677e-01 6.984921070467874983e-11
1.404771605964052761e-01 1.452114895169003807e-09
1.410390692387908651e-01 5.584569557628751100e-10
1.416032255157460562e-01 3.402604515832585584e-09
1.421696384178090522e-01 4.104681286822984264e-11
1.427383169714803168e-01 1.814444270464748934e-09
1.433092702393662099e-01 1.507580227660346469e-08
1.438825073203236771e-01 4.878477214244828347e-09
1.444580373496049674e-01 1.865791146041199347e-08
1.450358694990033503e-01 9.257463794259575383e-09
1.456160129769993872e-01 3.233201032895438159e-08
1.461984770289073976e-01 2.328457632480538169e-08
1.467832709370230082e-01 2.342493127196255027e-08
1.473704040207710897e-01 5.510663637767392704e-08
1.479598856368541382e-01 8.245287824820203918e-09
1.485517251794015725e-01 4.613723142393218382e-08
1.491459320801191979e-01 6.341631670700132644e-08
1.497425158084396690e-01 2.970649598588341249e-08
1.503414858716734248e-01 6.302138703955328205e-08
1.509428518151600951e-01 1.992173389046577153e-08
1.515466232224207677e-01 4.864114160966966966e-11
1.521528097153104220e-01 6.085722365855182165e-10
1.527614209541716672e-01 4.990008220266634483e-11
1.533724666379883694e-01 1.976912167943649702e-11
1.539859565045403056e-01 1.353854723787544032e-10
1.546019003305584838e-01 1.811488598200014232e-13
1.552203079318807133e-01 3.526783695261597500e-13
1.558411891636082569e-01 3.460828757436064105e-13
1.564645539202626778e-01 2.793919928969907675e-13
1.570904121359437411e-01 1.647983058547204112e-12
1.577187737844875093e-01 6.418758781138277413e-13
1.583496488796254653e-01 1.105972111486621344e-12
1.589830474751439959e-01 1.894959598623571468e-12
1.596189796650445414e-01 9.607670100408892232e-13
1.602574555837047166e-01 1.401979786591092215e-12
1.608984854060395708e-01 2.348070160953659155e-12
1.615420793476636807e-01 2.388446757649632744e-12
1.621882476650543525e-01 2.954490513878314493e-12
1.628370006557145755e-01 3.546029605065707142e-12
1.634883486583374457e-01 5.104178725631968248e-12
1.641423020529707844e-01 6.627935684930102574e-12
1.647988712611826723e-01 9.491540059811517001e-12
1.654580667462274002e-01 8.865362542334984934e-12
1.661198990132123077e-01 1.700160135535262571e-11
1.667843786092651215e-01 2.273894105480637964e-11
1.674515161237022098e-01 4.119142242097358041e-11
1.681213221881969755e-01 2.156333678283257871e-10
1.687938074769497754e-01 5.451678885707813495e-11
1.694689827068575905e-01 4.658601194109486376e-09
1.701468586376850278e-01 1.259624005082770167e-09
1.708274460722357391e-01 1.259074179353159738e-09
1.715107558565246715e-01 3.045821809678354677e-09
1.721967988799507909e-01 1.683519490199953538e-09
1.728855860754705820e-01 6.817104696491016515e-09
1.735771284197724640e-01 1.621632059597077210e-09
1.742714369334515678e-01 5.651849235725833496e-10
1.749685226811853456e-01 1.406906772103812146e-08
1.756683967719100681e-01 3.167173862389159581e-09
1.763710703589977391e-01 9.116279397007136232e-08
1.770765546404337309e-01 1.273680035110926298e-07
1.777848608589954471e-01 3.841671641569780660e-09
1.784960003024314568e-01 3.109347972982687585e-07
1.792099843036411844e-01 2.180042080626354242e-07
1.799268242408557650e-01 2.018210211768052514e-07
1.806465315378191772e-01 9.806925632125188810e-07
1.813691176639704306e-01 2.814104574377446089e-08
1.820945941346263086e-01 2.205369708156022364e-07
1.828229725111648329e-01 1.889410012557116776e-07
1.835542644012094771e-01 6.410781386592413184e-09
1.842884814588143239e-01 1.049435401152418125e-06
1.850256353846495561e-01 5.490636279349057611e-06
1.857657379261881403e-01 1.734144711237390280e-07
1.865088008778928996e-01 8.078514458574078658e-06
1.872548360814044743e-01 3.651467452547122497e-06
1.880038554257300876e-01 2.854231463485327772e-07
1.887558708474330049e-01 1.555669737979178054e-05
1.895108943308226879e-01 5.582707563234708959e-06
1.902689379081460019e-01 1.075952136616682088e-06
1.910300136597785636e-01 3.660738692326905627e-05
1.917941337144176972e-01 6.711420962816396867e-06
1.925613102492753359e-01 1.682563322616744352e-05
1.933315554902724498e-01 5.720338832940860161e-05
1.941048817122335568e-01 3.167256488105963004e-05
1.948813012390824828e-01 2.376794331731444003e-05
1.956608264440388156e-01 9.849557077100609963e-05
1.964434697498149418e-01 1.983295601463596800e-05
1.972292436288141937e-01 4.696692779091368708e-05
1.980181606033294406e-01 8.954260684700364188e-05
1.988102332457427346e-01 4.191178366839887670e-05
1.996054741787257336e-01 2.751448879344890042e-05
2.004038960754406518e-01 3.542208613702047031e-05
2.012055116597424309e-01 2.185139471154130540e-05
2.020103337063813842e-01 1.244314769839027588e-05
2.028183750412069219e-01 1.297827915085950368e-05
2.036296485413717494e-01 1.731591291196971256e-05
2.044441671355372303e-01 1.362682708138260902e-05
2.052619438040793887e-01 6.814571578392451508e-05
2.060829915792957157e-01 4.719357112522781301e-05
2.069073235456129201e-01 4.897054435420814011e-05
2.077349528397953449e-01 6.882949129254763382e-05
2.085658926511545219e-01 1.200703645354267272e-04
2.094001562217591150e-01 1.452480761038609544e-04
2.102377568466461677e-01 1.310012229875107278e-04
2.110787078740327671e-01 7.253939480767948719e-05
2.119230227055288740e-01 1.538529083202104996e-04
2.127707147963510126e-01 2.376431991170227032e-04
2.136217976555363773e-01 3.890085187157302942e-04
2.144762848461585492e-01 5.150913887357125705e-05
2.153341899855431840e-01 3.640070763898232455e-04
2.161955267454853669e-01 8.302208347910895563e-04
2.170603088524672986e-01 1.129799902285880250e-03
2.179285500878772042e-01 3.200442099488394693e-04
2.188002642882286852e-01 2.938045137259300086e-04
2.196754653453815986e-01 1.835144827338751252e-03
2.205541672067631020e-01 7.847385152078297345e-04
2.214363838755901703e-01 8.853756540378079909e-03
2.223221294110925284e-01 7.763070585313223190e-04
2.232114179287369160e-01 1.854247512243079737e-02
2.241042636004518529e-01 5.827505783168078317e-03
2.250006806548536520e-01 4.542347539696030279e-02
2.259006833774730438e-01 1.564991047974850086e-02
2.268042861109829667e-01 2.668646529845679349e-02
2.277115032554268836e-01 3.426610859940964343e-02
2.286223492684485714e-01 3.386835698439970288e-02
2.295368386655223802e-01 1.449998922743344076e-01
2.304549860201844658e-01 6.236802748142933513e-03
2.313768059642651864e-01 1.286862503653123380e-01
2.323023131881222503e-01 7.568964830887033035e-02
2.332315224408747223e-01 2.825392678021760862e-01
2.341644485306381973e-01 5.020994624083339186e-01
2.351011063247607502e-01 4.380995640852881207e-02
2.360415107500598020e-01 7.636286067257386234e-01
2.369856767930600405e-01 2.956675289453289737e-02
2.379336195002322851e-01 9.499716415498185018e-01
2.388853539782332114e-01 5.461737577686426315e-01
2.398408953941461863e-01 4.951487129505703244e+00
2.408002589757227141e-01 4.991036538615341023e+00
2.417634600116256582e-01 4.711637539015094411e-01
2.427305138516721306e-01 6.406985920111168298e+00
2.437014359070788505e-01 3.301747089904639942e+00
2.446762416507071713e-01 1.073396147532397649e+01
2.456549466173099938e-01 3.715119016092709447e+00
2.466375664037792625e-01 5.560482624139816643e+00
2.476241166693943785e-01 7.356415801086063411e+00
2.486146131360719436e-01 1.721509579079206986e+00
2.496090715886161993e-01 6.803034626794065787e+00
2.506075078749706586e-01 4.938009771157814143e+00
2.516099379064705155e-01 8.236386889055516747e+00
2.526163776580964138e-01 1.985258894970083077e+01
2.536268431687287994e-01 3.469771235693811207e+01
2.546413505414037437e-01 4.296396768554147627e+01
2.556599159435693491e-01 2.993476686083212712e+01
2.566825556073435988e-01 2.906872800437867710e+01
2.577092858297729827e-01 3.583753618328797330e+01
2.587401229730920682e-01 2.710642143106359470e+01
2.597750834649844576e-01 4.852474533811930257e+01
2.608141837988444123e-01 4.078477314024193134e+01
2.618574405340398092e-01 7.064109013247086466e+01
2.629048702961759298e-01 1.056462912523919755e+02
2.639564897773606367e-01 9.471384562937105045e+01
2.650123157364701054e-01 8.278887176159285843e+01
2.660723649994159445e-01 7.604501602635238555e+01
2.671366544594135917e-01 6.146065035984626235e+01
2.682052010772512096e-01 8.880009724460278164e+01
2.692780218815602478e-01 7.655795876432557634e+01
2.703551339690865030e-01 1.018271003220327202e+02
2.714365545049627904e-01 1.059110867958708866e+02
2.725223007229827243e-01 9.867091977822420290e+01
2.736123899258746106e-01 9.424528016661643903e+01
2.747068394855781692e-01 1.013438057344300205e+02
2.758056668435204806e-01 8.748699296166616080e+01
2.769088895108945403e-01 9.150181814229826216e+01
2.780165250689380918e-01 7.953094755221630408e+01
2.791285911692138466e-01 7.509338792586238753e+01
2.802451055338907038e-01 6.328051949705660206e+01
2.813660859560263017e-01 5.149688376135891588e+01
2.824915502998503469e-01 4.120693699696141010e+01
2.836215165010497197e-01 3.447723882422375397e+01
2.847560025670539119e-01 3.219283530110737956e+01
2.858950265773221866e-01 3.781768135058050007e+01
2.870386066836315142e-01 5.288074145197950315e+01
2.881867611103660631e-01 8.140762882338026429e+01
2.893395081548075787e-01 1.267328360297906613e+02
2.904968661874267610e-01 1.928421198587269885e+02
2.916588536521764197e-01 2.858768475005109053e+02
2.928254890667851273e-01 4.105597553748461905e+02
2.939967910230522619e-01 5.739304386030081560e+02
2.951727781871444911e-01 7.860122508289900907e+02
2.963534692998930908e-01 1.053288213255546680e+03
2.975388831770926501e-01 1.387949958398943863e+03
2.987290387098009981e-01 1.806245953515223846e+03
2.999239548646402409e-01 2.309547264733379507e+03
3.011236506840988536e-01 2.939698886886512810e+03
3.023281452868351593e-01 3.667598776545933106e+03
3.035374578679824742e-01 4.509013753946682300e+03
3.047516076994544187e-01 5.726517206958525094e+03
3.059706141302522830e-01 7.122038775250891376e+03
3.071944965867733357e-01 9.827641779370633230e+03
3.084232745731204095e-01 1.340465476157210469e+04
3.096569676714128194e-01 1.644387736912451146e+04
3.108955955420985018e-01 2.277649035707140138e+04
3.121391779242668751e-01 3.058421052464597960e+04
3.133877346359639215e-01 4.020359887296170928e+04
3.146412855745078230e-01 5.033659866340124427e+04
3.158998507168058190e-01 6.745501852580648847e+04
3.171634501196730627e-01 8.496282477766218653e+04
3.184321039201517545e-01 7.040135497009205574e+04
3.197058323358323295e-01 6.431669469059623952e+04
3.209846556651756444e-01 1.296382950552741968e+05
3.222685942878363852e-01 1.595095320449989522e+05
3.235576686649877520e-01 1.761545090483567910e+05
3.248518993396476984e-01 2.768220216265321942e+05
3.261513069370062801e-01 3.385516694010358769e+05
3.274559121647543369e-01 4.428778697347108973e+05
3.287657358134133401e-01 4.165396425630283193e+05
3.300807987566670154e-01 6.278387091707751097e+04
3.314011219516936890e-01 3.713377172235079342e+05
3.327267264395004642e-01 8.523355500942132203e+05
3.340576333452584534e-01 8.318959596803021850e+05
3.353938638786395088e-01 8.182817498586232541e+05
3.367354393341540630e-01 8.630529414583697217e+05
3.380823810914907468e-01 9.086344764462040039e+05
3.394347106158566718e-01 1.662143841871776152e+06
3.407924494583201014e-01 1.626352376179250889e+06
3.421556192561533982e-01 1.221312616406009533e+06
3.435242417331779707e-01 5.088786547031249502e+05
3.448983387001106626e-01 5.495703981633535586e+05
3.462779320549111417e-01 7.849945321655926527e+05
3.476630437831307319e-01 6.779100629929129500e+05
3.490536959582632992e-01 7.282126294896114850e+05
3.504499107420963600e-01 2.211874267949251924e+06
3.518517103850647421e-01 2.563025011216319166e+06
3.532591172266050239e-01 4.145890423788239714e+06
3.546721536955114717e-01 7.584713514415946789e+06
3.560908423102934761e-01 4.041620049330505542e+06
3.575152056795346533e-01 2.519616686184705235e+06
3.589452665022527800e-01 5.631689994193852879e+06
3.603810475682617254e-01 8.099566808657368645e+06
3.618225717585348278e-01 6.983017353649562225e+06
3.632698620455689364e-01 4.623834481838176958e+06
3.647229414937512293e-01 3.696031961190913338e+06
3.661818332597261971e-01 7.337067694078367203e+06
3.676465605927651259e-01 4.040095493475935422e+06
3.691171468351361895e-01 4.609348037757340819e+06
3.705936154224767076e-01 2.575512681995874736e+06
3.720759898841666247e-01 2.051024005478636594e+06
3.735642938437032656e-01 2.243268291615583934e+06
3.750585510190780902e-01 2.858117831947125494e+06
3.765587852231543908e-01 6.451360106965136714e+06
3.780650203640470441e-01 1.362489715234985016e+07
3.795772804455032068e-01 1.212328589856428653e+07
3.810955895672852312e-01 1.283364844449942186e+07
3.826199719255543585e-01 5.166172097376025282e+06
3.841504518132565771e-01 8.676725998908052221e+06
3.856870536205096456e-01 4.490101520316109061e+06
3.872298018349916715e-01 6.303448330960847437e+06
3.887787210423316320e-01 5.874599579866012558e+06
3.903338359265008939e-01 8.327345222918615676e+06
3.918951712702069545e-01 9.989233766041787341e+06
3.934627519552877928e-01 1.651218153313324787e+07
3.950366029631089404e-01 3.197891148965597153e+07
3.966167493749613859e-01 6.050181267844195664e+07
3.982032163724612550e-01 6.063541644841641188e+07
3.997960292379510450e-01 6.430149016813898087e+07
4.013952133549028578e-01 1.183229786775005758e+08
4.030007942083224659e-01 1.527815653278955221e+08
4.046127973851557647e-01 5.926174430918326229e+07
4.062312485746963908e-01 1.491792360320997238e+08
4.078561735689951728e-01 1.535169861147122085e+08
4.094875982632711353e-01 1.884040351907944381e+08
4.111255486563242245e-01 1.956306412099130154e+08
4.127700508509495880e-01 1.930265876726383567e+08
4.144211310543532978e-01 1.946426989058623910e+08
4.160788155785707931e-01 2.064643676852852404e+08
4.177431308408850463e-01 1.886593611017738581e+08
4.194141033642486138e-01 1.854346954601003826e+08
4.210917597777056320e-01 1.394541032545585036e+08
4.227761268168164221e-01 1.889392851444146931e+08
4.244672313240837602e-01 1.331137481859003454e+08
4.261651002493800910e-01 1.085938030097820759e+08
4.278697606503775730e-01 1.733580423533003330e+08
4.295812396929790666e-01 1.832789922854369581e+08
4.312995646517510107e-01 2.957322301523532867e+08
4.330247629103580187e-01 3.735363184281837940e+08
4.347568619619994745e-01 4.495807157016639709e+08
4.364958894098474596e-01 3.024992768778735995e+08
4.382418729674867897e-01 2.460628167241808474e+08
4.399948404593567730e-01 5.422841223902548552e+08
4.417548198211941890e-01 5.913366976876811981e+08
4.435218391004789873e-01 4.852867087575752139e+08
4.452959264568808750e-01 6.627178280308978558e+08
4.470771101627084021e-01 6.083565443538422585e+08
4.488654186033592119e-01 7.274104117561579943e+08
4.506608802777726241e-01 1.140020256191608429e+09
4.524635237988837710e-01 9.656220947395932674e+08
4.542733778940792333e-01 1.058905772429243445e+09
4.560904714056555065e-01 1.179193607438213587e+09
4.579148332912781894e-01 1.268005057651947498e+09
4.597464926244433370e-01 1.038667571159113526e+09
4.615854785949410899e-01 1.701837390409471512e+09
4.634318205093208576e-01 1.168761741464914083e+09
4.652855477913582227e-01 1.331074962729813337e+09
4.671466899825236219e-01 1.220245602915272951e+09
4.690152767424536906e-01 1.507468324239767551e+09
4.708913378494234969e-01 2.492029252646236420e+09
4.727749032008212171e-01 2.477756290157478333e+09
4.746660028136244769e-01 2.942579463602822781e+09
4.765646668248789131e-01 1.465183754339529514e+09
4.784709254921784560e-01 7.946889738109087944e+08
4.803848091941470555e-01 8.487050171505715847e+08
4.823063484309236815e-01 1.002665592071344972e+09
4.842355738246474361e-01 1.660273768722897053e+09
4.861725161199459966e-01 1.989638456076610327e+09
4.881172061844257226e-01 2.902024634147250175e+09
4.900696750091634302e-01 2.665851809693700790e+09
4.920299537092001074e-01 3.145946697662455559e+09
4.939980735240369625e-01 3.524017060030420303e+09
4.959740658181330253e-01 1.752153356360383987e+09
4.979579620814056362e-01 1.255019145669802427e+09
4.999497939297311566e-01 1.084454818378046513e+09
5.019495931054501758e-01 9.170504136018626690e+08
5.039573914778719965e-01 1.297130064015697956e+09
5.059732210437835054e-01 1.202116455457068205e+09
5.079971139279585435e-01 1.369027921210237503e+09
5.100291023836703852e-01 1.007393064248804212e+09
5.120692187932051054e-01 6.945500024983137846e+08
5.141174956683780550e-01 4.462199072839239836e+08
5.161739656510514473e-01 2.924223596587857604e+08
5.182386615136556074e-01 2.356937930756245255e+08
5.203116161597103329e-01 3.524416420931456685e+08
5.223928626243490303e-01 1.276320946065973282e+09
5.244824340748465152e-01 1.467924298183505774e+09
5.265803638111459239e-01 1.286718493936870098e+09
5.286866852663905103e-01 1.776748721047945023e+09
5.308014320074561088e-01 1.804625418345122337e+09
5.329246377354859288e-01 1.422468856540041208e+09
5.350563362864277916e-01 1.616112464670791626e+09
5.371965616315735881e-01 1.331546017149930239e+09
5.393453478780998456e-01 1.312764618316116333e+09
5.415027292696121819e-01 1.264776011418413401e+09
5.436687401866906466e-01 1.083223412949753046e+09
5.458434151474373941e-01 7.897831994226685762e+08
5.480267888080271321e-01 8.828313470715030432e+08
5.502188959632591247e-01 8.155486688864367008e+08
5.524197715471121928e-01 8.065712522746479511e+08
5.546294506333006025e-01 7.780279748975168467e+08
5.568479684358338400e-01 6.955240508812437057e+08
5.590753603095770519e-01 5.910207355142685175e+08
5.613116617508153716e-01 5.009490278739550710e+08
5.635569083978186899e-01 4.446750264351591468e+08
5.658111360314097560e-01 3.997133945052134991e+08
5.680743805755354980e-01 3.343179950519194007e+08
5.703466780978375672e-01 2.785974730164827108e+08
5.726280648102289872e-01 2.199690709634113312e+08
5.749185770694699160e-01 1.650317264322110415e+08
5.772182513777477375e-01 1.155420212121299207e+08
5.795271243832587071e-01 7.513709526308384538e+07
5.818452328807918184e-01 4.426820268108242750e+07
5.841726138123150003e-01 2.305634970921727642e+07
5.865093042675643131e-01 5.130675490110713989e+06
5.888553414846344758e-01 7.078956500077074452e+04
5.912107628505729462e-01 1.314678964038658189e+06
5.935756059019753339e-01 1.850556118507801741e+07
5.959499083255832552e-01 5.831645404664900154e+07
5.983337079588855190e-01 1.238576333407474756e+08
6.007270427907210886e-01 2.303248451966902614e+08
6.031299509618840426e-01 3.951015867162172794e+08
6.055424707657315331e-01 6.175290053115365505e+08
6.079646406487945187e-01 9.051898476448249817e+08
6.103964992113897203e-01 1.271544850878608465e+09
6.128380852082353503e-01 1.734814964017807245e+09
6.152894375490681744e-01 1.969194229404178143e+09
6.177505952992645710e-01 1.715908752489829063e+09
6.202215976804615893e-01 1.898982195381479025e+09
6.227024840711834486e-01 2.021668021438849688e+09
6.251932940074681477e-01 2.591132127254740238e+09
6.276940671834980723e-01 3.312663432560687065e+09
6.302048434522321552e-01 4.325163799455841064e+09
6.327256628260409244e-01 5.633193587890759468e+09
6.352565654773452142e-01 6.635324938644703865e+09
6.377975917392545435e-01 6.873935324423492432e+09
6.403487821062116003e-01 8.607358696649871826e+09
6.429101772346363930e-01 9.460764732021995544e+09
6.454818179435749537e-01 1.198605381837066078e+10
6.480637452153492628e-01 1.422845421534057426e+10
6.506560001962106154e-01 1.657189087333670998e+10
6.532586241969955410e-01 2.046569249888444519e+10
6.558716586937833881e-01 1.758629714672421265e+10
6.584951453285585732e-01 1.675846741292238426e+10
6.611291259098727169e-01 1.669919448697763252e+10
6.637736424135122215e-01 1.520823722595144844e+10
6.664287369831662922e-01 1.204701755198046684e+10
6.690944519310989547e-01 1.103257811305512810e+10
6.717708297388232941e-01 1.115219862998494339e+10
6.744579130577786907e-01 1.128266865005776024e+10
6.771557447100098326e-01 1.456071527106302452e+10
6.798643676888498355e-01 1.343227287490669060e+10
6.825838251596052508e-01 1.678106707568939209e+10
6.853141604602436265e-01 1.781410639304616928e+10
6.880554171020846210e-01 1.879909430903747559e+10
6.908076387704928933e-01 2.113363938371639252e+10
6.935708693255748791e-01 2.247161244689370346e+10
6.963451528028771209e-01 2.552961643224857330e+10
6.991305334140887062e-01 2.724737371162166595e+10
7.019270555477450380e-01 3.057805368332787704e+10
7.047347637699360456e-01 3.876089005493064117e+10
7.075537028250157290e-01 2.045573536967778778e+10
7.103839176363159202e-01 1.504445368519071007e+10
7.132254533068611568e-01 1.485615716541516495e+10
7.160783551200886610e-01 1.548693075687364960e+10
7.189426685405689854e-01 2.317581774635927200e+10
7.218184392147313222e-01 2.498089810222847748e+10
7.247057129715901436e-01 3.803478995195248413e+10
7.276045358234763949e-01 4.797768495109262848e+10
7.305149539667704639e-01 5.929486304971781158e+10
7.334370137826373703e-01 6.499160955416615295e+10
7.363707618377679509e-01 6.511460225659255219e+10
7.393162448851190449e-01 6.228575446820594025e+10
7.422735098646596752e-01 5.834561196492755127e+10
7.452426039041182282e-01 5.318441460115271759e+10
7.482235743197346300e-01 4.825796263677038574e+10
7.512164686170136330e-01 4.251325714712039185e+10
7.542213344914817652e-01 3.751884238624294281e+10
7.572382198294477229e-01 3.126668124490608978e+10
7.602671727087656484e-01 1.933271112039706421e+10
7.633082413996006288e-01 6.568978415261005402e+09
7.663614743651989691e-01 1.259565926707614958e+08
7.694269202626597970e-01 1.727662884057959318e+08
7.725046279437104424e-01 3.348105108399923325e+09
7.755946464554852593e-01 1.173882906889797783e+10
7.786970250413072225e-01 2.366824644371752548e+10
7.818118131414724115e-01 3.480404496734896851e+10
7.849390603940383793e-01 4.165873688845221710e+10
7.880788166356144098e-01 5.387980521566558838e+10
7.912311319021569922e-01 6.396388874470281982e+10
7.943960564297655180e-01 7.894645266973489380e+10
7.975736406554845281e-01 9.320736558541496277e+10
8.007639352181065151e-01 1.116477887702278748e+11
8.039669909589789443e-01 1.208736863391763458e+11
8.071828589228148276e-01 1.298588482003981018e+11
8.104115903585061842e-01 1.405407307789766235e+11
8.136532367199402760e-01 1.544549676828991394e+11
8.169078496668199518e-01 1.512036300552512817e+11
8.201754810654874328e-01 1.250658231940544434e+11
8.234561829897493190e-01 1.697079031960762024e+11
8.267500077217083687e-01 1.816852510483939209e+11
8.300570077525952772e-01 1.808900659313305054e+11
8.333772357836056743e-01 1.974979526549777527e+11
8.367107447267401188e-01 1.913557866284071350e+11
8.400575877056470908e-01 1.996292646495995789e+11
8.434178180564695371e-01 1.646024671188954163e+11
8.467914893286955236e-01 1.174698815363301697e+11
8.501786552860102208e-01 1.499584893447433167e+11
8.535793699071543283e-01 1.768596688156917419e+11
8.569936873867830540e-01 2.110093615872559509e+11
8.604216621363300899e-01 2.152806546135895386e+11
8.638633487848753623e-01 1.498383285940228271e+11
8.673188021800150027e-01 1.994462880187986145e+11
8.707880773887352044e-01 1.153095012739464722e+11
8.742712296982900755e-01 1.312299709255048218e+11
8.777683146170831563e-01 1.706353745998833313e+11
8.812793878755513788e-01 1.742257081161493530e+11
8.848045054270535781e-01 2.069355126538580017e+11
8.883437234487617795e-01 1.443188303847642517e+11
8.918970983425568155e-01 1.970059979671719666e+11
8.954646867359271623e-01 2.030822067723851013e+11
8.990465454828707736e-01 2.369064909815515442e+11
9.026427316648023558e-01 2.160917014028747559e+11
9.062533025914615292e-01 2.080087824983587036e+11
9.098783158018273198e-01 2.476590361315989380e+11
9.135178290650346478e-01 2.580815517363287354e+11
9.171719003812948134e-01 2.851280531688413696e+11
9.208405879828199803e-01 3.079918464884332275e+11
9.245239503347512100e-01 3.074858973234863892e+11
9.282220461360901620e-01 3.060163988633917236e+11
9.319349343206346781e-01 2.954507244740874634e+11
9.356626740579171431e-01 3.038367085169509277e+11
9.394053247541488405e-01 3.099444014625295410e+11
9.431629460531654185e-01 3.326704607751427002e+11
9.469355978373780180e-01 3.588372061614268188e+11
9.507233402287275092e-01 3.668532395952553101e+11
9.545262335896426142e-01 3.758964889344066162e+11
9.583443385240012491e-01 3.763379616641648560e+11
9.621777158780971950e-01 3.525824243913677368e+11
9.660264267416096562e-01 3.452998217181501465e+11
9.698905324485760371e-01 3.634915704137652588e+11
9.737700945783701600e-01 3.507771564169055176e+11
9.776651749566835914e-01 3.468752195842155151e+11
9.815758356565105203e-01 3.882326336682679443e+11
9.855021389991363012e-01 3.727508181177363892e+11
9.894441475551331022e-01 2.839577858949393921e+11
9.934019241453534432e-01 1.268021864042690277e+11
9.973755318419349480e-01 1.591251861539351196e+11
1.001365033969302543e+00 1.693819233480961304e+11
1.005370494105179757e+00 1.630223652370973816e+11
1.009391976081600362e+00 2.062753115570795593e+11
1.013429543985926884e+00 2.058062380403317871e+11
1.017483262161870350e+00 2.146050402568726501e+11
1.021553195210518128e+00 2.276536109525714111e+11
1.025639407991360219e+00 2.252430373777437744e+11
1.029741965623325539e+00 2.114790312512977600e+11
1.033860933485818867e+00 2.159015190087999268e+11
1.037996377219762012e+00 2.661072556109923706e+11
1.042148362728641198e+00 2.638679814311869812e+11
1.046316956179555557e+00 2.974268826885520020e+11
1.050502224004274066e+00 2.907055855576423950e+11
1.054704232900291139e+00 3.278823254145295410e+11
1.058923049831892227e+00 3.282949259052611694e+11
1.063158742031219628e+00 3.290647878264572754e+11
1.067411376999344741e+00 3.150342283104213257e+11
1.071681022507342096e+00 3.240350469731220703e+11
1.075967746597371377e+00 3.555908692735364380e+11
1.080271617583760779e+00 3.598080714059953003e+11
1.084592704054095913e+00 3.794092798946905518e+11
1.088931074870312044e+00 3.919741066342119141e+11
1.093286799169793433e+00 3.864422999275822754e+11
1.097659946366472461e+00 3.786125700008635254e+11
1.102050586151938294e+00 3.878861119563778687e+11
1.106458788496546219e+00 3.799151863446544189e+11
1.110884623650532532e+00 3.783139068853630981e+11
1.115328162145134749e+00 3.802680124233655396e+11
1.119789474793714934e+00 3.888817712841342773e+11
1.124268632692889902e+00 4.030562065636260986e+11
1.128765707223661430e+00 4.099493121753710327e+11
1.133280770052556230e+00 3.910402393116845093e+11
1.137813893132766374e+00 3.657474648041387329e+11
1.142365148705297484e+00 3.777488657992550659e+11
1.146934609300118479e+00 4.189085387784098511e+11
1.151522347737319096e+00 4.236330919130976562e+11
1.156128437128268516e+00 4.157289047746222534e+11
1.160752950876781542e+00 4.193095550893210449e+11
1.165395962680288999e+00 4.229383909028263550e+11
1.170057546531009907e+00 3.633255868071184692e+11
1.174737776717134086e+00 3.763235381474318848e+11
1.179436727824002773e+00 3.352152215009997559e+11
1.184154474735298557e+00 4.128240123519254150e+11
1.188891092634239977e+00 4.370616677308933716e+11
1.193646657004777012e+00 4.233613993053892822e+11
1.198421243632796118e+00 3.646255515655065918e+11
1.203214928607327261e+00 3.740926477025192871e+11
1.208027788321756724e+00 4.117673745395471191e+11
1.212859899475043468e+00 3.939043444917854614e+11
1.217711339072943710e+00 4.187924239696571045e+11
1.222582184429235275e+00 4.045089470155880737e+11
1.227472513166952384e+00 4.318983547592796631e+11
1.232382403219620226e+00 4.227242200137934570e+11
1.237311932832498407e+00 4.178778311253204346e+11
1.242261180563828615e+00 3.586304771851492310e+11
1.247230225286083849e+00 4.177050650998328247e+11
1.252219146187228072e+00 3.723185992851466064e+11
1.257228022771976983e+00 4.241253973914659424e+11
1.262256934863064783e+00 4.266356690976496582e+11
1.267305962602517155e+00 4.476091147822351074e+11
1.272375186452927354e+00 4.434551327516522827e+11
1.277464687198738957e+00 4.448470520101305542e+11
1.282574545947533950e+00 4.494879307323141479e+11
1.287704844131324133e+00 4.266507954435125122e+11
1.292855663507849417e+00 4.249951463658092041e+11
1.298027086161880783e+00 4.369793271868195801e+11
1.303219194506528344e+00 4.431358125172448730e+11
1.308432071284554521e+00 4.393623948999240723e+11
1.313665799569692760e+00 4.446159540798764648e+11
1.318920462767971591e+00 4.407292504728754883e+11
1.324196144619043336e+00 4.265535818176897583e+11
1.329492929197519491e+00 3.963591978064227905e+11
1.334810900914309650e+00 2.959530356167985229e+11
1.340150144517967101e+00 2.446290044305627441e+11
1.345510745096038852e+00 2.208719692087701721e+11
1.350892788076423212e+00 2.111056209909453430e+11
1.356296359228728932e+00 1.864572239778336487e+11
1.361721544665643879e+00 2.131968279075983887e+11
1.367168430844306393e+00 2.385473022827644653e+11
1.372637104567683730e+00 2.393319989841256714e+11
1.378127652985954299e+00 2.619249285291726379e+11
1.383640163597898098e+00 2.311174856604216614e+11
1.389174724252289828e+00 2.305465484902655334e+11
1.394731423149298877e+00 2.103942077388868103e+11
1.400310348841896202e+00 2.085749959079167786e+11
1.405911590237263642e+00 2.181896105189531555e+11
1.411535236598212784e+00 1.887163377671815186e+11
1.417181377544605603e+00 1.933749362259568176e+11
1.422850103054784210e+00 1.931848155376572876e+11
1.428541503467003038e+00 1.995914765931074219e+11
1.434255669480871243e+00 1.947931870245465088e+11
1.439992692158794885e+00 2.009777956156087952e+11
1.445752662927429988e+00 2.145689760846358643e+11
1.451535673579139596e+00 2.227109528031791687e+11
1.457341816273456159e+00 2.340966999511134338e+11
1.463171183538549913e+00 2.285629808264430542e+11
1.469023868272704147e+00 2.252982552857844543e+11
1.474899963745795128e+00 2.352030189269489136e+11
1.480799563600778246e+00 2.365648504635054626e+11
1.486722761855181485e+00 2.368965587051471558e+11
1.492669652902602007e+00 2.392378311294988098e+11
1.498640331514212276e+00 2.411922895714822693e+11
1.504634892840269300e+00 2.412735983184227600e+11
1.510653432411630304e+00 2.404037900002472839e+11
1.516696046141276843e+00 2.423523665662189941e+11
1.522762830325842032e+00 2.435926689292215271e+11
1.528853881647145307e+00 2.420435074784978638e+11
1.534969297173733649e+00 2.389147841585774231e+11
1.541109174362428780e+00 2.373673560774509583e+11
1.547273611059878373e+00 2.370742666902843018e+11
1.553462705504118135e+00 2.324401314037666626e+11
1.559676556326134556e+00 2.287717579322958374e+11
1.565915262551438980e+00 2.249880737434899902e+11
1.572178923601644795e+00 2.204577644757406921e+11
1.578467639296051495e+00 2.159496445896144409e+11
1.584781509853235626e+00 2.111443901454376526e+11
1.591120635892648405e+00 2.051657999012389221e+11
1.597485118436219098e+00 1.988598594061771545e+11
1.603875058909963958e+00 1.911090756483236084e+11
1.610290559145603595e+00 1.822987440890175171e+11
1.616731721382186127e+00 1.739511566013302307e+11
1.623198648267714761e+00 1.666086638658875427e+11
1.629691442860785600e+00 1.613712204704162598e+11
1.636210208632228769e+00 1.578305710988831482e+11
1.642755049466757766e+00 1.554460570637324829e+11
1.649326069664624805e+00 1.535633816431298523e+11
1.655923373943283039e+00 1.493389905947744446e+11
1.662547067439056336e+00 1.451364226475388184e+11
1.669197255708812611e+00 1.320364920213881073e+11
1.675874044731648027e+00 1.320672244774663391e+11
1.682577540910574321e+00 1.317051804711346436e+11
1.689307851074216771e+00 1.276165414874447174e+11
1.696065082478513508e+00 1.231115973424262543e+11
1.702849342808427480e+00 1.205132288001569977e+11
1.709660740179661298e+00 1.193755384471077576e+11
1.716499383140379864e+00 1.151014484157479248e+11
1.723365380672941427e+00 1.127417420991701813e+11
1.730258842195633306e+00 1.077398546576673279e+11
1.737179877564415831e+00 1.034536713117867432e+11
1.744128597074673603e+00 9.901842916959040833e+10
1.751105111462972097e+00 9.614054112898805237e+10
1.758109531908824241e+00 9.112684270894415283e+10
1.765141970036459451e+00 8.534139413175851440e+10
1.772202537916605314e+00 8.305105534071348572e+10
1.779291348068271716e+00 7.728637063524797058e+10
1.786408513460544745e+00 7.329674251312149048e+10
1.793554147514387020e+00 6.808983741197945404e+10
1.800728364104444257e+00 6.795790386874269867e+10
1.807931277560862249e+00 6.362639707722607422e+10
1.815163002671105641e+00 6.440765360169144440e+10
1.822423654681789795e+00 6.481759324621302032e+10
1.829713349300517100e+00 5.984618068103685760e+10
1.837032202697718830e+00 6.072789013623443604e+10
1.844380331508509885e+00 6.004530394895452881e+10
1.851757852834543527e+00 5.625782968088611603e+10
1.859164884245881888e+00 5.096668886020258331e+10
1.866601543782865358e+00 5.177135667545362091e+10
1.874067949957996859e+00 5.265698183306466675e+10
1.881564221757828781e+00 5.791048437105019379e+10
1.889090478644860127e+00 5.824029514918309021e+10
1.896646840559439662e+00 6.043754389875240326e+10
1.904233427921677269e+00 5.673389264523175049e+10
1.911850361633363971e+00 5.748118121033852386e+10
1.919497763079897279e+00 5.427344389997299957e+10
1.927175754132217200e+00 5.237849461913076782e+10
1.934884457148745796e+00 5.078983928882600403e+10
1.942623994977340729e+00 4.736447789160639954e+10
1.950394490957250149e+00 5.003150228613950348e+10
1.958196068921079336e+00 4.675718301416770935e+10
1.966028853196763793e+00 4.946162583782025146e+10
1.973892968609550991e+00 4.806665905239435577e+10
1.981788540483989447e+00 4.942322883173354340e+10
1.989715694645925126e+00 4.906907342932431793e+10
1.997674557424508723e+00 4.976555112514933014e+10
2.005665255654207169e+00 5.039935181384715271e+10
2.013687916676823786e+00 5.028628227948353577e+10
2.021742668343530891e+00 5.082995376040138245e+10
2.029829639016905052e+00 5.011229203469819641e+10
2.037948957572972564e+00 5.023878290065302277e+10
2.046100753403264694e+00 5.005437358022325134e+10
2.054285156416877811e+00 4.964051852550961304e+10
2.062502297042545507e+00 4.905160534324164581e+10
2.070752306230715600e+00 4.857274063445751953e+10
2.079035315455638244e+00 4.775270757992549896e+10
2.087351456717461140e+00 4.710146688312113953e+10
2.095700862544330967e+00 4.631503767928982544e+10
2.104083665994508134e+00 4.554356428943023682e+10
2.112500000658485977e+00 4.478234707363739014e+10
2.120950000661120161e+00 4.398716068972422028e+10
2.129433800663764753e+00 4.321562898002550507e+10
2.137951535866419839e+00 4.245797442638567352e+10
2.146503342009885351e+00 4.168980679739772797e+10
2.155089355377924676e+00 4.085461534746968079e+10
2.163709712799436691e+00 3.990444841392729950e+10
2.172364551650634468e+00 3.911316434449899292e+10
2.181054009857236853e+00 3.808885845040663147e+10
2.189778225896665376e+00 3.679229199959520721e+10
2.198537338800252705e+00 3.424807823534751511e+10
2.207331488155453325e+00 3.236856746337916946e+10
2.216160814108075083e+00 3.317672602690480804e+10
2.225025457364507631e+00 3.267438077620037460e+10
2.233925559193965515e+00 3.158315438525234222e+10
2.242861261430741493e+00 3.046949609833184814e+10
2.251832706476463830e+00 2.977110737363338852e+10
2.260840037302370042e+00 2.882514294579469299e+10
2.269883397451579299e+00 2.877068707533380508e+10
2.278962931041386142e+00 2.788279797719949341e+10
2.288078782765551100e+00 2.703144327236939621e+10
2.297231097896613505e+00 2.693563376041718292e+10
2.306420022288200311e+00 2.832113297314727402e+10
2.315645702377353121e+00 2.762067307194298553e+10
2.324908285186861878e+00 2.563618735189404678e+10
2.334207918327609654e+00 2.432984586682041168e+10
2.343544750000919663e+00 2.436556359460685730e+10
2.352918929000923143e+00 2.536970726169540024e+10
2.362330604716927240e+00 2.638593199026686096e+10
2.371779927135795329e+00 2.476567944891289139e+10
2.381267046844337987e+00 2.427621256981294250e+10
2.390792115031715070e+00 2.598406182924900436e+10
2.400355283491842240e+00 2.672020545537112427e+10
2.409956704625809465e+00 2.698879000016850662e+10
2.419596531444312859e+00 2.691557021839700317e+10
2.429274917570089620e+00 2.725894282704856110e+10
2.438992017240370291e+00 2.688982836594869614e+10
2.448747985309331465e+00 2.677067952193619919e+10
2.458542977250568917e+00 2.715364117056640244e+10
2.468377149159570738e+00 2.737448235925354385e+10
2.478250657756209563e+00 2.627841855849509048e+10
2.488163660387234355e+00 2.675970343744812393e+10
2.498116315028783063e+00 2.737770190512907410e+10
2.508108780288898387e+00 2.524367611865081024e+10
2.518141215410053757e+00 2.584661887289746857e+10
2.528213780271693967e+00 2.429380017084375000e+10
2.538326635392781139e+00 2.483350947340327072e+10
2.548479941934351789e+00 2.394359056268040848e+10
2.558673861702089436e+00 2.539891214628269958e+10
2.568908557148898097e+00 2.529683933014368439e+10
2.579184191377493551e+00 2.504009886322679138e+10
2.589500928143003478e+00 2.593776153302901840e+10
2.599858931855575594e+00 2.745123967375542450e+10
2.610258367582998229e+00 3.042772006296263885e+10
2.620699401053329769e+00 3.071919510014623260e+10
2.631182198657543214e+00 3.080352827875461578e+10
2.641706927452173392e+00 3.342672704171001816e+10
2.652273755161981938e+00 3.410889743682582092e+10
2.662882850182629824e+00 3.198649861250263977e+10
2.673534381583360542e+00 2.586229776294201660e+10
2.684228519109693956e+00 2.518888195026475906e+10
2.694965433186132575e+00 2.571733123949201202e+10
2.705745294918877164e+00 2.627263200306827927e+10
2.716568276098552559e+00 2.689196821306669235e+10
2.727434549202946812e+00 3.032871778430028534e+10
2.738344287399758326e+00 2.777133283430463409e+10
2.749297664549357201e+00 3.336693444578506470e+10
2.760294855207554576e+00 2.965249897728484726e+10
2.771336034628385292e+00 2.899044168993687439e+10
2.782421378766898545e+00 2.653693078511961746e+10
2.793551064281966312e+00 3.285230217009795380e+10
2.804725268539093985e+00 2.648172659513150024e+10
2.815944169613250558e+00 2.852585513050579071e+10
2.827207946291703244e+00 3.453634080959866333e+10
2.838516778076869862e+00 2.789690454125172043e+10
2.849870845189177437e+00 2.961183514236209106e+10
2.861270328569933685e+00 3.269743579206708527e+10
2.872715409884213589e+00 3.065103381926985550e+10
2.884206271523750420e+00 3.229448084357635880e+10
2.895743096609845413e+00 3.272938513452064133e+10
2.907326068996284985e+00 3.223596633837426758e+10
2.918955373272270393e+00 3.511584916431527710e+10
2.930631194765359826e+00 3.566989033167720795e+10
2.942353719544420709e+00 3.504419982747878265e+10
2.954123134422598440e+00 3.565875378051535797e+10
2.965939626960289122e+00 3.587132606203034973e+10
2.977803385468130504e+00 3.775744521626052094e+10
2.989714599010003138e+00 3.840346652047156525e+10
3.001673457406043077e+00 3.705554163571855927e+10
3.013680151235667015e+00 3.948673646291295624e+10
3.025734871840609408e+00 3.648149487216140747e+10
3.037837811327972037e+00 3.781449993137165070e+10
3.049989162573283785e+00 3.279194344899025345e+10
3.062189119223576395e+00 3.152446751783238220e+10
3.074437875700470890e+00 2.796609195528051376e+10
3.086735627203272880e+00 2.555700502311397552e+10
3.099082569712085622e+00 2.425322731787310791e+10
3.111478899990933744e+00 2.157907658246254730e+10
3.123924815590897186e+00 2.075237150399785995e+10
3.136420514853261121e+00 1.820792986134279251e+10
3.148966196912674320e+00 1.667452114745690346e+10
3.161562061700325277e+00 1.546994632902688217e+10
3.174208309947126327e+00 1.520485077824878120e+10
3.186905143186915090e+00 1.437831768864791298e+10
3.199652763759662566e+00 1.417668827966899490e+10
3.212451374814701222e+00 1.525630077270450401e+10
3.225301180313960625e+00 1.516462959764179039e+10
3.238202385035215958e+00 1.619106359006139565e+10
3.251155194575356955e+00 1.724041583317873001e+10
3.264159815353658622e+00 1.897361571395817184e+10
3.277216454615073271e+00 2.096644158223431778e+10
3.290325320433533207e+00 2.189849768908325577e+10
3.303486621715267635e+00 2.005490462602183533e+10
3.316700568202128441e+00 9.653958851486108780e+09
3.329967370474937294e+00 6.722591168525260925e+09
3.343287239956836743e+00 8.855917144237014771e+09
3.356660388916663962e+00 1.232275254919615936e+10
3.370087030472330714e+00 1.610375617362421799e+10
3.383567378594220187e+00 1.807953866262327576e+10
3.397101648108596716e+00 1.808123933868976593e+10
3.410690054701031482e+00 1.747071840480067062e+10
3.424332814919834878e+00 1.611703265871365738e+10
3.438030146179514634e+00 1.517985360328328514e+10
3.451782266764232610e+00 1.543867484775987434e+10
3.465589395831289998e+00 1.611486218847116089e+10
3.479451753414614767e+00 1.615561055042829514e+10
3.493369560428273068e+00 1.659402560388919830e+10
3.507343038669985980e+00 1.730533715500622940e+10
3.521372410824665788e+00 1.774383551645885468e+10
3.535457900467964709e+00 1.765628437212708664e+10
3.549599732069836477e+00 1.791233105268712997e+10
3.563798130998116154e+00 1.856955480737158585e+10
3.578053323522108364e+00 1.986342209589780807e+10
3.592365536816196858e+00 2.168168375866942596e+10
3.606734998963461614e+00 2.262239147013779831e+10
3.621161938959315041e+00 2.446874402381694031e+10
3.635646586715152839e+00 2.597653793202863312e+10
3.650189173062013293e+00 2.757386096749993896e+10
3.664789929754260545e+00 2.907130990725341415e+10
3.679449089473277645e+00 3.112024638321709824e+10
3.694166885831170699e+00 3.214714217670664978e+10
3.708943553374495661e+00 3.337294997259098816e+10
3.723779327587993571e+00 3.411023866906672287e+10
3.738674444898345328e+00 3.538548745341792297e+10
3.753629142677938901e+00 3.618526273865953827e+10
3.768643659248651190e+00 3.616318097336189270e+10
3.783718233885645432e+00 3.657512749229357147e+10
3.798853106821188153e+00 3.689739857930434418e+10
3.814048519248473657e+00 3.735534747676502228e+10
3.829304713325467180e+00 3.778447567692409515e+10
3.844621932178768908e+00 3.746606471003945160e+10
3.860000419907484215e+00 3.787379987669669342e+10
3.875440421587113882e+00 3.770482902912975311e+10
3.890942183273462529e+00 3.770817549069149780e+10
3.906505952006555926e+00 3.752776911302237701e+10
3.922131975814582727e+00 3.730160648762145233e+10
3.937820503717840648e+00 3.731421438523088074e+10
3.953571785732711508e+00 3.689078676958554077e+10
3.969386072875642490e+00 3.664019517773035431e+10
3.985263617167145167e+00 3.637852274706884766e+10
4.001204671635814059e+00 3.599456029296463776e+10
4.017209490322357190e+00 3.569756377117893219e+10
4.033278328283646630e+00 3.520446464789619446e+10
4.049411441596781458e+00 3.480146825691583252e+10
4.065609087363168506e+00 3.445001334867726135e+10
4.081871523712622185e+00 3.352762608134370041e+10
4.098199009807472315e+00 3.331461510935379028e+10
4.114591805846702144e+00 3.282922184393740845e+10
4.131050173070089038e+00 3.192652777062507248e+10
4.147574373762369149e+00 3.200486833553470230e+10
4.164164671257418959e+00 3.083977972109300232e+10
4.180821329942449260e+00 3.039456624928528976e+10
4.197544615262219558e+00 3.035427317104452515e+10
4.214334793723269357e+00 2.936767904699011993e+10
4.231192132898162761e+00 2.973019589722999573e+10
4.248116901429755288e+00 2.800755417554584503e+10
4.265109369035473996e+00 2.831833890170207214e+10
4.282169806511615384e+00 2.775015858282818222e+10
4.299298485737661935e+00 2.641521387136838531e+10
4.316495679680612874e+00 2.628010619166395950e+10
4.333761662399335357e+00 2.596333847941434860e+10
4.351096709048932532e+00 2.539930551424058914e+10
4.368501095885127583e+00 2.520378860535404587e+10
4.385975100268668214e+00 2.435837549332611847e+10
4.403519000669743555e+00 2.348426575530249786e+10
4.421133076672422391e+00 2.340028766973679352e+10
4.438817608979111817e+00 2.210423588210860062e+10
4.456572879415028332e+00 2.229440972437689972e+10
4.474399170932688463e+00 2.087766669944248962e+10
4.492296767616419828e+00 2.089805582220359421e+10
4.510265954686884626e+00 2.092887925651067352e+10
4.528307018505633330e+00 1.971434643303358459e+10
4.546420246579655711e+00 2.020475832558440781e+10
4.564605927565974497e+00 1.938875261964117432e+10
4.582864351276237258e+00 1.988085104972803116e+10
4.601195808681342925e+00 1.944426545227367783e+10
4.619600591916067422e+00 1.888419909371916962e+10
4.638078994283731937e+00 1.916230616378645706e+10
4.656631310260867629e+00 1.908531315705897522e+10
4.675257835501911430e+00 1.838266612421380234e+10
4.693958866843916944e+00 1.925051349962569427e+10
4.712734702311292878e+00 1.813183434742736435e+10
4.731585641120538810e+00 1.779422191213378525e+10
4.750511983685020923e+00 1.786603001631999207e+10
4.769514031619761063e+00 1.707534998848737907e+10
4.788592087746240011e+00 1.628549570309989929e+10
4.807746456097224730e+00 1.672016116764724922e+10
4.826977441921613377e+00 1.654442105010819817e+10
4.846285351689299858e+00 1.567218918926648903e+10
4.865670493096057925e+00 1.609809565559194183e+10
4.885133175068442135e+00 1.548152176187825012e+10
4.904673707768715474e+00 1.521981903648345947e+10
4.924292402599791174e+00 1.506762006651629639e+10
4.943989572210189642e+00 1.480964463990689278e+10
4.963765530499030021e+00 1.396482925495159721e+10
4.983620592621027079e+00 1.514653535621932793e+10
5.003555074991511198e+00 1.425564097840460587e+10
5.023569295291476777e+00 1.308768396232830811e+10
5.043663572472643075e+00 1.386494672347994995e+10
5.063838226762532813e+00 1.394544957381858826e+10
5.084093579669583640e+00 1.291276078460526657e+10
5.104429953988261381e+00 1.305672475787215996e+10
5.124847673804215020e+00 1.294784965321483994e+10
5.145347064499431688e+00 1.166829019832255363e+10
5.165928452757428957e+00 1.179354610955201530e+10
5.186592166568458673e+00 1.271736616136275101e+10
5.207338535234733001e+00 1.103523874267699242e+10
5.228167889375671784e+00 1.186616020112356186e+10
5.249080560933174766e+00 1.135944551919164848e+10
5.270076883176907145e+00 1.094056530036751747e+10
5.291157190709615321e+00 1.088406170156158829e+10
5.312321819472453299e+00 1.081237325806729698e+10
5.333571106750343738e+00 1.153963003447960091e+10
5.354905391177344320e+00 9.764837878604145050e+09
5.376325012742054099e+00 9.985129564269035339e+09
5.397830312793021612e+00 1.012163153979797363e+10
5.419421634044193858e+00 8.316327541569710732e+09
5.441099320580370602e+00 1.006234217836032295e+10
5.462863717862692425e+00 9.202455332791431427e+09
5.484715172734142996e+00 9.414389724548910141e+09
5.506654033425078865e+00 9.193415946164278030e+09
5.528680649558780580e+00 8.603677329693204880e+09
5.550795372157015350e+00 8.418275945627086639e+09
5.572998553645643227e+00 8.102456447887260437e+09
5.595290547860225949e+00 8.741567345396577835e+09
5.617671710051667766e+00 8.321288225351506233e+09
5.640142396891874021e+00 8.455403765424821854e+09
5.662702966479441713e+00 8.185410345748851776e+09
5.685353778345359821e+00 7.708609130447885513e+09
5.708095193458740724e+00 7.634832806681146622e+09
5.730927574232576482e+00 7.386186943270848274e+09
5.753851284529505783e+00 7.955837948828197479e+09
5.776866689667624399e+00 7.136545470790526390e+09
5.799974156426294769e+00 7.831667951593413353e+09
5.823174053051999977e+00 6.551402002271421432e+09
5.846466749264207508e+00 7.210682811135986328e+09
5.869852616261264977e+00 6.801658696525474548e+09
5.893332026726310069e+00 6.744278274228322983e+09
5.916905354833215114e+00 7.379448029979083061e+09
5.940572976252548543e+00 6.465602050144890785e+09
5.964335268157558545e+00 7.064871166232990265e+09
5.988192609230189589e+00 7.047368898320888519e+09
6.012145379667110490e+00 7.148167182963556290e+09
6.036193961185778889e+00 6.557595030929575920e+09
6.060338737030522616e+00 6.353235108831617355e+09
6.084580091978644134e+00 6.933855896313831329e+09
6.108918412346558746e+00 6.483205288438557625e+09
6.133354085995945226e+00 7.045355900141961098e+09
6.157887502339929320e+00 6.376241489783649445e+09
6.182519052349287669e+00 6.446845446273780823e+09
6.207249128558685491e+00 6.583909399455314636e+09
6.232078125072920471e+00 6.551388462310665131e+09
6.257006437573212843e+00 6.545111921489649773e+09
6.282034463323505236e+00 6.518350066433093071e+09
6.307162601176800720e+00 6.484145759235532761e+09
6.332391251581507063e+00 6.310827177375786781e+09
6.357720816587833390e+00 6.228258611455692291e+09
6.383151699854184180e+00 5.875989322008645058e+09
6.408684306653601226e+00 5.217334727702257156e+09
6.434319043880215361e+00 5.450549970906100273e+09
6.460056320055736379e+00 5.000136801202285767e+09
6.485896545335958052e+00 4.447380720527836800e+09
6.511840131517302233e+00 4.703701543705850601e+09
6.537887492043371829e+00 4.859343916365509033e+09
6.564039042011545533e+00 4.459757028908046722e+09
6.590295198179591196e+00 4.157200036515040874e+09
6.616656378972309405e+00 4.220464686985522747e+09
6.643123004488199257e+00 4.247013244483656883e+09
6.669695496506150789e+00 4.500753005214009285e+09
6.696374278492176479e+00 4.563443463199087143e+09
6.723159775606144528e+00 4.240208200577313900e+09
6.750052414708568094e+00 4.606215277600723267e+09
6.777052624367403411e+00 4.189649985803556442e+09
6.804160834864871887e+00 4.101739724311282158e+09
6.831377478204331055e+00 3.903357349854617596e+09
6.858702988117148180e+00 3.924895030767679691e+09
6.886137800069615622e+00 4.359525716931234360e+09
6.913682351269895499e+00 4.293648930044602394e+09
6.941337080674975013e+00 4.258345137010249615e+09
6.969102428997675069e+00 3.984122227956998825e+09
6.996978838713665994e+00 4.083599885298850536e+09
7.024966754068519670e+00 3.814094432735094070e+09
7.053066621084793653e+00 3.607873715213598251e+09
7.081278887569133929e+00 3.596817920555959702e+09
7.109604003119409654e+00 3.447332695954147816e+09
7.138042419131887861e+00 3.415734403605830193e+09
7.166594588808414379e+00 3.223690653547012806e+09
7.195260967163648047e+00 3.147804117679396629e+09
7.224042011032302923e+00 3.067419786636768341e+09
7.252938179076432235e+00 2.942834707854315281e+09
7.281949931792737196e+00 2.841449789195121765e+09
7.311077731519908696e+00 2.866941599602925301e+09
7.340322042445988515e+00 2.645931765416611671e+09
7.369683330615771411e+00 2.697472614190456867e+09
7.399162063938235612e+00 2.727247439564349651e+09
7.428758712193988423e+00 2.644571962100756645e+09
7.458473747042765112e+00 2.562035555666697979e+09
7.488307642030935796e+00 2.682765799918259144e+09
7.518260872599060285e+00 2.793732746289663315e+09
7.548333916089456253e+00 2.770584051254650593e+09
7.578527251753813587e+00 2.769721386827317715e+09
7.608841360760829176e+00 2.757412125298830032e+09
7.639276726203872769e+00 3.012893925478984833e+09
7.669833833108687493e+00 2.309078944772248745e+09
7.700513168441122325e+00 2.179467377000130177e+09
7.731315221114887670e+00 2.081288054771416187e+09
7.762240481999347352e+00 2.114912507051470995e+09
7.793289443927344351e+00 2.159267370650494576e+09
7.824462601703054077e+00 2.202852174361017704e+09
7.855760452109866065e+00 2.276824593492216587e+09
7.887183493918306532e+00 2.228546773902858734e+09
7.918732227893980458e+00 2.302020695928735733e+09
7.950407156805555431e+00 2.367832247622486591e+09
7.982208785432777454e+00 2.416313024355262280e+09
8.014137620574508958e+00 2.343951587374534130e+09
8.046194171056805899e+00 2.279764132132382393e+09
8.078378947741034821e+00 2.353093879871362686e+09
8.110692463531997021e+00 2.411208273253676891e+09
8.143135233386125549e+00 2.297840854171037674e+09
8.175707774319670662e+00 2.259920144914942265e+09
8.208410605416949224e+00 2.239431270066829681e+09
8.241244247838615422e+00 2.286543907850111961e+09
8.274209224829968790e+00 2.285841360237457275e+09
8.307306061729288871e+00 2.266993616869072914e+09
8.340535285976207192e+00 2.200341098459698677e+09
8.373897427120111203e+00 2.207227036105595589e+09
8.407393016828594412e+00 2.267240204823095322e+09
8.441022588895906509e+00 2.218343270978404045e+09
8.474786679251490540e+00 2.263356397595479965e+09
8.508685825968495209e+00 2.194692033325040817e+09
8.542720569272368891e+00 2.248341016705370426e+09
8.576891451549458978e+00 2.260882327282572746e+09
8.611199017355655627e+00 2.246020780554927826e+09
8.645643813425078150e+00 2.226324128174358845e+09
8.680226388678779159e+00 2.238932995663018227e+09
8.714947294233493125e+00 2.250461269257244587e+09
8.749807083410427566e+00 2.211841970269972801e+09
8.784806311744070229e+00 2.208172906143738747e+09
8.819945536991047774e+00 2.206445967570117474e+09
8.855225319139009343e+00 2.240417631314568520e+09
8.890646220415566958e+00 2.246762871800507545e+09
8.926208805297228821e+00 2.190854067669239521e+09
8.961913640518417878e+00 2.129492604154135227e+09
8.997761295080492161e+00 2.201808012228456974e+09
9.033752340260813085e+00 2.160506680023497105e+09
9.069887349621856387e+00 2.140561397299880981e+09
9.106166899020346150e+00 2.136818039139135361e+09
9.142591566616424359e+00 2.131331615008370161e+09
9.179161932882891506e+00 2.110579408468709469e+09
9.215878580614422333e+00 2.087522064675638199e+09
9.252742094936881045e+00 2.092389975389466047e+09
9.289753063316627646e+00 2.027865333180348396e+09
9.326912075569895322e+00 2.043076837047780037e+09
9.364219723872173162e+00 2.044233666654648542e+09
9.401676602767663482e+00 1.985146011744566679e+09
9.439283309178733816e+00 1.929431472344131947e+09
9.477040442415447075e+00 1.938035023018559694e+09
9.514948604185111236e+00 1.945239822279215097e+09
9.553008398601852136e+00 1.946752948563158512e+09
9.591220432196260859e+00 1.903847766060257673e+09
9.629585313925044687e+00 1.872268826322923899e+09
9.668103655180747324e+00 1.851210168693222761e+09
9.706776069801470896e+00 1.858671403759923458e+09
9.745603174080676112e+00 1.839457756244773388e+09
9.784585586776998412e+00 1.833254549469796658e+09
9.823723929124106746e+00 1.756765106749767542e+09
9.863018824840601440e+00 1.764434676513983965e+09
9.902470900139965337e+00 1.621577850078155518e+09
9.942080783740523842e+00 1.729398365417220354e+09
9.981849106875488431e+00 1.715540802433840513e+09
1.002177650330298952e+01 1.689812659268927574e+09
1.006186360931619994e+01 1.654805434069887400e+09
1.010211106375346723e+01 1.626083695505668402e+09
1.014251950800847979e+01 1.640303149236078262e+09
1.018308958604051284e+01 1.613167546096344233e+09
1.022382194438467451e+01 1.597800197100070477e+09
1.026471723216221399e+01 1.547995908626899719e+09
1.030577610109086173e+01 1.523174785093307972e+09
1.034699920549522467e+01 1.389555898127079487e+09
1.038838720231720458e+01 1.330590088296242476e+09
1.042994075112647501e+01 1.326890926291222095e+09
1.047166051413097954e+01 1.335512735764398336e+09
1.051354715618750468e+01 1.362332136377636194e+09
1.055560134481225454e+01 1.364281555506294250e+09
1.059782375019150358e+01 1.346918159819696426e+09
1.064021504519226902e+01 1.334714315625387669e+09
1.068277590537303823e+01 1.325630861309016705e+09
1.072550700899452991e+01 1.258784956167698383e+09
1.076840903703050856e+01 1.256512537125526428e+09
1.081148267317863088e+01 1.286056320307163477e+09
1.085472860387134553e+01 1.262345042355730772e+09
1.089814751828683015e+01 1.235510599066230774e+09
1.094174010835997635e+01 1.210437804195379734e+09
1.098550706879341909e+01 1.140032503560708761e+09
1.102944909706859100e+01 1.147739408405071259e+09
1.107356689345686540e+01 1.188892739489063501e+09
1.111786116103069233e+01 1.197764743551721334e+09
1.116233260567481622e+01 1.171794895128051281e+09
1.120698193609751492e+01 1.173943186818616867e+09
1.125180986384190440e+01 1.108593665982938766e+09
1.129681710329727373e+01 1.147385561913479328e+09
1.134200437171046083e+01 1.113488424229491472e+09
1.138737238919730466e+01 1.119304705760443926e+09
1.143292187875409383e+01 1.101073941056300402e+09
1.147865356626910938e+01 1.086382646493984938e+09
1.152456818053418530e+01 1.060707105283789277e+09
1.157066645325632237e+01 1.014453034465771437e+09
1.161694911906934635e+01 1.006605756319507122e+09
1.166341691554562487e+01 1.010466074729081273e+09
1.171007058320780736e+01 9.398916926775374413e+08
1.175691086554063958e+01 9.191686986858556271e+08
1.180393850900279951e+01 9.598427486764056683e+08
1.185115426303881137e+01 9.632462684320070744e+08
1.189855888009096674e+01 9.368754303582596779e+08
1.194615311561133097e+01 9.340533287032449245e+08
1.199393772807377623e+01 9.191520926873521805e+08
1.204191347898607134e+01 9.251897054061117172e+08
1.209008113290201614e+01 8.425103257619903088e+08
1.213844145743362368e+01 8.775279764583216906e+08
1.218699522326335938e+01 8.999109678402545452e+08
1.223574320415641381e+01 8.431833450830440521e+08
1.228468617697303777e+01 8.178597872316927910e+08
1.233382492168093059e+01 8.364362153093898296e+08
1.238316022136765504e+01 7.595215097988325357e+08
1.243269286225312520e+01 7.560978579784317017e+08
1.248242363370213859e+01 8.035107971787676811e+08
1.253235332823694748e+01 7.304354032817791700e+08
1.258248274154989410e+01 7.404536962561922073e+08
1.263281267251609385e+01 7.483566021658434868e+08
1.268334392320615756e+01 7.474962954691135883e+08
1.273407729889898299e+01 7.196340725501909256e+08
1.278501360809457665e+01 7.150840546086168289e+08
1.283615366252695544e+01 6.907249906616237164e+08
1.288749827717706253e+01 7.183635292287373543e+08
1.293904827028577031e+01 6.794942079606467485e+08
1.299080446336691352e+01 6.921223243568320274e+08
1.304276768122038099e+01 6.351702010839694738e+08
1.309493875194526424e+01 6.689522402506641150e+08
1.314731850695304693e+01 6.306863457581968307e+08
1.319990778098085649e+01 6.552491850082648993e+08
1.325270741210477965e+01 5.932200614242790937e+08
1.330571824175319939e+01 5.693465625592157841e+08
1.335894111472021173e+01 6.155667814647393227e+08
1.341237687917909227e+01 5.839401905056339502e+08
1.346602638669580898e+01 5.434045900612798929e+08
1.351989049224258999e+01 5.863986200154196024e+08
1.357397005421156067e+01 5.653754203278328180e+08
1.362826593442840917e+01 5.593795348527417183e+08
1.368277899816612297e+01 5.460121025011955500e+08
1.373751011415878942e+01 5.232554200131986737e+08
1.379246015461542463e+01 5.491791215403925180e+08
1.384762999523388416e+01 4.948213633012520671e+08
1.390302051521481808e+01 5.307401999335590005e+08
1.395863259727567751e+01 5.249505556544092298e+08
1.401446712766477987e+01 4.772752469027306437e+08
1.407052499617543972e+01 5.211123873617050648e+08
1.412680709616014063e+01 4.820407276142845154e+08
1.418331432454478147e+01 4.417424146798003912e+08
1.424004758184296193e+01 4.581499081737862825e+08
1.429700777217033369e+01 4.949736427100356817e+08
1.435419580325901379e+01 4.347291454120786190e+08
1.441161258647204946e+01 4.254926236134248376e+08
1.446925903681793812e+01 4.189416546820791364e+08
1.452713607296521126e+01 4.115540164075722694e+08
1.458524461725707155e+01 4.334709502729892731e+08
1.464358559572609764e+01 4.186571449691738486e+08
1.470215993810900557e+01 4.161138149614679813e+08
1.476096857786143879e+01 4.340785779706375599e+08
1.482001245217288599e+01 3.912689232002696395e+08
1.487929250198157760e+01 3.650867347578587532e+08
1.493880967198950316e+01 3.878342472138922215e+08
1.499856491067746056e+01 3.744918027311047912e+08
1.505855917032016933e+01 3.741195384756404161e+08
1.511879340700144958e+01 3.753642459106818438e+08
1.517926858062945605e+01 3.496980146515399814e+08
1.523998565495197433e+01 3.825894764052291512e+08
1.530094559757178274e+01 3.757673482948943973e+08
1.536214937996206764e+01 3.492238567200005651e+08
1.542359797748191674e+01 3.335636687402081490e+08
1.548529236939184450e+01 3.361213561944023967e+08
1.554723353886941339e+01 3.053204254808292985e+08
1.560942247302489072e+01 3.219341864061887264e+08
1.567186016291699069e+01 3.337805864127713442e+08
1.573454760356865556e+01 2.877559360933133364e+08
1.579748579398293096e+01 3.053821005235290527e+08
1.586067573715886247e+01 3.084412591469156742e+08
1.592411844010749888e+01 3.273034983461343646e+08
1.598781491386792730e+01 2.628595397557397783e+08
1.605176617352340074e+01 2.964244336578112245e+08
1.611597323821749228e+01 2.747751736400341392e+08
1.618043713117036120e+01 3.027068349292156696e+08
1.624515887969504391e+01 2.555917218682420254e+08
1.631013951521382310e+01 2.757580948805006146e+08
1.637538007327468037e+01 2.766726900426455736e+08
1.644088159356778078e+01 2.627208798136008084e+08
1.650664511994205341e+01 2.550636945948961973e+08
1.657267170042182158e+01 2.567257898530022800e+08
1.663896238722350418e+01 2.222547085280447602e+08
1.670551823677240222e+01 2.490697248551747799e+08
1.677234030971949608e+01 2.698149648424448967e+08
1.683942967095837062e+01 2.546482438021456003e+08
1.690678738964220429e+01 2.326083189465514421e+08
1.697441453920077237e+01 2.296627374672719836e+08
1.704231219735757108e+01 2.566901055809280574e+08
1.711048144614700561e+01 2.020581139693638086e+08
1.717892337193159236e+01 2.323428259955266416e+08
1.724763906541932101e+01 2.129882854161802530e+08
1.731662962168099895e+01 2.130876165898292065e+08
1.738589614016772344e+01 1.855360096514032185e+08
1.745543972472839300e+01 2.202895936844871044e+08
1.752526148362730751e+01 2.089865254128976166e+08
1.759536252956181812e+01 2.037864938939013183e+08
1.766574397968006238e+01 1.992692179094523787e+08
1.773640695559878466e+01 1.938286544432193637e+08
1.780735258342117433e+01 1.911944628983032703e+08
1.787858199375486024e+01 2.053218512416008711e+08
1.795009632172988034e+01 1.773710046114780307e+08
1.802189670701679702e+01 1.960764155999428928e+08
1.809398429384486562e+01 1.889935763748968542e+08
1.816636023102024211e+01 1.595237883931292593e+08
1.823902567194432578e+01 1.833438656465176046e+08
1.831198177463210186e+01 1.873061556458061039e+08
1.838522970173062987e+01 1.731553459251115322e+08
1.845877062053754969e+01 1.687586741423157454e+08
1.853260570301970134e+01 1.519953014614203572e+08
1.860673612583178027e+01 1.444401098631566763e+08
1.868116307033510637e+01 1.613206438497075438e+08
1.875588772261644976e+01 1.535088916267478764e+08
1.883091127350691352e+01 1.780015224174953103e+08
1.890623491860094063e+01 1.588795626150920391e+08
1.898185985827534594e+01 1.412803243372091353e+08
1.905778729770844748e+01 1.628322832734383345e+08
1.913401844689928311e+01 1.568574269262259901e+08
1.921055452068688041e+01 1.402111521250932515e+08
1.928739673876962968e+01 1.348604660911755264e+08
1.936454632572470658e+01 1.412372582452509403e+08
1.944200451102760141e+01 1.159375473511859626e+08
1.951977252907171589e+01 1.439165513145022988e+08
1.959785161918800256e+01 1.250505980650463253e+08
1.967624302566475691e+01 1.296470515461512059e+08
1.991079942767366973e+01 1.265159801731648892e+08
2.030901541622714390e+01 1.131314844624352902e+08
2.071519572455168756e+01 1.116141024236486554e+08
2.112949963904272010e+01 9.547016168964552879e+07
2.155208963182357707e+01 9.239576114720515907e+07
2.198313142446004420e+01 8.560018452708321810e+07
2.242279405294924643e+01 7.698942655749797821e+07
2.287124993400822959e+01 7.683352674155284464e+07
2.332867493268839709e+01 7.232122061166448891e+07
2.379524843134216638e+01 6.091135755349155515e+07
2.427115339996900900e+01 6.323788782169868052e+07
2.475657646796839018e+01 5.547893317380563170e+07
2.525170799732775961e+01 4.902964186255338043e+07
2.575674215727431715e+01 4.881676023340992630e+07
2.627187700041980278e+01 4.612245257633636892e+07
2.679731454042819649e+01 3.854286754028149694e+07
2.733326083123676042e+01 4.101873221426804364e+07
2.787992604786149542e+01 3.573387976836922765e+07
2.843752456881871993e+01 2.983507491420777887e+07
2.900627506019509738e+01 3.203656976854087040e+07
2.958640056139899599e+01 2.805837042969117686e+07
3.017812857262697435e+01 2.657800368793186918e+07
3.078169114407952023e+01 2.280520441125770286e+07
3.139732496696110431e+01 2.316429711458879337e+07
3.202527146630033172e+01 2.154510493592621014e+07
3.266577689562632969e+01 1.973931423604974151e+07
3.331909243353885586e+01 1.681845205130525306e+07
3.398547428220963695e+01 1.797853800038731098e+07
3.466518376785383282e+01 1.508118212411704287e+07
3.535848744321090464e+01 1.339977464936632104e+07
3.606565719207512188e+01 1.275612257021190785e+07
3.678697033591662802e+01 1.261963362575036101e+07
3.752270974263496583e+01 1.095266384118438140e+07
3.827316393748766643e+01 1.109872142180407420e+07
3.903862721623740839e+01 9.731933977969378233e+06
3.981939976056215613e+01 8.926855446066450328e+06
4.061578775577340394e+01 7.649105165661743842e+06
4.142810351088887444e+01 8.143707145032108761e+06
4.225666558110664539e+01 7.480208565867899917e+06
4.310179889272878029e+01 6.341777265462205745e+06
4.396383487058335504e+01 6.000250210627180524e+06
4.484311156799503095e+01 5.658565329542496242e+06
4.573997379935492091e+01 5.193371837332470343e+06
4.665477327534202345e+01 4.679250476017406210e+06
4.758786874084886165e+01 4.546957296413294040e+06
4.853962611566583973e+01 4.311051740775837563e+06
4.951041863797915710e+01 3.709374066103508696e+06
5.050062701073873939e+01 3.575878129716429394e+06
5.151063955095351332e+01 3.147166355526676867e+06
5.254085234197258103e+01 3.348472633859402500e+06
5.359166938881203635e+01 2.997704466946991626e+06
5.466350277658827395e+01 2.750746635993701871e+06
5.575677283212004198e+01 2.322396204273632728e+06
5.687190828876244098e+01 2.231519058283412829e+06
5.800934645453768468e+01 2.127383541964069940e+06
5.916953338362844050e+01 2.027312052387118340e+06
6.035292405130100946e+01 1.815277807612103643e+06
6.155998253232701956e+01 1.848641706757318694e+06
6.279118218297357146e+01 1.544682356342541752e+06
6.404700582663303976e+01 1.349564297589596128e+06
6.532794594316570169e+01 1.273792651138968533e+06
6.663450486202900436e+01 1.196156549344734987e+06
6.796719495926959098e+01 1.237745484324419871e+06
6.932653885845499531e+01 1.177259923882775242e+06
7.071306963562409464e+01 9.997284192552375607e+05
7.212733102833657028e+01 8.682387920303541468e+05
7.356987764890331505e+01 8.386757450770176947e+05
7.504127520188137623e+01 7.570604060425135540e+05
7.654210070591901172e+01 7.570397273563896306e+05
7.807294272003738911e+01 6.912319695799010806e+05
7.963440157443814371e+01 6.454130947496209992e+05
8.122708960592690630e+01 5.514518680262757698e+05
8.285163139804545551e+01 5.131084523692798684e+05
8.450866402600635752e+01 4.927689765255876700e+05
8.619883730652648524e+01 4.868699671648474177e+05
8.792281405265701721e+01 5.341608244606633671e+05
8.968127033371015955e+01 4.170082421628661687e+05
9.147489574038435478e+01 4.082096570598391118e+05
9.330439365519204387e+01 3.507143263664614642e+05
9.517048152829590890e+01 3.000988893486478482e+05
9.707389115886181230e+01 3.297170886368795764e+05
9.901536898203904968e+01 2.537998665865746152e+05
