# Wavelength [um]       Fp [W/m2/m]  
1.000553076518779783e-01 1.462865987486091334e-14
1.004555288824854897e-01 2.154337411400722674e-52
1.008573509980154326e-01 1.785859782955389012e-49
1.012607804020075053e-01 3.675660346491603145e-49
1.016658235236155422e-01 3.220875717196759763e-52
1.020724868177099870e-01 1.993600673508799423e-35
1.024807767649808382e-01 5.944480831057696833e-38
1.028906998720407612e-01 6.769174813576462280e-48
1.033022626715289355e-01 2.176872709398260406e-32
1.037154717222150413e-01 2.356554520208937337e-50
1.041303336091038839e-01 1.326015089450799627e-45
1.045468549435403099e-01 5.673291776039047614e-43
1.049650423633144702e-01 2.629286321977015388e-51
1.053849025327677214e-01 3.150234799958497436e-37
1.058064421428987906e-01 1.314602453596199277e-47
1.062296679114703990e-01 1.127023336533815015e-36
1.066545865831162732e-01 2.655344058659891950e-41
1.070812049294487533e-01 7.084578648701021845e-43
1.075095297491665408e-01 4.079442021806489930e-33
1.079395678681632220e-01 5.851736530174889072e-43
1.083713261396358624e-01 1.864316375288029671e-31
1.088048114441943909e-01 3.911467724357123943e-34
1.092400306899711654e-01 2.641940575257163770e-21
1.096769908127310511e-01 2.325368256308915348e-33
1.101156987759819850e-01 2.357918228797748416e-34
1.105561615710859147e-01 9.337814375876558166e-22
1.109983862173702651e-01 5.600692092348354249e-26
1.114423797622397516e-01 4.018951941980615349e-30
1.118881492812886930e-01 1.745748505842997373e-33
1.123357018784138517e-01 3.401941381633366037e-30
1.127850446859275102e-01 1.233065034953413203e-17
1.132361848646712132e-01 3.124149032605201063e-20
1.136891296041298988e-01 1.079208322076226101e-19
1.141438861225464035e-01 2.837861967864403741e-19
1.146004616670366072e-01 1.133181781084444513e-18
1.150588635137047705e-01 3.708345896778594137e-20
1.155190989677595953e-01 2.981441351980634563e-20
1.159811753636306314e-01 6.921669139866657733e-21
1.164451000650851553e-01 8.385406459004149102e-23
1.169108804653455069e-01 5.659487173211106034e-23
1.173785239872068981e-01 3.281825119236587233e-24
1.178480380831557206e-01 1.679040658854560658e-24
1.183194302354883543e-01 7.180220889137819169e-23
1.187927079564302935e-01 3.685303255593597270e-25
1.192678787882560099e-01 1.120783661473344881e-24
1.197449503034090645e-01 2.151130173965732647e-24
1.202239301046226783e-01 1.311791127833720872e-26
1.207048258250411760e-01 3.380348187034296202e-24
1.211876451283413342e-01 1.898358724486532923e-24
1.216723957088547137e-01 3.437255525815568992e-25
1.221590852916901310e-01 3.520547316659157012e-23
1.226477216328568792e-01 6.712872939364469582e-21
1.231383125193883099e-01 1.208777389071831035e-23
1.236308657694658586e-01 1.035799598869296886e-22
1.241253892325437369e-01 5.856043576741924459e-23
1.246218907894739159e-01 1.180923029422029791e-23
1.251203783526317892e-01 2.589742079720398466e-23
1.256208598660423226e-01 3.202341023539063590e-20
1.261233433055065078e-01 8.474229435529016830e-21
1.266278366787285392e-01 3.448521506803200378e-25
1.271343480254434610e-01 1.154826609298187452e-20
1.276428854175452321e-01 4.711249778211356636e-21
1.281534569592154005e-01 1.168187453644500907e-23
1.286660707870522780e-01 1.571797072838068426e-22
1.291807350702004475e-01 1.501922862978081428e-20
1.296974580104812425e-01 1.056929048210989879e-20
1.302162478425231973e-01 4.313403083749978839e-21
1.307371128338932764e-01 4.654973174594944690e-19
1.312600612852288795e-01 3.550892800483798807e-19
1.317851015303697915e-01 4.055434954515747054e-19
1.323122419364912705e-01 6.735220290022906488e-18
1.328414909042372472e-01 2.766316120489926601e-17
1.333728568678542170e-01 1.626558401510713860e-17
1.339063482953256612e-01 4.181576741923437658e-19
1.344419736885069383e-01 1.314961652891273378e-17
1.349797415832609815e-01 1.676917122405847003e-16
1.355196605495940232e-01 1.044843787668490574e-16
1.360617391917924301e-01 4.019218287764811211e-16
1.366059861485595939e-01 5.420839983473638480e-17
1.371524100931538481e-01 2.143813242130945096e-18
1.377010197335264696e-01 2.668900368873550247e-17
1.382518238124605670e-01 4.311550136691202207e-15
1.388048311077104136e-01 1.339101550806870722e-15
1.393600504321412248e-01 9.734315981674622439e-17
1.399174906338697677e-01 5.000339795844325225e-17
1.404771605964052761e-01 1.093635417410714154e-14
1.410390692387908651e-01 1.027154637467366885e-15
1.416032255157460562e-01 2.650120743430710110e-14
1.421696384178090522e-01 2.039773258587650519e-17
1.427383169714803168e-01 9.831591943234910041e-15
1.433092702393662099e-01 1.488314198870966922e-13
1.438825073203236771e-01 2.666313387503062509e-14
1.444580373496049674e-01 2.328127696715945426e-13
1.450358694990033503e-01 4.153520842820641290e-14
1.456160129769993872e-01 2.597452788288979144e-13
1.461984770289073976e-01 6.369027774499307840e-13
1.467832709370230082e-01 1.601127298179710525e-13
1.473704040207710897e-01 8.498921638496384320e-13
1.479598856368541382e-01 1.343081105503549482e-14
1.485517251794015725e-01 6.075473627032359777e-13
1.491459320801191979e-01 1.430446521192885723e-12
1.497425158084396690e-01 3.118953228725190215e-13
1.503414858716734248e-01 3.355847413266736534e-11
1.509428518151600951e-01 1.998759970792786378e-12
1.515466232224207677e-01 6.215550401327291804e-13
1.521528097153104220e-01 3.974750237265455030e-09
1.527614209541716672e-01 8.579483609055159261e-12
1.533724666379883694e-01 2.600419924171146909e-11
1.539859565045403056e-01 5.193562691381579178e-09
1.546019003305584838e-01 3.145367647626513666e-14
1.552203079318807133e-01 3.628567408629388871e-10
1.558411891636082569e-01 2.491679850886298152e-09
1.564645539202626778e-01 6.789427456969847734e-11
1.570904121359437411e-01 1.237943817002162656e-08
1.577187737844875093e-01 2.212207811359014857e-09
1.583496488796254653e-01 2.521745041209502637e-08
1.589830474751439959e-01 8.590220134849734472e-08
1.596189796650445414e-01 3.405827539167306038e-09
1.602574555837047166e-01 2.114180564221692534e-08
1.608984854060395708e-01 2.186083510547955380e-07
1.615420793476636807e-01 1.840314119089034074e-08
1.621882476650543525e-01 3.430254618974129524e-07
1.628370006557145755e-01 7.025951291737461152e-07
1.634883486583374457e-01 5.942085366890839689e-07
1.641423020529707844e-01 2.445304970449682316e-05
1.647988712611826723e-01 2.123072430347496635e-07
1.654580667462274002e-01 3.579662795485192372e-07
1.661198990132123077e-01 1.018294028582796305e-04
1.667843786092651215e-01 3.568423090413371678e-06
1.674515161237022098e-01 4.984025668550649520e-04
1.681213221881969755e-01 3.255475394796688150e-04
1.687938074769497754e-01 2.749610902385819797e-05
1.694689827068575905e-01 1.926172101084972508e-03
1.701468586376850278e-01 3.222153761222182680e-04
1.708274460722357391e-01 1.875559301134636681e-05
1.715107558565246715e-01 1.288634745173516949e-03
1.721967988799507909e-01 6.804514790584238922e-05
1.728855860754705820e-01 2.739428438564870750e-04
1.735771284197724640e-01 4.747241607620609344e-03
1.742714369334515678e-01 6.278804828999888076e-04
1.749685226811853456e-01 8.602634604371777946e-03
1.756683967719100681e-01 1.585194798072511735e-02
1.763710703589977391e-01 2.408432134002018790e-02
1.770765546404337309e-01 2.896240575384618696e-02
1.777848608589954471e-01 1.738734316384654699e-02
1.784960003024314568e-01 2.116423256302759834e-02
1.792099843036411844e-01 3.371186326412799195e-02
1.799268242408557650e-01 4.981024613490589448e-02
1.806465315378191772e-01 2.445682351322412199e-02
1.813691176639704306e-01 1.203804959304620864e-01
1.820945941346263086e-01 4.851905242819912895e-02
1.828229725111648329e-01 1.246787963530397031e-01
1.835542644012094771e-01 1.412092815780987831e-01
1.842884814588143239e-01 1.085338032773822542e-01
1.850256353846495561e-01 2.025084825978975267e-01
1.857657379261881403e-01 3.604833119544658127e-01
1.865088008778928996e-01 4.987787875716077624e-01
1.872548360814044743e-01 5.410986085894109454e-01
1.880038554257300876e-01 7.044396704825093281e-01
1.887558708474330049e-01 8.372001235536008501e-01
1.895108943308226879e-01 1.126452270628411023e+00
1.902689379081460019e-01 1.016951833939792049e+00
1.910300136597785636e-01 1.052116374874804805e+00
1.917941337144176972e-01 1.357667666805981055e+00
1.925613102492753359e-01 1.724832170765755013e+00
1.933315554902724498e-01 2.536091745433017852e+00
1.941048817122335568e-01 2.755359491740614786e+00
1.948813012390824828e-01 5.029001589148693441e+00
1.956608264440388156e-01 6.396544850950656169e+00
1.964434697498149418e-01 8.540204225103876112e+00
1.972292436288141937e-01 9.603499693475287202e+00
1.980181606033294406e-01 7.492273124117106775e+00
1.988102332457427346e-01 1.224107503334289682e+01
1.996054741787257336e-01 1.078617781774857853e+01
2.004038960754406518e-01 1.730559211168685607e+01
2.012055116597424309e-01 1.813282697785069786e+01
2.020103337063813842e-01 2.896116716640595712e+01
2.028183750412069219e-01 3.578688845123289042e+01
2.036296485413717494e-01 3.758929493861325000e+01
2.044441671355372303e-01 5.792193297584469036e+01
2.052619438040793887e-01 5.590588142417679052e+01
2.060829915792957157e-01 7.952844041533364816e+01
2.069073235456129201e-01 8.758904034231314029e+01
2.077349528397953449e-01 9.376065540132206877e+01
2.085658926511545219e-01 1.351200975693210751e+02
2.094001562217591150e-01 1.296281470160908214e+02
2.102377568466461677e-01 1.822269070408265748e+02
2.110787078740327671e-01 1.944024834278952198e+02
2.119230227055288740e-01 2.424556249512677084e+02
2.127707147963510126e-01 2.927903520280357270e+02
2.136217976555363773e-01 3.131431427146168289e+02
2.144762848461585492e-01 3.973303418087829755e+02
2.153341899855431840e-01 4.317991397112685945e+02
2.161955267454853669e-01 5.096513893999290303e+02
2.170603088524672986e-01 5.982898120886436573e+02
2.179285500878772042e-01 6.528966124364375219e+02
2.188002642882286852e-01 7.771812244368454685e+02
2.196754653453815986e-01 8.659514950228572161e+02
2.205541672067631020e-01 9.952001240487020368e+02
2.214363838755901703e-01 1.134899305865346150e+03
2.223221294110925284e-01 1.278177114290491545e+03
2.232114179287369160e-01 1.463811565312477114e+03
2.241042636004518529e-01 1.642638418942782209e+03
2.250006806548536520e-01 1.867963926725348983e+03
2.259006833774730438e-01 2.113205180980047317e+03
2.268042861109829667e-01 2.377535473138816997e+03
2.277115032554268836e-01 2.693185347739895860e+03
2.286223492684485714e-01 3.029641875218018413e+03
2.295368386655223802e-01 3.417950359862642017e+03
2.304549860201844658e-01 3.851325976192107646e+03
2.313768059642651864e-01 4.329265043652037093e+03
2.323023131881222503e-01 4.875251505021255980e+03
2.332315224408747223e-01 5.477185311772552268e+03
2.341644485306381973e-01 6.155457970944049521e+03
2.351011063247607502e-01 6.913112739574460647e+03
2.360415107500598020e-01 7.756626426736820576e+03
2.369856767930600405e-01 8.703009585833982783e+03
2.379336195002322851e-01 9.755436501416636020e+03
2.388853539782332114e-01 1.093194811029623452e+04
2.398408953941461863e-01 1.224356203301741152e+04
2.408002589757227141e-01 1.370339548393483528e+04
2.417634600116256582e-01 1.533205980801918122e+04
2.427305138516721306e-01 1.714371821360646209e+04
2.437014359070788505e-01 1.915991856086720873e+04
2.446762416507071713e-01 2.140330985319401952e+04
2.456549466173099938e-01 2.389574440634690836e+04
2.466375664037792625e-01 2.666626488519425038e+04
2.476241166693943785e-01 2.974214632258037818e+04
2.486146131360719436e-01 3.315644724556751316e+04
2.496090715886161993e-01 3.694437578177723481e+04
2.506075078749706586e-01 4.114433321526530199e+04
2.516099379064705155e-01 4.579938334758472774e+04
2.526163776580964138e-01 5.095588474610291451e+04
2.536268431687287994e-01 5.666497011480713263e+04
2.546413505414037437e-01 6.298315353953429440e+04
2.556599159435693491e-01 6.997152647299790988e+04
2.566825556073435988e-01 7.769788449278468033e+04
2.577092858297729827e-01 8.623558144257133245e+04
2.587401229730920682e-01 9.566541703713637253e+04
2.597750834649844576e-01 1.060757221915327827e+05
2.608141837988444123e-01 1.175628151513086341e+05
2.618574405340398092e-01 1.302320363268315414e+05
2.629048702961759298e-01 1.441986117511639022e+05
2.639564897773606367e-01 1.595877858757931681e+05
2.650123157364701054e-01 1.765366787707455223e+05
2.660723649994159445e-01 1.951951061485168175e+05
2.671366544594135917e-01 2.157251004013563797e+05
2.682052010772512096e-01 2.383042599983709806e+05
2.692780218815602478e-01 2.631262941832152428e+05
2.703551339690865030e-01 2.904015867520889151e+05
2.714365545049627904e-01 3.203584876522342674e+05
2.725223007229827243e-01 3.532459283992670826e+05
2.736123899258746106e-01 3.893362749668366159e+05
2.747068394855781692e-01 4.289226829116415465e+05
2.758056668435204806e-01 4.723241199862654903e+05
2.769088895108945403e-01 5.198876837351059075e+05
2.780165250689380918e-01 5.719924348508178955e+05
2.791285911692138466e-01 6.290448021108809626e+05
2.802451055338907038e-01 6.914875936803556979e+05
2.813660859560263017e-01 7.597986554283428704e+05
2.824915502998503469e-01 8.345101250131179113e+05
2.836215165010497197e-01 9.161809638851704076e+05
2.847560025670539119e-01 1.005422921889037127e+06
2.858950265773221866e-01 1.102897864264751552e+06
2.870386066836315142e-01 1.209322241187017178e+06
2.881867611103660631e-01 1.325474810362686170e+06
2.893395081548075787e-01 1.452189090884824283e+06
2.904968661874267610e-01 1.590383861404558411e+06
2.916588536521764197e-01 1.741034801301380154e+06
2.928254890667851273e-01 1.905206151700671995e+06
2.939967910230522619e-01 2.084028681299036136e+06
2.951727781871444911e-01 2.278757683704058174e+06
2.963534692998930908e-01 2.490717160862193909e+06
2.975388831770926501e-01 2.721350074520870578e+06
2.987290387098009981e-01 2.972235256633447949e+06
2.999239548646402409e-01 3.245038187456191983e+06
3.011236506840988536e-01 1.520416224570421271e+01
3.023281452868351593e-01 1.679928118924635427e+01
3.035374578679824742e-01 1.388654466854312375e+01
3.047516076994544187e-01 1.908236571789045755e+01
3.059706141302522830e-01 2.019534316207451852e+01
3.071944965867733357e-01 2.020227057309908147e+01
3.084232745731204095e-01 1.943976662511646936e+01
3.096569676714128194e-01 1.366633098787929868e+01
3.108955955420985018e-01 1.362823842373473937e+01
3.121391779242668751e-01 1.796223402216054055e+01
3.133877346359639215e-01 1.728039149655938900e+01
3.146412855745078230e-01 1.611008748808603386e+01
3.158998507168058190e-01 1.461528040562842889e+01
3.171634501196730627e-01 1.282527073016723307e+01
3.184321039201517545e-01 1.079478772165151845e+01
3.197058323358323295e-01 8.599131638988277260e+00
3.209846556651756444e-01 5.736771358670008425e+00
3.222685942878363852e-01 3.278605906486041555e+00
3.235576686649877520e-01 3.070173342947454920e+00
3.248518993396476984e-01 1.984759783837494629e+00
3.261513069370062801e-01 1.250946171500061377e+00
3.274559121647543369e-01 7.003916616176572019e-01
3.287657358134133401e-01 2.843707667694303498e-01
3.300807987566670154e-01 8.235361437991375877e-02
3.314011219516936890e-01 2.083867892499265129e-01
3.327267264395004642e-01 7.994025039207760530e-01
3.340576333452584534e-01 2.021935842490353519e+00
3.353938638786395088e-01 4.190259788772865868e+00
3.367354393341540630e-01 8.145113093444154018e+00
3.380823810914907468e-01 1.525578543439953627e+01
3.394347106158566718e-01 2.700331865610978710e+01
3.407924494583201014e-01 4.467049454686527099e+01
3.421556192561533982e-01 6.864438644045326043e+01
3.435242417331779707e-01 8.490221062273346320e+01
3.448983387001106626e-01 3.738638871762696425e+01
3.462779320549111417e-01 1.750450133837194358e+02
3.476630437831307319e-01 2.742433310543636367e+02
3.490536959582632992e-01 3.758240914920156115e+02
3.504499107420963600e-01 5.004253985554218502e+02
3.518517103850647421e-01 6.577963154547657041e+02
3.532591172266050239e-01 8.591086640229384557e+02
3.546721536955114717e-01 1.119056713466633710e+03
3.560908423102934761e-01 1.456162525127747585e+03
3.575152056795346533e-01 1.893292523839597152e+03
3.589452665022527800e-01 2.458607638293186028e+03
3.603810475682617254e-01 3.185634542475263515e+03
3.618225717585348278e-01 4.113843713523776387e+03
3.632698620455689364e-01 5.288686510078681749e+03
3.647229414937512293e-01 6.763015650838606234e+03
3.661818332597261971e-01 8.598510825723660673e+03
3.676465605927651259e-01 1.086632457882314702e+04
3.691171468351361895e-01 1.364409785183254280e+04
3.705936154224767076e-01 1.702045156712336757e+04
3.720759898841666247e-01 2.109772667381037900e+04
3.735642938437032656e-01 2.598269201528512349e+04
3.750585510190780902e-01 3.178691561245554112e+04
3.765587852231543908e-01 3.862821394560445333e+04
3.780650203640470441e-01 4.661572939338149445e+04
3.795772804455032068e-01 5.583921887999232422e+04
3.810955895672852312e-01 6.635036087597670848e+04
3.826199719255543585e-01 7.813398567586220452e+04
3.841504518132565771e-01 9.106553029492267524e+04
3.856870536205096456e-01 1.048416317016238609e+05
3.872298018349916715e-01 1.190264080287444813e+05
3.887787210423316320e-01 1.327413240911637840e+05
3.903338359265008939e-01 1.448206563414857374e+05
3.918951712702069545e-01 1.536423241900680005e+05
3.934627519552877928e-01 1.572839854710460058e+05
3.950366029631089404e-01 1.535025059001877089e+05
3.966167493749613859e-01 1.400203092614564521e+05
3.982032163724612550e-01 1.154136359117943211e+05
3.997960292379510450e-01 8.061984122404349910e+04
4.013952133549028578e-01 4.281722742795738304e+04
4.030007942083224659e-01 1.320609938072925434e+04
4.046127973851557647e-01 8.137681503552292952e+02
4.062312485746963908e-01 1.508138186465711988e+04
4.078561735689951728e-01 6.060472890512519371e+04
4.094875982632711353e-01 1.420860844617965340e+05
4.111255486563242245e-01 2.570702850636817457e+05
4.127700508509495880e-01 4.000981970159269404e+05
4.144211310543532978e-01 5.712964697896606522e+05
4.160788155785707931e-01 7.737972526631123619e+05
4.177431308408850463e-01 1.011504843945632223e+06
4.194141033642486138e-01 1.287200610615091398e+06
4.210917597777056320e-01 1.602075781901502749e+06
4.227761268168164221e-01 1.961567119732436724e+06
4.244672313240837602e-01 2.366024693137210794e+06
4.261651002493800910e-01 2.829412745445827022e+06
4.278697606503775730e-01 3.334707746506032068e+06
4.295812396929790666e-01 3.920799368272281252e+06
4.312995646517510107e-01 4.556573122177565470e+06
4.330247629103580187e-01 5.253136949985822663e+06
4.347568619619994745e-01 6.068554676868691109e+06
4.364958894098474596e-01 6.960747190835218877e+06
4.382418729674867897e-01 7.870460988368080929e+06
4.399948404593567730e-01 8.877985978599941358e+06
4.417548198211941890e-01 1.015644405033322982e+07
4.435218391004789873e-01 1.150410022965378128e+07
4.452959264568808750e-01 1.295488628266547248e+07
4.470771101627084021e-01 1.450286693187383190e+07
4.488654186033592119e-01 1.591789159706136398e+07
4.506608802777726241e-01 1.775149677711070701e+07
4.524635237988837710e-01 2.019784938262668997e+07
4.542733778940792333e-01 2.244418763260538504e+07
4.560904714056555065e-01 2.463418497950017452e+07
4.579148332912781894e-01 1.457649903253974626e+06
4.597464926244433370e-01 1.140926577177188825e+06
4.615854785949410899e-01 8.945851082218622323e+05
4.634318205093208576e-01 7.095554808974472107e+05
4.652855477913582227e-01 5.809176887480642181e+05
4.671466899825236219e-01 5.129063901171791949e+05
4.690152767424536906e-01 4.431248563168242690e+05
4.708913378494234969e-01 3.610437341814230895e+05
4.727749032008212171e-01 2.793102228225880535e+05
4.746660028136244769e-01 2.081526235710329202e+05
4.765646668248789131e-01 1.519268328019588953e+05
4.784709254921784560e-01 1.096569562985744706e+05
4.803848091941470555e-01 7.891694223850881099e+04
4.823063484309236815e-01 5.837940968809735932e+04
4.842355738246474361e-01 4.615570304395515268e+04
4.861725161199459966e-01 3.995497722745044302e+04
4.881172061844257226e-01 3.637122446732583921e+04
4.900696750091634302e-01 3.433832710362044600e+04
4.920299537092001074e-01 3.248503308816170102e+04
4.939980735240369625e-01 3.053473433464334084e+04
4.959740658181330253e-01 2.858080762734048403e+04
4.979579620814056362e-01 2.670372891653907573e+04
4.999497939297311566e-01 2.506771756341916625e+04
5.019495931054501758e-01 2.398637603468449379e+04
5.039573914778719965e-01 2.387135480914538493e+04
5.059732210437835054e-01 2.488116218671965180e+04
5.079971139279585435e-01 2.653327660023644421e+04
5.100291023836703852e-01 2.851810660495717457e+04
5.120692187932051054e-01 3.051432480397459949e+04
5.141174956683780550e-01 3.260944773109950984e+04
5.161739656510514473e-01 3.497322019576866296e+04
5.182386615136556074e-01 3.752044235874228616e+04
5.203116161597103329e-01 4.010309561673767894e+04
5.223928626243490303e-01 4.280563660402019741e+04
5.244824340748465152e-01 4.574225401139334281e+04
5.265803638111459239e-01 4.894364054368667712e+04
5.286866852663905103e-01 5.230460293141181319e+04
5.308014320074561088e-01 5.596781097355338716e+04
5.329246377354859288e-01 5.996655963267507468e+04
5.350563362864277916e-01 6.423522040520278824e+04
5.371965616315735881e-01 6.886166417068654846e+04
5.393453478780998456e-01 7.361933461314068700e+04
5.415027292696121819e-01 7.864419433887141349e+04
5.436687401866906466e-01 8.456466158145394002e+04
5.458434151474373941e-01 9.077399272187399038e+04
5.480267888080271321e-01 9.757671265565200883e+04
5.502188959632591247e-01 1.048780564119998598e+05
5.524197715471121928e-01 1.128183493569959246e+05
5.546294506333006025e-01 1.212649361824081279e+05
5.568479684358338400e-01 1.304288906096622231e+05
5.590753603095770519e-01 1.402149480515384057e+05
5.613116617508153716e-01 1.505778698641944793e+05
5.635569083978186899e-01 1.618031014640975627e+05
5.658111360314097560e-01 1.734618106811058242e+05
5.680743805755354980e-01 1.803161560744656017e+05
5.703466780978375672e-01 1.976200693547820847e+05
5.726280648102289872e-01 2.122476640169627208e+05
5.749185770694699160e-01 2.273838761821208755e+05
5.772182513777477375e-01 2.447654351038776804e+05
5.795271243832587071e-01 2.635810543988887803e+05
5.818452328807918184e-01 2.840211052613201900e+05
5.841726138123150003e-01 3.058439639788902132e+05
5.865093042675643131e-01 3.261994659469674225e+05
5.888553414846344758e-01 3.356704932823934359e+05
5.912107628505729462e-01 3.575642026955258916e+05
5.935756059019753339e-01 3.975222867568856454e+05
5.959499083255832552e-01 4.260318295336043229e+05
5.983337079588855190e-01 4.607632527926047915e+05
6.007270427907210886e-01 5.019004989585272851e+05
6.031299509618840426e-01 5.494175265231459634e+05
6.055424707657315331e-01 5.975412179188695736e+05
6.079646406487945187e-01 6.501245618974938989e+05
6.103964992113897203e-01 7.053635119819930987e+05
6.128380852082353503e-01 7.640801084395846119e+05
6.152894375490681744e-01 8.270224225382312434e+05
6.177505952992645710e-01 8.945261740860600257e+05
6.202215976804615893e-01 9.674412442797600525e+05
6.227024840711834486e-01 1.045698883656424587e+06
6.251932940074681477e-01 1.126099729898154503e+06
6.276940671834980723e-01 1.210763918593046954e+06
6.302048434522321552e-01 1.320528600594928721e+06
6.327256628260409244e-01 1.422484970426732907e+06
6.352565654773452142e-01 1.544523689001288265e+06
6.377975917392545435e-01 1.667194006626199000e+06
6.403487821062116003e-01 1.804319651766663417e+06
6.429101772346363930e-01 1.945027049119404517e+06
6.454818179435749537e-01 2.018786772115602391e+06
6.480637452153492628e-01 2.160300387260583695e+06
6.506560001962106154e-01 2.415797268692180514e+06
6.532586241969955410e-01 2.633224597291496582e+06
6.558716586937833881e-01 2.840838152668684255e+06
6.584951453285585732e-01 3.093150899567403365e+06
6.611291259098727169e-01 3.407275958467104007e+06
6.637736424135122215e-01 3.740782397222879808e+06
6.664287369831662922e-01 4.111389244190149009e+06
6.690944519310989547e-01 4.507347748449328355e+06
6.717708297388232941e-01 4.935112333688816056e+06
6.744579130577786907e-01 5.397193946626077406e+06
6.771557447100098326e-01 5.888204536280535161e+06
6.798643676888498355e-01 6.414566950744767673e+06
6.825838251596052508e-01 6.975474870798611082e+06
6.853141604602436265e-01 7.576210742363939993e+06
6.880554171020846210e-01 8.151876129766907543e+06
6.908076387704928933e-01 8.295349570696677081e+06
6.935708693255748791e-01 7.469951197651683353e+06
6.963451528028771209e-01 9.520207138339450583e+06
6.991305334140887062e-01 1.031494023969826847e+07
7.019270555477450380e-01 1.064874925169550255e+07
7.047347637699360456e-01 1.180419463194336556e+07
7.075537028250157290e-01 1.293555514018137753e+07
7.103839176363159202e-01 1.398069582778883725e+07
7.132254533068611568e-01 1.504011297925198264e+07
7.160783551200886610e-01 1.243076414222989231e+07
7.189426685405689854e-01 1.189530987089667283e+07
7.218184392147313222e-01 1.531461550959418342e+07
7.247057129715901436e-01 1.434768037269827537e+07
7.276045358234763949e-01 1.662735414053275809e+07
7.305149539667704639e-01 1.477747139656339586e+07
7.334370137826373703e-01 1.974401047191485018e+07
7.363707618377679509e-01 2.049572378309712559e+07
7.393162448851190449e-01 2.248911549606192112e+07
7.422735098646596752e-01 2.497119953826263547e+07
7.452426039041182282e-01 2.685481735171171650e+07
7.482235743197346300e-01 2.899952263744691387e+07
7.512164686170136330e-01 2.997024547059591860e+07
7.542213344914817652e-01 3.055517825682518631e+07
7.572382198294477229e-01 3.045028529425786063e+07
7.602671727087656484e-01 2.856951766391054168e+07
7.633082413996006288e-01 1.999295846973213181e+07
7.663614743651989691e-01 3.771859133397734258e+06
7.694269202626597970e-01 5.049241715909891762e+06
7.725046279437104424e-01 1.697446428205084056e+07
7.755946464554852593e-01 2.774589823371241242e+07
7.786970250413072225e-01 3.932878076833599806e+07
7.818118131414724115e-01 4.907246451249226183e+07
7.849390603940383793e-01 5.687472394659378380e+07
7.880788166356144098e-01 6.465747136750423908e+07
7.912311319021569922e-01 7.513906496558369696e+07
7.943960564297655180e-01 8.661420987482373416e+07
7.975736406554845281e-01 9.317326516678877175e+07
8.007639352181065151e-01 1.036835405599217266e+08
8.039669909589789443e-01 1.137903204940417558e+08
8.071828589228148276e-01 1.142938985852380097e+08
8.104115903585061842e-01 9.093837890440969169e+07
8.136532367199402760e-01 6.766858037453509867e+07
8.169078496668199518e-01 9.374979753216843307e+07
8.201754810654874328e-01 1.266832393071374595e+08
8.234561829897493190e-01 1.040132356437083781e+08
8.267500077217083687e-01 1.626501739990432560e+08
8.300570077525952772e-01 1.534926549836159647e+08
8.333772357836056743e-01 1.685514212351430655e+08
8.367107447267401188e-01 1.720521241310008168e+08
8.400575877056470908e-01 2.112883220534296632e+08
8.434178180564695371e-01 2.496971071850403547e+08
8.467914893286955236e-01 2.920304624321828485e+08
8.501786552860102208e-01 3.320842904767720699e+08
8.535793699071543283e-01 3.844141341206972003e+08
8.569936873867830540e-01 4.302231143033653498e+08
8.604216621363300899e-01 4.721987186356604695e+08
8.638633487848753623e-01 5.111748729347454309e+08
8.673188021800150027e-01 5.455946206288641691e+08
8.707880773887352044e-01 5.715512365313677788e+08
8.742712296982900755e-01 6.041646458545484543e+08
8.777683146170831563e-01 6.312656544508534670e+08
8.812793878755513788e-01 6.511791857994600534e+08
8.848045054270535781e-01 6.489688997723128796e+08
8.883437234487617795e-01 5.086908003090288043e+08
8.918970983425568155e-01 2.328162507683884501e+08
8.954646867359271623e-01 2.006325134646110535e+08
8.990465454828707736e-01 1.896562912192536294e+08
9.026427316648023558e-01 3.897361519512923956e+08
9.062533025914615292e-01 4.926462851306821704e+08
9.098783158018273198e-01 3.936727033839559555e+08
9.135178290650346478e-01 3.749601248339866996e+08
9.171719003812948134e-01 2.653535839768011272e+08
9.208405879828199803e-01 4.298708581148509383e+08
9.245239503347512100e-01 3.050765651676172018e+08
9.282220461360901620e-01 2.130265636201241612e+07
9.319349343206346781e-01 8.190087482555381954e+06
9.356626740579171431e-01 1.446115381069994345e+07
9.394053247541488405e-01 5.525093837331748009e+07
9.431629460531654185e-01 4.412497376262729615e+07
9.469355978373780180e-01 3.488052480334698409e+07
9.507233402287275092e-01 3.038175239112772420e+07
9.545262335896426142e-01 3.077092536140569299e+07
9.583443385240012491e-01 2.299059917971521989e+07
9.621777158780971950e-01 3.758298079157672077e+07
9.660264267416096562e-01 8.112045205698668957e+07
9.698905324485760371e-01 1.425903196441279352e+08
9.737700945783701600e-01 1.276353296626903415e+08
9.776651749566835914e-01 1.540056221873037815e+08
9.815758356565105203e-01 1.995287979562719464e+08
9.855021389991363012e-01 2.656559061828353703e+08
9.894441475551331022e-01 3.696435207987288237e+08
9.934019241453534432e-01 4.886414572129508853e+08
9.973755318419349480e-01 6.406615321728178263e+08
1.001365033969302543e+00 8.075715236995056868e+08
1.005370494105179757e+00 1.048387644943041682e+09
1.009391976081600362e+00 1.188965203448775768e+09
1.013429543985926884e+00 1.350506328173463106e+09
1.017483262161870350e+00 1.330234721514004230e+09
1.021553195210518128e+00 1.406640367903480291e+09
1.025639407991360219e+00 1.584888588990858793e+09
1.029741965623325539e+00 1.970007758708239794e+09
1.033860933485818867e+00 1.724612407454066992e+09
1.037996377219762012e+00 2.206011927756314278e+09
1.042148362728641198e+00 2.540674464237089157e+09
1.046316956179555557e+00 2.814261098520617962e+09
1.050502224004274066e+00 3.069931982627344131e+09
1.054704232900291139e+00 3.445148644846405506e+09
1.058923049831892227e+00 3.583775176669627666e+09
1.063158742031219628e+00 3.700789770960759163e+09
1.067411376999344741e+00 3.636223136358970165e+09
1.071681022507342096e+00 3.572911673905963898e+09
1.075967746597371377e+00 3.470440800184848309e+09
1.080271617583760779e+00 3.426339275889837742e+09
1.084592704054095913e+00 3.066564975257245541e+09
1.088931074870312044e+00 2.067925268092036486e+09
1.093286799169793433e+00 9.290537135614176989e+08
1.097659946366472461e+00 4.291157529227806926e+08
1.102050586151938294e+00 1.513341544016104639e+08
1.106458788496546219e+00 7.759221257887430489e+07
1.110884623650532532e+00 3.431522514082788676e+07
1.115328162145134749e+00 1.304769821262887679e+07
1.119789474793714934e+00 1.434669314220477641e+07
1.124268632692889902e+00 2.294994317597445846e+07
1.128765707223661430e+00 3.441010887166558951e+07
1.133280770052556230e+00 1.261226177940220758e+07
1.137813893132766374e+00 4.348540818838535249e+07
1.142365148705297484e+00 5.731354734637522697e+07
1.146934609300118479e+00 4.350760874226765335e+07
1.151522347737319096e+00 3.119351119169032574e+07
1.156128437128268516e+00 1.850957364940326661e+07
1.160752950876781542e+00 2.209858904508341849e+07
1.165395962680288999e+00 3.880232602397004515e+07
1.170057546531009907e+00 5.903175734447789192e+07
1.174737776717134086e+00 4.607695359873401374e+07
1.179436727824002773e+00 1.254969361298073083e+08
1.184154474735298557e+00 2.220606947588604689e+08
1.188891092634239977e+00 3.176362727784995437e+08
1.193646657004777012e+00 4.178718336503691673e+08
1.198421243632796118e+00 6.419590274272921085e+08
1.203214928607327261e+00 8.878497905441317558e+08
1.208027788321756724e+00 1.264838935150761843e+09
1.212859899475043468e+00 1.395170980431296349e+09
1.217711339072943710e+00 1.787526196821445704e+09
1.222582184429235275e+00 2.072716998743224859e+09
1.227472513166952384e+00 2.965202612200726032e+09
1.232382403219620226e+00 3.626065474607360363e+09
1.237311932832498407e+00 4.499274151606105804e+09
1.242261180563828615e+00 5.372039148011726379e+09
1.247230225286083849e+00 6.741078315413226128e+09
1.252219146187228072e+00 7.250526246487593651e+09
1.257228022771976983e+00 8.145951963023237228e+09
1.262256934863064783e+00 8.199579482484069824e+09
1.267305962602517155e+00 7.420945634171788216e+09
1.272375186452927354e+00 5.499787595286347389e+09
1.277464687198738957e+00 4.596365959240212440e+09
1.282574545947533950e+00 2.924466511240319252e+09
1.287704844131324133e+00 1.838826586808972597e+09
1.292855663507849417e+00 1.467099259096688032e+09
1.298027086161880783e+00 1.393257024443211555e+09
1.303219194506528344e+00 9.327920697075885534e+08
1.308432071284554521e+00 8.979252072222867012e+08
1.313665799569692760e+00 6.919123193231673241e+08
1.318920462767971591e+00 6.683441794963113070e+08
1.324196144619043336e+00 4.364402423146480322e+08
1.329492929197519491e+00 1.766384119322816730e+08
1.334810900914309650e+00 4.180073819352178276e+07
1.340150144517967101e+00 7.230510570198271424e+06
1.345510745096038852e+00 1.903380866580938455e+06
1.350892788076423212e+00 8.916583769218869274e+05
1.356296359228728932e+00 1.437395810646342288e+05
1.361721544665643879e+00 1.610439191658648779e+05
1.367168430844306393e+00 3.997452359622343793e+05
1.372637104567683730e+00 4.201227241864604293e+05
1.378127652985954299e+00 1.964317574565147050e+06
1.383640163597898098e+00 3.506173855277599650e+05
1.389174724252289828e+00 8.225831876786255743e+05
1.394731423149298877e+00 6.584511606760104187e+05
1.400310348841896202e+00 1.054837545727858320e+06
1.405911590237263642e+00 1.252497490876322845e+06
1.411535236598212784e+00 1.309645393204426393e+06
1.417181377544605603e+00 1.418056465903027914e+06
1.422850103054784210e+00 1.797507424148215679e+06
1.428541503467003038e+00 6.504042633818715811e+06
1.434255669480871243e+00 3.736208820427029394e+06
1.439992692158794885e+00 4.347762105445169844e+06
1.445752662927429988e+00 1.050643805770218000e+07
1.451535673579139596e+00 2.096045814090210572e+07
1.457341816273456159e+00 3.383115524380310625e+07
1.463171183538549913e+00 2.020896659664126858e+07
1.469023868272704147e+00 1.007120566392707452e+07
1.474899963745795128e+00 7.330113970919230953e+06
1.480799563600778246e+00 9.834226150339659303e+06
1.486722761855181485e+00 9.829255797732522711e+06
1.492669652902602007e+00 1.284014849267438985e+07
1.498640331514212276e+00 2.453853256686776876e+07
1.504634892840269300e+00 2.721157498583439738e+07
1.510653432411630304e+00 1.774457437325851619e+07
1.516696046141276843e+00 2.091518327334961295e+07
1.522762830325842032e+00 5.122343222367823869e+07
1.528853881647145307e+00 7.547178815916596353e+07
1.534969297173733649e+00 1.167539744175685495e+08
1.541109174362428780e+00 1.598538253256637752e+08
1.547273611059878373e+00 2.652589416688620448e+08
1.553462705504118135e+00 4.081553239259397984e+08
1.559676556326134556e+00 6.634768834048129320e+08
1.565915262551438980e+00 1.074375372845556974e+09
1.572178923601644795e+00 1.651308598231425524e+09
1.578467639296051495e+00 2.059108479771253347e+09
1.584781509853235626e+00 2.863662873793721199e+09
1.591120635892648405e+00 3.004777915400448322e+09
1.597485118436219098e+00 3.118290307630780697e+09
1.603875058909963958e+00 2.483609192927340508e+09
1.610290559145603595e+00 1.663378683183687449e+09
1.616731721382186127e+00 1.036215867902391315e+09
1.623198648267714761e+00 5.898040927464506626e+08
1.629691442860785600e+00 3.989292836522037983e+08
1.636210208632228769e+00 4.598482377241498232e+08
1.642755049466757766e+00 4.916977102731541991e+08
1.649326069664624805e+00 5.540899159258319139e+08
1.655923373943283039e+00 5.115126594862462878e+08
1.662547067439056336e+00 6.473152503173420429e+08
1.669197255708812611e+00 1.154992210728956014e+08
1.675874044731648027e+00 3.186814581778826118e+08
1.682577540910574321e+00 4.653340661433883309e+08
1.689307851074216771e+00 3.147684380691184402e+08
1.696065082478513508e+00 2.379653658639602363e+08
1.702849342808427480e+00 2.119998887779694200e+08
1.709660740179661298e+00 3.444639257977271676e+08
1.716499383140379864e+00 3.377215776433601379e+08
1.723365380672941427e+00 3.865662298757711053e+08
1.730258842195633306e+00 2.692087715726950169e+08
1.737179877564415831e+00 2.698029113138502836e+08
1.744128597074673603e+00 2.615553322117524445e+08
1.751105111462972097e+00 2.575996224250342250e+08
1.758109531908824241e+00 1.760842995766509473e+08
1.765141970036459451e+00 1.138404181193228513e+08
1.772202537916605314e+00 7.847503652178224921e+07
1.779291348068271716e+00 6.379272388517986238e+07
1.786408513460544745e+00 4.330203023418416828e+07
1.793554147514387020e+00 1.481340038808676973e+07
1.800728364104444257e+00 2.489863475405121595e+07
1.807931277560862249e+00 9.497446114999255165e+06
1.815163002671105641e+00 1.083129816610507667e+07
1.822423654681789795e+00 1.295344140497334674e+07
1.829713349300517100e+00 2.995151509956268594e+06
1.837032202697718830e+00 2.410382190231790300e+06
1.844380331508509885e+00 9.486864506994746625e+06
1.851757852834543527e+00 9.022208107980381697e+06
1.859164884245881888e+00 5.735276106968690641e+06
1.866601543782865358e+00 2.113895041428787168e+06
1.874067949957996859e+00 1.719758444563318510e+06
1.881564221757828781e+00 2.258539902895280346e+07
1.889090478644860127e+00 1.460257814852948301e+07
1.896646840559439662e+00 2.333962496382294968e+07
1.904233427921677269e+00 6.693941519054534845e+06
1.911850361633363971e+00 6.262037522084755823e+06
1.919497763079897279e+00 5.980943571960011497e+06
1.927175754132217200e+00 3.200879858398828190e+06
1.934884457148745796e+00 2.358324696643608622e+06
1.942623994977340729e+00 2.840792074516918045e+06
1.950394490957250149e+00 5.022399588614145294e+06
1.958196068921079336e+00 6.833857682467264123e+06
1.966028853196763793e+00 1.276909543399305828e+07
1.973892968609550991e+00 1.206692023392756097e+07
1.981788540483989447e+00 1.419607091906496324e+07
1.989715694645925126e+00 2.713761072336682677e+07
1.997674557424508723e+00 5.559647631128880382e+07
2.005665255654207169e+00 5.379358063257490098e+07
2.013687916676823786e+00 6.759452220758843422e+07
2.021742668343530891e+00 6.002145922868626565e+07
2.029829639016905052e+00 8.958456587573939562e+07
2.037948957572972564e+00 1.361380486097804308e+08
2.046100753403264694e+00 2.134192309214051068e+08
2.054285156416877811e+00 2.877951459262055755e+08
2.062502297042545507e+00 4.240669863489668965e+08
2.070752306230715600e+00 5.587161575553531647e+08
2.079035315455638244e+00 6.539430761343115568e+08
2.087351456717461140e+00 8.711695817608033419e+08
2.095700862544330967e+00 9.410275282310000658e+08
2.104083665994508134e+00 9.990394365787898302e+08
2.112500000658485977e+00 1.049874652107689023e+09
2.120950000661120161e+00 9.780340170274869204e+08
2.129433800663764753e+00 9.508570655707075596e+08
2.137951535866419839e+00 8.586881927297188044e+08
2.146503342009885351e+00 6.766799862903053761e+08
2.155089355377924676e+00 4.995138004529690742e+08
2.163709712799436691e+00 3.185143294310151339e+08
2.172364551650634468e+00 2.672190481363224983e+08
2.181054009857236853e+00 1.548007637250238955e+08
2.189778225896665376e+00 1.183002968268669844e+08
2.198537338800252705e+00 2.818116192533773929e+07
2.207331488155453325e+00 2.900099047285233065e+07
2.216160814108075083e+00 4.601896412056128681e+07
2.225025457364507631e+00 2.552790434829905629e+07
2.233925559193965515e+00 2.415333055907275528e+07
2.242861261430741493e+00 1.449392379254687205e+07
2.251832706476463830e+00 9.665909802664741874e+06
2.260840037302370042e+00 7.604261495054456405e+06
2.269883397451579299e+00 8.280176079441577196e+06
2.278962931041386142e+00 8.865374386642001569e+06
2.288078782765551100e+00 8.803532664247641340e+06
2.297231097896613505e+00 7.908539885686426423e+06
2.306420022288200311e+00 2.176872595229661092e+07
2.315645702377353121e+00 1.345240857189761661e+07
2.324908285186861878e+00 8.533531435135249048e+06
2.334207918327609654e+00 7.976437737712453119e+06
2.343544750000919663e+00 7.516380161271724850e+06
2.352918929000923143e+00 1.254359681691132858e+07
2.362330604716927240e+00 2.426483559020278603e+07
2.371779927135795329e+00 9.463516069040516391e+06
2.381267046844337987e+00 1.965839867411356047e+07
2.390792115031715070e+00 3.115775741591580957e+07
2.400355283491842240e+00 3.982086921407506615e+07
2.409956704625809465e+00 4.800338561337218434e+07
2.419596531444312859e+00 4.447039856906517595e+07
2.429274917570089620e+00 6.094608402965728939e+07
2.438992017240370291e+00 7.602698558877795935e+07
2.448747985309331465e+00 6.336975654166644067e+07
2.458542977250568917e+00 1.031274315891712010e+08
2.468377149159570738e+00 9.547593559470376372e+07
2.478250657756209563e+00 6.007624362842243165e+07
2.488163660387234355e+00 5.789383790803505480e+07
2.498116315028783063e+00 4.342918804739224166e+07
2.508108780288898387e+00 2.580352568018730730e+07
2.518141215410053757e+00 1.542199654204608873e+07
2.528213780271693967e+00 5.807339446731098928e+06
2.538326635392781139e+00 6.146241836747266352e+06
2.548479941934351789e+00 2.062878824537372682e+06
2.558673861702089436e+00 5.292971806058825925e+06
2.568908557148898097e+00 1.168098770081439521e+06
2.579184191377493551e+00 1.058776812627239851e+06
2.589500928143003478e+00 5.009814045021062484e+05
2.599858931855575594e+00 1.123299199310614262e+06
2.610258367582998229e+00 1.009320902839990798e+06
2.620699401053329769e+00 2.553851437067776918e+06
2.631182198657543214e+00 2.782378504519004375e+06
2.641706927452173392e+00 1.639349983449527435e+07
2.652273755161981938e+00 1.038440713839429058e+07
2.662882850182629824e+00 7.566503384920780081e+05
2.673534381583360542e+00 1.293159396275494073e+05
2.684228519109693956e+00 6.091416752528445795e+05
2.694965433186132575e+00 2.207566669751305599e+06
2.705745294918877164e+00 2.448592239394955803e+06
2.716568276098552559e+00 2.634467754549494013e+06
2.727434549202946812e+00 7.265468996670485474e+06
2.738344287399758326e+00 1.410142833188915858e+06
2.749297664549357201e+00 5.478116679889518768e+06
2.760294855207554576e+00 1.618544371395250084e+06
2.771336034628385292e+00 2.474756858925034758e+06
2.782421378766898545e+00 1.584568298109803814e+06
2.793551064281966312e+00 5.138072247425927781e+06
2.804725268539093985e+00 3.122097716655992903e+06
2.815944169613250558e+00 5.578136624358228408e+06
2.827207946291703244e+00 8.875367202168367803e+06
2.838516778076869862e+00 5.391890354369509965e+06
2.849870845189177437e+00 7.304121152763335034e+06
2.861270328569933685e+00 1.038687216115539335e+07
2.872715409884213589e+00 1.579055290086893737e+07
2.884206271523750420e+00 1.435276038429186121e+07
2.895743096609845413e+00 1.746483272309025005e+07
2.907326068996284985e+00 1.423979133873176388e+07
2.918955373272270393e+00 1.835436193890893087e+07
2.930631194765359826e+00 3.107960804696521536e+07
2.942353719544420709e+00 2.796309035908910632e+07
2.954123134422598440e+00 2.561346139305299893e+07
2.965939626960289122e+00 3.239175670411035791e+07
2.977803385468130504e+00 3.587965827165549248e+07
2.989714599010003138e+00 4.648522045645350963e+07
3.001673457406043077e+00 6.095389012166838162e+06
3.013680151235667015e+00 3.865689623422487825e+07
3.025734871840609408e+00 5.604573963725031167e+07
3.037837811327972037e+00 5.784933470349942893e+07
3.049989162573283785e+00 3.563068631750588864e+07
3.062189119223576395e+00 9.911847376206447184e+07
3.074437875700470890e+00 7.505879865521109104e+07
3.086735627203272880e+00 6.682904630588509142e+07
3.099082569712085622e+00 6.130425238797646016e+07
3.111478899990933744e+00 4.083564175128765404e+07
3.123924815590897186e+00 1.020774805226133615e+08
3.136420514853261121e+00 8.061536607509949803e+07
3.148966196912674320e+00 5.385699360877934843e+07
3.161562061700325277e+00 5.352937358724202961e+07
3.174208309947126327e+00 4.917450249263007194e+07
3.186905143186915090e+00 3.114547280119350925e+07
3.199652763759662566e+00 2.337662219760818407e+07
3.212451374814701222e+00 1.992394382771245390e+07
3.225301180313960625e+00 2.328461913203356043e+07
3.238202385035215958e+00 3.365165635673809797e+07
3.251155194575356955e+00 3.733799857532878220e+07
3.264159815353658622e+00 4.302243871995971352e+07
3.277216454615073271e+00 7.739566065873885155e+07
3.290325320433533207e+00 1.295294533132994622e+08
3.303486621715267635e+00 6.626720490846931189e+07
3.316700568202128441e+00 1.378731366165326908e+06
3.329967370474937294e+00 6.552236194920756854e+06
3.343287239956836743e+00 5.186725645943516493e+07
3.356660388916663962e+00 6.813666520158566535e+07
3.370087030472330714e+00 7.712299674020154774e+07
3.383567378594220187e+00 5.742585090125247091e+07
3.397101648108596716e+00 5.774373910169313103e+07
3.410690054701031482e+00 5.460894493384815753e+07
3.424332814919834878e+00 6.349641126712895930e+07
3.438030146179514634e+00 7.859246701258207858e+07
3.451782266764232610e+00 7.322983839698693156e+07
3.465589395831289998e+00 1.005683130118425190e+08
3.479451753414614767e+00 9.338852708900204301e+07
3.493369560428273068e+00 1.280590678592539877e+08
3.507343038669985980e+00 2.126903805784780979e+08
3.521372410824665788e+00 1.988860969116539657e+08
3.535457900467964709e+00 1.587579570879769921e+08
3.549599732069836477e+00 2.318768363814504743e+08
3.563798130998116154e+00 2.755925000616803765e+08
3.578053323522108364e+00 3.093259915935075879e+08
3.592365536816196858e+00 3.080254950142132640e+08
3.606734998963461614e+00 2.799431135991615653e+08
3.621161938959315041e+00 4.311077351976433396e+08
3.635646586715152839e+00 6.012286855814989805e+08
3.650189173062013293e+00 6.403230180196577311e+08
3.664789929754260545e+00 7.394996036536229849e+08
3.679449089473277645e+00 8.547680846590641737e+08
3.694166885831170699e+00 7.988164739332984686e+08
3.708943553374495661e+00 8.349351722690997124e+08
3.723779327587993571e+00 8.975586375058441162e+08
3.738674444898345328e+00 9.891667375737677813e+08
3.753629142677938901e+00 1.169474246879636049e+09
3.768643659248651190e+00 9.893091276753104925e+08
3.783718233885645432e+00 8.244094215518286228e+08
3.798853106821188153e+00 9.762925241302289963e+08
3.814048519248473657e+00 1.373815200833288193e+09
3.829304713325467180e+00 1.485855071912995100e+09
3.844621932178768908e+00 9.136890277752628326e+08
3.860000419907484215e+00 1.204312341769429445e+09
3.875440421587113882e+00 1.162627426910410166e+09
3.890942183273462529e+00 1.312884397882017851e+09
3.906505952006555926e+00 1.259646275633050203e+09
3.922131975814582727e+00 1.400421943099659204e+09
3.937820503717840648e+00 1.579067258927042484e+09
3.953571785732711508e+00 1.399318997412245750e+09
3.969386072875642490e+00 1.585543991875025511e+09
3.985263617167145167e+00 1.708015884209886074e+09
4.001204671635814059e+00 1.425875636751570225e+09
4.017209490322357190e+00 1.512196350499873161e+09
4.033278328283646630e+00 1.455047744219854116e+09
4.049411441596781458e+00 1.263970438012377501e+09
4.065609087363168506e+00 1.256762348619944096e+09
4.081871523712622185e+00 1.078989289797473907e+09
4.098199009807472315e+00 1.064639999137660384e+09
4.114591805846702144e+00 1.007242057071309566e+09
4.131050173070089038e+00 8.603125745703108311e+08
4.147574373762369149e+00 9.523024947070016861e+08
4.164164671257418959e+00 9.020999745602159500e+08
4.180821329942449260e+00 8.075817024023892879e+08
4.197544615262219558e+00 8.284547167986212969e+08
4.214334793723269357e+00 8.743838263612359762e+08
4.231192132898162761e+00 1.033361273366260529e+09
4.248116901429755288e+00 1.111516713224643707e+09
4.265109369035473996e+00 1.347261626585982561e+09
4.282169806511615384e+00 9.269080044372835159e+08
4.299298485737661935e+00 2.338186048821181953e+08
4.316495679680612874e+00 2.987710175975884795e+08
4.333761662399335357e+00 8.076487261506104469e+08
4.351096709048932532e+00 9.337129428360612392e+08
4.368501095885127583e+00 1.174336345624901533e+09
4.385975100268668214e+00 1.024189711399423122e+09
4.403519000669743555e+00 9.878826199315401316e+08
4.421133076672422391e+00 1.049978989235013604e+09
4.438817608979111817e+00 6.925324604375313520e+08
4.456572879415028332e+00 9.334113469736329317e+08
4.474399170932688463e+00 7.167927609059969187e+08
4.492296767616419828e+00 9.327956375413949490e+08
4.510265954686884626e+00 9.267032634507611990e+08
4.528307018505633330e+00 6.421301383706980944e+08
4.546420246579655711e+00 1.361256326221544981e+09
4.564605927565974497e+00 1.078977260251812696e+09
4.582864351276237258e+00 1.298960262251452446e+09
4.601195808681342925e+00 1.476664727514576435e+09
4.619600591916067422e+00 9.215777675612646341e+08
4.638078994283731937e+00 1.174489860626390457e+09
4.656631310260867629e+00 9.764337442824430466e+08
4.675257835501911430e+00 7.651355530074764490e+08
4.693958866843916944e+00 1.515639492550735950e+09
4.712734702311292878e+00 1.005090998111419797e+09
4.731585641120538810e+00 9.634618323983253241e+08
4.750511983685020923e+00 1.406621367485122442e+09
4.769514031619761063e+00 9.118431058727300167e+08
4.788592087746240011e+00 6.711028322058180571e+08
4.807746456097224730e+00 1.018247395629663706e+09
4.826977441921613377e+00 1.045314921205241203e+09
4.846285351689299858e+00 5.298949708005511761e+08
4.865670493096057925e+00 1.124207123351816654e+09
4.885133175068442135e+00 8.048597456620023251e+08
4.904673707768715474e+00 6.792357051756277084e+08
4.924292402599791174e+00 9.595201503630580902e+08
4.943989572210189642e+00 5.100170845675419569e+08
4.963765530499030021e+00 4.803056222378322482e+08
4.983620592621027079e+00 7.306982075236897469e+08
5.003555074991511198e+00 6.786773404026279449e+08
5.023569295291476777e+00 2.260751655216244459e+08
5.043663572472643075e+00 7.228588762744323015e+08
5.063838226762532813e+00 8.196875094246890545e+08
5.084093579669583640e+00 3.650672177534826398e+08
5.104429953988261381e+00 4.688566844753775597e+08
5.124847673804215020e+00 5.552937376958794594e+08
5.145347064499431688e+00 1.588710193282619119e+08
5.165928452757428957e+00 3.634565778126836419e+08
5.186592166568458673e+00 5.275039002084406018e+08
5.207338535234733001e+00 9.983072049672104418e+07
5.228167889375671784e+00 2.631236416211133897e+08
5.249080560933174766e+00 2.986712363400363326e+08
5.270076883176907145e+00 2.865823142814393640e+08
5.291157190709615321e+00 1.943390307807130516e+08
5.312321819472453299e+00 2.972079833293927908e+08
5.333571106750343738e+00 3.101329933401600122e+08
5.354905391177344320e+00 7.443330253031775355e+07
5.376325012742054099e+00 1.645212521913378537e+08
5.397830312793021612e+00 2.547613003036998808e+08
5.419421634044193858e+00 4.029346585490000248e+07
5.441099320580370602e+00 1.259801725080546141e+08
5.462863717862692425e+00 7.353775821707625687e+07
5.484715172734142996e+00 1.042027712537069321e+08
5.506654033425078865e+00 1.075257827910916656e+08
5.528680649558780580e+00 7.854253750975312293e+07
5.550795372157015350e+00 5.991217936902183294e+07
5.572998553645643227e+00 3.771210803789088875e+07
5.595290547860225949e+00 5.574381979918425530e+07
5.617671710051667766e+00 5.287282540276786685e+07
5.640142396891874021e+00 2.850930443371511996e+07
5.662702966479441713e+00 4.208393262037852407e+07
5.685353778345359821e+00 3.446447062310953438e+07
5.708095193458740724e+00 3.725042858410166949e+07
5.730927574232576482e+00 2.416249816163068265e+07
5.753851284529505783e+00 1.759716462077212706e+07
5.776866689667624399e+00 3.570937007798883319e+07
5.799974156426294769e+00 4.852493274292486906e+07
5.823174053051999977e+00 1.632748615975267626e+07
5.846466749264207508e+00 3.622796605783156306e+07
5.869852616261264977e+00 1.593957106093435362e+07
5.893332026726310069e+00 1.481992005658473074e+07
5.916905354833215114e+00 3.058430821926948056e+07
5.940572976252548543e+00 1.577387957957215048e+07
5.964335268157558545e+00 2.982829919854964688e+07
5.988192609230189589e+00 2.719519560417638719e+07
6.012145379667110490e+00 3.996009604430724680e+07
6.036193961185778889e+00 2.918471375531454384e+07
6.060338737030522616e+00 1.297288619424387068e+07
6.084580091978644134e+00 2.457753753315888345e+07
6.108918412346558746e+00 1.516130364622426406e+07
6.133354085995945226e+00 2.218678276087145880e+07
6.157887502339929320e+00 1.107960165464503504e+07
6.182519052349287669e+00 1.554825224532080069e+07
6.207249128558685491e+00 4.056166387459628284e+07
6.232078125072920471e+00 4.201989622260959446e+07
6.257006437573212843e+00 6.896347839368827641e+07
6.282034463323505236e+00 5.534141532884160429e+07
6.307162601176800720e+00 1.181307223341133744e+08
6.332391251581507063e+00 4.206080432579347491e+07
6.357720816587833390e+00 3.702042098801220208e+07
6.383151699854184180e+00 3.391474112955941260e+07
6.408684306653601226e+00 1.472622955757125840e+07
6.434319043880215361e+00 2.480219681860496849e+07
6.460056320055736379e+00 2.756644911384414136e+07
6.485896545335958052e+00 9.725092464023699984e+06
6.511840131517302233e+00 1.851977658552646264e+07
6.537887492043371829e+00 2.263221747637749091e+07
6.564039042011545533e+00 1.417221903739419952e+07
6.590295198179591196e+00 1.483317384709260799e+07
6.616656378972309405e+00 2.135063144166734070e+07
6.643123004488199257e+00 2.093376190868707746e+07
6.669695496506150789e+00 2.048013841299819201e+07
6.696374278492176479e+00 3.809226967482519895e+07
6.723159775606144528e+00 3.222228867608036473e+07
6.750052414708568094e+00 5.420997695168511569e+07
6.777052624367403411e+00 3.720862795545075834e+07
6.804160834864871887e+00 3.707203060495577753e+07
6.831377478204331055e+00 5.392845951245708019e+07
6.858702988117148180e+00 2.152551694493501633e+07
6.886137800069615622e+00 5.112152410716416687e+07
6.913682351269895499e+00 7.952439054488483071e+07
6.941337080674975013e+00 8.815366548552019894e+07
6.969102428997675069e+00 4.790941931143601984e+07
6.996978838713665994e+00 7.325315897097186744e+07
7.024966754068519670e+00 7.209220322969409823e+07
7.053066621084793653e+00 4.123626172154673189e+07
7.081278887569133929e+00 9.121000237252710760e+07
7.109604003119409654e+00 7.923594460878771544e+07
7.138042419131887861e+00 8.883679304477098584e+07
7.166594588808414379e+00 5.110914022832492739e+07
7.195260967163648047e+00 7.368044572578038275e+07
7.224042011032302923e+00 8.620349970486205816e+07
7.252938179076432235e+00 7.488167346863375604e+07
7.281949931792737196e+00 4.505827806460698694e+07
7.311077731519908696e+00 6.973460032849024236e+07
7.340322042445988515e+00 3.592321639450942725e+07
7.369683330615771411e+00 5.606066041033609957e+07
7.399162063938235612e+00 6.682577257351344824e+07
7.428758712193988423e+00 6.459361260290713608e+07
7.458473747042765112e+00 3.692664443117957562e+07
7.488307642030935796e+00 5.447711322322275490e+07
7.518260872599060285e+00 8.545705066269767284e+07
7.548333916089456253e+00 9.300939887671697140e+07
7.578527251753813587e+00 7.320453438258981705e+07
7.608841360760829176e+00 7.894508460869772732e+07
7.639276726203872769e+00 1.285879819244590253e+08
7.669833833108687493e+00 1.237378990749180876e+07
7.700513168441122325e+00 3.454123781681068987e+07
7.731315221114887670e+00 4.847140718633669615e+07
7.762240481999347352e+00 4.973795204734785110e+07
7.793289443927344351e+00 8.321951837459187210e+07
7.824462601703054077e+00 9.433899399633960426e+07
7.855760452109866065e+00 8.358603182573501766e+07
7.887183493918306532e+00 6.081276146614776552e+07
7.918732227893980458e+00 7.054191896915847063e+07
7.950407156805555431e+00 1.030725687795045376e+08
7.982208785432777454e+00 1.277861455203451216e+08
8.014137620574508958e+00 8.394517313413563371e+07
8.046194171056805899e+00 9.242079734323994815e+07
8.078378947741034821e+00 9.650748770500479639e+07
8.110692463531997021e+00 1.553437018830932677e+08
8.143135233386125549e+00 1.109763441644363552e+08
8.175707774319670662e+00 1.286530191910828799e+08
8.208410605416949224e+00 1.125391029613389820e+08
8.241244247838615422e+00 1.098036828611196876e+08
8.274209224829968790e+00 1.719735966429516077e+08
8.307306061729288871e+00 1.853072960193878412e+08
8.340535285976207192e+00 1.509770800557675064e+08
8.373897427120111203e+00 1.196729975956682414e+08
8.407393016828594412e+00 1.654601163489128053e+08
8.441022588895906509e+00 1.917590373902105987e+08
8.474786679251490540e+00 1.919133578194271028e+08
8.508685825968495209e+00 1.096032900759418309e+08
8.542720569272368891e+00 1.770831179758193195e+08
8.576891451549458978e+00 2.070267998129966259e+08
8.611199017355655627e+00 1.770147915499221385e+08
8.645643813425078150e+00 8.599615021935725212e+07
8.680226388678779159e+00 1.429780831361675858e+08
8.714947294233493125e+00 1.965544543808482289e+08
8.749807083410427566e+00 1.396134644710555673e+08
8.784806311744070229e+00 7.778131264743211865e+07
8.819945536991047774e+00 1.163811251137892902e+08
8.855225319139009343e+00 1.749859203926685452e+08
8.890646220415566958e+00 1.402887992017578185e+08
8.926208805297228821e+00 9.252252364485035837e+07
8.961913640518417878e+00 6.693351498347064853e+07
8.997761295080492161e+00 1.124084224885483235e+08
9.033752340260813085e+00 1.320691035179585069e+08
9.069887349621856387e+00 8.121393920128023624e+07
9.106166899020346150e+00 1.109198633924330920e+08
9.142591566616424359e+00 7.115603379011160135e+07
9.179161932882891506e+00 1.018589225205452442e+08
9.215878580614422333e+00 5.480285225629952550e+07
9.252742094936881045e+00 1.398410003455334008e+08
9.289753063316627646e+00 7.381004697070187330e+07
9.326912075569895322e+00 5.719429474344865233e+07
9.364219723872173162e+00 8.368434643448995054e+07
9.401676602767663482e+00 1.108817980641516000e+08
9.439283309178733816e+00 1.372890097806381583e+08
9.477040442415447075e+00 6.935237886833779514e+07
9.514948604185111236e+00 6.124475599314204603e+07
9.553008398601852136e+00 6.084092469407794625e+07
9.591220432196260859e+00 1.424612458751569390e+08
9.629585313925044687e+00 1.358544564522728920e+08
9.668103655180747324e+00 5.830127738431036472e+07
9.706776069801470896e+00 7.777087919703434408e+07
9.745603174080676112e+00 9.387619181409600377e+07
9.784585586776998412e+00 1.553395217191842794e+08
9.823723929124106746e+00 1.899297396189489067e+08
9.863018824840601440e+00 9.894611293639715016e+07
9.902470900139965337e+00 7.565652654043501616e+07
9.942080783740523842e+00 1.339752156293648183e+08
9.981849106875488431e+00 2.420545620398494005e+08
1.002177650330298952e+01 2.251945312954178452e+08
1.006186360931619994e+01 8.797309309719096124e+07
1.010211106375346723e+01 1.055083918806488961e+08
1.014251950800847979e+01 1.975962141858903468e+08
1.018308958604051284e+01 2.326676153484205306e+08
1.022382194438467451e+01 2.140063408678095341e+08
1.026471723216221399e+01 1.359916861177267432e+08
1.030577610109086173e+01 6.539672424026900530e+07
1.034699920549522467e+01 8.594015747417310253e+06
1.038838720231720458e+01 1.238085266722111776e+07
1.042994075112647501e+01 2.948323014104979113e+07
1.047166051413097954e+01 4.905156022980953753e+07
1.051354715618750468e+01 3.956633337088222802e+07
1.055560134481225454e+01 5.403259451581688970e+07
1.059782375019150358e+01 7.758696250602920353e+07
1.064021504519226902e+01 5.787134541208711267e+07
1.068277590537303823e+01 3.255562884328617528e+07
1.072550700899452991e+01 1.135658822836284526e+07
1.076840903703050856e+01 1.253731058470273204e+07
1.081148267317863088e+01 2.598946732662297785e+07
1.085472860387134553e+01 4.527067368859396875e+07
1.089814751828683015e+01 5.913381466417330503e+07
1.094174010835997635e+01 6.118194463062880188e+07
1.098550706879341909e+01 6.523654608057633787e+07
1.102944909706859100e+01 6.419169288631890714e+07
1.107356689345686540e+01 1.129388297687620372e+08
1.111786116103069233e+01 1.099474149499275088e+08
1.116233260567481622e+01 1.445481892308847308e+08
1.120698193609751492e+01 6.706654663925532252e+07
1.125180986384190440e+01 5.071484727630324662e+07
1.129681710329727373e+01 1.249666598879781067e+08
1.134200437171046083e+01 1.445123497021947801e+08
1.138737238919730466e+01 1.279576141759801507e+08
1.143292187875409383e+01 1.371357440183306932e+08
1.147865356626910938e+01 6.469438248931209743e+07
1.152456818053418530e+01 4.451817697931741923e+07
1.157066645325632237e+01 1.037518305569775701e+08
1.161694911906934635e+01 1.450319409560946226e+08
1.166341691554562487e+01 1.094659042421943247e+08
1.171007058320780736e+01 4.208001772100058943e+07
1.175691086554063958e+01 5.547165623802252114e+07
1.180393850900279951e+01 4.773102530674633384e+07
1.185115426303881137e+01 8.476118800655867159e+07
1.189855888009096674e+01 1.196833749831478447e+08
1.194615311561133097e+01 9.486862268868170679e+07
1.199393772807377623e+01 3.316538467468830571e+07
1.204191347898607134e+01 5.891199721386298537e+07
1.209008113290201614e+01 3.390566887982849032e+07
1.213844145743362368e+01 8.282997767015774548e+07
1.218699522326335938e+01 1.010963549122154117e+08
1.223574320415641381e+01 5.239488685004412383e+07
1.228468617697303777e+01 4.397620086835518479e+07
1.233382492168093059e+01 6.602742592265053093e+07
1.238316022136765504e+01 3.796459485175840557e+07
1.243269286225312520e+01 7.212065769697238505e+07
1.248242363370213859e+01 9.137472920615099370e+07
1.253235332823694748e+01 4.450399880524145067e+07
1.258248274154989410e+01 5.009119650327035785e+07
1.263281267251609385e+01 6.911456643350757658e+07
1.268334392320615756e+01 5.112226733493528515e+07
1.273407729889898299e+01 4.711300918010430038e+07
1.278501360809457665e+01 7.325850159058159590e+07
1.283615366252695544e+01 3.941045652019518614e+07
1.288749827717706253e+01 5.877281913618015498e+07
1.293904827028577031e+01 6.339713679288278520e+07
1.299080446336691352e+01 6.811008131862594187e+07
1.304276768122038099e+01 3.823971873302084208e+07
1.309493875194526424e+01 5.969806486794213206e+07
1.314731850695304693e+01 5.658543621833020449e+07
1.319990778098085649e+01 6.694132833083409816e+07
1.325270741210477965e+01 5.689854618776264787e+07
1.330571824175319939e+01 6.783691362662711740e+07
1.335894111472021173e+01 4.755262562683179975e+07
1.341237687917909227e+01 4.095255970455845445e+07
1.346602638669580898e+01 5.294861372488857806e+07
1.351989049224258999e+01 7.488647957865090668e+07
1.357397005421156067e+01 5.805062392353413254e+07
1.362826593442840917e+01 6.941445845105101168e+07
1.368277899816612297e+01 7.067800826703529060e+07
1.373751011415878942e+01 4.501870025625897199e+07
1.379246015461542463e+01 5.366276147981327027e+07
1.384762999523388416e+01 6.850446094486619532e+07
1.390302051521481808e+01 8.436919745146477222e+07
1.395863259727567751e+01 8.620417556344822049e+07
1.401446712766477987e+01 5.792499765889715403e+07
1.407052499617543972e+01 4.965082022092606872e+07
1.412680709616014063e+01 5.643600405227088928e+07
1.418331432454478147e+01 5.090668801834962517e+07
1.424004758184296193e+01 6.262351450923690200e+07
1.429700777217033369e+01 6.859733589931432903e+07
1.435419580325901379e+01 5.489039867241148651e+07
1.441161258647204946e+01 5.612511181145513803e+07
1.446925903681793812e+01 3.906110870454417169e+07
1.452713607296521126e+01 4.724927810118807107e+07
1.458524461725707155e+01 6.416798669795040786e+07
1.464358559572609764e+01 7.263571689646685123e+07
1.470215993810900557e+01 6.388847962046480179e+07
1.476096857786143879e+01 6.675814231911846250e+07
1.482001245217288599e+01 6.745477777148036659e+07
1.487929250198157760e+01 5.684990810884188861e+07
1.493880967198950316e+01 4.663062249947815388e+07
1.499856491067746056e+01 6.783650652346283197e+07
1.505855917032016933e+01 5.785439095285180956e+07
1.511879340700144958e+01 6.587708278337427229e+07
1.517926858062945605e+01 5.034010113653796166e+07
1.523998565495197433e+01 6.089543910381433368e+07
1.530094559757178274e+01 6.191070758181720227e+07
1.536214937996206764e+01 4.988957257854732871e+07
1.542359797748191674e+01 5.297777684526104480e+07
1.548529236939184450e+01 4.912328940786779672e+07
1.554723353886941339e+01 4.273477158128618449e+07
1.560942247302489072e+01 3.870532624367669225e+07
1.567186016291699069e+01 3.927995053617345542e+07
1.573454760356865556e+01 3.496197580323897302e+07
1.579748579398293096e+01 3.049301908446913585e+07
1.586067573715886247e+01 3.117638849788716808e+07
1.592411844010749888e+01 2.763299355870807171e+07
1.598781491386792730e+01 2.813298902270518988e+07
1.605176617352340074e+01 4.038255336944817752e+07
1.611597323821749228e+01 3.755151052010594308e+07
1.618043713117036120e+01 4.191545777303854376e+07
1.624515887969504391e+01 3.434809369603250176e+07
1.631013951521382310e+01 4.151406221495662630e+07
1.637538007327468037e+01 4.957813800662944466e+07
1.644088159356778078e+01 4.976642001955501735e+07
1.650664511994205341e+01 4.908139535667053610e+07
1.657267170042182158e+01 4.121395499563272297e+07
1.663896238722350418e+01 3.674777599093655497e+07
1.670551823677240222e+01 4.112557169535344839e+07
1.677234030971949608e+01 4.539405880774950236e+07
1.683942967095837062e+01 3.654796154308773577e+07
1.690678738964220429e+01 2.851548256102934480e+07
1.697441453920077237e+01 4.051245045633322746e+07
1.704231219735757108e+01 4.974106662194436044e+07
1.711048144614700561e+01 3.350165413481887802e+07
1.717892337193159236e+01 3.674082668061926961e+07
1.724763906541932101e+01 3.500758762446562201e+07
1.731662962168099895e+01 3.747095278536053747e+07
1.738589614016772344e+01 3.066948117164681852e+07
1.745543972472839300e+01 4.320614141949876398e+07
1.752526148362730751e+01 2.757733214807891101e+07
1.759536252956181812e+01 2.987384192889329046e+07
1.766574397968006238e+01 3.798860483353585005e+07
1.773640695559878466e+01 3.524407162914104015e+07
1.780735258342117433e+01 4.401266635526581854e+07
1.787858199375486024e+01 4.146380222711525857e+07
1.795009632172988034e+01 3.194823883426980302e+07
1.802189670701679702e+01 2.931969392378588021e+07
1.809398429384486562e+01 3.152802563754014671e+07
1.816636023102024211e+01 2.561545880451593548e+07
1.823902567194432578e+01 2.657266028217535093e+07
1.831198177463210186e+01 2.338080916504953057e+07
1.838522970173062987e+01 3.533208292669520527e+07
1.845877062053754969e+01 3.691911977934648097e+07
1.853260570301970134e+01 3.179532971541262418e+07
1.860673612583178027e+01 2.750149336804962531e+07
1.868116307033510637e+01 2.499075283609306440e+07
1.875588772261644976e+01 3.082721138817339018e+07
1.883091127350691352e+01 3.565671328729180992e+07
1.890623491860094063e+01 3.113492536426235363e+07
1.898185985827534594e+01 2.216902773294635117e+07
1.905778729770844748e+01 2.755618903242119029e+07
1.913401844689928311e+01 3.178103721397725120e+07
1.921055452068688041e+01 2.013731732546086237e+07
1.928739673876962968e+01 1.806295837087113783e+07
1.936454632572470658e+01 1.827576995281042531e+07
1.944200451102760141e+01 1.942834765689269453e+07
1.951977252907171589e+01 2.409288648133898899e+07
1.959785161918800256e+01 2.081044684109540284e+07
1.967624302566475691e+01 2.324011001496106759e+07
1.991079942767366973e+01 1.900486174426272511e+07
2.030901541622714390e+01 2.034434327897132933e+07
2.071519572455168756e+01 1.965838417533621937e+07
2.112949963904272010e+01 1.535650018747494370e+07
2.155208963182357707e+01 1.593193818552569486e+07
2.198313142446004420e+01 1.302398621739049442e+07
2.242279405294924643e+01 1.233137550142171793e+07
2.287124993400822959e+01 1.381910501736848056e+07
2.332867493268839709e+01 1.318106672407265939e+07
2.379524843134216638e+01 7.989867077417235821e+06
2.427115339996900900e+01 1.366014840333707258e+07
2.475657646796839018e+01 1.118941554020201415e+07
2.525170799732775961e+01 6.274368057465260848e+06
2.575674215727431715e+01 9.318288539786847308e+06
2.627187700041980278e+01 7.961895487791284919e+06
2.679731454042819649e+01 5.298629721296325326e+06
2.733326083123676042e+01 8.133121669525193051e+06
2.787992604786149542e+01 5.619159747075003572e+06
2.843752456881871993e+01 3.556771023167893756e+06
2.900627506019509738e+01 5.200220546266685240e+06
2.958640056139899599e+01 4.391383978757607751e+06
3.017812857262697435e+01 4.287694977262671106e+06
3.078169114407952023e+01 2.987684318235172890e+06
3.139732496696110431e+01 4.317916434326194227e+06
3.202527146630033172e+01 3.573835873831207398e+06
3.266577689562632969e+01 3.051868987534406595e+06
3.331909243353885586e+01 2.454654297768622637e+06
3.398547428220963695e+01 3.096744318977893796e+06
3.466518376785383282e+01 2.223331076988952700e+06
3.535848744321090464e+01 1.880600646702730330e+06
3.606565719207512188e+01 1.678312634540050523e+06
3.678697033591662802e+01 2.065459937045777915e+06
3.752270974263496583e+01 1.904747247932695784e+06
3.827316393748766643e+01 2.251388512762501370e+06
3.903862721623740839e+01 1.380637717395724263e+06
3.981939976056215613e+01 1.240625271511920029e+06
4.061578775577340394e+01 1.060966213532691356e+06
4.142810351088887444e+01 1.673573021066369954e+06
4.225666558110664539e+01 1.284211229454144835e+06
4.310179889272878029e+01 9.766025121890663868e+05
4.396383487058335504e+01 8.284287741580557777e+05
4.484311156799503095e+01 8.284374305812389357e+05
4.573997379935492091e+01 9.287186670794570819e+05
4.665477327534202345e+01 6.512560931840138510e+05
4.758786874084886165e+01 7.134959235650572227e+05
4.853962611566583973e+01 6.993116579854009906e+05
4.951041863797915710e+01 5.447038549888788257e+05
5.050062701073873939e+01 5.374958912746409187e+05
5.151063955095351332e+01 5.080061374042882235e+05
5.254085234197258103e+01 6.246894472187433857e+05
5.359166938881203635e+01 5.377162120236521587e+05
5.466350277658827395e+01 4.902080319476425648e+05
5.575677283212004198e+01 3.751226182320399093e+05
5.687190828876244098e+01 3.280366964629045688e+05
5.800934645453768468e+01 3.427871210327782319e+05
5.916953338362844050e+01 3.293214045391414547e+05
6.035292405130100946e+01 3.398057488274367061e+05
6.155998253232701956e+01 3.588427020618145471e+05
6.279118218297357146e+01 2.362742554010730819e+05
6.404700582663303976e+01 2.256567169946237991e+05
6.532794594316570169e+01 2.157779801986517268e+05
6.663450486202900436e+01 1.803668274302043719e+05
6.796719495926959098e+01 2.218620906147554924e+05
6.932653885845499531e+01 2.318218569666827971e+05
7.071306963562409464e+01 1.736904080647295050e+05
7.212733102833657028e+01 1.306343246921104583e+05
7.356987764890331505e+01 1.637446337629721093e+05
7.504127520188137623e+01 1.309799501154189929e+05
7.654210070591901172e+01 1.375618806448006944e+05
7.807294272003738911e+01 1.166472748004777386e+05
7.963440157443814371e+01 1.158873137316354114e+05
8.122708960592690630e+01 1.025744817297137197e+05
8.285163139804545551e+01 8.852010831883241190e+04
8.450866402600635752e+01 8.205211820472976251e+04
8.619883730652648524e+01 1.000772577972436120e+05
8.792281405265701721e+01 1.025355391117747786e+05
8.968127033371015955e+01 7.568529522594838636e+04
9.147489574038435478e+01 7.435004203298377979e+04
9.330439365519204387e+01 6.335564938415606593e+04
9.517048152829590890e+01 5.288284402442889404e+04
9.707389115886181230e+01 5.912370832014236657e+04
9.901536898203904968e+01 4.571932285972501268e+04
