# Wavelength [um]       Fp [W/m2/m]  
1.000553076518779783e-01 2.925797301195782200e-06
1.004555288824854897e-01 1.075363677058741354e-43
1.008573509980154326e-01 6.540660604105003941e-42
1.012607804020075053e-01 1.201215957038257832e-41
1.016658235236155422e-01 2.019632276320245437e-43
1.020724868177099870e-01 1.131136056182497806e-29
1.024807767649808382e-01 4.636069979711460094e-32
1.028906998720407612e-01 1.382933143759003720e-40
1.033022626715289355e-01 6.262104775786448600e-27
1.037154717222150413e-01 6.994048013218616437e-42
1.041303336091038839e-01 6.560268115533968165e-39
1.045468549435403099e-01 9.136405390907861387e-37
1.049650423633144702e-01 1.542768604926767697e-42
1.053849025327677214e-01 2.003700250988998365e-31
1.058064421428987906e-01 7.406469218904100904e-40
1.062296679114703990e-01 6.273902970367069933e-31
1.066545865831162732e-01 2.938005561361407287e-35
1.070812049294487533e-01 1.325555095560502141e-36
1.075095297491665408e-01 1.195178267816844044e-27
1.079395678681632220e-01 1.316573930431964266e-36
1.083713261396358624e-01 3.699583060155541499e-26
1.088048114441943909e-01 1.221094749207542776e-28
1.092400306899711654e-01 5.437948472568588241e-19
1.096769908127310511e-01 6.140393236075795876e-28
1.101156987759819850e-01 7.485130632922651290e-29
1.105561615710859147e-01 4.807915364971158401e-19
1.109983862173702651e-01 2.282453866501037868e-21
1.114423797622397516e-01 5.587007114258516272e-25
1.118881492812886930e-01 4.469917659427563594e-28
1.123357018784138517e-01 4.599038815904406348e-25
1.127850446859275102e-01 6.897959288355732944e-16
1.132361848646712132e-01 7.077039278054737884e-18
1.136891296041298988e-01 1.514795316671942568e-17
1.141438861225464035e-01 1.428238410210506696e-17
1.146004616670366072e-01 4.997403946689181980e-17
1.150588635137047705e-01 1.057866696743645576e-20
1.155190989677595953e-01 1.280037733044172078e-18
1.159811753636306314e-01 5.923768035436856483e-23
1.164451000650851553e-01 2.013585018240344651e-26
1.169108804653455069e-01 2.842347234173900960e-25
1.173785239872068981e-01 3.943236261111034985e-27
1.178480380831557206e-01 1.276621942216011182e-28
1.183194302354883543e-01 2.170864140700373794e-27
1.187927079564302935e-01 3.503403030332592566e-25
1.192678787882560099e-01 1.610929511543693303e-25
1.197449503034090645e-01 9.532778557922548176e-27
1.202239301046226783e-01 1.101759278286206758e-28
1.207048258250411760e-01 9.288570764213035323e-25
1.211876451283413342e-01 4.649663213496695872e-25
1.216723957088547137e-01 4.765052362389073782e-28
1.221590852916901310e-01 7.990641715564366200e-26
1.226477216328568792e-01 2.660417001325097771e-24
1.231383125193883099e-01 1.608355354988643166e-27
1.236308657694658586e-01 2.766798958479425950e-26
1.241253892325437369e-01 1.173195127250111266e-25
1.246218907894739159e-01 5.983962400205320846e-27
1.251203783526317892e-01 7.106462579234523746e-25
1.256208598660423226e-01 2.524398603132795395e-23
1.261233433055065078e-01 1.315043875640131948e-23
1.266278366787285392e-01 2.500307087751479900e-26
1.271343480254434610e-01 2.646824032596187236e-20
1.276428854175452321e-01 3.069807660065724271e-22
1.281534569592154005e-01 5.235162327620129014e-24
1.286660707870522780e-01 3.344880635631954807e-22
1.291807350702004475e-01 2.228908000168850741e-20
1.296974580104812425e-01 3.523332678260098980e-20
1.302162478425231973e-01 3.347078401996427606e-24
1.307371128338932764e-01 1.003667517602240377e-21
1.312600612852288795e-01 9.548460844707705141e-18
1.317851015303697915e-01 7.168261659328997500e-22
1.323122419364912705e-01 1.361161753450058606e-20
1.328414909042372472e-01 1.425954083711680783e-19
1.333728568678542170e-01 3.034573456729639166e-20
1.339063482953256612e-01 8.531453545119926317e-22
1.344419736885069383e-01 5.281244280890799878e-20
1.349797415832609815e-01 2.576149829459051972e-19
1.355196605495940232e-01 9.140392964507302359e-20
1.360617391917924301e-01 3.129164906261747516e-19
1.366059861485595939e-01 7.493913472809163010e-20
1.371524100931538481e-01 2.286301862470713219e-21
1.377010197335264696e-01 3.422858973968737440e-20
1.382518238124605670e-01 6.264511359748866779e-17
1.388048311077104136e-01 1.194307751954584454e-18
1.393600504321412248e-01 1.008607237730661134e-19
1.399174906338697677e-01 8.934292356731240916e-20
1.404771605964052761e-01 3.509888855943730802e-17
1.410390692387908651e-01 9.933384978181527014e-19
1.416032255157460562e-01 1.332571103068115463e-16
1.421696384178090522e-01 9.438978084220205035e-21
1.427383169714803168e-01 8.038469528649379932e-18
1.433092702393662099e-01 3.978548793388491427e-15
1.438825073203236771e-01 2.273629340245340536e-17
1.444580373496049674e-01 5.322471980300606812e-15
1.450358694990033503e-01 3.385246258332044845e-17
1.456160129769993872e-01 1.911210252066188923e-15
1.461984770289073976e-01 2.720434116340242769e-14
1.467832709370230082e-01 1.945056328880273690e-16
1.473704040207710897e-01 1.909523830337175022e-14
1.479598856368541382e-01 1.807949949269183795e-17
1.485517251794015725e-01 2.391439898016872002e-15
1.491459320801191979e-01 1.744972344155814864e-14
1.497425158084396690e-01 2.658940149274270001e-16
1.503414858716734248e-01 1.750738700365421502e-12
1.509428518151600951e-01 1.017112508810476815e-14
1.515466232224207677e-01 6.422929830374986466e-16
1.521528097153104220e-01 1.792771153705516811e-10
1.527614209541716672e-01 1.749274168042933758e-13
1.533724666379883694e-01 1.839075868749340955e-12
1.539859565045403056e-01 7.097930320525883479e-11
1.546019003305584838e-01 5.331483966774150700e-17
1.552203079318807133e-01 1.471466559074163744e-11
1.558411891636082569e-01 4.199572827098223577e-11
1.564645539202626778e-01 3.163875428735793851e-12
1.570904121359437411e-01 1.387010634115128644e-10
1.577187737844875093e-01 6.020262249622094261e-11
1.583496488796254653e-01 2.358468635017955965e-10
1.589830474751439959e-01 5.914881330482044341e-10
1.596189796650445414e-01 8.173188400051877188e-11
1.602574555837047166e-01 2.902777176215750989e-10
1.608984854060395708e-01 1.220008340469547065e-09
1.615420793476636807e-01 3.331807935949722146e-10
1.621882476650543525e-01 2.247736623280935978e-09
1.628370006557145755e-01 2.696322299674886959e-09
1.634883486583374457e-01 3.352145697699323813e-09
1.641423020529707844e-01 1.298940834938733380e-08
1.647988712611826723e-01 2.300363167075304796e-09
1.654580667462274002e-01 3.292712152388474671e-09
1.661198990132123077e-01 1.578523657950363046e-08
1.667843786092651215e-01 1.238279558219553798e-08
1.674515161237022098e-01 3.006852994756455628e-08
1.681213221881969755e-01 7.286227153026215762e-08
1.687938074769497754e-01 6.243629291280679383e-08
1.694689827068575905e-01 2.828995975360715278e-07
1.701468586376850278e-01 1.774059393058604847e-07
1.708274460722357391e-01 7.779484501523466479e-08
1.715107558565246715e-01 1.520847641394055485e-07
1.721967988799507909e-01 1.491982950028677310e-07
1.728855860754705820e-01 1.849182345125336976e-07
1.735771284197724640e-01 4.893762864463028041e-07
1.742714369334515678e-01 4.332771725136571221e-07
1.749685226811853456e-01 9.664007864159934086e-07
1.756683967719100681e-01 1.525777110003099340e-06
1.763710703589977391e-01 3.501576682608237816e-06
1.770765546404337309e-01 3.127380632777508859e-06
1.777848608589954471e-01 1.924123581302377018e-06
1.784960003024314568e-01 4.335218715627643614e-06
1.792099843036411844e-01 3.842164565377465335e-06
1.799268242408557650e-01 6.770426382762374329e-06
1.806465315378191772e-01 8.431422490910343918e-06
1.813691176639704306e-01 7.101455063529933295e-06
1.820945941346263086e-01 1.440315622220749536e-05
1.828229725111648329e-01 3.070667204067557788e-05
1.835542644012094771e-01 1.069164004284077553e-05
1.842884814588143239e-01 2.769697992777785559e-05
1.850256353846495561e-01 5.787834715654248971e-05
1.857657379261881403e-01 2.828894787651685774e-05
1.865088008778928996e-01 8.406182713159389614e-05
1.872548360814044743e-01 6.831573757552284647e-05
1.880038554257300876e-01 5.572937507701718939e-05
1.887558708474330049e-01 1.529816996968986239e-04
1.895108943308226879e-01 1.314530972455668406e-04
1.902689379081460019e-01 1.122252274742004634e-04
1.910300136597785636e-01 3.159728112540003677e-04
1.917941337144176972e-01 2.180041681868651461e-04
1.925613102492753359e-01 3.000934720872711048e-04
1.933315554902724498e-01 5.933275894421949706e-04
1.941048817122335568e-01 5.150579676087977451e-04
1.948813012390824828e-01 5.877482083361682203e-04
1.956608264440388156e-01 1.183484742722494890e-03
1.964434697498149418e-01 8.144267113522658677e-04
1.972292436288141937e-01 1.142536564282550576e-03
1.980181606033294406e-01 1.763976316209213109e-03
1.988102332457427346e-01 1.611971707496838912e-03
1.996054741787257336e-01 1.687296301749785987e-03
2.004038960754406518e-01 2.253670983522092913e-03
2.012055116597424309e-01 2.554451023461258661e-03
2.020103337063813842e-01 3.004600449724108280e-03
2.028183750412069219e-01 3.818393715983403863e-03
2.036296485413717494e-01 3.819405261065485745e-03
2.044441671355372303e-01 4.111489234248059607e-03
2.052619438040793887e-01 5.416244523635085559e-03
2.060829915792957157e-01 5.963231880635406004e-03
2.069073235456129201e-01 6.798208685904890206e-03
2.077349528397953449e-01 8.002833804521540528e-03
2.085658926511545219e-01 9.743151808384652862e-03
2.094001562217591150e-01 1.128995369811858045e-02
2.102377568466461677e-01 1.298552206337582650e-02
2.110787078740327671e-01 1.432031402835288320e-02
2.119230227055288740e-01 1.759886302088751325e-02
2.127707147963510126e-01 2.078438851419461136e-02
2.136217976555363773e-01 2.477144961456998265e-02
2.144762848461585492e-01 2.634137113620961188e-02
2.153341899855431840e-01 3.314456489931925237e-02
2.161955267454853669e-01 4.056692672937891458e-02
2.170603088524672986e-01 4.802397276421826317e-02
2.179285500878772042e-01 5.181527803371787505e-02
2.188002642882286852e-01 6.094937852372311893e-02
2.196754653453815986e-01 7.727399326182764205e-02
2.205541672067631020e-01 8.627161035258890109e-02
2.214363838755901703e-01 1.179813496907050618e-01
2.223221294110925284e-01 1.147475288924415249e-01
2.232114179287369160e-01 1.795640391656694868e-01
2.241042636004518529e-01 1.730966875964448648e-01
2.250006806548536520e-01 2.761581259022002355e-01
2.259006833774730438e-01 2.475556776693932370e-01
2.268042861109829667e-01 3.184541624612436950e-01
2.277115032554268836e-01 3.809776340083078083e-01
2.286223492684485714e-01 4.362590934876464099e-01
2.295368386655223802e-01 7.232403653599687177e-01
2.304549860201844658e-01 4.871442929087722029e-01
2.313768059642651864e-01 8.110473102159576619e-01
2.323023131881222503e-01 8.426777071257001150e-01
2.332315224408747223e-01 1.231772877335736815e+00
2.341644485306381973e-01 1.493097580417678039e+00
2.351011063247607502e-01 1.073582228993070098e+00
2.360415107500598020e-01 1.981964461214897444e+00
2.369856767930600405e-01 1.394322896863449568e+00
2.379336195002322851e-01 2.661810113278105128e+00
2.388853539782332114e-01 2.552437352969982420e+00
2.398408953941461863e-01 5.537393669920263051e+00
2.408002589757227141e-01 6.394052358490043275e+00
2.417634600116256582e-01 3.544570695580684383e+00
2.427305138516721306e-01 9.502168353131741796e+00
2.437014359070788505e-01 8.108171909160644120e+00
2.446762416507071713e-01 2.227380189090574447e+01
2.456549466173099938e-01 1.175875379575265001e+01
2.466375664037792625e-01 1.995566894264666757e+01
2.476241166693943785e-01 3.014903988683766656e+01
2.486146131360719436e-01 1.035120307640597659e+01
2.496090715886161993e-01 2.996791196015740510e+01
2.506075078749706586e-01 2.084529970333344195e+01
2.516099379064705155e-01 3.626029634438839366e+01
2.526163776580964138e-01 1.172439382807805544e+02
2.536268431687287994e-01 2.009022767922371600e+02
2.546413505414037437e-01 2.989161214120131831e+02
2.556599159435693491e-01 1.091296944365627581e+02
2.566825556073435988e-01 1.032382284863159185e+02
2.577092858297729827e-01 1.213721024355640168e+02
2.587401229730920682e-01 9.542401741740614796e+01
2.597750834649844576e-01 1.787401359371664853e+02
2.608141837988444123e-01 1.536401751897747658e+02
2.618574405340398092e-01 4.206340512651648851e+02
2.629048702961759298e-01 8.271888225544234956e+02
2.639564897773606367e-01 8.407541126682831418e+02
2.650123157364701054e-01 8.240878531400069278e+02
2.660723649994159445e-01 7.076842440335173023e+02
2.671366544594135917e-01 8.012906866313121554e+02
2.682052010772512096e-01 1.114619736509961967e+03
2.692780218815602478e-01 8.756293679715635108e+02
2.703551339690865030e-01 1.597061400967866120e+03
2.714365545049627904e-01 1.555487931646988727e+03
2.725223007229827243e-01 1.659150564241126176e+03
2.736123899258746106e-01 2.102463655942168771e+03
2.747068394855781692e-01 3.310911107542251557e+03
2.758056668435204806e-01 3.521067174451465689e+03
2.769088895108945403e-01 6.283469040165635306e+03
2.780165250689380918e-01 5.621076165789539118e+03
2.791285911692138466e-01 7.678068592658582929e+03
2.802451055338907038e-01 7.573424800834120106e+03
2.813660859560263017e-01 7.968972094273065522e+03
2.824915502998503469e-01 8.468390230953384162e+03
2.836215165010497197e-01 1.166982103496164018e+04
2.847560025670539119e-01 1.210262118861161252e+04
2.858950265773221866e-01 1.965936392426987732e+04
2.870386066836315142e-01 1.892576427282344957e+04
2.881867611103660631e-01 2.720389846776214108e+04
2.893395081548075787e-01 3.271865257752189427e+04
2.904968661874267610e-01 3.485259699769130384e+04
2.916588536521764197e-01 4.161774126231934497e+04
2.928254890667851273e-01 4.474681698200583924e+04
2.939967910230522619e-01 5.133519547719823458e+04
2.951727781871444911e-01 6.214240708662345423e+04
2.963534692998930908e-01 7.167015872371493606e+04
2.975388831770926501e-01 8.194399630846995569e+04
2.987290387098009981e-01 1.043533312250453455e+05
2.999239548646402409e-01 1.072572067377772619e+05
3.011236506840988536e-01 2.065747687118068643e+04
3.023281452868351593e-01 2.080688813235710040e+04
3.035374578679824742e-01 5.909257113071789718e+03
3.047516076994544187e-01 2.424273225152058149e+04
3.059706141302522830e-01 2.939009264466320747e+04
3.071944965867733357e-01 2.839028020735979226e+04
3.084232745731204095e-01 2.310368536049284012e+04
3.096569676714128194e-01 5.948371642869081370e+03
3.108955955420985018e-01 5.604574419408702852e+03
3.121391779242668751e-01 1.788025945536954168e+04
3.133877346359639215e-01 1.789865111422469636e+04
3.146412855745078230e-01 1.475557776041705984e+04
3.158998507168058190e-01 1.080193364882828791e+04
3.171634501196730627e-01 7.174573156528279469e+03
3.184321039201517545e-01 4.192597017614451033e+03
3.197058323358323295e-01 2.055609321932987768e+03
3.209846556651756444e-01 5.725907637385990938e+02
3.222685942878363852e-01 1.779431998004307616e+02
3.235576686649877520e-01 1.820817758748106314e+02
3.248518993396476984e-01 5.945630851485010027e+01
3.261513069370062801e-01 1.623123551051310898e+01
3.274559121647543369e-01 4.315967782753302728e+00
3.287657358134133401e-01 1.203624656109278046e+00
3.300807987566670154e-01 1.968735924921315439e-01
3.314011219516936890e-01 7.699059195882294038e-01
3.327267264395004642e-01 3.896174005362368575e+00
3.340576333452584534e-01 1.746397223814383892e+01
3.353938638786395088e-01 7.515891855770547636e+01
3.367354393341540630e-01 2.979568605655418878e+02
3.380823810914907468e-01 9.663664870212104461e+02
3.394347106158566718e-01 2.607976179516238517e+03
3.407924494583201014e-01 5.975742963413428697e+03
3.421556192561533982e-01 1.029980615141477392e+04
3.435242417331779707e-01 7.070497443944192128e+03
3.448983387001106626e-01 7.958858516373227303e+02
3.462779320549111417e-01 2.088108114573471175e+04
3.476630437831307319e-01 8.227292452276567928e+04
3.490536959582632992e-01 1.668419668276329758e+05
3.504499107420963600e-01 2.706059207837634603e+05
3.518517103850647421e-01 3.973236811762100551e+05
3.532591172266050239e-01 5.489173323496131925e+05
3.546721536955114717e-01 7.279502708432440413e+05
3.560908423102934761e-01 9.361869204732591752e+05
3.575152056795346533e-01 1.175018997231752146e+06
3.589452665022527800e-01 1.445882749348047422e+06
3.603810475682617254e-01 1.750148414190364769e+06
3.618225717585348278e-01 2.089065384233293356e+06
3.632698620455689364e-01 2.463824879288516007e+06
3.647229414937512293e-01 2.875718926726323087e+06
3.661818332597261971e-01 3.326192875485236757e+06
3.676465605927651259e-01 3.816574694845672231e+06
3.691171468351361895e-01 4.347988250963361003e+06
3.705936154224767076e-01 4.921268094851798378e+06
3.720759898841666247e-01 5.537312693159358576e+06
3.735642938437032656e-01 6.196570460739288479e+06
3.750585510190780902e-01 6.898203287772243842e+06
3.765587852231543908e-01 7.640893922317682765e+06
3.780650203640470441e-01 8.422187603879095986e+06
3.795772804455032068e-01 9.238274317150345072e+06
3.810955895672852312e-01 1.008065003148957714e+07
3.826199719255543585e-01 1.093218387559056468e+07
3.841504518132565771e-01 1.178774267678416334e+07
3.856870536205096456e-01 1.263106888755189255e+07
3.872298018349916715e-01 1.339976150953545980e+07
3.887787210423316320e-01 1.405128947217401490e+07
3.903338359265008939e-01 1.450447670492630079e+07
3.918951712702069545e-01 1.464345714858855121e+07
3.934627519552877928e-01 1.429644287246042304e+07
3.950366029631089404e-01 1.324077825571768731e+07
3.966167493749613859e-01 1.122774038343215920e+07
3.982032163724612550e-01 8.142142008712953888e+06
3.997960292379510450e-01 4.424640593519606628e+06
4.013952133549028578e-01 1.412465812002975261e+06
4.030007942083224659e-01 1.998354594307905354e+05
4.046127973851557647e-01 6.194890378799013888e+03
4.062312485746963908e-01 2.169926815602466522e+05
4.078561735689951728e-01 1.777642244100849144e+06
4.094875982632711353e-01 6.462384863716058433e+06
4.111255486563242245e-01 1.389871153528227471e+07
4.127700508509495880e-01 2.243625754111117497e+07
4.144211310543532978e-01 3.098547202302257344e+07
4.160788155785707931e-01 3.916984114417700469e+07
4.177431308408850463e-01 4.697165830394186825e+07
4.194141033642486138e-01 5.448310026162311435e+07
4.210917597777056320e-01 6.140857667205602676e+07
4.227761268168164221e-01 6.889193146061308682e+07
4.244672313240837602e-01 7.521300294727140665e+07
4.261651002493800910e-01 8.366008404096005857e+07
4.278697606503775730e-01 8.957477757583612204e+07
4.295812396929790666e-01 9.892386314739595354e+07
4.312995646517510107e-01 1.068643556983977109e+08
4.330247629103580187e-01 1.125709241037543416e+08
4.347568619619994745e-01 1.233534177922997624e+08
4.364958894098474596e-01 1.336857647125793844e+08
4.382418729674867897e-01 1.413597846898155510e+08
4.399948404593567730e-01 1.457873368055522442e+08
4.417548198211941890e-01 1.623455227702659965e+08
4.435218391004789873e-01 1.748060994539030492e+08
4.452959264568808750e-01 1.865225433737289608e+08
4.470771101627084021e-01 1.985361343760197163e+08
4.488654186033592119e-01 2.041807258998619616e+08
4.506608802777726241e-01 2.148706912262088358e+08
4.524635237988837710e-01 2.384067389035504162e+08
4.542733778940792333e-01 2.498369973287661672e+08
4.560904714056555065e-01 2.651839567774220705e+08
4.579148332912781894e-01 1.803206381505033672e+08
4.597464926244433370e-01 1.713406858036907911e+08
4.615854785949410899e-01 1.571534681945850551e+08
4.634318205093208576e-01 1.402426902997809052e+08
4.652855477913582227e-01 1.207390818458353579e+08
4.671466899825236219e-01 9.675631538481856883e+07
4.690152767424536906e-01 8.624042984268343449e+07
4.708913378494234969e-01 5.851984723613424599e+07
4.727749032008212171e-01 3.199675799446024746e+07
4.746660028136244769e-01 1.426712053609816357e+07
4.765646668248789131e-01 5.844910648497460410e+06
4.784709254921784560e-01 2.387149479591931216e+06
4.803848091941470555e-01 9.959013380621903343e+05
4.823063484309236815e-01 4.618296329170093522e+05
4.842355738246474361e-01 2.683703049352819216e+05
4.861725161199459966e-01 1.907847973924381076e+05
4.881172061844257226e-01 1.528325871745123586e+05
4.900696750091634302e-01 1.314745458635464602e+05
4.920299537092001074e-01 1.143201127951540548e+05
4.939980735240369625e-01 9.925723777034705563e+04
4.959740658181330253e-01 8.618293097205419326e+04
4.979579620814056362e-01 7.443883482483203989e+04
4.999497939297311566e-01 6.466308691819439991e+04
5.019495931054501758e-01 5.721022667849247227e+04
5.039573914778719965e-01 5.348983718815141765e+04
5.059732210437835054e-01 5.358452571648950834e+04
5.079971139279585435e-01 5.618995000990171684e+04
5.100291023836703852e-01 5.959663581330019224e+04
5.120692187932051054e-01 6.261657019176573522e+04
5.141174956683780550e-01 6.560487214001841494e+04
5.161739656510514473e-01 6.921084509164697374e+04
5.182386615136556074e-01 7.304860459727562557e+04
5.203116161597103329e-01 7.653638586622990260e+04
5.223928626243490303e-01 8.005212073853578477e+04
5.244824340748465152e-01 8.398239366797952971e+04
5.265803638111459239e-01 8.801562535887965350e+04
5.286866852663905103e-01 9.209762379837350454e+04
5.308014320074561088e-01 9.671955563695549790e+04
5.329246377354859288e-01 1.017003620473425544e+05
5.350563362864277916e-01 1.068706011326421722e+05
5.371965616315735881e-01 1.126783930779047223e+05
5.393453478780998456e-01 1.187904232677473337e+05
5.415027292696121819e-01 1.250958113853119285e+05
5.436687401866906466e-01 1.323289738637194387e+05
5.458434151474373941e-01 1.399301272145025141e+05
5.480267888080271321e-01 1.479330727910344140e+05
5.502188959632591247e-01 1.567042388248109783e+05
5.524197715471121928e-01 1.661148256924710586e+05
5.546294506333006025e-01 1.760054303128530446e+05
5.568479684358338400e-01 1.867198911299723550e+05
5.590753603095770519e-01 1.982292651665080339e+05
5.613116617508153716e-01 2.102676046175375523e+05
5.635569083978186899e-01 2.234151124382933194e+05
5.658111360314097560e-01 2.370451424002737622e+05
5.680743805755354980e-01 2.493198635214519745e+05
5.703466780978375672e-01 2.666923178668053588e+05
5.726280648102289872e-01 2.835796247744092252e+05
5.749185770694699160e-01 3.013752845578736160e+05
5.772182513777477375e-01 3.208907732011773624e+05
5.795271243832587071e-01 3.418647628535940894e+05
5.818452328807918184e-01 3.646111785179530852e+05
5.841726138123150003e-01 3.890968727887066198e+05
5.865093042675643131e-01 4.125120670374214533e+05
5.888553414846344758e-01 4.335143700837219367e+05
5.912107628505729462e-01 4.664049969707276323e+05
5.935756059019753339e-01 5.128245284697540919e+05
5.959499083255832552e-01 5.567649301107161446e+05
5.983337079588855190e-01 6.057743974994561868e+05
6.007270427907210886e-01 6.612539107427020790e+05
6.031299509618840426e-01 7.244012132852104260e+05
6.055424707657315331e-01 7.921068262359267101e+05
6.079646406487945187e-01 8.665216153863079380e+05
6.103964992113897203e-01 9.480506536589005264e+05
6.128380852082353503e-01 1.037672835064667510e+06
6.152894375490681744e-01 1.136510736837050412e+06
6.177505952992645710e-01 1.244884971082191216e+06
6.202215976804615893e-01 1.364046069876902271e+06
6.227024840711834486e-01 1.495318567577817477e+06
6.251932940074681477e-01 1.638862202888186323e+06
6.276940671834980723e-01 1.796564014009435195e+06
6.302048434522321552e-01 1.980756186719022226e+06
6.327256628260409244e-01 2.176629223596860655e+06
6.352565654773452142e-01 2.397591786696089897e+06
6.377975917392545435e-01 2.637274282644149382e+06
6.403487821062116003e-01 2.903745470344054513e+06
6.429101772346363930e-01 3.193753732285481878e+06
6.454818179435749537e-01 3.473928722894005477e+06
6.480637452153492628e-01 3.820545373475494795e+06
6.506560001962106154e-01 4.257284712562808767e+06
6.532586241969955410e-01 4.715311587995695882e+06
6.558716586937833881e-01 5.210377112836554646e+06
6.584951453285585732e-01 5.779082035342670046e+06
6.611291259098727169e-01 6.436392478705809452e+06
6.637736424135122215e-01 7.170410278482558206e+06
6.664287369831662922e-01 7.991781243996089324e+06
6.690944519310989547e-01 8.899300760644545779e+06
6.717708297388232941e-01 9.912219411566315219e+06
6.744579130577786907e-01 1.104112265546722151e+07
6.771557447100098326e-01 1.227892267626426928e+07
6.798643676888498355e-01 1.362395548556054384e+07
6.825838251596052508e-01 1.508444366725979559e+07
6.853141604602436265e-01 1.668704337851055153e+07
6.880554171020846210e-01 1.839028350430648029e+07
6.908076387704928933e-01 1.988793401827899739e+07
6.935708693255748791e-01 2.067534520706765726e+07
6.963451528028771209e-01 2.392568351538858563e+07
6.991305334140887062e-01 2.633236549056030437e+07
7.019270555477450380e-01 2.861996450894080475e+07
7.047347637699360456e-01 3.178992712981453538e+07
7.075537028250157290e-01 3.513358324969330430e+07
7.103839176363159202e-01 3.860460719765265286e+07
7.132254533068611568e-01 4.232488993369561434e+07
7.160783551200886610e-01 4.249079744356074184e+07
7.189426685405689854e-01 4.547704950710064918e+07
7.218184392147313222e-01 5.183841878565055132e+07
7.247057129715901436e-01 5.431245976299194247e+07
7.276045358234763949e-01 5.991059144329792261e+07
7.305149539667704639e-01 6.096027716799438000e+07
7.334370137826373703e-01 6.887175674689993262e+07
7.363707618377679509e-01 7.228390166283705831e+07
7.393162448851190449e-01 7.716790107600221038e+07
7.422735098646596752e-01 8.211523286453866959e+07
7.452426039041182282e-01 8.627787967336764932e+07
7.482235743197346300e-01 9.034084071889218688e+07
7.512164686170136330e-01 9.231808642128819227e+07
7.542213344914817652e-01 9.383534693909806013e+07
7.572382198294477229e-01 9.332571668862383068e+07
7.602671727087656484e-01 8.610676775974549353e+07
7.633082413996006288e-01 5.552485575869344920e+07
7.663614743651989691e-01 1.058426686764967628e+07
7.694269202626597970e-01 1.463041028109589592e+07
7.725046279437104424e-01 4.788050622452616692e+07
7.755946464554852593e-01 8.965812224345850945e+07
7.786970250413072225e-01 1.280569442006876916e+08
7.818118131414724115e-01 1.575026225763352215e+08
7.849390603940383793e-01 1.822500999274932146e+08
7.880788166356144098e-01 2.073614396484647393e+08
7.912311319021569922e-01 2.355848571605769992e+08
7.943960564297655180e-01 2.658189502546525598e+08
7.975736406554845281e-01 2.920509898011261225e+08
8.007639352181065151e-01 3.235943330201876760e+08
8.039669909589789443e-01 3.548250643328263164e+08
8.071828589228148276e-01 3.771555843245511651e+08
8.104115903585061842e-01 3.753804342394246459e+08
8.136532367199402760e-01 3.750924556617064476e+08
8.169078496668199518e-01 4.318047349064143300e+08
8.201754810654874328e-01 4.431303146945590377e+08
8.234561829897493190e-01 5.053005318769714832e+08
8.267500077217083687e-01 6.199907259562432766e+08
8.300570077525952772e-01 6.459428037724131346e+08
8.333772357836056743e-01 7.024836129100494385e+08
8.367107447267401188e-01 7.159342472723181248e+08
8.400575877056470908e-01 7.997021805613034964e+08
8.434178180564695371e-01 8.881923076272138357e+08
8.467914893286955236e-01 9.896229611133832932e+08
8.501786552860102208e-01 1.087245503232989311e+09
8.535793699071543283e-01 1.210356413525697470e+09
8.569936873867830540e-01 1.335377676092693806e+09
8.604216621363300899e-01 1.454672768777502537e+09
8.638633487848753623e-01 1.570373312618182659e+09
8.673188021800150027e-01 1.669336232552156448e+09
8.707880773887352044e-01 1.751586663145158291e+09
8.742712296982900755e-01 1.872842533996373653e+09
8.777683146170831563e-01 1.988698702612813711e+09
8.812793878755513788e-01 2.030334144394921541e+09
8.848045054270535781e-01 1.963683273257905960e+09
8.883437234487617795e-01 1.381685519025181532e+09
8.918970983425568155e-01 8.852845645467691422e+08
8.954646867359271623e-01 1.355426396369617939e+09
8.990465454828707736e-01 9.451223828620836735e+08
9.026427316648023558e-01 1.562783247337785244e+09
9.062533025914615292e-01 2.068239054265380383e+09
9.098783158018273198e-01 2.164265549259984016e+09
9.135178290650346478e-01 2.351771914123783112e+09
9.171719003812948134e-01 2.347034564103118420e+09
9.208405879828199803e-01 3.060165485614078522e+09
9.245239503347512100e-01 2.900401933999204159e+09
9.282220461360901620e-01 9.346391327630615234e+08
9.319349343206346781e-01 1.003134803344910502e+09
9.356626740579171431e-01 1.086797941249457359e+09
9.394053247541488405e-01 1.619226123063458681e+09
9.431629460531654185e-01 1.698967785090705156e+09
9.469355978373780180e-01 1.770832897225456476e+09
9.507233402287275092e-01 1.629605884409266710e+09
9.545262335896426142e-01 1.904870977186561346e+09
9.583443385240012491e-01 1.425381896405843973e+09
9.621777158780971950e-01 1.818886494538216591e+09
9.660264267416096562e-01 2.158882594855944633e+09
9.698905324485760371e-01 2.662834330981940746e+09
9.737700945783701600e-01 2.675634981551214218e+09
9.776651749566835914e-01 2.860643550662467957e+09
9.815758356565105203e-01 3.205467864245354652e+09
9.855021389991363012e-01 3.582811745801711082e+09
9.894441475551331022e-01 4.284461754874527931e+09
9.934019241453534432e-01 4.534348681586541176e+09
9.973755318419349480e-01 4.878316192480543137e+09
1.001365033969302543e+00 5.453936946619342804e+09
1.005370494105179757e+00 6.029764101052008629e+09
1.009391976081600362e+00 7.053481095429690361e+09
1.013429543985926884e+00 8.299527784924599648e+09
1.017483262161870350e+00 9.301854180506029129e+09
1.021553195210518128e+00 1.068430869270750427e+10
1.025639407991360219e+00 1.174560469048303986e+10
1.029741965623325539e+00 1.327437101897859383e+10
1.033860933485818867e+00 1.469441131816832924e+10
1.037996377219762012e+00 1.707241611544061661e+10
1.042148362728641198e+00 1.882375000089249802e+10
1.046316956179555557e+00 2.049373080404139328e+10
1.050502224004274066e+00 2.210556274509912109e+10
1.054704232900291139e+00 2.386156259036482620e+10
1.058923049831892227e+00 2.479039583028988266e+10
1.063158742031219628e+00 2.608691640534920502e+10
1.067411376999344741e+00 2.661472661138488007e+10
1.071681022507342096e+00 2.718646360296829987e+10
1.075967746597371377e+00 2.737014996431534958e+10
1.080271617583760779e+00 2.769842926281574631e+10
1.084592704054095913e+00 2.586341590996808624e+10
1.088931074870312044e+00 1.989081429658968353e+10
1.093286799169793433e+00 1.106568955741807747e+10
1.097659946366472461e+00 7.431685704361748695e+09
1.102050586151938294e+00 4.662763246449923515e+09
1.106458788496546219e+00 3.055163880513922215e+09
1.110884623650532532e+00 1.810007210211930275e+09
1.115328162145134749e+00 9.830131442562263012e+08
1.119789474793714934e+00 1.040304293546267152e+09
1.124268632692889902e+00 1.202567786734634161e+09
1.128765707223661430e+00 1.652070460297744513e+09
1.133280770052556230e+00 7.758475207182117701e+08
1.137813893132766374e+00 8.694256417765477896e+08
1.142365148705297484e+00 1.216913234342375517e+09
1.146934609300118479e+00 1.202761885939144850e+09
1.151522347737319096e+00 4.960948530432005525e+08
1.156128437128268516e+00 2.217593572039618194e+08
1.160752950876781542e+00 3.106689240312745571e+08
1.165395962680288999e+00 7.177894521300132275e+08
1.170057546531009907e+00 6.847154093616757393e+08
1.174737776717134086e+00 1.388799585543736815e+08
1.179436727824002773e+00 6.846153094797370434e+08
1.184154474735298557e+00 1.458776207825512409e+09
1.188891092634239977e+00 2.137622003067051172e+09
1.193646657004777012e+00 2.956991817289105415e+09
1.198421243632796118e+00 4.576041736656016350e+09
1.203214928607327261e+00 7.188827827322371483e+09
1.208027788321756724e+00 1.132344958702782631e+10
1.212859899475043468e+00 1.489828134903595734e+10
1.217711339072943710e+00 2.006937378385129929e+10
1.222582184429235275e+00 2.468620874265647125e+10
1.227472513166952384e+00 3.184168244199668121e+10
1.232382403219620226e+00 3.697924374354346466e+10
1.237311932832498407e+00 4.167589972562869263e+10
1.242261180563828615e+00 3.679413303440401459e+10
1.247230225286083849e+00 5.016695552952731323e+10
1.252219146187228072e+00 3.731529910502283478e+10
1.257228022771976983e+00 6.151468336501084137e+10
1.262256934863064783e+00 6.358737947877648926e+10
1.267305962602517155e+00 6.072060792973833466e+10
1.272375186452927354e+00 5.292643748040577698e+10
1.277464687198738957e+00 5.165430559893920898e+10
1.282574545947533950e+00 4.198099674379433441e+10
1.287704844131324133e+00 3.360134478333278275e+10
1.292855663507849417e+00 2.916678809679475784e+10
1.298027086161880783e+00 2.422040131615069962e+10
1.303219194506528344e+00 1.974505209730589294e+10
1.308432071284554521e+00 1.609656209306913757e+10
1.313665799569692760e+00 1.203683784640853691e+10
1.318920462767971591e+00 9.337584574568922043e+09
1.324196144619043336e+00 6.116414311380122185e+09
1.329492929197519491e+00 2.224356507758726120e+09
1.334810900914309650e+00 6.033338050045275688e+08
1.340150144517967101e+00 2.938202416237577200e+08
1.345510745096038852e+00 1.456035118473162353e+08
1.350892788076423212e+00 8.711988957207047939e+07
1.356296359228728932e+00 3.705181265339557081e+07
1.361721544665643879e+00 2.922950824736681208e+07
1.367168430844306393e+00 7.408371622815826535e+07
1.372637104567683730e+00 4.644980340401113033e+07
1.378127652985954299e+00 6.848098285493987799e+07
1.383640163597898098e+00 3.893941343112519383e+07
1.389174724252289828e+00 5.219179523575901985e+07
1.394731423149298877e+00 3.883032135591477901e+07
1.400310348841896202e+00 4.180403343319808692e+07
1.405911590237263642e+00 6.205037591391614825e+07
1.411535236598212784e+00 6.760116084052419662e+07
1.417181377544605603e+00 7.772198543377140164e+07
1.422850103054784210e+00 8.863912963052944839e+07
1.428541503467003038e+00 1.581325331262594461e+08
1.434255669480871243e+00 1.574903680914974511e+08
1.439992692158794885e+00 2.054188185405354202e+08
1.445752662927429988e+00 3.071641894340220690e+08
1.451535673579139596e+00 5.187295569084181190e+08
1.457341816273456159e+00 7.751613953007166386e+08
1.463171183538549913e+00 6.838420761497932673e+08
1.469023868272704147e+00 6.505502020676016808e+08
1.474899963745795128e+00 7.974831696773409843e+08
1.480799563600778246e+00 1.084292401948763847e+09
1.486722761855181485e+00 1.097416481511971474e+09
1.492669652902602007e+00 1.504753422772727013e+09
1.498640331514212276e+00 1.859975559510818481e+09
1.504634892840269300e+00 2.030166780788695335e+09
1.510653432411630304e+00 2.492931664797674179e+09
1.516696046141276843e+00 3.100061338574560642e+09
1.522762830325842032e+00 3.949660271741060734e+09
1.528853881647145307e+00 4.933252937325480461e+09
1.534969297173733649e+00 6.043057908709288597e+09
1.541109174362428780e+00 7.302542929907273293e+09
1.547273611059878373e+00 9.511381243352092743e+09
1.553462705504118135e+00 1.037856712276099586e+10
1.559676556326134556e+00 1.144902589482147408e+10
1.565915262551438980e+00 1.335099232913951683e+10
1.572178923601644795e+00 1.493218269322821999e+10
1.578467639296051495e+00 1.515392548419697952e+10
1.584781509853235626e+00 1.584838997601734352e+10
1.591120635892648405e+00 1.294196958105287552e+10
1.597485118436219098e+00 9.436000442590368271e+09
1.603875058909963958e+00 4.973669695648759842e+09
1.610290559145603595e+00 2.531381075462639332e+09
1.616731721382186127e+00 1.363539686144816160e+09
1.623198648267714761e+00 7.841625230861452818e+08
1.629691442860785600e+00 5.105484694123284221e+08
1.636210208632228769e+00 5.829554123514922857e+08
1.642755049466757766e+00 7.385782009549214840e+08
1.649326069664624805e+00 7.165405681790071726e+08
1.655923373943283039e+00 6.847967472597421408e+08
1.662547067439056336e+00 8.200374101685756445e+08
1.669197255708812611e+00 1.247457778408917338e+08
1.675874044731648027e+00 2.816748565706166625e+08
1.682577540910574321e+00 5.222419192298191786e+08
1.689307851074216771e+00 4.001143505273000598e+08
1.696065082478513508e+00 2.249959367953270972e+08
1.702849342808427480e+00 2.058838191812959313e+08
1.709660740179661298e+00 3.935804692232033014e+08
1.716499383140379864e+00 3.280313405010464191e+08
1.723365380672941427e+00 5.954130747576829195e+08
1.730258842195633306e+00 3.037897759461302757e+08
1.737179877564415831e+00 3.274662212764916420e+08
1.744128597074673603e+00 4.773947485039685965e+08
1.751105111462972097e+00 6.038758855081471205e+08
1.758109531908824241e+00 4.943430499498659372e+08
1.765141970036459451e+00 3.939391221048579216e+08
1.772202537916605314e+00 3.097361831145209670e+08
1.779291348068271716e+00 4.597995861694313884e+08
1.786408513460544745e+00 3.473581901699157953e+08
1.793554147514387020e+00 1.741253928842690289e+08
1.800728364104444257e+00 3.017748907762221694e+08
1.807931277560862249e+00 2.733955033087406158e+08
1.815163002671105641e+00 3.649824271258832216e+08
1.822423654681789795e+00 3.935090343647950292e+08
1.829713349300517100e+00 2.403171323931294084e+08
1.837032202697718830e+00 2.000679695360586047e+08
1.844380331508509885e+00 3.593727116434970498e+08
1.851757852834543527e+00 3.494411116598018408e+08
1.859164884245881888e+00 2.600941855405501723e+08
1.866601543782865358e+00 1.823517959062804580e+08
1.874067949957996859e+00 2.527750892863983214e+08
1.881564221757828781e+00 7.598219342868275642e+08
1.889090478644860127e+00 7.431830588360173702e+08
1.896646840559439662e+00 1.047066787974785686e+09
1.904233427921677269e+00 7.028079634075090885e+08
1.911850361633363971e+00 7.770176225423582792e+08
1.919497763079897279e+00 8.015116139225928783e+08
1.927175754132217200e+00 5.220496389858643413e+08
1.934884457148745796e+00 3.915962037136024237e+08
1.942623994977340729e+00 3.978662021670255661e+08
1.950394490957250149e+00 6.054983306652714014e+08
1.958196068921079336e+00 5.451952559404326677e+08
1.966028853196763793e+00 8.499830199939889908e+08
1.973892968609550991e+00 9.086208264188705683e+08
1.981788540483989447e+00 1.141696056411047220e+09
1.989715694645925126e+00 1.434876635815815210e+09
1.997674557424508723e+00 2.088016077109290838e+09
2.005665255654207169e+00 2.205883392721582890e+09
2.013687916676823786e+00 2.755726369388190746e+09
2.021742668343530891e+00 3.644217256836717129e+09
2.029829639016905052e+00 3.679818780115772724e+09
2.037948957572972564e+00 4.745007855932857513e+09
2.046100753403264694e+00 5.783093495571770668e+09
2.054285156416877811e+00 6.381182698086022377e+09
2.062502297042545507e+00 7.358080841163373947e+09
2.070752306230715600e+00 7.850115460438465118e+09
2.079035315455638244e+00 7.365332574688261032e+09
2.087351456717461140e+00 7.479872048417570114e+09
2.095700862544330967e+00 6.671598814944293022e+09
2.104083665994508134e+00 6.195569770522576332e+09
2.112500000658485977e+00 5.448038778356639862e+09
2.120950000661120161e+00 4.442040826403148651e+09
2.129433800663764753e+00 3.696479943122448921e+09
2.137951535866419839e+00 3.183596802505711079e+09
2.146503342009885351e+00 2.404345561087004662e+09
2.155089355377924676e+00 1.988174148165476322e+09
2.163709712799436691e+00 1.253890019545284033e+09
2.172364551650634468e+00 1.187206652018974781e+09
2.181054009857236853e+00 8.883719027386515141e+08
2.189778225896665376e+00 5.366424316394576430e+08
2.198537338800252705e+00 1.488591379522047043e+08
2.207331488155453325e+00 9.264136900534109771e+07
2.216160814108075083e+00 2.131299781849995553e+08
2.225025457364507631e+00 1.658790655585830808e+08
2.233925559193965515e+00 1.193882716884433627e+08
2.242861261430741493e+00 7.547935943877939880e+07
2.251832706476463830e+00 5.635105817909313738e+07
2.260840037302370042e+00 4.674655133294143528e+07
2.269883397451579299e+00 5.582427105361185223e+07
2.278962931041386142e+00 4.607980639979587495e+07
2.288078782765551100e+00 3.384282107080069184e+07
2.297231097896613505e+00 3.361435657854024321e+07
2.306420022288200311e+00 7.745904551778301597e+07
2.315645702377353121e+00 1.121610203415197134e+08
2.324908285186861878e+00 3.076168716190535948e+07
2.334207918327609654e+00 3.358596159013407677e+07
2.343544750000919663e+00 3.273518828074345738e+07
2.352918929000923143e+00 4.335715954894769937e+07
2.362330604716927240e+00 7.286916922308345139e+07
2.371779927135795329e+00 3.988670138678895682e+07
2.381267046844337987e+00 4.669652167645876110e+07
2.390792115031715070e+00 8.707305871241649985e+07
2.400355283491842240e+00 1.179514370722270906e+08
2.409956704625809465e+00 1.668482998183579147e+08
2.419596531444312859e+00 1.503387453958674967e+08
2.429274917570089620e+00 1.600981146728209853e+08
2.438992017240370291e+00 1.925662509148398638e+08
2.448747985309331465e+00 2.256082211177742779e+08
2.458542977250568917e+00 2.933613800398573279e+08
2.468377149159570738e+00 3.029761181878052354e+08
2.478250657756209563e+00 3.170405196928669214e+08
2.488163660387234355e+00 3.407851230085985065e+08
2.498116315028783063e+00 3.855824463982313275e+08
2.508108780288898387e+00 3.122370977875455618e+08
2.518141215410053757e+00 2.697916303261706233e+08
2.528213780271693967e+00 1.932552051844231486e+08
2.538326635392781139e+00 2.057290350920939445e+08
2.548479941934351789e+00 1.209130176396863908e+08
2.558673861702089436e+00 1.513079800379627049e+08
2.568908557148898097e+00 1.088733910792320669e+08
2.579184191377493551e+00 1.086988056997387260e+08
2.589500928143003478e+00 7.624149100445425510e+07
2.599858931855575594e+00 1.183603108729746342e+08
2.610258367582998229e+00 1.428477372473858297e+08
2.620699401053329769e+00 1.947317430457566381e+08
2.631182198657543214e+00 2.041254271848062575e+08
2.641706927452173392e+00 4.684765328460056186e+08
2.652273755161981938e+00 3.524358872384567261e+08
2.662882850182629824e+00 1.415402375301388800e+08
2.673534381583360542e+00 5.087352525682930648e+07
2.684228519109693956e+00 8.064417969676914811e+07
2.694965433186132575e+00 1.592968303153595626e+08
2.705745294918877164e+00 1.494007930158372521e+08
2.716568276098552559e+00 1.681323707511576414e+08
2.727434549202946812e+00 3.608249444262184501e+08
2.738344287399758326e+00 1.633287226426200569e+08
2.749297664549357201e+00 3.725306516236835122e+08
2.760294855207554576e+00 1.685093156859349608e+08
2.771336034628385292e+00 1.869767661897084713e+08
2.782421378766898545e+00 1.289894643655016273e+08
2.793551064281966312e+00 2.700966214934346080e+08
2.804725268539093985e+00 1.584429931202600002e+08
2.815944169613250558e+00 2.526398251522803009e+08
2.827207946291703244e+00 3.694484846552087069e+08
2.838516778076869862e+00 2.192636929835589528e+08
2.849870845189177437e+00 2.753360167801835537e+08
2.861270328569933685e+00 3.610880157619879842e+08
2.872715409884213589e+00 4.219950758165422082e+08
2.884206271523750420e+00 3.866503170258135200e+08
2.895743096609845413e+00 4.985314964657015204e+08
2.907326068996284985e+00 4.624732748628782034e+08
2.918955373272270393e+00 5.433104441212549210e+08
2.930631194765359826e+00 8.184158716432659626e+08
2.942353719544420709e+00 7.626878202811797857e+08
2.954123134422598440e+00 6.924540660676715374e+08
2.965939626960289122e+00 7.738484327754968405e+08
2.977803385468130504e+00 8.569706688773369789e+08
2.989714599010003138e+00 1.015469036151779056e+09
3.001673457406043077e+00 3.110348180715304017e+08
3.013680151235667015e+00 7.114662250999114513e+08
3.025734871840609408e+00 9.575980672774646282e+08
3.037837811327972037e+00 8.828534418847047091e+08
3.049989162573283785e+00 6.293043206059873104e+08
3.062189119223576395e+00 7.531851378387775421e+08
3.074437875700470890e+00 5.760734333935163021e+08
3.086735627203272880e+00 4.723723018284148574e+08
3.099082569712085622e+00 3.957498236082056761e+08
3.111478899990933744e+00 3.358316914035044312e+08
3.123924815590897186e+00 3.612328807280998230e+08
3.136420514853261121e+00 2.542935649459683299e+08
3.148966196912674320e+00 2.070409615851665139e+08
3.161562061700325277e+00 1.546514831696111858e+08
3.174208309947126327e+00 1.418620089240860343e+08
3.186905143186915090e+00 1.082366246693428606e+08
3.199652763759662566e+00 9.787179513945259154e+07
3.212451374814701222e+00 9.960567745701859891e+07
3.225301180313960625e+00 9.176073031801174581e+07
3.238202385035215958e+00 9.540183578220109642e+07
3.251155194575356955e+00 9.728507779673102498e+07
3.264159815353658622e+00 1.333717888632112294e+08
3.277216454615073271e+00 1.860114679077197015e+08
3.290325320433533207e+00 2.208898643928531408e+08
3.303486621715267635e+00 1.961976236236446202e+08
3.316700568202128441e+00 1.229634857319056988e+07
3.329967370474937294e+00 1.316070761592325382e+07
3.343287239956836743e+00 6.730806221897754073e+07
3.356660388916663962e+00 1.238328965314924866e+08
3.370087030472330714e+00 1.436346948231658340e+08
3.383567378594220187e+00 1.351258239406025112e+08
3.397101648108596716e+00 1.251015221741290390e+08
3.410690054701031482e+00 1.220625767382175326e+08
3.424332814919834878e+00 1.252183343224333972e+08
3.438030146179514634e+00 1.251702764978036880e+08
3.451782266764232610e+00 1.168566225039020330e+08
3.465589395831289998e+00 1.429897522284983993e+08
3.479451753414614767e+00 1.343984166470488906e+08
3.493369560428273068e+00 1.679389404997745156e+08
3.507343038669985980e+00 2.277352680661914051e+08
3.521372410824665788e+00 2.280819859761734307e+08
3.535457900467964709e+00 2.238930158788250089e+08
3.549599732069836477e+00 2.765903893819595575e+08
3.563798130998116154e+00 3.003538461478230953e+08
3.578053323522108364e+00 3.511549831546772718e+08
3.592365536816196858e+00 3.458606246117848754e+08
3.606734998963461614e+00 3.104937736475731134e+08
3.621161938959315041e+00 3.855652075643474460e+08
3.635646586715152839e+00 5.028352424153604507e+08
3.650189173062013293e+00 5.988689023549392223e+08
3.664789929754260545e+00 6.989096717168248892e+08
3.679449089473277645e+00 8.048796495945755243e+08
3.694166885831170699e+00 7.737814851694860458e+08
3.708943553374495661e+00 8.922679405581585169e+08
3.723779327587993571e+00 8.934568776736502647e+08
3.738674444898345328e+00 1.057481107001817226e+09
3.753629142677938901e+00 1.166292520149845600e+09
3.768643659248651190e+00 1.099012009932318926e+09
3.783718233885645432e+00 9.514552739363640547e+08
3.798853106821188153e+00 1.226519629487954140e+09
3.814048519248473657e+00 1.553164659121181011e+09
3.829304713325467180e+00 1.876959436831416845e+09
3.844621932178768908e+00 1.215482120001351357e+09
3.860000419907484215e+00 1.475814320085987806e+09
3.875440421587113882e+00 1.454526935380059242e+09
3.890942183273462529e+00 1.750353230520854235e+09
3.906505952006555926e+00 1.734177460613012791e+09
3.922131975814582727e+00 1.816157262127104521e+09
3.937820503717840648e+00 2.120613564261401892e+09
3.953571785732711508e+00 2.022086037736028433e+09
3.969386072875642490e+00 2.247582948450665951e+09
3.985263617167145167e+00 2.516465552681012154e+09
4.001204671635814059e+00 2.472611579378672123e+09
4.017209490322357190e+00 2.640970068830507755e+09
4.033278328283646630e+00 2.644492755697981358e+09
4.049411441596781458e+00 2.626895929897063255e+09
4.065609087363168506e+00 2.563029727996665955e+09
4.081871523712622185e+00 2.390344257184312344e+09
4.098199009807472315e+00 2.462339923626843929e+09
4.114591805846702144e+00 2.290465134642577171e+09
4.131050173070089038e+00 2.231006194491519928e+09
4.147574373762369149e+00 2.358577453131694317e+09
4.164164671257418959e+00 2.429376995307450771e+09
4.180821329942449260e+00 2.298782299788790226e+09
4.197544615262219558e+00 2.461139452422556877e+09
4.214334793723269357e+00 2.578711831278115749e+09
4.231192132898162761e+00 2.625842518707072258e+09
4.248116901429755288e+00 2.804325606032739639e+09
4.265109369035473996e+00 2.855280638278903961e+09
4.282169806511615384e+00 2.373470712284258842e+09
4.299298485737661935e+00 1.035095864548049212e+09
4.316495679680612874e+00 9.037145958635462523e+08
4.333761662399335357e+00 1.697477454763999462e+09
4.351096709048932532e+00 2.128780270843042850e+09
4.368501095885127583e+00 2.901152717389227867e+09
4.385975100268668214e+00 2.777806004063486099e+09
4.403519000669743555e+00 2.706949742214702606e+09
4.421133076672422391e+00 2.793754007381123066e+09
4.438817608979111817e+00 2.276702833066622257e+09
4.456572879415028332e+00 2.703008225577555656e+09
4.474399170932688463e+00 2.228807993412625790e+09
4.492296767616419828e+00 2.529286855643782139e+09
4.510265954686884626e+00 2.599968905464846134e+09
4.528307018505633330e+00 2.094085313235560179e+09
4.546420246579655711e+00 3.026140564888676643e+09
4.564605927565974497e+00 2.669447296434393406e+09
4.582864351276237258e+00 3.044509374868379593e+09
4.601195808681342925e+00 3.105615740368594646e+09
4.619600591916067422e+00 2.620038726677632809e+09
4.638078994283731937e+00 3.009646112879138470e+09
4.656631310260867629e+00 2.936067479554814816e+09
4.675257835501911430e+00 2.598046344054411888e+09
4.693958866843916944e+00 3.665353917537917137e+09
4.712734702311292878e+00 2.857588338054655552e+09
4.731585641120538810e+00 2.873419016431822300e+09
4.750511983685020923e+00 3.550273949533661842e+09
4.769514031619761063e+00 2.729442653235763073e+09
4.788592087746240011e+00 2.408850962926092148e+09
4.807746456097224730e+00 3.119319652064154625e+09
4.826977441921613377e+00 2.969304658560329914e+09
4.846285351689299858e+00 2.308990488664823532e+09
4.865670493096057925e+00 2.930486178857100487e+09
4.885133175068442135e+00 2.738677161167087078e+09
4.904673707768715474e+00 2.483454111987774849e+09
4.924292402599791174e+00 2.787397233694185257e+09
4.943989572210189642e+00 2.020591349996323586e+09
4.963765530499030021e+00 1.791667477993536949e+09
4.983620592621027079e+00 2.456974440061308861e+09
5.003555074991511198e+00 2.285771134032251358e+09
5.023569295291476777e+00 1.358375181435495377e+09
5.043663572472643075e+00 2.235660240076390743e+09
5.063838226762532813e+00 2.215501752092780113e+09
5.084093579669583640e+00 1.616109783198833942e+09
5.104429953988261381e+00 1.734882888464000940e+09
5.124847673804215020e+00 1.971366445718025446e+09
5.145347064499431688e+00 1.007342032592264295e+09
5.165928452757428957e+00 1.380929614922079563e+09
5.186592166568458673e+00 1.725083957351022243e+09
5.207338535234733001e+00 8.236132672927124500e+08
5.228167889375671784e+00 1.282171219591131926e+09
5.249080560933174766e+00 1.385870263113312244e+09
5.270076883176907145e+00 1.155047585130311728e+09
5.291157190709615321e+00 1.102399939056268930e+09
5.312321819472453299e+00 1.207828745679671764e+09
5.333571106750343738e+00 1.351991049920682430e+09
5.354905391177344320e+00 6.560053576812515259e+08
5.376325012742054099e+00 8.802793147307254076e+08
5.397830312793021612e+00 1.046116226271325946e+09
5.419421634044193858e+00 4.390843735298023224e+08
5.441099320580370602e+00 8.666294747697268724e+08
5.462863717862692425e+00 6.624507432686382532e+08
5.484715172734142996e+00 7.615675886310760975e+08
5.506654033425078865e+00 7.254077515319514275e+08
5.528680649558780580e+00 6.202667998970062733e+08
5.550795372157015350e+00 5.337735062280849814e+08
5.572998553645643227e+00 4.554049140268132091e+08
5.595290547860225949e+00 5.422844246823428869e+08
5.617671710051667766e+00 5.335794920028176308e+08
5.640142396891874021e+00 4.224660400887858272e+08
5.662702966479441713e+00 4.669574333768613935e+08
5.685353778345359821e+00 4.226498171637706757e+08
5.708095193458740724e+00 4.242092438452975750e+08
5.730927574232576482e+00 3.655820589592303634e+08
5.753851284529505783e+00 3.502389984053566456e+08
5.776866689667624399e+00 4.087973005780888200e+08
5.799974156426294769e+00 4.756133568349106312e+08
5.823174053051999977e+00 2.784443796478295326e+08
5.846466749264207508e+00 3.849635696768059134e+08
5.869852616261264977e+00 2.901501574118446708e+08
5.893332026726310069e+00 2.862514239920108318e+08
5.916905354833215114e+00 4.285852881579539776e+08
5.940572976252548543e+00 2.760563531306443810e+08
5.964335268157558545e+00 3.736835502803230882e+08
5.988192609230189589e+00 3.692785978592396975e+08
6.012145379667110490e+00 4.214938281533100605e+08
6.036193961185778889e+00 3.501953998925469518e+08
6.060338737030522616e+00 2.605286972835033834e+08
6.084580091978644134e+00 3.441565011041297913e+08
6.108918412346558746e+00 2.662015746808304787e+08
6.133354085995945226e+00 3.086001968042287230e+08
6.157887502339929320e+00 2.261532828289629221e+08
6.182519052349287669e+00 2.635954728120116591e+08
6.207249128558685491e+00 3.528078272453114390e+08
6.232078125072920471e+00 3.901451766615454555e+08
6.257006437573212843e+00 4.097277249210060835e+08
6.282034463323505236e+00 4.519489339651586413e+08
6.307162601176800720e+00 5.229649399130014777e+08
6.332391251581507063e+00 3.798507715620422959e+08
6.357720816587833390e+00 3.899097375123719573e+08
6.383151699854184180e+00 3.437818990339582562e+08
6.408684306653601226e+00 2.381089134700810611e+08
6.434319043880215361e+00 2.711139191825032234e+08
6.460056320055736379e+00 2.500506254539282024e+08
6.485896545335958052e+00 1.567243946521239281e+08
6.511840131517302233e+00 2.156955141926468611e+08
6.537887492043371829e+00 2.803342224133185148e+08
6.564039042011545533e+00 2.168683815749860108e+08
6.590295198179591196e+00 2.150293909642730653e+08
6.616656378972309405e+00 2.458698839142782986e+08
6.643123004488199257e+00 2.531379052115933001e+08
6.669695496506150789e+00 2.694744134206758142e+08
6.696374278492176479e+00 3.293429368778001666e+08
6.723159775606144528e+00 2.733243223225406408e+08
6.750052414708568094e+00 3.290972494598137140e+08
6.777052624367403411e+00 2.912373854038397074e+08
6.804160834864871887e+00 2.672230007767775059e+08
6.831377478204331055e+00 3.415633356735248566e+08
6.858702988117148180e+00 2.387814534291915298e+08
6.886137800069615622e+00 3.207754589396467209e+08
6.913682351269895499e+00 3.791945143988978267e+08
6.941337080674975013e+00 3.757212198446487188e+08
6.969102428997675069e+00 2.999171160815409422e+08
6.996978838713665994e+00 3.576974014143958688e+08
7.024966754068519670e+00 3.328371137857175469e+08
7.053066621084793653e+00 2.659373898611279726e+08
7.081278887569133929e+00 3.225897563921529651e+08
7.109604003119409654e+00 2.917047120729071498e+08
7.138042419131887861e+00 3.034798051063763499e+08
7.166594588808414379e+00 2.515950572034730315e+08
7.195260967163648047e+00 2.544669100337215960e+08
7.224042011032302923e+00 2.653572802559918761e+08
7.252938179076432235e+00 2.488804578986490667e+08
7.281949931792737196e+00 2.098690611027067602e+08
7.311077731519908696e+00 2.244603736608766317e+08
7.340322042445988515e+00 1.703877925907060206e+08
7.369683330615771411e+00 1.877151798334878683e+08
7.399162063938235612e+00 1.905631356028999984e+08
7.428758712193988423e+00 1.829131745552229881e+08
7.458473747042765112e+00 1.603548678636055887e+08
7.488307642030935796e+00 1.951734100908538401e+08
7.518260872599060285e+00 2.248748155572409928e+08
7.548333916089456253e+00 2.425291873485759795e+08
7.578527251753813587e+00 2.449542033546135724e+08
7.608841360760829176e+00 2.536256264265637696e+08
7.639276726203872769e+00 3.371618789741106033e+08
7.669833833108687493e+00 9.028936032906992733e+07
7.700513168441122325e+00 1.156509292384940386e+08
7.731315221114887670e+00 1.250648774185623080e+08
7.762240481999347352e+00 1.487149749223347902e+08
7.793289443927344351e+00 1.758009250264070034e+08
7.824462601703054077e+00 1.948207874602760077e+08
7.855760452109866065e+00 2.116600224132105410e+08
7.887183493918306532e+00 2.045098456014713943e+08
7.918732227893980458e+00 1.969526422234679163e+08
7.950407156805555431e+00 2.446388989228040576e+08
7.982208785432777454e+00 2.458817666194989681e+08
8.014137620574508958e+00 2.134917206969479322e+08
8.046194171056805899e+00 2.300336041523424685e+08
8.078378947741034821e+00 2.216260436495045424e+08
8.110692463531997021e+00 2.962591286036195159e+08
8.143135233386125549e+00 2.465901272771004140e+08
8.175707774319670662e+00 2.505755577289440632e+08
8.208410605416949224e+00 2.560279165466123521e+08
8.241244247838615422e+00 2.727331670325762033e+08
8.274209224829968790e+00 3.122273034623748064e+08
8.307306061729288871e+00 2.950953009458908439e+08
8.340535285976207192e+00 3.058698622300254703e+08
8.373897427120111203e+00 2.662588998045993447e+08
8.407393016828594412e+00 3.127348136403468251e+08
8.441022588895906509e+00 3.710425210129156709e+08
8.474786679251490540e+00 3.642383918051443696e+08
8.508685825968495209e+00 3.047705787509410977e+08
8.542720569272368891e+00 3.467495531548854709e+08
8.576891451549458978e+00 4.172557868530998230e+08
8.611199017355655627e+00 3.808021007233615518e+08
8.645643813425078150e+00 3.210891507624867558e+08
8.680226388678779159e+00 3.853695191952773333e+08
8.714947294233493125e+00 4.383307442495751977e+08
8.749807083410427566e+00 4.292190247559148669e+08
8.784806311744070229e+00 3.445699068405310512e+08
8.819945536991047774e+00 3.998357460313496590e+08
8.855225319139009343e+00 4.767760879069383740e+08
8.890646220415566958e+00 4.678204064249967337e+08
8.926208805297228821e+00 3.565714044352904558e+08
8.961913640518417878e+00 3.224924426340498924e+08
8.997761295080492161e+00 4.611179687932080626e+08
9.033752340260813085e+00 4.708649975101631880e+08
9.069887349621856387e+00 4.194092549295765758e+08
9.106166899020346150e+00 4.458525983249291778e+08
9.142591566616424359e+00 4.359083909873717427e+08
9.179161932882891506e+00 4.541588591636641026e+08
9.215878580614422333e+00 3.915827055316194892e+08
9.252742094936881045e+00 5.334395182850624323e+08
9.289753063316627646e+00 3.776526884813326001e+08
9.326912075569895322e+00 3.935121022402805686e+08
9.364219723872173162e+00 4.797716111289688945e+08
9.401676602767663482e+00 5.011096352463666201e+08
9.439283309178733816e+00 4.573227963870830536e+08
9.477040442415447075e+00 3.945280197404191494e+08
9.514948604185111236e+00 4.458710173907637596e+08
9.553008398601852136e+00 4.755285455825198889e+08
9.591220432196260859e+00 5.666895426431802511e+08
9.629585313925044687e+00 4.776885183598400950e+08
9.668103655180747324e+00 4.172405802366212606e+08
9.706776069801470896e+00 4.907365438754489422e+08
9.745603174080676112e+00 5.246182578968210220e+08
9.784585586776998412e+00 6.034351114826961756e+08
9.823723929124106746e+00 5.307854905466905832e+08
9.863018824840601440e+00 4.976710522736269832e+08
9.902470900139965337e+00 4.478898643643037677e+08
9.942080783740523842e+00 5.620877173316283226e+08
9.981849106875488431e+00 6.708008612549020052e+08
1.002177650330298952e+01 6.275206924879277945e+08
1.006186360931619994e+01 4.267868530516125560e+08
1.010211106375346723e+01 4.411078088480049372e+08
1.014251950800847979e+01 5.596460526085214615e+08
1.018308958604051284e+01 5.734151152727215290e+08
1.022382194438467451e+01 5.570561147257052660e+08
1.026471723216221399e+01 4.911936554513334036e+08
1.030577610109086173e+01 4.246925437814717889e+08
1.034699920549522467e+01 9.556992376627571881e+07
1.038838720231720458e+01 9.531327922731827199e+07
1.042994075112647501e+01 1.462438327042995393e+08
1.047166051413097954e+01 1.845415920883164406e+08
1.051354715618750468e+01 1.795203024165380895e+08
1.055560134481225454e+01 2.473671699540638328e+08
1.059782375019150358e+01 2.857753333614631891e+08
1.064021504519226902e+01 2.454031201276426017e+08
1.068277590537303823e+01 1.830281741824430823e+08
1.072550700899452991e+01 9.366281613760213554e+07
1.076840903703050856e+01 1.020369309552996159e+08
1.081148267317863088e+01 1.730909297922658026e+08
1.085472860387134553e+01 2.370597878087361157e+08
1.089814751828683015e+01 2.512115362212871611e+08
1.094174010835997635e+01 2.242001643155379295e+08
1.098550706879341909e+01 2.347723337857998312e+08
1.102944909706859100e+01 2.407266094990446568e+08
1.107356689345686540e+01 3.698230503365800381e+08
1.111786116103069233e+01 3.570299310047699213e+08
1.116233260567481622e+01 4.107363289206251502e+08
1.120698193609751492e+01 3.505432806894284487e+08
1.125180986384190440e+01 2.279073146050884426e+08
1.129681710329727373e+01 4.287858521332323551e+08
1.134200437171046083e+01 4.094636828435779214e+08
1.138737238919730466e+01 3.750885148173151016e+08
1.143292187875409383e+01 4.511391687047813535e+08
1.147865356626910938e+01 3.385907833559432626e+08
1.152456818053418530e+01 2.644448033466948867e+08
1.157066645325632237e+01 3.361428511009918451e+08
1.161694911906934635e+01 3.761686801302970052e+08
1.166341691554562487e+01 3.154503843380054235e+08
1.171007058320780736e+01 1.833583846273704767e+08
1.175691086554063958e+01 2.429160197319132388e+08
1.180393850900279951e+01 2.515671425775239766e+08
1.185115426303881137e+01 3.200524306235936880e+08
1.189855888009096674e+01 3.226133591897403598e+08
1.194615311561133097e+01 3.071603783721489310e+08
1.199393772807377623e+01 2.047775719780333042e+08
1.204191347898607134e+01 2.849863897155355215e+08
1.209008113290201614e+01 1.679884779212972820e+08
1.213844145743362368e+01 2.998939253953146338e+08
1.218699522326335938e+01 3.611573762512655854e+08
1.223574320415641381e+01 2.267690644505598545e+08
1.228468617697303777e+01 1.942430764222228527e+08
1.233382492168093059e+01 2.738206618624091744e+08
1.238316022136765504e+01 1.455234618351548314e+08
1.243269286225312520e+01 2.160801188004696667e+08
1.248242363370213859e+01 2.668147547648140192e+08
1.253235332823694748e+01 1.620249752537717521e+08
1.258248274154989410e+01 1.687915694868316054e+08
1.263281267251609385e+01 2.326118941632171273e+08
1.268334392320615756e+01 1.990906372101747990e+08
1.273407729889898299e+01 1.740748001324057877e+08
1.278501360809457665e+01 2.387188307831658125e+08
1.283615366252695544e+01 1.689527222604164183e+08
1.288749827717706253e+01 1.912286784916380942e+08
1.293904827028577031e+01 1.981517128327576816e+08
1.299080446336691352e+01 2.118037745568915308e+08
1.304276768122038099e+01 1.433981869066219330e+08
1.309493875194526424e+01 2.196886218255914748e+08
1.314731850695304693e+01 1.799041251155618429e+08
1.319990778098085649e+01 2.042573639480975866e+08
1.325270741210477965e+01 1.547037498684625626e+08
1.330571824175319939e+01 1.571384309633706808e+08
1.335894111472021173e+01 1.617231325856947899e+08
1.341237687917909227e+01 1.352780210524917245e+08
1.346602638669580898e+01 1.419823809501815736e+08
1.351989049224258999e+01 1.894214343577460647e+08
1.357397005421156067e+01 1.702334561068739295e+08
1.362826593442840917e+01 1.696090305920723975e+08
1.368277899816612297e+01 1.651776314350320697e+08
1.373751011415878942e+01 1.373276739699462652e+08
1.379246015461542463e+01 1.588779632880313098e+08
1.384762999523388416e+01 1.639819887383839488e+08
1.390302051521481808e+01 1.840512719190932512e+08
1.395863259727567751e+01 1.900184393455630541e+08
1.401446712766477987e+01 1.391315840916182995e+08
1.407052499617543972e+01 1.376981143088339567e+08
1.412680709616014063e+01 1.453109140224329531e+08
1.418331432454478147e+01 1.182365627093284726e+08
1.424004758184296193e+01 1.402726646606046259e+08
1.429700777217033369e+01 1.600028459026692808e+08
1.435419580325901379e+01 1.207312937975058854e+08
1.441161258647204946e+01 1.245008193515212238e+08
1.446925903681793812e+01 1.049472851061378568e+08
1.452713607296521126e+01 1.055355466590246707e+08
1.458524461725707155e+01 1.481392673216711879e+08
1.464358559572609764e+01 1.482786107805168629e+08
1.470215993810900557e+01 1.379481227399686575e+08
1.476096857786143879e+01 1.438576665715390146e+08
1.482001245217288599e+01 1.338269334883377999e+08
1.487929250198157760e+01 1.111979686557573378e+08
1.493880967198950316e+01 1.083980075521177799e+08
1.499856491067746056e+01 1.273835549757992774e+08
1.505855917032016933e+01 1.185104429553523064e+08
1.511879340700144958e+01 1.315975985498515368e+08
1.517926858062945605e+01 1.053887659394578785e+08
1.523998565495197433e+01 1.318312017789320499e+08
1.530094559757178274e+01 1.257885980426781625e+08
1.536214937996206764e+01 1.053948937827712744e+08
1.542359797748191674e+01 1.128453808227400631e+08
1.548529236939184450e+01 1.023777952929245830e+08
1.554723353886941339e+01 8.814434213664574921e+07
1.560942247302489072e+01 8.836518999565903842e+07
1.567186016291699069e+01 9.535094318798564374e+07
1.573454760356865556e+01 7.995581438537886739e+07
1.579748579398293096e+01 7.436714999229533970e+07
1.586067573715886247e+01 8.422735203987713158e+07
1.592411844010749888e+01 8.222974088876238465e+07
1.598781491386792730e+01 6.842243047011542320e+07
1.605176617352340074e+01 9.602020176769357920e+07
1.611597323821749228e+01 8.203571246218582988e+07
1.618043713117036120e+01 9.467588009440079331e+07
1.624515887969504391e+01 7.382864709763662517e+07
1.631013951521382310e+01 8.455530802136772871e+07
1.637538007327468037e+01 9.278790266819587350e+07
1.644088159356778078e+01 9.018659557959277928e+07
1.650664511994205341e+01 8.758232985499885678e+07
1.657267170042182158e+01 7.852495506294725835e+07
1.663896238722350418e+01 6.881267827633029222e+07
1.670551823677240222e+01 7.720956596503636241e+07
1.677234030971949608e+01 8.850649275133688748e+07
1.683942967095837062e+01 7.841088876497772336e+07
1.690678738964220429e+01 6.563128454770256579e+07
1.697441453920077237e+01 7.876098991977468133e+07
1.704231219735757108e+01 9.336732579516072571e+07
1.711048144614700561e+01 6.381470965821079910e+07
1.717892337193159236e+01 7.121340267938297987e+07
1.724763906541932101e+01 7.113096431795194745e+07
1.731662962168099895e+01 7.149541897119943798e+07
1.738589614016772344e+01 5.760645508175361902e+07
1.745543972472839300e+01 7.773734411294344068e+07
1.752526148362730751e+01 6.225802477485679090e+07
1.759536252956181812e+01 6.683695222482170910e+07
1.766574397968006238e+01 6.762378798955726624e+07
1.773640695559878466e+01 6.532256249653236568e+07
1.780735258342117433e+01 7.232305486683960259e+07
1.787858199375486024e+01 7.159145012138302624e+07
1.795009632172988034e+01 5.810793266710503399e+07
1.802189670701679702e+01 6.252301081749848276e+07
1.809398429384486562e+01 6.282966747266700864e+07
1.816636023102024211e+01 4.970166120349017531e+07
1.823902567194432578e+01 5.459308482542462647e+07
1.831198177463210186e+01 5.611714521301737428e+07
1.838522970173062987e+01 6.120392778544183075e+07
1.845877062053754969e+01 6.310780252644068003e+07
1.853260570301970134e+01 5.273912958839077502e+07
1.860673612583178027e+01 4.793780612935359031e+07
1.868116307033510637e+01 5.131210793455966562e+07
1.875588772261644976e+01 5.316004178527791053e+07
1.883091127350691352e+01 6.710222165975524485e+07
1.890623491860094063e+01 5.700637288388977945e+07
1.898185985827534594e+01 4.439190210996770114e+07
1.905778729770844748e+01 5.462390088922043890e+07
1.913401844689928311e+01 5.535927766858869046e+07
1.921055452068688041e+01 4.343113968017226458e+07
1.928739673876962968e+01 3.937118523192692548e+07
1.936454632572470658e+01 4.000684741484013200e+07
1.944200451102760141e+01 3.512372910987564921e+07
1.951977252907171589e+01 4.435967767827094346e+07
1.959785161918800256e+01 3.875541687667218596e+07
1.967624302566475691e+01 4.200039537659223378e+07
1.991079942767366973e+01 3.622014881485871226e+07
2.030901541622714390e+01 3.561251580068171024e+07
2.071519572455168756e+01 3.627227651824932545e+07
2.112949963904272010e+01 2.977654767377956957e+07
2.155208963182357707e+01 2.945918974892195687e+07
2.198313142446004420e+01 2.665338318594589829e+07
2.242279405294924643e+01 2.393842289763061330e+07
2.287124993400822959e+01 2.559439480621553212e+07
2.332867493268839709e+01 2.472350946776699275e+07
2.379524843134216638e+01 1.736110244574149325e+07
2.427115339996900900e+01 2.323027216112321243e+07
2.475657646796839018e+01 1.983047411311393231e+07
2.525170799732775961e+01 1.385864863270619139e+07
2.575674215727431715e+01 1.734101379282770678e+07
2.627187700041980278e+01 1.515764454224299639e+07
2.679731454042819649e+01 1.155328064608988352e+07
2.733326083123676042e+01 1.472512057482372783e+07
2.787992604786149542e+01 1.146679166257065535e+07
2.843752456881871993e+01 8.201131802320677787e+06
2.900627506019509738e+01 1.021070850790931471e+07
2.958640056139899599e+01 9.107935691648293287e+06
3.017812857262697435e+01 8.705574036813963205e+06
3.078169114407952023e+01 6.636082794631998986e+06
3.139732496696110431e+01 8.203473845820152201e+06
3.202527146630033172e+01 6.928364067970392294e+06
3.266577689562632969e+01 6.109350672057149932e+06
3.331909243353885586e+01 5.184358037455209531e+06
3.398547428220963695e+01 5.999894482638676651e+06
3.466518376785383282e+01 4.460894802141716704e+06
3.535848744321090464e+01 3.989852953253055457e+06
3.606565719207512188e+01 3.728597454512597527e+06
3.678697033591662802e+01 3.918017085929697379e+06
3.752270974263496583e+01 3.713989028354376554e+06
3.827316393748766643e+01 4.214564465730495751e+06
3.903862721623740839e+01 2.874148934896177612e+06
3.981939976056215613e+01 2.565367204177512322e+06
4.061578775577340394e+01 2.298073798562865704e+06
4.142810351088887444e+01 3.106309018714117818e+06
4.225666558110664539e+01 2.475126179054426029e+06
4.310179889272878029e+01 1.934395156439641956e+06
4.396383487058335504e+01 1.784353103908507386e+06
4.484311156799503095e+01 1.743922623314667260e+06
4.573997379935492091e+01 1.778411370286916848e+06
4.665477327534202345e+01 1.332965248762815259e+06
4.758786874084886165e+01 1.470685824845189927e+06
4.853962611566583973e+01 1.459596427768917754e+06
4.951041863797915710e+01 1.128412907726531150e+06
5.050062701073873939e+01 1.081596141411453253e+06
5.151063955095351332e+01 9.804811200333518209e+05
5.254085234197258103e+01 1.193309099900747184e+06
5.359166938881203635e+01 1.034165569491151604e+06
5.466350277658827395e+01 9.490074847653600154e+05
5.575677283212004198e+01 7.409693700281245401e+05
5.687190828876244098e+01 6.481486527549215825e+05
5.800934645453768468e+01 6.912326415952815441e+05
5.916953338362844050e+01 6.549462108896360733e+05
6.035292405130100946e+01 6.350783387490269961e+05
6.155998253232701956e+01 6.692416906861100579e+05
6.279118218297357146e+01 4.579460068438467570e+05
6.404700582663303976e+01 4.271439733052676311e+05
6.532794594316570169e+01 4.158416607025224948e+05
6.663450486202900436e+01 3.486870536851151846e+05
6.796719495926959098e+01 4.208591579677420668e+05
6.932653885845499531e+01 4.266751875932944240e+05
7.071306963562409464e+01 3.301161292153359391e+05
7.212733102833657028e+01 2.513116925077551568e+05
7.356987764890331505e+01 3.007288115505378228e+05
7.504127520188137623e+01 2.460918105838318006e+05
7.654210070591901172e+01 2.575293680898576567e+05
7.807294272003738911e+01 2.195604214568868629e+05
7.963440157443814371e+01 2.179024807158975455e+05
8.122708960592690630e+01 1.871655344218578830e+05
8.285163139804545551e+01 1.666081263414149289e+05
8.450866402600635752e+01 1.550477858531742531e+05
8.619883730652648524e+01 1.803411097405338951e+05
8.792281405265701721e+01 1.909069057994137111e+05
8.968127033371015955e+01 1.441081504231207655e+05
9.147489574038435478e+01 1.353451804505699256e+05
9.330439365519204387e+01 1.150828452503874432e+05
9.517048152829590890e+01 9.583372932760664844e+04
9.707389115886181230e+01 1.097878682961910527e+05
9.901536898203904968e+01 8.226846043671129155e+04
