# Wavelength [um]       Fp [W/m2/m]  
1.000553076518779783e-01 5.077647008030181723e+02
1.004555288824854897e-01 1.831099058326517901e-18
1.008573509980154326e-01 7.015078656728879603e-18
1.012607804020075053e-01 9.506952738152040962e-18
1.016658235236155422e-01 3.844940490552881943e-18
1.020724868177099870e-01 4.398397752291744360e-14
1.024807767649808382e-01 1.903937800565438075e-15
1.028906998720407612e-01 3.947601935930002679e-17
1.033022626715289355e-01 1.975847246944048814e-13
1.037154717222150413e-01 2.262520572661141457e-17
1.041303336091038839e-01 1.216973179888984198e-16
1.045468549435403099e-01 3.643550313388197578e-15
1.049650423633144702e-01 1.946285191324548129e-17
1.053849025327677214e-01 6.315060347656830326e-14
1.058064421428987906e-01 9.544716775360806491e-17
1.062296679114703990e-01 1.349040563378535883e-13
1.066545865831162732e-01 1.160450422464621004e-14
1.070812049294487533e-01 1.449776404239820420e-15
1.075095297491665408e-01 1.899814757080496483e-12
1.079395678681632220e-01 2.495587749582593580e-15
1.083713261396358624e-01 2.266005986329978934e-12
1.088048114441943909e-01 8.001009985995970214e-13
1.092400306899711654e-01 2.128940593822998456e-10
1.096769908127310511e-01 1.669447477573871710e-12
1.101156987759819850e-01 1.406822585824221882e-12
1.105561615710859147e-01 1.097078474728945740e-10
1.109983862173702651e-01 4.734049546097952519e-11
1.114423797622397516e-01 1.253383920633562247e-11
1.118881492812886930e-01 1.955854148783384900e-12
1.123357018784138517e-01 1.394971045544247866e-11
1.127850446859275102e-01 1.096749052921801015e-08
1.132361848646712132e-01 1.506246282768004221e-09
1.136891296041298988e-01 1.384207379912809613e-09
1.141438861225464035e-01 1.606219957008623623e-09
1.146004616670366072e-01 1.828026488746920242e-09
1.150588635137047705e-01 1.596025804665303229e-09
1.155190989677595953e-01 1.292411035601331195e-09
1.159811753636306314e-01 2.544489343157178129e-09
1.164451000650851553e-01 9.372723139174580663e-10
1.169108804653455069e-01 1.123380690099412298e-09
1.173785239872068981e-01 9.048726051060894519e-10
1.178480380831557206e-01 6.709437088376140033e-10
1.183194302354883543e-01 1.374935077860191923e-09
1.187927079564302935e-01 1.446686834703545665e-10
1.192678787882560099e-01 1.376736512429124393e-10
1.197449503034090645e-01 8.844024231520769750e-11
1.202239301046226783e-01 7.017036230978335996e-12
1.207048258250411760e-01 3.111282530339699124e-10
1.211876451283413342e-01 5.248891995557920685e-11
1.216723957088547137e-01 3.356649895814236872e-12
1.221590852916901310e-01 2.840131267818052501e-10
1.226477216328568792e-01 2.093499969395487649e-09
1.231383125193883099e-01 7.681941583495794338e-12
1.236308657694658586e-01 4.058978177278844450e-10
1.241253892325437369e-01 3.414545893425042402e-10
1.246218907894739159e-01 5.550906645539904648e-12
1.251203783526317892e-01 2.257844826678137052e-10
1.256208598660423226e-01 7.872010821041758631e-09
1.261233433055065078e-01 4.098817074799581598e-09
1.266278366787285392e-01 2.928818577845325309e-11
1.271343480254434610e-01 1.185372959506613860e-08
1.276428854175452321e-01 2.718620101139309666e-09
1.281534569592154005e-01 3.651037780107546481e-10
1.286660707870522780e-01 5.490985819685579829e-09
1.291807350702004475e-01 1.387616523705518445e-08
1.296974580104812425e-01 1.347896204120832552e-08
1.302162478425231973e-01 6.574386310373644702e-11
1.307371128338932764e-01 9.890339837563476331e-09
1.312600612852288795e-01 8.890783725748852202e-08
1.317851015303697915e-01 4.797035423320456089e-09
1.323122419364912705e-01 8.658954535340747752e-08
1.328414909042372472e-01 2.005851898835191990e-07
1.333728568678542170e-01 7.907817133174329931e-08
1.339063482953256612e-01 7.647513874665069386e-10
1.344419736885069383e-01 9.425354040450048180e-08
1.349797415832609815e-01 2.573932950660003230e-07
1.355196605495940232e-01 1.533111481730666417e-07
1.360617391917924301e-01 3.200623757092093656e-07
1.366059861485595939e-01 4.574031771257310724e-08
1.371524100931538481e-01 1.138785355519985215e-09
1.377010197335264696e-01 1.013343224106146988e-08
1.382518238124605670e-01 2.982368432324881042e-06
1.388048311077104136e-01 6.086854058569039391e-07
1.393600504321412248e-01 1.271638870273545916e-08
1.399174906338697677e-01 7.546146089479560083e-09
1.404771605964052761e-01 2.121487315318118233e-06
1.410390692387908651e-01 1.214477536872150295e-07
1.416032255157460562e-01 6.414001035458517956e-06
1.421696384178090522e-01 2.147384120164181116e-09
1.427383169714803168e-01 8.912835657944632627e-07
1.433092702393662099e-01 5.360239469163128581e-05
1.438825073203236771e-01 4.393130753652586777e-06
1.444580373496049674e-01 4.383985216117352630e-05
1.450358694990033503e-01 3.129366195697972021e-06
1.456160129769993872e-01 7.692879928696333609e-05
1.461984770289073976e-01 1.488216406595088595e-04
1.467832709370230082e-01 1.845722166674569192e-05
1.473704040207710897e-01 1.155896431190928998e-04
1.479598856368541382e-01 3.506550609504767581e-07
1.485517251794015725e-01 4.169101376392334843e-05
1.491459320801191979e-01 9.084643666476442333e-05
1.497425158084396690e-01 1.281171764223138306e-05
1.503414858716734248e-01 2.418792619025690962e-04
1.509428518151600951e-01 2.703590208057908648e-05
1.515466232224207677e-01 4.693650969220901501e-07
1.521528097153104220e-01 4.330303556630302256e-06
1.527614209541716672e-01 2.567488940969472926e-07
1.533724666379883694e-01 4.424995278175537422e-07
1.539859565045403056e-01 4.867169773985639411e-07
1.546019003305584838e-01 1.964516121634761014e-08
1.552203079318807133e-01 1.820360344162504866e-07
1.558411891636082569e-01 1.715892220217819288e-07
1.564645539202626778e-01 1.454466590544309187e-07
1.570904121359437411e-01 2.898606969718369652e-07
1.577187737844875093e-01 1.260609436017770833e-07
1.583496488796254653e-01 3.889170273433188976e-07
1.589830474751439959e-01 8.292319805187478622e-07
1.596189796650445414e-01 3.410451967524324867e-07
1.602574555837047166e-01 4.656413664997831726e-07
1.608984854060395708e-01 8.371473968734951887e-07
1.615420793476636807e-01 6.927874010959609916e-07
1.621882476650543525e-01 1.142757242556981547e-06
1.628370006557145755e-01 1.066171095436339837e-06
1.634883486583374457e-01 1.542554647293060245e-06
1.641423020529707844e-01 2.249568671928706818e-06
1.647988712611826723e-01 2.091303273173063767e-06
1.654580667462274002e-01 1.332406088991729470e-06
1.661198990132123077e-01 3.820119715753862403e-06
1.667843786092651215e-01 3.768729697849333553e-06
1.674515161237022098e-01 6.285554144107251421e-06
1.681213221881969755e-01 1.188220718652996559e-05
1.687938074769497754e-01 1.070623766501759354e-05
1.694689827068575905e-01 2.919656535497293297e-05
1.701468586376850278e-01 2.532072824616957670e-05
1.708274460722357391e-01 2.951310835954802260e-05
1.715107558565246715e-01 3.920211496478066447e-05
1.721967988799507909e-01 3.868112497424707429e-05
1.728855860754705820e-01 5.922966384130405539e-05
1.735771284197724640e-01 5.228405740296893707e-05
1.742714369334515678e-01 5.534024758061457429e-05
1.749685226811853456e-01 1.373952023957288743e-04
1.756683967719100681e-01 9.859430126896382156e-05
1.763710703589977391e-01 2.311910532408171940e-04
1.770765546404337309e-01 2.743127242732145625e-04
1.777848608589954471e-01 1.383925259173980225e-04
1.784960003024314568e-01 4.243698517255988108e-04
1.792099843036411844e-01 3.628054005316419853e-04
1.799268242408557650e-01 4.393916717178722648e-04
1.806465315378191772e-01 9.578677263189473105e-04
1.813691176639704306e-01 3.909275962630830224e-04
1.820945941346263086e-01 8.465684298328514032e-04
1.828229725111648329e-01 1.791645906249249819e-03
1.835542644012094771e-01 5.034416017602887138e-04
1.842884814588143239e-01 1.509200796039257986e-03
1.850256353846495561e-01 3.425413877904187696e-03
1.857657379261881403e-01 1.204576115773298671e-03
1.865088008778928996e-01 4.107681597774212254e-03
1.872548360814044743e-01 3.392780010016128740e-03
1.880038554257300876e-01 1.980618943574019662e-03
1.887558708474330049e-01 6.734867043671406185e-03
1.895108943308226879e-01 4.723122742678839171e-03
1.902689379081460019e-01 3.775464732860834161e-03
1.910300136597785636e-01 1.364681176742307475e-02
1.917941337144176972e-01 7.781194926279133214e-03
1.925613102492753359e-01 1.045829879089125482e-02
1.933315554902724498e-01 2.289853385398834054e-02
1.941048817122335568e-01 1.801546721175321594e-02
1.948813012390824828e-01 1.810611220500753932e-02
1.956608264440388156e-01 4.341168142109223110e-02
1.964434697498149418e-01 2.244347573788505260e-02
1.972292436288141937e-01 3.366115979516565854e-02
1.980181606033294406e-01 5.748459729712424721e-02
1.988102332457427346e-01 4.480376869900265513e-02
1.996054741787257336e-01 4.332313753051562216e-02
2.004038960754406518e-01 5.859330942461484643e-02
2.012055116597424309e-01 6.355507900286380685e-02
2.020103337063813842e-01 7.175762447217068352e-02
2.028183750412069219e-01 9.232150184051197972e-02
2.036296485413717494e-01 7.966491037794259933e-02
2.044441671355372303e-01 7.622975239761442534e-02
2.052619438040793887e-01 1.073536738210064401e-01
2.060829915792957157e-01 1.076111366420839238e-01
2.069073235456129201e-01 1.147068580157661888e-01
2.077349528397953449e-01 1.307462140674018336e-01
2.085658926511545219e-01 1.596228452739031634e-01
2.094001562217591150e-01 1.759584608417778251e-01
2.102377568466461677e-01 1.910018287400165327e-01
2.110787078740327671e-01 1.878696362566709688e-01
2.119230227055288740e-01 2.366109478084537088e-01
2.127707147963510126e-01 2.726339479624799167e-01
2.136217976555363773e-01 3.212924328404993535e-01
2.144762848461585492e-01 2.871994961644409039e-01
2.153341899855431840e-01 3.887824381993309486e-01
2.161955267454853669e-01 4.906247657688151409e-01
2.170603088524672986e-01 5.722643229586240610e-01
2.179285500878772042e-01 5.336854441997611609e-01
2.188002642882286852e-01 6.156580052191997776e-01
2.196754653453815986e-01 8.497790138469892840e-01
2.205541672067631020e-01 8.679073905274693468e-01
2.214363838755901703e-01 1.403613355387779427e+00
2.223221294110925284e-01 1.049019733382120290e+00
2.232114179287369160e-01 2.281960350216435174e+00
2.241042636004518529e-01 1.753532182955529484e+00
2.250006806548536520e-01 3.693080396957049594e+00
2.259006833774730438e-01 2.537257751555697549e+00
2.268042861109829667e-01 3.576410635531413362e+00
2.277115032554268836e-01 4.328398684429515697e+00
2.286223492684485714e-01 4.787425212801379004e+00
2.295368386655223802e-01 9.965670729792476479e+00
2.304549860201844658e-01 4.047542766186531082e+00
2.313768059642651864e-01 9.594883482367214000e+00
2.323023131881222503e-01 8.996985759872313082e+00
2.332315224408747223e-01 1.507070002507109230e+01
2.341644485306381973e-01 1.845357727852898222e+01
2.351011063247607502e-01 8.552528356777926888e+00
2.360415107500598020e-01 2.350803477198385849e+01
2.369856767930600405e-01 1.022418797798452061e+01
2.379336195002322851e-01 3.042700674082921353e+01
2.388853539782332114e-01 2.542674345020970605e+01
2.398408953941461863e-01 7.662979295672141689e+01
2.408002589757227141e-01 8.662106643631362601e+01
2.417634600116256582e-01 3.063677861989678419e+01
2.427305138516721306e-01 1.291242784173492169e+02
2.437014359070788505e-01 9.703355868695699371e+01
2.446762416507071713e-01 3.290444753306433086e+02
2.456549466173099938e-01 1.392323360057811499e+02
2.466375664037792625e-01 2.529002944856290753e+02
2.476241166693943785e-01 3.849428139160776823e+02
2.486146131360719436e-01 8.569535720720813288e+01
2.496090715886161993e-01 3.549851620830327761e+02
2.506075078749706586e-01 2.166556437348219504e+02
2.516099379064705155e-01 4.168726065964609120e+02
2.526163776580964138e-01 1.237122705031497617e+03
2.536268431687287994e-01 2.215899223977319252e+03
2.546413505414037437e-01 3.034059901099365561e+03
2.556599159435693491e-01 1.355800264446992514e+03
2.566825556073435988e-01 1.299803801079899586e+03
2.577092858297729827e-01 1.542955332597236747e+03
2.587401229730920682e-01 1.083826935125899126e+03
2.597750834649844576e-01 2.219593135092549346e+03
2.608141837988444123e-01 1.767765747465499544e+03
2.618574405340398092e-01 4.859029304010149644e+03
2.629048702961759298e-01 9.369269234554947616e+03
2.639564897773606367e-01 9.646732672961008575e+03
2.650123157364701054e-01 9.010839184058351748e+03
2.660723649994159445e-01 7.700577494975189438e+03
2.671366544594135917e-01 7.787526407085172650e+03
2.682052010772512096e-01 1.102651816048676483e+04
2.692780218815602478e-01 8.244471050685366208e+03
2.703551339690865030e-01 1.385380776731783226e+04
2.714365545049627904e-01 1.322202647462692948e+04
2.725223007229827243e-01 1.334306161727334620e+04
2.736123899258746106e-01 1.645588158676188687e+04
2.747068394855781692e-01 2.434771475232118246e+04
2.758056668435204806e-01 2.503162205769461798e+04
2.769088895108945403e-01 4.123347335039689642e+04
2.780165250689380918e-01 3.630529792544323573e+04
2.791285911692138466e-01 4.739613347014263127e+04
2.802451055338907038e-01 4.825075600626532832e+04
2.813660859560263017e-01 5.152307558639748459e+04
2.824915502998503469e-01 5.629644706818674604e+04
2.836215165010497197e-01 7.288068523969966918e+04
2.847560025670539119e-01 7.411705368207776337e+04
2.858950265773221866e-01 1.098004741753340058e+05
2.870386066836315142e-01 1.065404709064483031e+05
2.881867611103660631e-01 1.406252412444973597e+05
2.893395081548075787e-01 1.667046142432029301e+05
2.904968661874267610e-01 1.797030357564176957e+05
2.916588536521764197e-01 2.178601636022793537e+05
2.928254890667851273e-01 2.374584394529908022e+05
2.939967910230522619e-01 2.662933184213989298e+05
2.951727781871444911e-01 3.060726606013384298e+05
2.963534692998930908e-01 3.457200544393794844e+05
2.975388831770926501e-01 3.811701699106473243e+05
2.987290387098009981e-01 4.575742272450281889e+05
2.999239548646402409e-01 4.726039578397136065e+05
3.011236506840988536e-01 5.760690194686180912e+05
3.023281452868351593e-01 5.817477636006770190e+05
3.035374578679824742e-01 6.407918729900093749e+05
3.047516076994544187e-01 7.651295447085096966e+05
3.059706141302522830e-01 8.661207298947715899e+05
3.071944965867733357e-01 1.096460744045791449e+06
3.084232745731204095e-01 1.337569449533951003e+06
3.096569676714128194e-01 1.295544276699479669e+06
3.108955955420985018e-01 1.567111655910716625e+06
3.121391779242668751e-01 1.933452366146052023e+06
3.133877346359639215e-01 2.192692510475039482e+06
3.146412855745078230e-01 2.442953624245536979e+06
3.158998507168058190e-01 2.771426779228123836e+06
3.171634501196730627e-01 3.110450490005529486e+06
3.184321039201517545e-01 2.876476321311988402e+06
3.197058323358323295e-01 2.720892348819483072e+06
3.209846556651756444e-01 3.668319930015484802e+06
3.222685942878363852e-01 3.155547162427192088e+06
3.235576686649877520e-01 4.011364336376637220e+06
3.248518993396476984e-01 4.903225975114731118e+06
3.261513069370062801e-01 5.021101844752362929e+06
3.274559121647543369e-01 4.718490413641883060e+06
3.287657358134133401e-01 2.230114786817880813e+06
3.300807987566670154e-01 4.424040065854256682e+04
3.314011219516936890e-01 1.027020649684558273e+06
3.327267264395004642e-01 5.535938525531883352e+06
3.340576333452584534e-01 8.820521135954132304e+06
3.353938638786395088e-01 1.088335949784529582e+07
3.367354393341540630e-01 1.254127070166077465e+07
3.380823810914907468e-01 1.385782943982789107e+07
3.394347106158566718e-01 1.445546905314922333e+07
3.407924494583201014e-01 1.432800395025683194e+07
3.421556192561533982e-01 1.298497790942281298e+07
3.435242417331779707e-01 8.871426894995441660e+06
3.448983387001106626e-01 6.039333865262723528e+06
3.462779320549111417e-01 1.131130405256564915e+07
3.476630437831307319e-01 1.130165005991408601e+07
3.490536959582632992e-01 1.211801376696320809e+07
3.504499107420963600e-01 1.960711716740413755e+07
3.518517103850647421e-01 2.065910246818607673e+07
3.532591172266050239e-01 2.662143768161546811e+07
3.546721536955114717e-01 3.601334831738684326e+07
3.560908423102934761e-01 2.553227768422857299e+07
3.575152056795346533e-01 2.152239874250562117e+07
3.589452665022527800e-01 3.132445986931681260e+07
3.603810475682617254e-01 3.936254757064851373e+07
3.618225717585348278e-01 3.704215571866543591e+07
3.632698620455689364e-01 4.019449542530002445e+07
3.647229414937512293e-01 4.119304770433785766e+07
3.661818332597261971e-01 5.359504040580540895e+07
3.676465605927651259e-01 3.580312419889955223e+07
3.691171468351361895e-01 3.886393147394461185e+07
3.705936154224767076e-01 3.285183889554183558e+07
3.720759898841666247e-01 3.235725024031777680e+07
3.735642938437032656e-01 3.455819008713908494e+07
3.750585510190780902e-01 3.807832276877897978e+07
3.765587852231543908e-01 5.010622057564976066e+07
3.780650203640470441e-01 7.257625780887284875e+07
3.795772804455032068e-01 6.687476192263522744e+07
3.810955895672852312e-01 7.254592509532295167e+07
3.826199719255543585e-01 5.450489484879273176e+07
3.841504518132565771e-01 6.677629043725856394e+07
3.856870536205096456e-01 5.795680849238920957e+07
3.872298018349916715e-01 6.583920524273061007e+07
3.887787210423316320e-01 6.749757079895295203e+07
3.903338359265008939e-01 7.706023918314129114e+07
3.918951712702069545e-01 8.558597228329914808e+07
3.934627519552877928e-01 1.045343678357232213e+08
3.950366029631089404e-01 1.986832911016118228e+08
3.966167493749613859e-01 2.334844304090858400e+08
3.982032163724612550e-01 2.887624416668433547e+08
3.997960292379510450e-01 3.078895383394578099e+08
4.013952133549028578e-01 3.430503243087242246e+08
4.030007942083224659e-01 3.203777815812075734e+08
4.046127973851557647e-01 6.051260934791712463e+07
4.062312485746963908e-01 3.240054289397114515e+08
4.078561735689951728e-01 4.352804107053072453e+08
4.094875982632711353e-01 4.998695547223671675e+08
4.111255486563242245e-01 5.554665488545683622e+08
4.127700508509495880e-01 5.402319032767367363e+08
4.144211310543532978e-01 5.538911869387602806e+08
4.160788155785707931e-01 6.743848365000785589e+08
4.177431308408850463e-01 6.564663624280847311e+08
4.194141033642486138e-01 6.922908635078022480e+08
4.210917597777056320e-01 5.369021733668041229e+08
4.227761268168164221e-01 7.774339378259795904e+08
4.244672313240837602e-01 8.438080708692892790e+08
4.261651002493800910e-01 8.619230524506778717e+08
4.278697606503775730e-01 8.906987412760602236e+08
4.295812396929790666e-01 9.119779982725101709e+08
4.312995646517510107e-01 9.949993767012501955e+08
4.330247629103580187e-01 1.035001789644019723e+09
4.347568619619994745e-01 1.232048681163460970e+09
4.364958894098474596e-01 1.178006476182892799e+09
4.382418729674867897e-01 7.370652575956468582e+08
4.399948404593567730e-01 1.262350376339062452e+09
4.417548198211941890e-01 1.265592125484536886e+09
4.435218391004789873e-01 1.218920965276866198e+09
4.452959264568808750e-01 1.459682571708244085e+09
4.470771101627084021e-01 1.470796778802069187e+09
4.488654186033592119e-01 1.447159331320098400e+09
4.506608802777726241e-01 2.042873172344981909e+09
4.524635237988837710e-01 2.105638603140757799e+09
4.542733778940792333e-01 2.284492758833121300e+09
4.560904714056555065e-01 2.070581137441778660e+09
4.579148332912781894e-01 2.036535170121349573e+09
4.597464926244433370e-01 2.538071414332762241e+09
4.615854785949410899e-01 2.783298260640814304e+09
4.634318205093208576e-01 2.811302796954294682e+09
4.652855477913582227e-01 2.974809153992768288e+09
4.671466899825236219e-01 3.089854200356007576e+09
4.690152767424536906e-01 3.163738015117039204e+09
4.708913378494234969e-01 3.310810512755269527e+09
4.727749032008212171e-01 3.292651000053767204e+09
4.746660028136244769e-01 3.399499567687961102e+09
4.765646668248789131e-01 3.201519108056982040e+09
4.784709254921784560e-01 1.779935145539283991e+09
4.803848091941470555e-01 2.022610432728811026e+09
4.823063484309236815e-01 2.108472846990757704e+09
4.842355738246474361e-01 2.628092591214398861e+09
4.861725161199459966e-01 3.225981315319548130e+09
4.881172061844257226e-01 3.204077518516269207e+09
4.900696750091634302e-01 3.157401850756175041e+09
4.920299537092001074e-01 3.012665416334640026e+09
4.939980735240369625e-01 2.836676371425560951e+09
4.959740658181330253e-01 2.529082837893276691e+09
4.979579620814056362e-01 2.102950885461458445e+09
4.999497939297311566e-01 1.692518680071345568e+09
5.019495931054501758e-01 1.153671917681665659e+09
5.039573914778719965e-01 9.340214247554512024e+08
5.059732210437835054e-01 7.631572731101635695e+08
5.079971139279585435e-01 7.051083188959617615e+08
5.100291023836703852e-01 6.408224889322484732e+08
5.120692187932051054e-01 5.959520847944489717e+08
5.141174956683780550e-01 5.641525638147486448e+08
5.161739656510514473e-01 5.477241108477842808e+08
5.182386615136556074e-01 5.480577125179616213e+08
5.203116161597103329e-01 5.378971262027802467e+08
5.223928626243490303e-01 6.019022984449120760e+08
5.244824340748465152e-01 5.469472968992964029e+08
5.265803638111459239e-01 5.127216636359130740e+08
5.286866852663905103e-01 4.817113537137153745e+08
5.308014320074561088e-01 4.510797568892869353e+08
5.329246377354859288e-01 4.048802434839712381e+08
5.350563362864277916e-01 3.738395097350366116e+08
5.371965616315735881e-01 3.379118122089840174e+08
5.393453478780998456e-01 3.071753933554829359e+08
5.415027292696121819e-01 2.746575042322314382e+08
5.436687401866906466e-01 2.460864742257289290e+08
5.458434151474373941e-01 2.208026405371547937e+08
5.480267888080271321e-01 1.885625218418857157e+08
5.502188959632591247e-01 1.691277297766875923e+08
5.524197715471121928e-01 1.490667760421056151e+08
5.546294506333006025e-01 1.291850961569889784e+08
5.568479684358338400e-01 1.115690028121596724e+08
5.590753603095770519e-01 9.556544906369686127e+07
5.613116617508153716e-01 7.984303921275281906e+07
5.635569083978186899e-01 6.690286648318800330e+07
5.658111360314097560e-01 5.408566872019062936e+07
5.680743805755354980e-01 4.318362572111893445e+07
5.703466780978375672e-01 3.363777693859671801e+07
5.726280648102289872e-01 2.544956369815680385e+07
5.749185770694699160e-01 1.835110672162763029e+07
5.772182513777477375e-01 1.250973872130645812e+07
5.795271243832587071e-01 7.986160813886670396e+06
5.818452328807918184e-01 4.746844738643119112e+06
5.841726138123150003e-01 2.598813971046510153e+06
5.865093042675643131e-01 6.951827865834301338e+05
5.888553414846344758e-01 4.375139870657936262e+04
5.912107628505729462e-01 2.464872407028274902e+05
5.935756059019753339e-01 2.233210983470904175e+06
5.959499083255832552e-01 6.621253797071866691e+06
5.983337079588855190e-01 1.427400927907601371e+07
6.007270427907210886e-01 2.794903946389164403e+07
6.031299509618840426e-01 5.122253449342475832e+07
6.055424707657315331e-01 8.493445149481227994e+07
6.079646406487945187e-01 1.318515802886682749e+08
6.103964992113897203e-01 1.973404846040717065e+08
6.128380852082353503e-01 2.865576118372461200e+08
6.152894375490681744e-01 4.039758105937767625e+08
6.177505952992645710e-01 5.538786073726994991e+08
6.202215976804615893e-01 7.397174010395807028e+08
6.227024840711834486e-01 9.700969261540046930e+08
6.251932940074681477e-01 1.254832082624747276e+09
6.276940671834980723e-01 1.599536898003948689e+09
6.302048434522321552e-01 2.020593355824786901e+09
6.327256628260409244e-01 2.515492479048085690e+09
6.352565654773452142e-01 3.083894466982527256e+09
6.377975917392545435e-01 3.738473057619132042e+09
6.403487821062116003e-01 4.473786037028899193e+09
6.429101772346363930e-01 5.310366221464556694e+09
6.454818179435749537e-01 6.253335706554432869e+09
6.480637452153492628e-01 7.193954068759966850e+09
6.506560001962106154e-01 8.297750596053170204e+09
6.532586241969955410e-01 9.518355090248611450e+09
6.558716586937833881e-01 1.083761629155779076e+10
6.584951453285585732e-01 1.236555714445301437e+10
6.611291259098727169e-01 1.400269673900499916e+10
6.637736424135122215e-01 1.581362383540302849e+10
6.664287369831662922e-01 1.770490310419342804e+10
6.690944519310989547e-01 1.971720519904461670e+10
6.717708297388232941e-01 2.176191528567054749e+10
6.744579130577786907e-01 2.394864329985275269e+10
6.771557447100098326e-01 2.594266768858303070e+10
6.798643676888498355e-01 2.777358120402474976e+10
6.825838251596052508e-01 2.909495511073540878e+10
6.853141604602436265e-01 2.986316887101937485e+10
6.880554171020846210e-01 2.978291561438306427e+10
6.908076387704928933e-01 2.840839660347551346e+10
6.935708693255748791e-01 2.692407376215564728e+10
6.963451528028771209e-01 2.678022987733152771e+10
6.991305334140887062e-01 2.627506155872635651e+10
7.019270555477450380e-01 2.709196421759143829e+10
7.047347637699360456e-01 2.802578197188612747e+10
7.075537028250157290e-01 2.913717268390803909e+10
7.103839176363159202e-01 3.017574129386893082e+10
7.132254533068611568e-01 3.148520663940549088e+10
7.160783551200886610e-01 3.230570497174094772e+10
7.189426685405689854e-01 3.313317338910134888e+10
7.218184392147313222e-01 3.361471175474795914e+10
7.247057129715901436e-01 3.314980463903331375e+10
7.276045358234763949e-01 3.267666772093528366e+10
7.305149539667704639e-01 3.132384335913029861e+10
7.334370137826373703e-01 2.954633790736298370e+10
7.363707618377679509e-01 2.667450258561809921e+10
7.393162448851190449e-01 2.449083225317573929e+10
7.422735098646596752e-01 2.218944537110723114e+10
7.452426039041182282e-01 2.002629105168151855e+10
7.482235743197346300e-01 1.814991198592570114e+10
7.512164686170136330e-01 1.594269368274422073e+10
7.542213344914817652e-01 1.397584163598874283e+10
7.572382198294477229e-01 1.159036204575950432e+10
7.602671727087656484e-01 8.225792490002396584e+09
7.633082413996006288e-01 3.179357742884537697e+09
7.663614743651989691e-01 2.065701996151640713e+08
7.694269202626597970e-01 2.854666732744593024e+08
7.725046279437104424e-01 2.002754826007202625e+09
7.755946464554852593e-01 5.802774291897568703e+09
7.786970250413072225e-01 1.135871126815389442e+10
7.818118131414724115e-01 1.686718293455235481e+10
7.849390603940383793e-01 2.206673261865763092e+10
7.880788166356144098e-01 2.663118969196402740e+10
7.912311319021569922e-01 3.153162218356536484e+10
7.943960564297655180e-01 3.682271865884479523e+10
7.975736406554845281e-01 4.130662908501492310e+10
8.007639352181065151e-01 4.696387169065356445e+10
8.039669909589789443e-01 5.383455521461672211e+10
8.071828589228148276e-01 6.078252651197763062e+10
8.104115903585061842e-01 6.765959044619930267e+10
8.136532367199402760e-01 7.486230615647232056e+10
8.169078496668199518e-01 7.813748892569265747e+10
8.201754810654874328e-01 7.280098245631796265e+10
8.234561829897493190e-01 9.676610572743218994e+10
8.267500077217083687e-01 1.055401369911344757e+11
8.300570077525952772e-01 1.110383009172656860e+11
8.333772357836056743e-01 1.183210031544831390e+11
8.367107447267401188e-01 1.230690710918818665e+11
8.400575877056470908e-01 1.279392503497391815e+11
8.434178180564695371e-01 1.326287535242290497e+11
8.467914893286955236e-01 1.337237444606583710e+11
8.501786552860102208e-01 1.398297847487927246e+11
8.535793699071543283e-01 1.467206498187787476e+11
8.569936873867830540e-01 1.502529755024017334e+11
8.604216621363300899e-01 1.393181524438668823e+11
8.638633487848753623e-01 9.320361648160130310e+10
8.673188021800150027e-01 1.164156582434769440e+11
8.707880773887352044e-01 9.449312421258149719e+10
8.742712296982900755e-01 1.030219372576004486e+11
8.777683146170831563e-01 1.160978850399730530e+11
8.812793878755513788e-01 1.259900673381646118e+11
8.848045054270535781e-01 1.453558317082986755e+11
8.883437234487617795e-01 1.427151068099031067e+11
8.918970983425568155e-01 1.572396988941076050e+11
8.954646867359271623e-01 1.606359113597990112e+11
8.990465454828707736e-01 1.705819794369374390e+11
9.026427316648023558e-01 1.693079801139695435e+11
9.062533025914615292e-01 1.684797338579083862e+11
9.098783158018273198e-01 1.856741284063344421e+11
9.135178290650346478e-01 1.908011505319105530e+11
9.171719003812948134e-01 1.981150981362497864e+11
9.208405879828199803e-01 2.149900324822781982e+11
9.245239503347512100e-01 2.153211733473939514e+11
9.282220461360901620e-01 1.591720034641015015e+11
9.319349343206346781e-01 1.648746830991269836e+11
9.356626740579171431e-01 1.733982995415820312e+11
9.394053247541488405e-01 1.891276646117008972e+11
9.431629460531654185e-01 1.963276979700831909e+11
9.469355978373780180e-01 2.057788561757728577e+11
9.507233402287275092e-01 2.041476204349671631e+11
9.545262335896426142e-01 2.152921673232550964e+11
9.583443385240012491e-01 2.027979234110316162e+11
9.621777158780971950e-01 2.069134361380309448e+11
9.660264267416096562e-01 2.152744664258486633e+11
9.698905324485760371e-01 2.214467736921436157e+11
9.737700945783701600e-01 2.150429156551192627e+11
9.776651749566835914e-01 2.202925346374006042e+11
9.815758356565105203e-01 2.270011298526922913e+11
9.855021389991363012e-01 2.308541483924241638e+11
9.894441475551331022e-01 2.155145888336228333e+11
9.934019241453534432e-01 1.564705055096504517e+11
9.973755318419349480e-01 1.702506774701611633e+11
1.001365033969302543e+00 1.545292177832575989e+11
1.005370494105179757e+00 1.658447511809894714e+11
1.009391976081600362e+00 1.825036106897489624e+11
1.013429543985926884e+00 1.958931341934678650e+11
1.017483262161870350e+00 2.090956823545083923e+11
1.021553195210518128e+00 2.182782881280924988e+11
1.025639407991360219e+00 2.221247780675260315e+11
1.029741965623325539e+00 2.213962008281348267e+11
1.033860933485818867e+00 2.250032114913880310e+11
1.037996377219762012e+00 2.554264076211034241e+11
1.042148362728641198e+00 2.586751195190207214e+11
1.046316956179555557e+00 2.791407531199794312e+11
1.050502224004274066e+00 2.770546330600188599e+11
1.054704232900291139e+00 2.954692699829822998e+11
1.058923049831892227e+00 2.946739111620076904e+11
1.063158742031219628e+00 3.018060406407879639e+11
1.067411376999344741e+00 2.980741976799231567e+11
1.071681022507342096e+00 3.040197489887092896e+11
1.075967746597371377e+00 3.272437042185109253e+11
1.080271617583760779e+00 3.355350268891459961e+11
1.084592704054095913e+00 3.475462369765563965e+11
1.088931074870312044e+00 3.387762022081321411e+11
1.093286799169793433e+00 3.000156153666604614e+11
1.097659946366472461e+00 2.733018133703771973e+11
1.102050586151938294e+00 2.538629271025595703e+11
1.106458788496546219e+00 2.324592755384112854e+11
1.110884623650532532e+00 2.149815233781670532e+11
1.115328162145134749e+00 2.065397474210222473e+11
1.119789474793714934e+00 2.202937652975998230e+11
1.124268632692889902e+00 2.343191148886065979e+11
1.128765707223661430e+00 2.466585372778948669e+11
1.133280770052556230e+00 1.794678262688473206e+11
1.137813893132766374e+00 2.002206190107640686e+11
1.142365148705297484e+00 2.059259990480422363e+11
1.146934609300118479e+00 2.465429568939095764e+11
1.151522347737319096e+00 2.380153006320504150e+11
1.156128437128268516e+00 2.385387293423951111e+11
1.160752950876781542e+00 2.364821786234927368e+11
1.165395962680288999e+00 2.352617902008681335e+11
1.170057546531009907e+00 1.984572374318900757e+11
1.174737776717134086e+00 2.165881277273324280e+11
1.179436727824002773e+00 1.889589275928670654e+11
1.184154474735298557e+00 2.426850528114919739e+11
1.188891092634239977e+00 2.712597127205604248e+11
1.193646657004777012e+00 2.904293416453759766e+11
1.198421243632796118e+00 2.813000262516061401e+11
1.203214928607327261e+00 2.955105493586424561e+11
1.208027788321756724e+00 3.278926092408255615e+11
1.212859899475043468e+00 3.231370372892249146e+11
1.217711339072943710e+00 3.473273625745380249e+11
1.222582184429235275e+00 3.476095976339921875e+11
1.227472513166952384e+00 3.742277019624188232e+11
1.232382403219620226e+00 3.773730514774252930e+11
1.237311932832498407e+00 3.846470166802048340e+11
1.242261180563828615e+00 3.123397468079343872e+11
1.247230225286083849e+00 3.915144691938281250e+11
1.252219146187228072e+00 3.182827263020786133e+11
1.257228022771976983e+00 4.014216226926074829e+11
1.262256934863064783e+00 4.004937319873594360e+11
1.267305962602517155e+00 4.195202622848547363e+11
1.272375186452927354e+00 4.107780532648574219e+11
1.277464687198738957e+00 4.172818576260328979e+11
1.282574545947533950e+00 4.152422372672033691e+11
1.287704844131324133e+00 3.861789793497593384e+11
1.292855663507849417e+00 3.866297127779910889e+11
1.298027086161880783e+00 3.861207664115128784e+11
1.303219194506528344e+00 3.939561811492377319e+11
1.308432071284554521e+00 3.788218868357730713e+11
1.313665799569692760e+00 3.736573940864381104e+11
1.318920462767971591e+00 3.629736511011184692e+11
1.324196144619043336e+00 3.206674988458557129e+11
1.329492929197519491e+00 2.502861976684547729e+11
1.334810900914309650e+00 1.082214015725027313e+11
1.340150144517967101e+00 7.349109604319860840e+10
1.345510745096038852e+00 5.796902016163734436e+10
1.350892788076423212e+00 5.282053589721995544e+10
1.356296359228728932e+00 4.086807472172451782e+10
1.361721544665643879e+00 4.863803362789435577e+10
1.367168430844306393e+00 5.824083387967895508e+10
1.372637104567683730e+00 5.043329879914458466e+10
1.378127652985954299e+00 6.573709150161690521e+10
1.383640163597898098e+00 6.043007042472104645e+10
1.389174724252289828e+00 6.250071398688717651e+10
1.394731423149298877e+00 5.435502685433718872e+10
1.400310348841896202e+00 5.081554042166159058e+10
1.405911590237263642e+00 5.434178735076450348e+10
1.411535236598212784e+00 4.318655489716555786e+10
1.417181377544605603e+00 4.384472518569346619e+10
1.422850103054784210e+00 4.264814205632952118e+10
1.428541503467003038e+00 4.600888270887672424e+10
1.434255669480871243e+00 4.373365911214429474e+10
1.439992692158794885e+00 4.897339501195839691e+10
1.445752662927429988e+00 5.480870218741973877e+10
1.451535673579139596e+00 6.474386824710577393e+10
1.457341816273456159e+00 7.917293438073252869e+10
1.463171183538549913e+00 7.151686979305580139e+10
1.469023868272704147e+00 6.884842068049636841e+10
1.474899963745795128e+00 7.716473838073765564e+10
1.480799563600778246e+00 8.663371716444161987e+10
1.486722761855181485e+00 8.676368250742665100e+10
1.492669652902602007e+00 9.268925622434971619e+10
1.498640331514212276e+00 9.838513508946250916e+10
1.504634892840269300e+00 1.057460626773039246e+11
1.510653432411630304e+00 1.140618134550258026e+11
1.516696046141276843e+00 1.273508414565689545e+11
1.522762830325842032e+00 1.365428075246974335e+11
1.528853881647145307e+00 1.467402575219494019e+11
1.534969297173733649e+00 1.552717073866461792e+11
1.541109174362428780e+00 1.656588957832387390e+11
1.547273611059878373e+00 1.891466067330348511e+11
1.553462705504118135e+00 1.984996914631829224e+11
1.559676556326134556e+00 2.101450509680646362e+11
1.565915262551438980e+00 2.264667436009954224e+11
1.572178923601644795e+00 2.369308907391395874e+11
1.578467639296051495e+00 2.547839050571545105e+11
1.584781509853235626e+00 2.716889338879692688e+11
1.591120635892648405e+00 2.768767028277981567e+11
1.597485118436219098e+00 2.920110930807454224e+11
1.603875058909963958e+00 3.056468028417012939e+11
1.610290559145603595e+00 3.114183225974996948e+11
1.616731721382186127e+00 3.263317668429223633e+11
1.623198648267714761e+00 3.313072861980114136e+11
1.629691442860785600e+00 3.377068458149645996e+11
1.636210208632228769e+00 3.498962654281785889e+11
1.642755049466757766e+00 3.538068070761375122e+11
1.649326069664624805e+00 3.583199212900125122e+11
1.655923373943283039e+00 3.596017887270236816e+11
1.662547067439056336e+00 3.577067088037918091e+11
1.669197255708812611e+00 3.649094882912492065e+11
1.675874044731648027e+00 3.709957751740895386e+11
1.682577540910574321e+00 3.758470364394617920e+11
1.689307851074216771e+00 3.547710475150445557e+11
1.696065082478513508e+00 3.374312180288595581e+11
1.702849342808427480e+00 3.231562116244459839e+11
1.709660740179661298e+00 2.947573526452648315e+11
1.716499383140379864e+00 2.372938911659166565e+11
1.723365380672941427e+00 2.299248888370330811e+11
1.730258842195633306e+00 1.996393778340118103e+11
1.737179877564415831e+00 1.792134318810086975e+11
1.744128597074673603e+00 1.555107313564809570e+11
1.751105111462972097e+00 1.457561006217861328e+11
1.758109531908824241e+00 1.251158370680516510e+11
1.765141970036459451e+00 1.122892402739964600e+11
1.772202537916605314e+00 9.734317748896469116e+10
1.779291348068271716e+00 8.135921479246389771e+10
1.786408513460544745e+00 7.374684110065541077e+10
1.793554147514387020e+00 6.217764602283111572e+10
1.800728364104444257e+00 6.365613177187274170e+10
1.807931277560862249e+00 5.179224852524799347e+10
1.815163002671105641e+00 6.010541211848594666e+10
1.822423654681789795e+00 5.780907107516301727e+10
1.829713349300517100e+00 5.158902069290737152e+10
1.837032202697718830e+00 5.170821752914053345e+10
1.844380331508509885e+00 4.747862791801356506e+10
1.851757852834543527e+00 4.486775695664537048e+10
1.859164884245881888e+00 3.176752534266608047e+10
1.866601543782865358e+00 3.596421656484716034e+10
1.874067949957996859e+00 4.134175429213813019e+10
1.881564221757828781e+00 5.224524037887504578e+10
1.889090478644860127e+00 5.674376112848006439e+10
1.896646840559439662e+00 6.700894704637356567e+10
1.904233427921677269e+00 6.226644587525775909e+10
1.911850361633363971e+00 7.114742888667768860e+10
1.919497763079897279e+00 6.571765838263893890e+10
1.927175754132217200e+00 6.072577067593965149e+10
1.934884457148745796e+00 5.279292912356203461e+10
1.942623994977340729e+00 4.369846371907983398e+10
1.950394490957250149e+00 5.582431828128745270e+10
1.958196068921079336e+00 4.587886242498608398e+10
1.966028853196763793e+00 5.295678658397037506e+10
1.973892968609550991e+00 5.245271493016220856e+10
1.981788540483989447e+00 5.290675916424003601e+10
1.989715694645925126e+00 5.549603839938094330e+10
1.997674557424508723e+00 6.055791047925445557e+10
2.005665255654207169e+00 6.307993484389077759e+10
2.013687916676823786e+00 6.706939526214438629e+10
2.021742668343530891e+00 8.053521392218106079e+10
2.029829639016905052e+00 7.795245763773071289e+10
2.037948957572972564e+00 8.753447229869548035e+10
2.046100753403264694e+00 9.533755175603253174e+10
2.054285156416877811e+00 1.046444248948345642e+11
2.062502297042545507e+00 1.108874723290513153e+11
2.070752306230715600e+00 1.223672162490881195e+11
2.079035315455638244e+00 1.257000409189370575e+11
2.087351456717461140e+00 1.336596947722360840e+11
2.095700862544330967e+00 1.427313228637904053e+11
2.104083665994508134e+00 1.546425296517642517e+11
2.112500000658485977e+00 1.621154077737941895e+11
2.120950000661120161e+00 1.654632216772719116e+11
2.129433800663764753e+00 1.707161992474459229e+11
2.137951535866419839e+00 1.791424561776192322e+11
2.146503342009885351e+00 1.898071422258014832e+11
2.155089355377924676e+00 1.889163226117387085e+11
2.163709712799436691e+00 1.923375590212598877e+11
2.172364551650634468e+00 1.969967905895195923e+11
2.181054009857236853e+00 1.941851250654005737e+11
2.189778225896665376e+00 1.929886704516354065e+11
2.198537338800252705e+00 1.903281433558544006e+11
2.207331488155453325e+00 1.883508095673315125e+11
2.216160814108075083e+00 1.871575449728571167e+11
2.225025457364507631e+00 1.859748284105431519e+11
2.233925559193965515e+00 1.858876588601375122e+11
2.242861261430741493e+00 1.810549128228914185e+11
2.251832706476463830e+00 1.773773933146551514e+11
2.260840037302370042e+00 1.747432585302786255e+11
2.269883397451579299e+00 1.676456032273042603e+11
2.278962931041386142e+00 1.690532396969209290e+11
2.288078782765551100e+00 1.678862226256207581e+11
2.297231097896613505e+00 1.302259961579528809e+11
2.306420022288200311e+00 1.447503303735980530e+11
2.315645702377353121e+00 1.386437189213303223e+11
2.324908285186861878e+00 1.204460614052283936e+11
2.334207918327609654e+00 1.278313061568996582e+11
2.343544750000919663e+00 1.215749869177103119e+11
2.352918929000923143e+00 1.163291497702487793e+11
2.362330604716927240e+00 1.126841774816288452e+11
2.371779927135795329e+00 1.075130781397344360e+11
2.381267046844337987e+00 9.530859392511770630e+10
2.390792115031715070e+00 9.978183938848371887e+10
2.400355283491842240e+00 9.239417124831861877e+10
2.409956704625809465e+00 7.815417522936532593e+10
2.419596531444312859e+00 7.001988721450221252e+10
2.429274917570089620e+00 6.307390032815461731e+10
2.438992017240370291e+00 5.482809503807603455e+10
2.448747985309331465e+00 4.421075494440449524e+10
2.458542977250568917e+00 4.692059478225685120e+10
2.468377149159570738e+00 3.996698810798956299e+10
2.478250657756209563e+00 3.006580991154820633e+10
2.488163660387234355e+00 3.129078331960141754e+10
2.498116315028783063e+00 2.984701909579594421e+10
2.508108780288898387e+00 2.080871742424461365e+10
2.518141215410053757e+00 2.022979266079069138e+10
2.528213780271693967e+00 1.697762075890859604e+10
2.538326635392781139e+00 1.658646836863260078e+10
2.548479941934351789e+00 1.431593155553452682e+10
2.558673861702089436e+00 1.605874889458191872e+10
2.568908557148898097e+00 1.623531353194894981e+10
2.579184191377493551e+00 1.562988364667723083e+10
2.589500928143003478e+00 1.584791884078858566e+10
2.599858931855575594e+00 1.744225067504784393e+10
2.610258367582998229e+00 2.081110324634423828e+10
2.620699401053329769e+00 2.039564799213590240e+10
2.631182198657543214e+00 1.986017730314520645e+10
2.641706927452173392e+00 2.444222821110988235e+10
2.652273755161981938e+00 2.371858699118027496e+10
2.662882850182629824e+00 2.132463996479734421e+10
2.673534381583360542e+00 1.307926589687110329e+10
2.684228519109693956e+00 1.230414562971029472e+10
2.694965433186132575e+00 1.341866444745682526e+10
2.705745294918877164e+00 1.288609848196425629e+10
2.716568276098552559e+00 1.322129469442222977e+10
2.727434549202946812e+00 1.623328243927349281e+10
2.738344287399758326e+00 1.424569996986329651e+10
2.749297664549357201e+00 1.844470334850751495e+10
2.760294855207554576e+00 1.560872772085839081e+10
2.771336034628385292e+00 1.498112185824540710e+10
2.782421378766898545e+00 1.255683316930426788e+10
2.793551064281966312e+00 1.677504825414970589e+10
2.804725268539093985e+00 1.295960630660331154e+10
2.815944169613250558e+00 1.435134806545050240e+10
2.827207946291703244e+00 1.904410563834512329e+10
2.838516778076869862e+00 1.373311616896502495e+10
2.849870845189177437e+00 1.440283580951463318e+10
2.861270328569933685e+00 1.713028607438809204e+10
2.872715409884213589e+00 1.620126475664465523e+10
2.884206271523750420e+00 1.648233624676685143e+10
2.895743096609845413e+00 1.744303590605428696e+10
2.907326068996284985e+00 1.637058074452902031e+10
2.918955373272270393e+00 1.764038835036818695e+10
2.930631194765359826e+00 1.964304695686808395e+10
2.942353719544420709e+00 1.906086709373439789e+10
2.954123134422598440e+00 1.922660947616859818e+10
2.965939626960289122e+00 1.935365021322825623e+10
2.977803385468130504e+00 2.109215370926630402e+10
2.989714599010003138e+00 2.167482249084852600e+10
3.001673457406043077e+00 2.206278087396830750e+10
3.013680151235667015e+00 2.407179929001570892e+10
3.025734871840609408e+00 2.263971511894905090e+10
3.037837811327972037e+00 2.620485781362417984e+10
3.049989162573283785e+00 2.273571145773507690e+10
3.062189119223576395e+00 2.805045835798525620e+10
3.074437875700470890e+00 2.759543966212067032e+10
3.086735627203272880e+00 2.777313469974818420e+10
3.099082569712085622e+00 3.039796739006161499e+10
3.111478899990933744e+00 2.759377230869448090e+10
3.123924815590897186e+00 3.185380256574055862e+10
3.136420514853261121e+00 2.924828322646741486e+10
3.148966196912674320e+00 2.991409978135044861e+10
3.161562061700325277e+00 3.099192961619274521e+10
3.174208309947126327e+00 2.885256822072528839e+10
3.186905143186915090e+00 3.333875664072388458e+10
3.199652763759662566e+00 2.619981469655013275e+10
3.212451374814701222e+00 3.259818036523556900e+10
3.225301180313960625e+00 3.319372123060331726e+10
3.238202385035215958e+00 3.310468092350257492e+10
3.251155194575356955e+00 3.861939344266120148e+10
3.264159815353658622e+00 3.835321182903730011e+10
3.277216454615073271e+00 3.754099274970320129e+10
3.290325320433533207e+00 4.056819005669008636e+10
3.303486621715267635e+00 3.643809693319759369e+10
3.316700568202128441e+00 2.752369014496415710e+10
3.329967370474937294e+00 2.377471229825252914e+10
3.343287239956836743e+00 2.750248439381948471e+10
3.356660388916663962e+00 3.386311179698450470e+10
3.370087030472330714e+00 4.034102157288283539e+10
3.383567378594220187e+00 3.822835656973486328e+10
3.397101648108596716e+00 3.974314115741610718e+10
3.410690054701031482e+00 3.802381954686525726e+10
3.424332814919834878e+00 3.891017332498239136e+10
3.438030146179514634e+00 3.896321510667090607e+10
3.451782266764232610e+00 3.976597227834460449e+10
3.465589395831289998e+00 4.244537759010425568e+10
3.479451753414614767e+00 4.141070286425135040e+10
3.493369560428273068e+00 3.842845290893988037e+10
3.507343038669985980e+00 4.726734421970465851e+10
3.521372410824665788e+00 4.438606782357480621e+10
3.535457900467964709e+00 4.563336255170552063e+10
3.549599732069836477e+00 4.590191164642708588e+10
3.563798130998116154e+00 4.761390879239610291e+10
3.578053323522108364e+00 4.853137930352914429e+10
3.592365536816196858e+00 5.230824358127301788e+10
3.606734998963461614e+00 5.187952314004124451e+10
3.621161938959315041e+00 5.206894330851196289e+10
3.635646586715152839e+00 5.381353128825083923e+10
3.650189173062013293e+00 5.513272356492084503e+10
3.664789929754260545e+00 5.559538140726121521e+10
3.679449089473277645e+00 5.466404466281466675e+10
3.694166885831170699e+00 5.671551857783133698e+10
3.708943553374495661e+00 5.883173176066117859e+10
3.723779327587993571e+00 6.138784447072393799e+10
3.738674444898345328e+00 5.526721733107747650e+10
3.753629142677938901e+00 6.002014888896823120e+10
3.768643659248651190e+00 5.935720845460086060e+10
3.783718233885645432e+00 6.216335588414562225e+10
3.798853106821188153e+00 6.173947939855354309e+10
3.814048519248473657e+00 5.984855339746726227e+10
3.829304713325467180e+00 5.750842915512274170e+10
3.844621932178768908e+00 6.155798787926805878e+10
3.860000419907484215e+00 6.252891273500891113e+10
3.875440421587113882e+00 6.167390452264220428e+10
3.890942183273462529e+00 5.923806126788694763e+10
3.906505952006555926e+00 6.008143627929006195e+10
3.922131975814582727e+00 6.081141722282421875e+10
3.937820503717840648e+00 5.838594953858230591e+10
3.953571785732711508e+00 5.742030327909307861e+10
3.969386072875642490e+00 5.465143275189599609e+10
3.985263617167145167e+00 5.175319255857438660e+10
4.001204671635814059e+00 4.971156058162178802e+10
4.017209490322357190e+00 4.901327696932013702e+10
4.033278328283646630e+00 4.528188917544869995e+10
4.049411441596781458e+00 4.392193358855284882e+10
4.065609087363168506e+00 4.146741991689077759e+10
4.081871523712622185e+00 3.515140153706578827e+10
4.098199009807472315e+00 3.663973748997289276e+10
4.114591805846702144e+00 3.402830064322458649e+10
4.131050173070089038e+00 3.165005047036550140e+10
4.147574373762369149e+00 3.341378850778136826e+10
4.164164671257418959e+00 2.786323467642096710e+10
4.180821329942449260e+00 2.780040699304631805e+10
4.197544615262219558e+00 2.583468898157989502e+10
4.214334793723269357e+00 2.127606674344638062e+10
4.231192132898162761e+00 2.162385170232092285e+10
4.248116901429755288e+00 1.698622727242094040e+10
4.265109369035473996e+00 1.820485038960934067e+10
4.282169806511615384e+00 1.697021965680645180e+10
4.299298485737661935e+00 1.500406090407803917e+10
4.316495679680612874e+00 1.482600049669252777e+10
4.333761662399335357e+00 1.525084418810888100e+10
4.351096709048932532e+00 1.521898458168771553e+10
4.368501095885127583e+00 1.566892440499480247e+10
4.385975100268668214e+00 1.508835851311227989e+10
4.403519000669743555e+00 1.458472609821974754e+10
4.421133076672422391e+00 1.486579989010547447e+10
4.438817608979111817e+00 1.346768306402565765e+10
4.456572879415028332e+00 1.467667164197596169e+10
4.474399170932688463e+00 1.304048033363016891e+10
4.492296767616419828e+00 1.365447342938029289e+10
4.510265954686884626e+00 1.369481297657324028e+10
4.528307018505633330e+00 1.227192515284690285e+10
4.546420246579655711e+00 1.337469023673813057e+10
4.564605927565974497e+00 1.228215080966076469e+10
4.582864351276237258e+00 1.344971863086595345e+10
4.601195808681342925e+00 1.328743835357350349e+10
4.619600591916067422e+00 1.238086012611657715e+10
4.638078994283731937e+00 1.298196703312148285e+10
4.656631310260867629e+00 1.327641278147064400e+10
4.675257835501911430e+00 1.234669654911992073e+10
4.693958866843916944e+00 1.479830394494053268e+10
4.712734702311292878e+00 1.214901218289006615e+10
4.731585641120538810e+00 1.218658110621169662e+10
4.750511983685020923e+00 1.289170497093239021e+10
4.769514031619761063e+00 1.113780691446651649e+10
4.788592087746240011e+00 1.054990630869822121e+10
4.807746456097224730e+00 1.200393658686310005e+10
4.826977441921613377e+00 1.153625992371797371e+10
4.846285351689299858e+00 1.078190067635692787e+10
4.865670493096057925e+00 1.119849180831012917e+10
4.885133175068442135e+00 1.071858916660528755e+10
4.904673707768715474e+00 1.075356976634446907e+10
4.924292402599791174e+00 1.058760121691553116e+10
4.943989572210189642e+00 1.084988353426204681e+10
4.963765530499030021e+00 9.586117785093103409e+09
4.983620592621027079e+00 1.167727111810798264e+10
5.003555074991511198e+00 1.102563630808164787e+10
5.023569295291476777e+00 9.676193909722509384e+09
5.043663572472643075e+00 1.140630525623867607e+10
5.063838226762532813e+00 1.131913933468585587e+10
5.084093579669583640e+00 1.012196564091073036e+10
5.104429953988261381e+00 1.054408629143588638e+10
5.124847673804215020e+00 1.091941173099867249e+10
5.145347064499431688e+00 8.768064496879188538e+09
5.165928452757428957e+00 8.827664060288871765e+09
5.186592166568458673e+00 1.078966403076452065e+10
5.207338535234733001e+00 8.152371342912065506e+09
5.228167889375671784e+00 9.593751890617637634e+09
5.249080560933174766e+00 9.025867267015357971e+09
5.270076883176907145e+00 8.556713368021525383e+09
5.291157190709615321e+00 8.552695950273135185e+09
5.312321819472453299e+00 8.750258387232761383e+09
5.333571106750343738e+00 9.498227634384569168e+09
5.354905391177344320e+00 7.162350226600191116e+09
5.376325012742054099e+00 7.508821530286564827e+09
5.397830312793021612e+00 7.691608987068624496e+09
5.419421634044193858e+00 5.513093551334771156e+09
5.441099320580370602e+00 7.761651141475933075e+09
5.462863717862692425e+00 6.915734778873966217e+09
5.484715172734142996e+00 7.293616409746994972e+09
5.506654033425078865e+00 7.059491034172359467e+09
5.528680649558780580e+00 6.091239781448932648e+09
5.550795372157015350e+00 6.080362904039228439e+09
5.572998553645643227e+00 5.812979043425919533e+09
5.595290547860225949e+00 6.756495921482012749e+09
5.617671710051667766e+00 6.326846442167995453e+09
5.640142396891874021e+00 6.448211908071072578e+09
5.662702966479441713e+00 6.267983028403059006e+09
5.685353778345359821e+00 5.441041904389451027e+09
5.708095193458740724e+00 5.467320765988329887e+09
5.730927574232576482e+00 5.230328830630912781e+09
5.753851284529505783e+00 6.040421854644015312e+09
5.776866689667624399e+00 5.038648901898185730e+09
5.799974156426294769e+00 6.082782494753406525e+09
5.823174053051999977e+00 4.587992523738481522e+09
5.846466749264207508e+00 5.501669231543218613e+09
5.869852616261264977e+00 4.838536283028322220e+09
5.893332026726310069e+00 4.656118305423051834e+09
5.916905354833215114e+00 5.837494955780432701e+09
5.940572976252548543e+00 4.401207980440460205e+09
5.964335268157558545e+00 5.605082462604225159e+09
5.988192609230189589e+00 5.607974818766387939e+09
6.012145379667110490e+00 6.045413374362947464e+09
6.036193961185778889e+00 5.061496108330040932e+09
6.060338737030522616e+00 4.727000872505925179e+09
6.084580091978644134e+00 6.241551909286942482e+09
6.108918412346558746e+00 5.213043445437237740e+09
6.133354085995945226e+00 7.664492378174549103e+09
6.157887502339929320e+00 5.319178241475339890e+09
6.182519052349287669e+00 5.749151269944394112e+09
6.207249128558685491e+00 6.189358296805432320e+09
6.232078125072920471e+00 6.278330898020291328e+09
6.257006437573212843e+00 6.412570088475419998e+09
6.282034463323505236e+00 6.692340657971093178e+09
6.307162601176800720e+00 6.613257644285950661e+09
6.332391251581507063e+00 6.516912124003022194e+09
6.357720816587833390e+00 6.190488647596811295e+09
6.383151699854184180e+00 5.264562115954193115e+09
6.408684306653601226e+00 4.160163467549482346e+09
6.434319043880215361e+00 4.537078589734973907e+09
6.460056320055736379e+00 4.026618967822616100e+09
6.485896545335958052e+00 3.043492784281134605e+09
6.511840131517302233e+00 3.326087323728377819e+09
6.537887492043371829e+00 3.531371370618617058e+09
6.564039042011545533e+00 3.009825409681003094e+09
6.590295198179591196e+00 2.772634396943030834e+09
6.616656378972309405e+00 2.834432381084380150e+09
6.643123004488199257e+00 2.906356193977440834e+09
6.669695496506150789e+00 3.162136869530769348e+09
6.696374278492176479e+00 3.333808805429038048e+09
6.723159775606144528e+00 2.949144214351274967e+09
6.750052414708568094e+00 3.578855819269671917e+09
6.777052624367403411e+00 3.010851281692389011e+09
6.804160834864871887e+00 2.955896628478329182e+09
6.831377478204331055e+00 2.799014376826819420e+09
6.858702988117148180e+00 2.756285447617043495e+09
6.886137800069615622e+00 3.407806021271110535e+09
6.913682351269895499e+00 3.409949809584191799e+09
6.941337080674975013e+00 3.476585814568630695e+09
6.969102428997675069e+00 3.043710416909977913e+09
6.996978838713665994e+00 3.330308610085172653e+09
7.024966754068519670e+00 3.093916286615075588e+09
7.053066621084793653e+00 2.789308927184980392e+09
7.081278887569133929e+00 3.068637414856910706e+09
7.109604003119409654e+00 2.897109975430006027e+09
7.138042419131887861e+00 3.149767373844868660e+09
7.166594588808414379e+00 2.946176299189448357e+09
7.195260967163648047e+00 3.121441140916693687e+09
7.224042011032302923e+00 2.960977957661054134e+09
7.252938179076432235e+00 2.995562142807742119e+09
7.281949931792737196e+00 2.812661656051846504e+09
7.311077731519908696e+00 3.304901947392557621e+09
7.340322042445988515e+00 2.611257767531117916e+09
7.369683330615771411e+00 2.760290084074558735e+09
7.399162063938235612e+00 3.054803270599202156e+09
7.428758712193988423e+00 2.727213530281374931e+09
7.458473747042765112e+00 2.594960629235829830e+09
7.488307642030935796e+00 2.724576496730056763e+09
7.518260872599060285e+00 3.051288060273236752e+09
7.548333916089456253e+00 2.757128660453567982e+09
7.578527251753813587e+00 2.492716872144195557e+09
7.608841360760829176e+00 2.278710570950457573e+09
7.639276726203872769e+00 2.980278116460741520e+09
7.669833833108687493e+00 2.603785038170320511e+09
7.700513168441122325e+00 2.529456267032605171e+09
7.731315221114887670e+00 2.405361542334616184e+09
7.762240481999347352e+00 2.300524793820330620e+09
7.793289443927344351e+00 2.580195262257417202e+09
7.824462601703054077e+00 2.683228478301026344e+09
7.855760452109866065e+00 2.553428565862069130e+09
7.887183493918306532e+00 2.059463239228125095e+09
7.918732227893980458e+00 2.494474646680344105e+09
7.950407156805555431e+00 2.507278313705880642e+09
7.982208785432777454e+00 2.632604661950260162e+09
8.014137620574508958e+00 2.594178427104492664e+09
8.046194171056805899e+00 2.234619457119876862e+09
8.078378947741034821e+00 2.642819065712265015e+09
8.110692463531997021e+00 2.425714304478774548e+09
8.143135233386125549e+00 2.467269360861696243e+09
8.175707774319670662e+00 2.329962270320076466e+09
8.208410605416949224e+00 2.323339194252622128e+09
8.241244247838615422e+00 2.425141204264923096e+09
8.274209224829968790e+00 2.396501861340378284e+09
8.307306061729288871e+00 2.645876948320024014e+09
8.340535285976207192e+00 2.210198343931333542e+09
8.373897427120111203e+00 2.283229063037663460e+09
8.407393016828594412e+00 2.806069843409448624e+09
8.441022588895906509e+00 2.256310153983653069e+09
8.474786679251490540e+00 2.628131356484980583e+09
8.508685825968495209e+00 2.261459893324383736e+09
8.542720569272368891e+00 2.478862656257280350e+09
8.576891451549458978e+00 2.428732870677423954e+09
8.611199017355655627e+00 2.572589551699199677e+09
8.645643813425078150e+00 2.541330038449471474e+09
8.680226388678779159e+00 2.381771150128831863e+09
8.714947294233493125e+00 2.481078605159627914e+09
8.749807083410427566e+00 2.277435489303040981e+09
8.784806311744070229e+00 2.407173507768536568e+09
8.819945536991047774e+00 2.324158212449144363e+09
8.855225319139009343e+00 2.396608207362120628e+09
8.890646220415566958e+00 2.566504215878161907e+09
8.926208805297228821e+00 2.420235870403995514e+09
8.961913640518417878e+00 2.197615738793304920e+09
8.997761295080492161e+00 2.365834300288664341e+09
9.033752340260813085e+00 2.234985796968547344e+09
9.069887349621856387e+00 2.355060297528828144e+09
9.106166899020346150e+00 2.287985061368316650e+09
9.142591566616424359e+00 2.385338723206065655e+09
9.179161932882891506e+00 2.333145111777081966e+09
9.215878580614422333e+00 2.352144584205185413e+09
9.252742094936881045e+00 2.242054190318578720e+09
9.289753063316627646e+00 2.199821126717989922e+09
9.326912075569895322e+00 2.269059302371026993e+09
9.364219723872173162e+00 2.358273865841104984e+09
9.401676602767663482e+00 2.112757033748704672e+09
9.439283309178733816e+00 1.977721232158676624e+09
9.477040442415447075e+00 2.088696587383950233e+09
9.514948604185111236e+00 2.121182425989901781e+09
9.553008398601852136e+00 2.359808072805136681e+09
9.591220432196260859e+00 2.026949453779916763e+09
9.629585313925044687e+00 2.049190410133036137e+09
9.668103655180747324e+00 2.070083308358663797e+09
9.706776069801470896e+00 2.070431788913190365e+09
9.745603174080676112e+00 2.173971178213809013e+09
9.784585586776998412e+00 2.306077175353019714e+09
9.823723929124106746e+00 1.829776367556141138e+09
9.863018824840601440e+00 2.060668301121339083e+09
9.902470900139965337e+00 1.521318825923497677e+09
9.942080783740523842e+00 2.008370150171829462e+09
9.981849106875488431e+00 1.961261232122517347e+09
1.002177650330298952e+01 1.917047981455597878e+09
1.006186360931619994e+01 1.839915865529882908e+09
1.010211106375346723e+01 1.754530649110459089e+09
1.014251950800847979e+01 1.959813672617474794e+09
1.018308958604051284e+01 1.938595747295186758e+09
1.022382194438467451e+01 1.824360491934100628e+09
1.026471723216221399e+01 1.723180128233830452e+09
1.030577610109086173e+01 1.656859849136611938e+09
1.034699920549522467e+01 1.529536488340563297e+09
1.038838720231720458e+01 1.453771787088863134e+09
1.042994075112647501e+01 1.418392103121470213e+09
1.047166051413097954e+01 1.434189982190757036e+09
1.051354715618750468e+01 1.663055745551733494e+09
1.055560134481225454e+01 1.554811313665006876e+09
1.059782375019150358e+01 1.444809435460594416e+09
1.064021504519226902e+01 1.504906431914532423e+09
1.068277590537303823e+01 1.642082953332573414e+09
1.072550700899452991e+01 1.474854014637917519e+09
1.076840903703050856e+01 1.414696659519096851e+09
1.081148267317863088e+01 1.596445215721513033e+09
1.085472860387134553e+01 1.428997532750257969e+09
1.089814751828683015e+01 1.327651872641294718e+09
1.094174010835997635e+01 1.327071683887300014e+09
1.098550706879341909e+01 1.061314060475994110e+09
1.102944909706859100e+01 1.105310849438667297e+09
1.107356689345686540e+01 1.246291565274821997e+09
1.111786116103069233e+01 1.332277738954909801e+09
1.116233260567481622e+01 1.219752701339190960e+09
1.120698193609751492e+01 1.257167329659155130e+09
1.125180986384190440e+01 1.154721517388510942e+09
1.129681710329727373e+01 1.219362951320030451e+09
1.134200437171046083e+01 1.157632158906452894e+09
1.138737238919730466e+01 1.232033440193006516e+09
1.143292187875409383e+01 1.209413804877379894e+09
1.147865356626910938e+01 1.139454826346805811e+09
1.152456818053418530e+01 1.145413558236027002e+09
1.157066645325632237e+01 9.884601099200259447e+08
1.161694911906934635e+01 9.884593136886837482e+08
1.166341691554562487e+01 1.026872326338252902e+09
1.171007058320780736e+01 8.927115009849132299e+08
1.175691086554063958e+01 8.179181412193850279e+08
1.180393850900279951e+01 9.642566699987678528e+08
1.185115426303881137e+01 9.755150478249368668e+08
1.189855888009096674e+01 8.902241580977456570e+08
1.194615311561133097e+01 9.505774302503882647e+08
1.199393772807377623e+01 9.448271563437312841e+08
1.204191347898607134e+01 9.498308736258341074e+08
1.209008113290201614e+01 7.966314919947986603e+08
1.213844145743362368e+01 8.582495186596364975e+08
1.218699522326335938e+01 9.555872856690806150e+08
1.223574320415641381e+01 8.314243963261647224e+08
1.228468617697303777e+01 7.786103751146162748e+08
1.233382492168093059e+01 8.334892489834865332e+08
1.238316022136765504e+01 6.900285134745339155e+08
1.243269286225312520e+01 6.653467246106526852e+08
1.248242363370213859e+01 7.701183932262337208e+08
1.253235332823694748e+01 6.461756425495346785e+08
1.258248274154989410e+01 6.798983171664829254e+08
1.263281267251609385e+01 7.039831345600359440e+08
1.268334392320615756e+01 7.267770203296184540e+08
1.273407729889898299e+01 6.853307638143595457e+08
1.278501360809457665e+01 6.624255919570950270e+08
1.283615366252695544e+01 6.382712334459302425e+08
1.288749827717706253e+01 7.036411554651391506e+08
1.293904827028577031e+01 6.282776459734182358e+08
1.299080446336691352e+01 6.623037491065768003e+08
1.304276768122038099e+01 5.835320677439601421e+08
1.309493875194526424e+01 6.409428697987951040e+08
1.314731850695304693e+01 5.689434984687486887e+08
1.319990778098085649e+01 6.257617750770474672e+08
1.325270741210477965e+01 5.132568315676294565e+08
1.330571824175319939e+01 4.904057682076649070e+08
1.335894111472021173e+01 5.884563307869120836e+08
1.341237687917909227e+01 5.274950427576016188e+08
1.346602638669580898e+01 4.531781206670390964e+08
1.351989049224258999e+01 5.263506535313927531e+08
1.357397005421156067e+01 5.170975318209635615e+08
1.362826593442840917e+01 5.020568085714917183e+08
1.368277899816612297e+01 4.896761423044725657e+08
1.373751011415878942e+01 4.648466866257241368e+08
1.379246015461542463e+01 5.095613391629452705e+08
1.384762999523388416e+01 4.229227678436362147e+08
1.390302051521481808e+01 4.767582036047315001e+08
1.395863259727567751e+01 4.805161469229698181e+08
1.401446712766477987e+01 4.040868163739104867e+08
1.407052499617543972e+01 4.880722485458564758e+08
1.412680709616014063e+01 4.259278320596964359e+08
1.418331432454478147e+01 3.700546029856043458e+08
1.424004758184296193e+01 4.005210119358499050e+08
1.429700777217033369e+01 4.552427968286324739e+08
1.435419580325901379e+01 3.673844093595001698e+08
1.441161258647204946e+01 3.552169601350080371e+08
1.446925903681793812e+01 3.555191021497091055e+08
1.452713607296521126e+01 3.383691563264707327e+08
1.458524461725707155e+01 3.814941900508174300e+08
1.464358559572609764e+01 3.646684998119809628e+08
1.470215993810900557e+01 3.590856007066166401e+08
1.476096857786143879e+01 3.871505374790623188e+08
1.482001245217288599e+01 3.350687087485839128e+08
1.487929250198157760e+01 3.019081768964123130e+08
1.493880967198950316e+01 3.089117137646661401e+08
1.499856491067746056e+01 3.190723142723712921e+08
1.505855917032016933e+01 3.263977376746413112e+08
1.511879340700144958e+01 3.222159723456101418e+08
1.517926858062945605e+01 2.914848844684035778e+08
1.523998565495197433e+01 3.415211272872560024e+08
1.530094559757178274e+01 3.271097028799510598e+08
1.536214937996206764e+01 2.954611412762503028e+08
1.542359797748191674e+01 2.823494395623737574e+08
1.548529236939184450e+01 2.871826596013944745e+08
1.554723353886941339e+01 2.540339588180802763e+08
1.560942247302489072e+01 2.683537457655905783e+08
1.567186016291699069e+01 2.843402175681177974e+08
1.573454760356865556e+01 2.356945061866868436e+08
1.579748579398293096e+01 2.575776807034721673e+08
1.586067573715886247e+01 2.671884874732463360e+08
1.592411844010749888e+01 3.010866211616106033e+08
1.598781491386792730e+01 2.126013772794097960e+08
1.605176617352340074e+01 2.533520422953962386e+08
1.611597323821749228e+01 2.267513762213738859e+08
1.618043713117036120e+01 2.608239206581103504e+08
1.624515887969504391e+01 2.093963684376236200e+08
1.631013951521382310e+01 2.334499403466238081e+08
1.637538007327468037e+01 2.367102093799697757e+08
1.644088159356778078e+01 2.227349918883422315e+08
1.650664511994205341e+01 2.130263507456366122e+08
1.657267170042182158e+01 2.142833146967876554e+08
1.663896238722350418e+01 1.798268608308038414e+08
1.670551823677240222e+01 2.057014869529267251e+08
1.677234030971949608e+01 2.332405374525040984e+08
1.683942967095837062e+01 2.159026573254603446e+08
1.690678738964220429e+01 1.884641539059756398e+08
1.697441453920077237e+01 1.926501516855954528e+08
1.704231219735757108e+01 2.236250784637816548e+08
1.711048144614700561e+01 1.622973846486782134e+08
1.717892337193159236e+01 1.942839052529272139e+08
1.724763906541932101e+01 1.751068015163004994e+08
1.731662962168099895e+01 1.771890485037159920e+08
1.738589614016772344e+01 1.482934140195608437e+08
1.745543972472839300e+01 1.836400781567932367e+08
1.752526148362730751e+01 1.714430756347225904e+08
1.759536252956181812e+01 1.670374544746460021e+08
1.766574397968006238e+01 1.654524697459192276e+08
1.773640695559878466e+01 1.592943136280810833e+08
1.780735258342117433e+01 1.594613467065522671e+08
1.787858199375486024e+01 1.721051795099221170e+08
1.795009632172988034e+01 1.444508845105214715e+08
1.802189670701679702e+01 1.647351166804547608e+08
1.809398429384486562e+01 1.572579342044771612e+08
1.816636023102024211e+01 1.274993989906162471e+08
1.823902567194432578e+01 1.513695757866348028e+08
1.831198177463210186e+01 1.538204462793202698e+08
1.838522970173062987e+01 1.432769564695176482e+08
1.845877062053754969e+01 1.408404585414952934e+08
1.853260570301970134e+01 1.232136484938442260e+08
1.860673612583178027e+01 1.156363231579504162e+08
1.868116307033510637e+01 1.312621091925003827e+08
1.875588772261644976e+01 1.243200452095525414e+08
1.883091127350691352e+01 1.541652591342375875e+08
1.890623491860094063e+01 1.325809143772975504e+08
1.898185985827534594e+01 1.137817799281802177e+08
1.905778729770844748e+01 1.376155157447384894e+08
1.913401844689928311e+01 1.329937577448765934e+08
1.921055452068688041e+01 1.138851867443510145e+08
1.928739673876962968e+01 1.086177348892273903e+08
1.936454632572470658e+01 1.133659414904799163e+08
1.944200451102760141e+01 9.119207960082961619e+07
1.951977252907171589e+01 1.182974202083089948e+08
1.959785161918800256e+01 1.005096600426422209e+08
1.967624302566475691e+01 1.057570394161866605e+08
1.991079942767366973e+01 1.041468917909934521e+08
2.030901541622714390e+01 9.237169633734057844e+07
2.071519572455168756e+01 9.133823489975535870e+07
2.112949963904272010e+01 7.681272248709869385e+07
2.155208963182357707e+01 7.462845623158004880e+07
2.198313142446004420e+01 6.925825073353879154e+07
2.242279405294924643e+01 6.186419482083426416e+07
2.287124993400822959e+01 6.299681842054288834e+07
2.332867493268839709e+01 5.969121663242947310e+07
2.379524843134216638e+01 4.828668041552395374e+07
2.427115339996900900e+01 5.279614321980776638e+07
2.475657646796839018e+01 4.560187714294429123e+07
2.525170799732775961e+01 3.868770299814602733e+07
2.575674215727431715e+01 4.026540221527466923e+07
2.627187700041980278e+01 3.783804073499137908e+07
2.679731454042819649e+01 3.083717868301896378e+07
2.733326083123676042e+01 3.420281720015208423e+07
2.787992604786149542e+01 2.923035860419291630e+07
2.843752456881871993e+01 2.339845572860620916e+07
2.900627506019509738e+01 2.639632726351575553e+07
2.958640056139899599e+01 2.280208332162391767e+07
3.017812857262697435e+01 2.171315082628405467e+07
3.078169114407952023e+01 1.816932170915006474e+07
3.139732496696110431e+01 1.914815068305844069e+07
3.202527146630033172e+01 1.763964120969268307e+07
3.266577689562632969e+01 1.612433424580746703e+07
3.331909243353885586e+01 1.343760344148801267e+07
3.398547428220963695e+01 1.507356036029599234e+07
3.466518376785383282e+01 1.217977038772327453e+07
3.535848744321090464e+01 1.065888968124678172e+07
3.606565719207512188e+01 1.022834964807555452e+07
3.678697033591662802e+01 1.055191234284417704e+07
3.752270974263496583e+01 8.860932813867507502e+06
3.827316393748766643e+01 9.231478644417587668e+06
3.903862721623740839e+01 7.882153100506161340e+06
3.981939976056215613e+01 7.224102748413151130e+06
4.061578775577340394e+01 6.101415088905511424e+06
4.142810351088887444e+01 6.737959164468322881e+06
4.225666558110664539e+01 6.234661485217908397e+06
4.310179889272878029e+01 5.110270854427298531e+06
4.396383487058335504e+01 4.811105600978278555e+06
4.484311156799503095e+01 4.552894015027062967e+06
4.573997379935492091e+01 4.265147565021253191e+06
4.665477327534202345e+01 3.769370574055085890e+06
4.758786874084886165e+01 3.681688167516689282e+06
4.853962611566583973e+01 3.533409395002735313e+06
4.951041863797915710e+01 2.966049639058497734e+06
5.050062701073873939e+01 2.895273960766948294e+06
5.151063955095351332e+01 2.529944173836276866e+06
5.254085234197258103e+01 2.764590986544931307e+06
5.359166938881203635e+01 2.440758565979070961e+06
5.466350277658827395e+01 2.245030247417798731e+06
5.575677283212004198e+01 1.880156380479418207e+06
5.687190828876244098e+01 1.798144121884546941e+06
5.800934645453768468e+01 1.731277488365634810e+06
5.916953338362844050e+01 1.636313543140185764e+06
6.035292405130100946e+01 1.476017649981623981e+06
6.155998253232701956e+01 1.515394901408831356e+06
6.279118218297357146e+01 1.246979621054432355e+06
6.404700582663303976e+01 1.091379823421558132e+06
6.532794594316570169e+01 1.021790994532476761e+06
6.663450486202900436e+01 9.469330825543721439e+05
6.796719495926959098e+01 1.010757967463609762e+06
6.932653885845499531e+01 9.630144038391675567e+05
7.071306963562409464e+01 8.050352655736905290e+05
7.212733102833657028e+01 6.992987378143226961e+05
7.356987764890331505e+01 6.870363432259541005e+05
7.504127520188137623e+01 6.064022389850362670e+05
7.654210070591901172e+01 6.125769103615649510e+05
7.807294272003738911e+01 5.515150582062165486e+05
7.963440157443814371e+01 5.214972096959472983e+05
8.122708960592690630e+01 4.437545526749709970e+05
8.285163139804545551e+01 4.116573243449169677e+05
8.450866402600635752e+01 4.030249018419884960e+05
8.619883730652648524e+01 3.945388087447620928e+05
8.792281405265701721e+01 4.303120251496201963e+05
8.968127033371015955e+01 3.398327809946183115e+05
9.147489574038435478e+01 3.258383155002983403e+05
9.330439365519204387e+01 2.800915873713035835e+05
9.517048152829590890e+01 2.394535715239202545e+05
9.707389115886181230e+01 2.654026625702549936e+05
9.901536898203904968e+01 2.025646407168839942e+05
