# Wavelength [um]       Fp [W/m2/m]  
1.000553076518779783e-01 6.757575412946178811e-05
1.004555288824854897e-01 4.685473900027655450e-41
1.008573509980154326e-01 6.979490873960571928e-39
1.012607804020075053e-01 1.271338086296996150e-38
1.016658235236155422e-01 7.714607948060635583e-41
1.020724868177099870e-01 9.479945510090706590e-27
1.024807767649808382e-01 1.164511055814263579e-28
1.028906998720407612e-01 1.426709151827490344e-37
1.033022626715289355e-01 1.836071142385425839e-24
1.037154717222150413e-01 2.506446304700966093e-39
1.041303336091038839e-01 9.976968476644015705e-36
1.045468549435403099e-01 2.114125635341396582e-33
1.049650423633144702e-01 5.738624138543547928e-40
1.053849025327677214e-01 4.884689588732798483e-28
1.058064421428987906e-01 3.462020643976813099e-37
1.062296679114703990e-01 1.399169670145141138e-27
1.066545865831162732e-01 6.935750149534966300e-32
1.070812049294487533e-01 1.919413777028095371e-33
1.075095297491665408e-01 8.692715592094375849e-25
1.079395678681632220e-01 1.650528799485954461e-33
1.083713261396358624e-01 1.259132974169734271e-23
1.088048114441943909e-01 1.610996371959895245e-25
1.092400306899711654e-01 4.322767609041356944e-17
1.096769908127310511e-01 6.725177321634830266e-25
1.101156987759819850e-01 1.133018538086859592e-25
1.105561615710859147e-01 3.636941872528925233e-17
1.109983862173702651e-01 2.644191512165379899e-19
1.114423797622397516e-01 1.634249169172189784e-22
1.118881492812886930e-01 5.899338531315585569e-25
1.123357018784138517e-01 1.572542454343976815e-22
1.127850446859275102e-01 5.726755186210691725e-15
1.132361848646712132e-01 4.920648749914539370e-16
1.136891296041298988e-01 9.436571204461489232e-16
1.141438861225464035e-01 1.726210040358310378e-15
1.146004616670366072e-01 3.441333147727358466e-15
1.150588635137047705e-01 2.245258133570083570e-15
1.155190989677595953e-01 1.052915605189594397e-15
1.159811753636306314e-01 6.367265690797523988e-15
1.164451000650851553e-01 8.534047895328859235e-16
1.169108804653455069e-01 3.535572895196962841e-16
1.173785239872068981e-01 7.294337829429304607e-15
1.178480380831557206e-01 9.439131582174765388e-15
1.183194302354883543e-01 2.281436418814782505e-14
1.187927079564302935e-01 6.033668738558766229e-16
1.192678787882560099e-01 2.615943293113304114e-15
1.197449503034090645e-01 3.267197132090401372e-15
1.202239301046226783e-01 3.336469657851321922e-18
1.207048258250411760e-01 1.632204089274795959e-16
1.211876451283413342e-01 7.539601445262640805e-17
1.216723957088547137e-01 1.523041083393000322e-18
1.221590852916901310e-01 4.783088315172641660e-17
1.226477216328568792e-01 6.006350597564158608e-15
1.231383125193883099e-01 1.239675401148929465e-15
1.236308657694658586e-01 2.138673198872377527e-14
1.241253892325437369e-01 4.711761437299919242e-16
1.246218907894739159e-01 1.664506770289737411e-16
1.251203783526317892e-01 2.976911325725599731e-16
1.256208598660423226e-01 5.611885993361692740e-14
1.261233433055065078e-01 3.413293598013868210e-14
1.266278366787285392e-01 7.958858119244836287e-19
1.271343480254434610e-01 6.089810289698239438e-14
1.276428854175452321e-01 2.609349899016206922e-13
1.281534569592154005e-01 4.037333732801476424e-17
1.286660707870522780e-01 3.324343619651112002e-16
1.291807350702004475e-01 1.063171989560913568e-12
1.296974580104812425e-01 2.894183671591926003e-13
1.302162478425231973e-01 3.905099546225206747e-14
1.307371128338932764e-01 7.783845160051397189e-13
1.312600612852288795e-01 3.634642774906324357e-13
1.317851015303697915e-01 2.066789770431495404e-12
1.323122419364912705e-01 4.623655201684248947e-12
1.328414909042372472e-01 1.002973954270777906e-11
1.333728568678542170e-01 8.985133187459645791e-12
1.339063482953256612e-01 4.086317200871633391e-12
1.344419736885069383e-01 4.795853365401212335e-12
1.349797415832609815e-01 1.100683943894571224e-10
1.355196605495940232e-01 8.548402512564651397e-11
1.360617391917924301e-01 3.454263881440281959e-10
1.366059861485595939e-01 6.999169761380035152e-11
1.371524100931538481e-01 2.537571420350373505e-11
1.377010197335264696e-01 1.562317007928800034e-10
1.382518238124605670e-01 9.955257131809334800e-10
1.388048311077104136e-01 8.714628312968706182e-10
1.393600504321412248e-01 4.017597902657113626e-10
1.399174906338697677e-01 2.668282353717051823e-10
1.404771605964052761e-01 4.516179785457417835e-09
1.410390692387908651e-01 1.747976960678646167e-09
1.416032255157460562e-01 9.971100292718368071e-09
1.421696384178090522e-01 1.127035624099442723e-10
1.427383169714803168e-01 5.890310841144411946e-09
1.433092702393662099e-01 6.795953546455258791e-08
1.438825073203236771e-01 1.469080480430236288e-08
1.444580373496049674e-01 6.356415684078389159e-08
1.450358694990033503e-01 2.538488187853710733e-08
1.456160129769993872e-01 1.404495359709664118e-07
1.461984770289073976e-01 7.107765956908364181e-08
1.467832709370230082e-01 6.646750913900933215e-08
1.473704040207710897e-01 2.008394915584835475e-07
1.479598856368541382e-01 2.209516451217521004e-08
1.485517251794015725e-01 1.292115023523662877e-07
1.491459320801191979e-01 1.874819949587560262e-07
1.497425158084396690e-01 6.985922372337021861e-08
1.503414858716734248e-01 1.287459104303628801e-07
1.509428518151600951e-01 3.622177717800052295e-08
1.515466232224207677e-01 2.830731264906059326e-10
1.521528097153104220e-01 1.319916597772993300e-09
1.527614209541716672e-01 4.292368593324484750e-10
1.533724666379883694e-01 3.584262015291505343e-10
1.539859565045403056e-01 8.320166055007230931e-10
1.546019003305584838e-01 1.012799011892968186e-10
1.552203079318807133e-01 1.857430210158104221e-10
1.558411891636082569e-01 2.080195037333770387e-10
1.564645539202626778e-01 1.214860842333778946e-10
1.570904121359437411e-01 4.872810822571744210e-10
1.577187737844875093e-01 3.282973005045655027e-10
1.583496488796254653e-01 5.281181979651454924e-10
1.589830474751439959e-01 8.070561629982098691e-10
1.596189796650445414e-01 4.499755005059594393e-10
1.602574555837047166e-01 6.192358145523845433e-10
1.608984854060395708e-01 9.740630032638943996e-10
1.615420793476636807e-01 8.941035544520832756e-10
1.621882476650543525e-01 1.044452125934348997e-09
1.628370006557145755e-01 9.046585818676238334e-10
1.634883486583374457e-01 1.550471317919380828e-09
1.641423020529707844e-01 2.268236619431869044e-09
1.647988712611826723e-01 2.820362828975904453e-09
1.654580667462274002e-01 2.543121824953522340e-09
1.661198990132123077e-01 5.157770183864479090e-09
1.667843786092651215e-01 6.200867171399497696e-09
1.674515161237022098e-01 9.542522093562794130e-09
1.681213221881969755e-01 1.788848356929388743e-08
1.687938074769497754e-01 1.485582745558324702e-08
1.694689827068575905e-01 5.157713157968697348e-08
1.701468586376850278e-01 4.301671564707646596e-08
1.708274460722357391e-01 4.709032221500358751e-08
1.715107558565246715e-01 8.146188746813743361e-08
1.721967988799507909e-01 7.755977518822337881e-08
1.728855860754705820e-01 1.433040278435894565e-07
1.735771284197724640e-01 1.068192961580077100e-07
1.742714369334515678e-01 1.012797489262532555e-07
1.749685226811853456e-01 2.058773269506706602e-07
1.756683967719100681e-01 1.903008116286422643e-07
1.763710703589977391e-01 5.572657286266074735e-07
1.770765546404337309e-01 7.393475951978321920e-07
1.777848608589954471e-01 3.123509853811581434e-07
1.784960003024314568e-01 1.279098729933993063e-06
1.792099843036411844e-01 1.073477295235945563e-06
1.799268242408557650e-01 1.224403841575132766e-06
1.806465315378191772e-01 2.871116680409843109e-06
1.813691176639704306e-01 9.255229589926340216e-07
1.820945941346263086e-01 1.699513716148148163e-06
1.828229725111648329e-01 7.983361936319426363e-07
1.835542644012094771e-01 1.011913680236981470e-06
1.842884814588143239e-01 4.726973483695449907e-06
1.850256353846495561e-01 1.158364110889962690e-05
1.857657379261881403e-01 3.657462149033565741e-06
1.865088008778928996e-01 1.674900390800949381e-05
1.872548360814044743e-01 1.330231251207272557e-05
1.880038554257300876e-01 6.197545066521703005e-06
1.887558708474330049e-01 3.119161453556879487e-05
1.895108943308226879e-01 2.007353550084238844e-05
1.902689379081460019e-01 1.393363895070354465e-05
1.910300136597785636e-01 6.929563475782264518e-05
1.917941337144176972e-01 3.524048109851778257e-05
1.925613102492753359e-01 5.132581416090529320e-05
1.933315554902724498e-01 1.242749901570138718e-04
1.941048817122335568e-01 9.769992643974010965e-05
1.948813012390824828e-01 9.323377616223740697e-05
1.956608264440388156e-01 2.344717989569282976e-04
1.964434697498149418e-01 1.200738512247256489e-04
1.972292436288141937e-01 1.807606012600701040e-04
1.980181606033294406e-01 3.201031822137316465e-04
1.988102332457427346e-01 2.438270559296497276e-04
1.996054741787257336e-01 2.164699459280299736e-04
2.004038960754406518e-01 2.944280609413644839e-04
2.012055116597424309e-01 2.581325166924614413e-04
2.020103337063813842e-01 1.420010257357560534e-04
2.028183750412069219e-01 1.081561658346408050e-04
2.036296485413717494e-01 3.241686378093309616e-04
2.044441671355372303e-01 3.818479280787788043e-04
2.052619438040793887e-01 6.440610582908580604e-04
2.060829915792957157e-01 6.700040322717552323e-04
2.069073235456129201e-01 7.394966549897004663e-04
2.077349528397953449e-01 8.502979869145417015e-04
2.085658926511545219e-01 1.114436848781229662e-03
2.094001562217591150e-01 1.270534925864869611e-03
2.102377568466461677e-01 1.364897292352473725e-03
2.110787078740327671e-01 1.212586358557822411e-03
2.119230227055288740e-01 1.741110478312038771e-03
2.127707147963510126e-01 2.060280057144174646e-03
2.136217976555363773e-01 2.587112326120346358e-03
2.144762848461585492e-01 1.775939127841356024e-03
2.153341899855431840e-01 3.064796859010171862e-03
2.161955267454853669e-01 4.290989487663056899e-03
2.170603088524672986e-01 5.161652915702502620e-03
2.179285500878772042e-01 3.936461715741310444e-03
2.188002642882286852e-01 4.599338648630524849e-03
2.196754653453815986e-01 8.269262802258771014e-03
2.205541672067631020e-01 7.415721580305690772e-03
2.214363838755901703e-01 1.753587742051113119e-02
2.223221294110925284e-01 8.433294132584933517e-03
2.232114179287369160e-01 3.213717669248204040e-02
2.241042636004518529e-01 1.897327192148641484e-02
2.250006806548536520e-01 6.058567044306116534e-02
2.259006833774730438e-01 3.212398502692804386e-02
2.268042861109829667e-01 5.102745030822538469e-02
2.277115032554268836e-01 6.316393838122087712e-02
2.286223492684485714e-01 7.108563954332873525e-02
2.295368386655223802e-01 1.917105120162023724e-01
2.304549860201844658e-01 4.288626728641490443e-02
2.313768059642651864e-01 1.829647846398620159e-01
2.323023131881222503e-01 1.512420063093482536e-01
2.332315224408747223e-01 3.338972493778015194e-01
2.341644485306381973e-01 4.625408962340016861e-01
2.351011063247607502e-01 1.168820504354808748e-01
2.360415107500598020e-01 6.480137386025974777e-01
2.369856767930600405e-01 1.292976508823136805e-01
2.379336195002322851e-01 8.639452079078225877e-01
2.388853539782332114e-01 5.660244852225562173e-01
2.398408953941461863e-01 4.457590421118696078e+00
2.408002589757227141e-01 4.511570000433028582e+00
2.417634600116256582e-01 6.404892735994779374e-01
2.427305138516721306e-01 6.037549984258800961e+00
2.437014359070788505e-01 3.184721883110206431e+00
2.446762416507071713e-01 1.085517256561650079e+01
2.456549466173099938e-01 4.134230309582556551e+00
2.466375664037792625e-01 6.382831449525188106e+00
2.476241166693943785e-01 8.486570931480100555e+00
2.486146131360719436e-01 2.180070491748135719e+00
2.496090715886161993e-01 7.957615163936934799e+00
2.506075078749706586e-01 5.994503395983911354e+00
2.516099379064705155e-01 9.880996470833588674e+00
2.526163776580964138e-01 2.254125499490628926e+01
2.536268431687287994e-01 3.885383080721825166e+01
2.546413505414037437e-01 4.873586126784400818e+01
2.556599159435693491e-01 3.260973581534457111e+01
2.566825556073435988e-01 3.304055375106467807e+01
2.577092858297729827e-01 4.028826328599432571e+01
2.587401229730920682e-01 3.159932403542621415e+01
2.597750834649844576e-01 5.440131003132348297e+01
2.608141837988444123e-01 4.618035214842790026e+01
2.618574405340398092e-01 8.035379177043512300e+01
2.629048702961759298e-01 1.190641348324796098e+02
2.639564897773606367e-01 1.119731327027008234e+02
2.650123157364701054e-01 9.673332905592864961e+01
2.660723649994159445e-01 8.866580529885089845e+01
2.671366544594135917e-01 7.509175444754767170e+01
2.682052010772512096e-01 1.033138312181918366e+02
2.692780218815602478e-01 9.081654463076584705e+01
2.703551339690865030e-01 1.158107698846311990e+02
2.714365545049627904e-01 1.206328365908499478e+02
2.725223007229827243e-01 1.158389124331145581e+02
2.736123899258746106e-01 1.139095683821183513e+02
2.747068394855781692e-01 1.198006083579866754e+02
2.758056668435204806e-01 1.066130788350963741e+02
2.769088895108945403e-01 1.068063115958461680e+02
2.780165250689380918e-01 9.537501843313131644e+01
2.791285911692138466e-01 8.486089075552143868e+01
2.802451055338907038e-01 7.246603382571042573e+01
2.813660859560263017e-01 5.881812709911639558e+01
2.824915502998503469e-01 4.718196499724318471e+01
2.836215165010497197e-01 3.928766663957863869e+01
2.847560025670539119e-01 3.711127411817479782e+01
2.858950265773221866e-01 4.302149149881164902e+01
2.870386066836315142e-01 5.979361393673092806e+01
2.881867611103660631e-01 9.075117881550067978e+01
2.893395081548075787e-01 1.397906797630491269e+02
2.904968661874267610e-01 2.113712754605824387e+02
2.916588536521764197e-01 3.111169990451457465e+02
2.928254890667851273e-01 4.453044344710291398e+02
2.939967910230522619e-01 6.210730286436257757e+02
2.951727781871444911e-01 8.481483424475384254e+02
2.963534692998930908e-01 1.134699766246053059e+03
2.975388831770926501e-01 1.493713919057374142e+03
2.987290387098009981e-01 1.943374123448733371e+03
2.999239548646402409e-01 2.483722278399740844e+03
3.011236506840988536e-01 3.162693883425694366e+03
3.023281452868351593e-01 3.940565541866428248e+03
3.035374578679824742e-01 4.802210251131186851e+03
3.047516076994544187e-01 6.149647218071158022e+03
3.059706141302522830e-01 7.648528141646285803e+03
3.071944965867733357e-01 1.053780611413637780e+04
3.084232745731204095e-01 1.436764350254463170e+04
3.096569676714128194e-01 1.741932232341135023e+04
3.108955955420985018e-01 2.402320530513311314e+04
3.121391779242668751e-01 3.233408950834050484e+04
3.133877346359639215e-01 4.225987013433038373e+04
3.146412855745078230e-01 5.262019374003497069e+04
3.158998507168058190e-01 6.995344240017762058e+04
3.171634501196730627e-01 8.786912836692341079e+04
3.184321039201517545e-01 7.976455354884789267e+04
3.197058323358323295e-01 7.475035082080334541e+04
3.209846556651756444e-01 1.428810131796424103e+05
3.222685942878363852e-01 1.561596060808323673e+05
3.235576686649877520e-01 1.751059632212531287e+05
3.248518993396476984e-01 2.694043106000386761e+05
3.261513069370062801e-01 3.250738429365151678e+05
3.274559121647543369e-01 4.165234034757690970e+05
3.287657358134133401e-01 3.771147075335519039e+05
3.300807987566670154e-01 4.945856542276052642e+04
3.314011219516936890e-01 3.205416946044247015e+05
3.327267264395004642e-01 7.766657746476753382e+05
3.340576333452584534e-01 8.920900752829669509e+05
3.353938638786395088e-01 9.878125398281348171e+05
3.367354393341540630e-01 1.057861343502849573e+06
3.380823810914907468e-01 1.173025848509133095e+06
3.394347106158566718e-01 1.587176550749733811e+06
3.407924494583201014e-01 1.477006709807347506e+06
3.421556192561533982e-01 1.135232618348732824e+06
3.435242417331779707e-01 4.973207088060225360e+05
3.448983387001106626e-01 5.174144846587189240e+05
3.462779320549111417e-01 7.525601253637426998e+05
3.476630437831307319e-01 6.593018751718444983e+05
3.490536959582632992e-01 7.092521164160685148e+05
3.504499107420963600e-01 2.020029328592848266e+06
3.518517103850647421e-01 2.323329754741490819e+06
3.532591172266050239e-01 3.623751731136767194e+06
3.546721536955114717e-01 6.465792040442619473e+06
3.560908423102934761e-01 3.612492135110697709e+06
3.575152056795346533e-01 2.336620774399046786e+06
3.589452665022527800e-01 4.943045671805919148e+06
3.603810475682617254e-01 7.234572422853004187e+06
3.618225717585348278e-01 6.232288241269731894e+06
3.632698620455689364e-01 5.719536004357289523e+06
3.647229414937512293e-01 4.653255348019363359e+06
3.661818332597261971e-01 7.828062055336057208e+06
3.676465605927651259e-01 3.713464837730398867e+06
3.691171468351361895e-01 4.233776204866798595e+06
3.705936154224767076e-01 2.473167697284528986e+06
3.720759898841666247e-01 2.045636312099685427e+06
3.735642938437032656e-01 2.235531468352525961e+06
3.750585510190780902e-01 2.792487177670129109e+06
3.765587852231543908e-01 5.924124296005062759e+06
3.780650203640470441e-01 1.191382094474017993e+07
3.795772804455032068e-01 1.066321740987619013e+07
3.810955895672852312e-01 1.125313859930664860e+07
3.826199719255543585e-01 4.887740670751027763e+06
3.841504518132565771e-01 7.898876552521095611e+06
3.856870536205096456e-01 4.395667066757605411e+06
3.872298018349916715e-01 5.969352048332147300e+06
3.887787210423316320e-01 5.663339440306450240e+06
3.903338359265008939e-01 7.780963465891828761e+06
3.918951712702069545e-01 9.490951735164839774e+06
3.934627519552877928e-01 1.491332996534505114e+07
3.950366029631089404e-01 3.796984732168526202e+07
3.966167493749613859e-01 6.368742679361432046e+07
3.982032163724612550e-01 7.411828801406602561e+07
3.997960292379510450e-01 8.395794609678123891e+07
4.013952133549028578e-01 1.172318589322854429e+08
4.030007942083224659e-01 1.353705384678495824e+08
4.046127973851557647e-01 4.613939012465792894e+07
4.062312485746963908e-01 1.380194338851446211e+08
4.078561735689951728e-01 1.617840682187632918e+08
4.094875982632711353e-01 1.805554682757825255e+08
4.111255486563242245e-01 1.895070170200284719e+08
4.127700508509495880e-01 1.753803551208362281e+08
4.144211310543532978e-01 1.684572556815870702e+08
4.160788155785707931e-01 1.902126808737165332e+08
4.177431308408850463e-01 1.681121860737337172e+08
4.194141033642486138e-01 1.695768808143005371e+08
4.210917597777056320e-01 1.273025224879818261e+08
4.227761268168164221e-01 1.782030674743321240e+08
4.244672313240837602e-01 2.062462702588343024e+08
4.261651002493800910e-01 2.093127919704259336e+08
4.278697606503775730e-01 2.220431292258908153e+08
4.295812396929790666e-01 2.280337372714711726e+08
4.312995646517510107e-01 2.774242633502333164e+08
4.330247629103580187e-01 3.122409788025167584e+08
4.347568619619994745e-01 3.995091311028582454e+08
4.364958894098474596e-01 3.342883696488112807e+08
4.382418729674867897e-01 2.348303445352523029e+08
4.399948404593567730e-01 4.508299500385448933e+08
4.417548198211941890e-01 4.418856442008311749e+08
4.435218391004789873e-01 3.073672313090441227e+08
4.452959264568808750e-01 4.486524223238644004e+08
4.470771101627084021e-01 3.735150811026589870e+08
4.488654186033592119e-01 4.359074462855901122e+08
4.506608802777726241e-01 6.592732863366886377e+08
4.524635237988837710e-01 6.610113466025962830e+08
4.542733778940792333e-01 7.844474468545988798e+08
4.560904714056555065e-01 7.351835755736194849e+08
4.579148332912781894e-01 7.759873523923954964e+08
4.597464926244433370e-01 4.899842985795218945e+08
4.615854785949410899e-01 8.983917134501211643e+08
4.634318205093208576e-01 5.626083245735052824e+08
4.652855477913582227e-01 7.472502676307553053e+08
4.671466899825236219e-01 7.609846904194602966e+08
4.690152767424536906e-01 9.460735103579964638e+08
4.708913378494234969e-01 1.354963518477740526e+09
4.727749032008212171e-01 1.168487050446213961e+09
4.746660028136244769e-01 1.551251940183778524e+09
4.765646668248789131e-01 7.765904334324889183e+08
4.784709254921784560e-01 4.742862475861374736e+08
4.803848091941470555e-01 4.954932780297267437e+08
4.823063484309236815e-01 5.638382589956569672e+08
4.842355738246474361e-01 8.750602507988235950e+08
4.861725161199459966e-01 9.140136354318823814e+08
4.881172061844257226e-01 1.487158590124509096e+09
4.900696750091634302e-01 1.448209726234739304e+09
4.920299537092001074e-01 1.866299639632978678e+09
4.939980735240369625e-01 2.291136922286147118e+09
4.959740658181330253e-01 1.080994963859838724e+09
4.979579620814056362e-01 7.470927784496965408e+08
4.999497939297311566e-01 7.466781361594111919e+08
5.019495931054501758e-01 6.258992497521915436e+08
5.039573914778719965e-01 8.677121958060944080e+08
5.059732210437835054e-01 8.292015748702077866e+08
5.079971139279585435e-01 8.497486363100056648e+08
5.100291023836703852e-01 6.792512801100072861e+08
5.120692187932051054e-01 5.023921766743103862e+08
5.141174956683780550e-01 3.357468784159160256e+08
5.161739656510514473e-01 2.379471346824470758e+08
5.182386615136556074e-01 1.867831627885535955e+08
5.203116161597103329e-01 2.702592261535347104e+08
5.223928626243490303e-01 8.463830790840373039e+08
5.244824340748465152e-01 8.914020822408089638e+08
5.265803638111459239e-01 7.953526232606481314e+08
5.286866852663905103e-01 1.019794274834081769e+09
5.308014320074561088e-01 1.047796418345941544e+09
5.329246377354859288e-01 8.598947171566039324e+08
5.350563362864277916e-01 9.338440625486053228e+08
5.371965616315735881e-01 7.844534646533558369e+08
5.393453478780998456e-01 7.937642592903382778e+08
5.415027292696121819e-01 7.679544484834511280e+08
5.436687401866906466e-01 6.736263573897418976e+08
5.458434151474373941e-01 4.956775705545785427e+08
5.480267888080271321e-01 5.419495716856702566e+08
5.502188959632591247e-01 5.036739726129818559e+08
5.524197715471121928e-01 4.957737381126326323e+08
5.546294506333006025e-01 4.804176295694577098e+08
5.568479684358338400e-01 4.295925685380017161e+08
5.590753603095770519e-01 3.659885781251109242e+08
5.613116617508153716e-01 3.125563607276539207e+08
5.635569083978186899e-01 2.771990521735761166e+08
5.658111360314097560e-01 2.478940913781052530e+08
5.680743805755354980e-01 2.072684370110388994e+08
5.703466780978375672e-01 1.724659103512206376e+08
5.726280648102289872e-01 1.361694106435653567e+08
5.749185770694699160e-01 1.018895194125573039e+08
5.772182513777477375e-01 7.135934824203118682e+07
5.795271243832587071e-01 4.654171680745682865e+07
5.818452328807918184e-01 2.773452596545809135e+07
5.841726138123150003e-01 1.495639766036250070e+07
5.865093042675643131e-01 3.706860702301034238e+06
5.888553414846344758e-01 6.914592237862318871e+04
5.912107628505729462e-01 1.070445083892744035e+06
5.935756059019753339e-01 1.240660125253615342e+07
5.959499083255832552e-01 3.715065171638542414e+07
5.983337079588855190e-01 7.820998498724570870e+07
6.007270427907210886e-01 1.457813514238207638e+08
6.031299509618840426e-01 2.510888395194488466e+08
6.055424707657315331e-01 3.930345382398083210e+08
6.079646406487945187e-01 5.771536126832259893e+08
6.103964992113897203e-01 8.114232166805399656e+08
6.128380852082353503e-01 1.110696706769043207e+09
6.152894375490681744e-01 1.283572962452648401e+09
6.177505952992645710e-01 1.206357875862541437e+09
6.202215976804615893e-01 1.360623152116644382e+09
6.227024840711834486e-01 1.490554598571647167e+09
6.251932940074681477e-01 1.822791444221329927e+09
6.276940671834980723e-01 2.218541341576178551e+09
6.302048434522321552e-01 2.749972878871278286e+09
6.327256628260409244e-01 3.444750593891612530e+09
6.352565654773452142e-01 4.109374369336474419e+09
6.377975917392545435e-01 4.635916418604632378e+09
6.403487821062116003e-01 5.661290157154641151e+09
6.429101772346363930e-01 5.766140748073033333e+09
6.454818179435749537e-01 7.064243357243213654e+09
6.480637452153492628e-01 8.135690555622566223e+09
6.506560001962106154e-01 9.398570640324529648e+09
6.532586241969955410e-01 1.155472992233483887e+10
6.558716586937833881e-01 9.347999520835420609e+09
6.584951453285585732e-01 8.932183050900979996e+09
6.611291259098727169e-01 8.534994462474597931e+09
6.637736424135122215e-01 8.035762161501680374e+09
6.664287369831662922e-01 7.169523611554427147e+09
6.690944519310989547e-01 6.968287582562893867e+09
6.717708297388232941e-01 7.154630632695533752e+09
6.744579130577786907e-01 7.442306386984170914e+09
6.771557447100098326e-01 8.959782906973234177e+09
6.798643676888498355e-01 8.720714657451257706e+09
6.825838251596052508e-01 1.057669662068448830e+10
6.853141604602436265e-01 1.176596283920053101e+10
6.880554171020846210e-01 1.335119319630562210e+10
6.908076387704928933e-01 1.581264752248038483e+10
6.935708693255748791e-01 1.654439507329642105e+10
6.963451528028771209e-01 1.953966130295782471e+10
6.991305334140887062e-01 2.134242698542416382e+10
7.019270555477450380e-01 2.297223645163098526e+10
7.047347637699360456e-01 2.490297702019182968e+10
7.075537028250157290e-01 1.319148371399958420e+10
7.103839176363159202e-01 1.066074548901315498e+10
7.132254533068611568e-01 1.060857977722705269e+10
7.160783551200886610e-01 1.090870511165045357e+10
7.189426685405689854e-01 1.398556077455591393e+10
7.218184392147313222e-01 1.458902942879172516e+10
7.247057129715901436e-01 2.017212443869641495e+10
7.276045358234763949e-01 2.458347954920219040e+10
7.305149539667704639e-01 3.189603987969963455e+10
7.334370137826373703e-01 3.744834957367645264e+10
7.363707618377679509e-01 4.041783770162715912e+10
7.393162448851190449e-01 3.993624891102771759e+10
7.422735098646596752e-01 3.878090817085643005e+10
7.452426039041182282e-01 3.577235646219404602e+10
7.482235743197346300e-01 3.332378563206311417e+10
7.512164686170136330e-01 2.952413870715209579e+10
7.542213344914817652e-01 2.642878160078502274e+10
7.572382198294477229e-01 2.199615835493308258e+10
7.602671727087656484e-01 1.319131299264027214e+10
7.633082413996006288e-01 4.659701358917510986e+09
7.663614743651989691e-01 1.130402292079226822e+08
7.694269202626597970e-01 1.564154169309608340e+08
7.725046279437104424e-01 2.495674389904533386e+09
7.755946464554852593e-01 8.513196104466041565e+09
7.786970250413072225e-01 1.624945081621817780e+10
7.818118131414724115e-01 2.318398677567916870e+10
7.849390603940383793e-01 2.570397733043535995e+10
7.880788166356144098e-01 3.277805318391860962e+10
7.912311319021569922e-01 3.643728415197654724e+10
7.943960564297655180e-01 4.623337245644198608e+10
7.975736406554845281e-01 5.430276902659766388e+10
8.007639352181065151e-01 6.668667970173700714e+10
8.039669909589789443e-01 7.550828508224205017e+10
8.071828589228148276e-01 8.696038250982975769e+10
8.104115903585061842e-01 9.744872824064210510e+10
8.136532367199402760e-01 1.118714337037967377e+11
8.169078496668199518e-01 1.143759969960056610e+11
8.201754810654874328e-01 8.968439918398983765e+10
8.234561829897493190e-01 1.090747361617158813e+11
8.267500077217083687e-01 1.154442765596101685e+11
8.300570077525952772e-01 1.054405231466408081e+11
8.333772357836056743e-01 1.203516078517458038e+11
8.367107447267401188e-01 1.230826749341988220e+11
8.400575877056470908e-01 1.294750767933394775e+11
8.434178180564695371e-01 1.022055583610093689e+11
8.467914893286955236e-01 5.680008283516275787e+10
8.501786552860102208e-01 7.380243830468154907e+10
8.535793699071543283e-01 8.481282419143525696e+10
8.569936873867830540e-01 1.098605961695882416e+11
8.604216621363300899e-01 1.282528335206031799e+11
8.638633487848753623e-01 1.006057909132956543e+11
8.673188021800150027e-01 1.385985891542603455e+11
8.707880773887352044e-01 9.129246022804249573e+10
8.742712296982900755e-01 1.051949785264290466e+11
8.777683146170831563e-01 1.360481307633914795e+11
8.812793878755513788e-01 1.440627184316548462e+11
8.848045054270535781e-01 1.655957289473743896e+11
8.883437234487617795e-01 9.456250396549925232e+10
8.918970983425568155e-01 1.359890635043063049e+11
8.954646867359271623e-01 1.326977486279287262e+11
8.990465454828707736e-01 1.622873327732667847e+11
9.026427316648023558e-01 1.552560560700616455e+11
9.062533025914615292e-01 1.595650619781671753e+11
9.098783158018273198e-01 1.946551882387532654e+11
9.135178290650346478e-01 2.067902041929872437e+11
9.171719003812948134e-01 2.311113947631503601e+11
9.208405879828199803e-01 2.498655294079376831e+11
9.245239503347512100e-01 2.398971689651303711e+11
9.282220461360901620e-01 2.158643953065282593e+11
9.319349343206346781e-01 2.105663768091091309e+11
9.356626740579171431e-01 2.237326540745279236e+11
9.394053247541488405e-01 2.374223229109529724e+11
9.431629460531654185e-01 2.551985953610118713e+11
9.469355978373780180e-01 2.781439688305611572e+11
9.507233402287275092e-01 2.846977826286469727e+11
9.545262335896426142e-01 2.980085820295131226e+11
9.583443385240012491e-01 2.960426848067604370e+11
9.621777158780971950e-01 2.911259170821165161e+11
9.660264267416096562e-01 2.916550466104392700e+11
9.698905324485760371e-01 3.056334591163376465e+11
9.737700945783701600e-01 2.724784223380348206e+11
9.776651749566835914e-01 2.696655916203182678e+11
9.815758356565105203e-01 2.815501003941668091e+11
9.855021389991363012e-01 2.757365238072898560e+11
9.894441475551331022e-01 2.302450822603640747e+11
9.934019241453534432e-01 1.156278098519002380e+11
9.973755318419349480e-01 1.438643561255040283e+11
1.001365033969302543e+00 1.451970568540158081e+11
1.005370494105179757e+00 1.457059476510918274e+11
1.009391976081600362e+00 1.817499653802741089e+11
1.013429543985926884e+00 1.868981100929051208e+11
1.017483262161870350e+00 1.968491144815628052e+11
1.021553195210518128e+00 2.095794994079804382e+11
1.025639407991360219e+00 2.067848655614463196e+11
1.029741965623325539e+00 1.968843835596366882e+11
1.033860933485818867e+00 1.989657702153616028e+11
1.037996377219762012e+00 2.474245391199615479e+11
1.042148362728641198e+00 2.473506054445073547e+11
1.046316956179555557e+00 2.823479535701439209e+11
1.050502224004274066e+00 2.774869499127195435e+11
1.054704232900291139e+00 3.146986733195238647e+11
1.058923049831892227e+00 3.171402799725031738e+11
1.063158742031219628e+00 3.154225204100343628e+11
1.067411376999344741e+00 3.032359876796618652e+11
1.071681022507342096e+00 3.115431679842545166e+11
1.075967746597371377e+00 3.462098733842196655e+11
1.080271617583760779e+00 3.519036334275241699e+11
1.084592704054095913e+00 3.728771226374802856e+11
1.088931074870312044e+00 3.766093363740791626e+11
1.093286799169793433e+00 3.622103125078229370e+11
1.097659946366472461e+00 3.436706291871256714e+11
1.102050586151938294e+00 3.382125075811555786e+11
1.106458788496546219e+00 3.113266637895092163e+11
1.110884623650532532e+00 3.079185723167343750e+11
1.115328162145134749e+00 3.076974548195909424e+11
1.119789474793714934e+00 3.229557328249624634e+11
1.124268632692889902e+00 3.424646850185095825e+11
1.128765707223661430e+00 3.556989197597561035e+11
1.133280770052556230e+00 2.989730744261299438e+11
1.137813893132766374e+00 3.038924826319830322e+11
1.142365148705297484e+00 3.122397630616424561e+11
1.146934609300118479e+00 3.641930911417130737e+11
1.151522347737319096e+00 3.622163476382387695e+11
1.156128437128268516e+00 3.575724468488243408e+11
1.160752950876781542e+00 3.577907963305917358e+11
1.165395962680288999e+00 3.610880214587238770e+11
1.170057546531009907e+00 3.010475301544218750e+11
1.174737776717134086e+00 3.227566487276249390e+11
1.179436727824002773e+00 2.841475015869381714e+11
1.184154474735298557e+00 3.615855338071492310e+11
1.188891092634239977e+00 3.930460990594522095e+11
1.193646657004777012e+00 3.929660701612106934e+11
1.198421243632796118e+00 3.422485480891192627e+11
1.203214928607327261e+00 3.552615604437185669e+11
1.208027788321756724e+00 4.014809227715140381e+11
1.212859899475043468e+00 3.818141783028258667e+11
1.217711339072943710e+00 4.142330937308786011e+11
1.222582184429235275e+00 4.005475198539910278e+11
1.227472513166952384e+00 4.353569369588932495e+11
1.232382403219620226e+00 4.300255156217856445e+11
1.237311932832498407e+00 4.279178313583626099e+11
1.242261180563828615e+00 3.431952340927036743e+11
1.247230225286083849e+00 4.254254515601534424e+11
1.252219146187228072e+00 3.514242623466967773e+11
1.257228022771976983e+00 4.321045119710648193e+11
1.262256934863064783e+00 4.329811671013688965e+11
1.267305962602517155e+00 4.622719618040637207e+11
1.272375186452927354e+00 4.552768444650336304e+11
1.277464687198738957e+00 4.596207275865106812e+11
1.282574545947533950e+00 4.646921822144436646e+11
1.287704844131324133e+00 4.294933136212180176e+11
1.292855663507849417e+00 4.287397428604583740e+11
1.298027086161880783e+00 4.412950731395063477e+11
1.303219194506528344e+00 4.530497913021256714e+11
1.308432071284554521e+00 4.438907562650971680e+11
1.313665799569692760e+00 4.481452286649825439e+11
1.318920462767971591e+00 4.423855437871508179e+11
1.324196144619043336e+00 4.086317662637974854e+11
1.329492929197519491e+00 3.475959535096022949e+11
1.334810900914309650e+00 1.916573334701940613e+11
1.340150144517967101e+00 1.420274920086531677e+11
1.345510745096038852e+00 1.213216969564964294e+11
1.350892788076423212e+00 1.139676722925817871e+11
1.356296359228728932e+00 9.229566824519317627e+10
1.361721544665643879e+00 1.122982259714067535e+11
1.367168430844306393e+00 1.290887569037415161e+11
1.372637104567683730e+00 1.222088723777329254e+11
1.378127652985954299e+00 1.499311708815519104e+11
1.383640163597898098e+00 1.341833351360253906e+11
1.389174724252289828e+00 1.350197361470102234e+11
1.394731423149298877e+00 1.181955478315371399e+11
1.400310348841896202e+00 1.128720715994116974e+11
1.405911590237263642e+00 1.207964962682711334e+11
1.411535236598212784e+00 9.870069778759365845e+10
1.417181377544605603e+00 1.006441796155719910e+11
1.422850103054784210e+00 9.975463010982070923e+10
1.428541503467003038e+00 1.054176677643798065e+11
1.434255669480871243e+00 1.017903862187785950e+11
1.439992692158794885e+00 1.095694450969154968e+11
1.445752662927429988e+00 1.215895184619412384e+11
1.451535673579139596e+00 1.353256938789916992e+11
1.457341816273456159e+00 1.523820209046607666e+11
1.463171183538549913e+00 1.443605855856094971e+11
1.469023868272704147e+00 1.409724388677787476e+11
1.474899963745795128e+00 1.543268023885552673e+11
1.480799563600778246e+00 1.637332245836001587e+11
1.486722761855181485e+00 1.649552051839598389e+11
1.492669652902602007e+00 1.725944139531784668e+11
1.498640331514212276e+00 1.799051298057565613e+11
1.504634892840269300e+00 1.878812415610805054e+11
1.510653432411630304e+00 1.941634650861044922e+11
1.516696046141276843e+00 2.074513559345285339e+11
1.522762830325842032e+00 2.181762449313146973e+11
1.528853881647145307e+00 2.255999494000747681e+11
1.534969297173733649e+00 2.299375744756017151e+11
1.541109174362428780e+00 2.375799154367272644e+11
1.547273611059878373e+00 2.527309728148449097e+11
1.553462705504118135e+00 2.546551295414271240e+11
1.559676556326134556e+00 2.588842702550807190e+11
1.565915262551438980e+00 2.641163096493135681e+11
1.572178923601644795e+00 2.662938165704414062e+11
1.578467639296051495e+00 2.700128770719848328e+11
1.584781509853235626e+00 2.724278188207396851e+11
1.591120635892648405e+00 2.699928929231630249e+11
1.597485118436219098e+00 2.695940360644386902e+11
1.603875058909963958e+00 2.674310587455565186e+11
1.610290559145603595e+00 2.626475225035601807e+11
1.616731721382186127e+00 2.593046919100311584e+11
1.623198648267714761e+00 2.539274216942867432e+11
1.629691442860785600e+00 2.494172990015804443e+11
1.636210208632228769e+00 2.466701633391480408e+11
1.642755049466757766e+00 2.429108129789355774e+11
1.649326069664624805e+00 2.396891728112315979e+11
1.655923373943283039e+00 2.345880669362909851e+11
1.662547067439056336e+00 2.290319287901594238e+11
1.669197255708812611e+00 2.198239411498733521e+11
1.675874044731648027e+00 2.178516901654311523e+11
1.682577540910574321e+00 2.160703130522904663e+11
1.689307851074216771e+00 2.080854179026762695e+11
1.696065082478513508e+00 2.015286401823554688e+11
1.702849342808427480e+00 1.962408422325628052e+11
1.709660740179661298e+00 1.889235205994952698e+11
1.716499383140379864e+00 1.748168505707079773e+11
1.723365380672941427e+00 1.686566490620514526e+11
1.730258842195633306e+00 1.569310309005531311e+11
1.737179877564415831e+00 1.481108224610717163e+11
1.744128597074673603e+00 1.354153609482699127e+11
1.751105111462972097e+00 1.304867123855949097e+11
1.758109531908824241e+00 1.185286752640033417e+11
1.765141970036459451e+00 1.086441966809983673e+11
1.772202537916605314e+00 1.030899755862625427e+11
1.779291348068271716e+00 9.088165031441983032e+10
1.786408513460544745e+00 8.549192205238897705e+10
1.793554147514387020e+00 7.659234688817993164e+10
1.800728364104444257e+00 7.704483815016906738e+10
1.807931277560862249e+00 6.839778354700002289e+10
1.815163002671105641e+00 7.313900416263034058e+10
1.822423654681789795e+00 7.309787225007124329e+10
1.829713349300517100e+00 6.567259048522610474e+10
1.837032202697718830e+00 6.730406245718389893e+10
1.844380331508509885e+00 6.380509760988724518e+10
1.851757852834543527e+00 5.955644442627714539e+10
1.859164884245881888e+00 4.886439012601733398e+10
1.866601543782865358e+00 5.314388120853105164e+10
1.874067949957996859e+00 5.622775886842247009e+10
1.881564221757828781e+00 6.547346890152968597e+10
1.889090478644860127e+00 6.802672036623329926e+10
1.896646840559439662e+00 7.468348113695619202e+10
1.904233427921677269e+00 6.975893976716229248e+10
1.911850361633363971e+00 7.422048899112115479e+10
1.919497763079897279e+00 6.941973699421470642e+10
1.927175754132217200e+00 6.549238720510953522e+10
1.934884457148745796e+00 6.167551856726977539e+10
1.942623994977340729e+00 5.423996927884822845e+10
1.950394490957250149e+00 6.110640215925487518e+10
1.958196068921079336e+00 5.458956170847609711e+10
1.966028853196763793e+00 5.996264273000164795e+10
1.973892968609550991e+00 5.796820009126113892e+10
1.981788540483989447e+00 6.001577015329177094e+10
1.989715694645925126e+00 6.074296656900431824e+10
1.997674557424508723e+00 6.303032352299268341e+10
2.005665255654207169e+00 6.538988968335395050e+10
2.013687916676823786e+00 6.641187188741698456e+10
2.021742668343530891e+00 7.075914782044332886e+10
2.029829639016905052e+00 6.967262217691143799e+10
2.037948957572972564e+00 7.284107599431871033e+10
2.046100753403264694e+00 7.445870255591944885e+10
2.054285156416877811e+00 7.613166727373899841e+10
2.062502297042545507e+00 7.644539254409832764e+10
2.070752306230715600e+00 7.767582970600216675e+10
2.079035315455638244e+00 7.691158495872950745e+10
2.087351456717461140e+00 7.720337818763540649e+10
2.095700862544330967e+00 7.683935044476483154e+10
2.104083665994508134e+00 7.642344993579919434e+10
2.112500000658485977e+00 7.579885889130079651e+10
2.120950000661120161e+00 7.471648215949890137e+10
2.129433800663764753e+00 7.383441772630993652e+10
2.137951535866419839e+00 7.285848946403572083e+10
2.146503342009885351e+00 7.196049693630659485e+10
2.155089355377924676e+00 7.055277397261811829e+10
2.163709712799436691e+00 6.925707065386465454e+10
2.172364551650634468e+00 6.798023568073247528e+10
2.181054009857236853e+00 6.648752289708208466e+10
2.189778225896665376e+00 6.471162932034045410e+10
2.198537338800252705e+00 6.155924625837680054e+10
2.207331488155453325e+00 5.920434099518592834e+10
2.216160814108075083e+00 5.941156776764532471e+10
2.225025457364507631e+00 5.839091623467134857e+10
2.233925559193965515e+00 5.695340375992800140e+10
2.242861261430741493e+00 5.502032692112002563e+10
2.251832706476463830e+00 5.395208108289511108e+10
2.260840037302370042e+00 5.252189789536283112e+10
2.269883397451579299e+00 5.157077389447594452e+10
2.278962931041386142e+00 5.040424400616336060e+10
2.288078782765551100e+00 4.906351606890986633e+10
2.297231097896613505e+00 4.806790760872187805e+10
2.306420022288200311e+00 4.966185904572499847e+10
2.315645702377353121e+00 4.820524636927918243e+10
2.324908285186861878e+00 4.560136514426852417e+10
2.334207918327609654e+00 4.423831153468973541e+10
2.343544750000919663e+00 4.343826566557747650e+10
2.352918929000923143e+00 4.441155501831694794e+10
2.362330604716927240e+00 4.541629335988971710e+10
2.371779927135795329e+00 4.311564110930888367e+10
2.381267046844337987e+00 4.169866382033998108e+10
2.390792115031715070e+00 4.360099055322956085e+10
2.400355283491842240e+00 4.405154837089419556e+10
2.409956704625809465e+00 4.318733238534403229e+10
2.419596531444312859e+00 4.219897208182707214e+10
2.429274917570089620e+00 4.176195039740649414e+10
2.438992017240370291e+00 3.971971264578984070e+10
2.448747985309331465e+00 3.736319676116416931e+10
2.458542977250568917e+00 3.769357793370306396e+10
2.468377149159570738e+00 3.665138728340049744e+10
2.478250657756209563e+00 3.239246584493970108e+10
2.488163660387234355e+00 3.297062057108190155e+10
2.498116315028783063e+00 3.318552753302674866e+10
2.508108780288898387e+00 2.779544620978074265e+10
2.518141215410053757e+00 2.809254999994186783e+10
2.528213780271693967e+00 2.516805150886015701e+10
2.538326635392781139e+00 2.528252708837457657e+10
2.548479941934351789e+00 2.347074839503738403e+10
2.558673861702089436e+00 2.517519973159016037e+10
2.568908557148898097e+00 2.526510012701158905e+10
2.579184191377493551e+00 2.463531877801461792e+10
2.589500928143003478e+00 2.538559063075232315e+10
2.599858931855575594e+00 2.708074513241331482e+10
2.610258367582998229e+00 3.092692400098455048e+10
2.620699401053329769e+00 3.065561989280834198e+10
2.631182198657543214e+00 3.018049548361677933e+10
2.641706927452173392e+00 3.400281296964620209e+10
2.652273755161981938e+00 3.441753620127462769e+10
2.662882850182629824e+00 3.198190524069323730e+10
2.673534381583360542e+00 2.348971210745139313e+10
2.684228519109693956e+00 2.231201568695665741e+10
2.694965433186132575e+00 2.279341561764871979e+10
2.705745294918877164e+00 2.268841278194842911e+10
2.716568276098552559e+00 2.302352756514705658e+10
2.727434549202946812e+00 2.635440946605110550e+10
2.738344287399758326e+00 2.405239205497355652e+10
2.749297664549357201e+00 2.927159228228684998e+10
2.760294855207554576e+00 2.597375224121383667e+10
2.771336034628385292e+00 2.502628934742749405e+10
2.782421378766898545e+00 2.220074781654407501e+10
2.793551064281966312e+00 2.775598457435809326e+10
2.804725268539093985e+00 2.237003770457551956e+10
2.815944169613250558e+00 2.397493831641574097e+10
2.827207946291703244e+00 2.988036570371939850e+10
2.838516778076869862e+00 2.331595142266047668e+10
2.849870845189177437e+00 2.429677919547013855e+10
2.861270328569933685e+00 2.759635039440351105e+10
2.872715409884213589e+00 2.589263629192080307e+10
2.884206271523750420e+00 2.661941355376000595e+10
2.895743096609845413e+00 2.745485771761785126e+10
2.907326068996284985e+00 2.659903235310815430e+10
2.918955373272270393e+00 2.833856088696083832e+10
2.930631194765359826e+00 2.990126371515303421e+10
2.942353719544420709e+00 2.922713838846411896e+10
2.954123134422598440e+00 2.956333231191892242e+10
2.965939626960289122e+00 2.964173237893532181e+10
2.977803385468130504e+00 3.162087162347613907e+10
2.989714599010003138e+00 3.218442024016932678e+10
3.001673457406043077e+00 3.223618310508283615e+10
3.013680151235667015e+00 3.480216347078401947e+10
3.025734871840609408e+00 3.226595884921459198e+10
3.037837811327972037e+00 3.654506131946917725e+10
3.049989162573283785e+00 3.192717199740173340e+10
3.062189119223576395e+00 3.528395504191336823e+10
3.074437875700470890e+00 3.311551818027717972e+10
3.086735627203272880e+00 3.088152289482699203e+10
3.099082569712085622e+00 3.187909769090511322e+10
3.111478899990933744e+00 2.782646996562974930e+10
3.123924815590897186e+00 2.948569125206874466e+10
3.136420514853261121e+00 2.597278875848365784e+10
3.148966196912674320e+00 2.504532694433381653e+10
3.161562061700325277e+00 2.436782799618111038e+10
3.174208309947126327e+00 2.334825969827606583e+10
3.186905143186915090e+00 2.360594646888186264e+10
3.199652763759662566e+00 2.150469401872197342e+10
3.212451374814701222e+00 2.482287360686529160e+10
3.225301180313960625e+00 2.498301676872677612e+10
3.238202385035215958e+00 2.622210066774732208e+10
3.251155194575356955e+00 2.945996179418325806e+10
3.264159815353658622e+00 3.106650557305558777e+10
3.277216454615073271e+00 3.268307506406244278e+10
3.290325320433533207e+00 3.474406335611533356e+10
3.303486621715267635e+00 3.137742097381665421e+10
3.316700568202128441e+00 1.575114373682734871e+10
3.329967370474937294e+00 9.108756585932033539e+09
3.343287239956836743e+00 1.255535708413805962e+10
3.356660388916663962e+00 1.899352847142027283e+10
3.370087030472330714e+00 2.719321030283076477e+10
3.383567378594220187e+00 2.944540485378017807e+10
3.397101648108596716e+00 3.041746608907266998e+10
3.410690054701031482e+00 2.918195090522782516e+10
3.424332814919834878e+00 2.796646065553179932e+10
3.438030146179514634e+00 2.643062594480726242e+10
3.451782266764232610e+00 2.709360100874375153e+10
3.465589395831289998e+00 2.870020288871205902e+10
3.479451753414614767e+00 2.864253999191785431e+10
3.493369560428273068e+00 2.844500289405013275e+10
3.507343038669985980e+00 3.116605137240703964e+10
3.521372410824665788e+00 3.129661893134470367e+10
3.535457900467964709e+00 3.140935650579351044e+10
3.549599732069836477e+00 3.177677046107833862e+10
3.563798130998116154e+00 3.300027003012403870e+10
3.578053323522108364e+00 3.492298945937410736e+10
3.592365536816196858e+00 3.800464437044766998e+10
3.606734998963461614e+00 3.902647924586603546e+10
3.621161938959315041e+00 4.095735146211827850e+10
3.635646586715152839e+00 4.283680540894459534e+10
3.650189173062013293e+00 4.453368663032205963e+10
3.664789929754260545e+00 4.573653123466983032e+10
3.679449089473277645e+00 4.693279261369853973e+10
3.694166885831170699e+00 4.799076341710721588e+10
3.708943553374495661e+00 4.895831360790425873e+10
3.723779327587993571e+00 5.007013616272103882e+10
3.738674444898345328e+00 4.900562357452573395e+10
3.753629142677938901e+00 5.055701433846749115e+10
3.768643659248651190e+00 5.001299662264825439e+10
3.783718233885645432e+00 5.060461428477747345e+10
3.798853106821188153e+00 5.048508910718813324e+10
3.814048519248473657e+00 4.994242441056801605e+10
3.829304713325467180e+00 4.958495235718296051e+10
3.844621932178768908e+00 4.995279271148586273e+10
3.860000419907484215e+00 4.997113287757032776e+10
3.875440421587113882e+00 4.951315923749874115e+10
3.890942183273462529e+00 4.870662542041440582e+10
3.906505952006555926e+00 4.853854341331332397e+10
3.922131975814582727e+00 4.832994138279992676e+10
3.937820503717840648e+00 4.759914415584659576e+10
3.953571785732711508e+00 4.703649888180349731e+10
3.969386072875642490e+00 4.619458850438125610e+10
3.985263617167145167e+00 4.514647918022747803e+10
4.001204671635814059e+00 4.426363321770788574e+10
4.017209490322357190e+00 4.365101477962785339e+10
4.033278328283646630e+00 4.216135811123904419e+10
4.049411441596781458e+00 4.123048712976895142e+10
4.065609087363168506e+00 4.046945776031280518e+10
4.081871523712622185e+00 3.764292104365705872e+10
4.098199009807472315e+00 3.788163592026606750e+10
4.114591805846702144e+00 3.673613398322385406e+10
4.131050173070089038e+00 3.461680322443084717e+10
4.147574373762369149e+00 3.553843730392625427e+10
4.164164671257418959e+00 3.231362528469885254e+10
4.180821329942449260e+00 3.224723818698759842e+10
4.197544615262219558e+00 3.279465954226385880e+10
4.214334793723269357e+00 3.051226307059309006e+10
4.231192132898162761e+00 3.243598767483684921e+10
4.248116901429755288e+00 2.798640148585087585e+10
4.265109369035473996e+00 2.975549190189265442e+10
4.282169806511615384e+00 2.882657834807080078e+10
4.299298485737661935e+00 2.661320857529606247e+10
4.316495679680612874e+00 2.663149406165948105e+10
4.333761662399335357e+00 2.664619473238420105e+10
4.351096709048932532e+00 2.595848733339722443e+10
4.368501095885127583e+00 2.580735388937065506e+10
4.385975100268668214e+00 2.468106291148044968e+10
4.403519000669743555e+00 2.342669212866686249e+10
4.421133076672422391e+00 2.350335040011818314e+10
4.438817608979111817e+00 2.140840708932706833e+10
4.456572879415028332e+00 2.238839841184484100e+10
4.474399170932688463e+00 2.015497464834796906e+10
4.492296767616419828e+00 2.043963896179452896e+10
4.510265954686884626e+00 2.082234305263555908e+10
4.528307018505633330e+00 1.889406443599132919e+10
4.546420246579655711e+00 2.019318965538571930e+10
4.564605927565974497e+00 1.894639166966565323e+10
4.582864351276237258e+00 2.002324181103783417e+10
4.601195808681342925e+00 1.933207851690688324e+10
4.619600591916067422e+00 1.834420871421463394e+10
4.638078994283731937e+00 1.876187807406621170e+10
4.656631310260867629e+00 1.881469465248082352e+10
4.675257835501911430e+00 1.796432200720510101e+10
4.693958866843916944e+00 1.971453147661241913e+10
4.712734702311292878e+00 1.768040416729338455e+10
4.731585641120538810e+00 1.769915760173486328e+10
4.750511983685020923e+00 1.784526633822269440e+10
4.769514031619761063e+00 1.647814568717326927e+10
4.788592087746240011e+00 1.581845532118369102e+10
4.807746456097224730e+00 1.654003212607956886e+10
4.826977441921613377e+00 1.624577706484311676e+10
4.846285351689299858e+00 1.554908142948838806e+10
4.865670493096057925e+00 1.579808458546255112e+10
4.885133175068442135e+00 1.512634072343616867e+10
4.904673707768715474e+00 1.512120261701599312e+10
4.924292402599791174e+00 1.487340439360671425e+10
4.943989572210189642e+00 1.473167737372382927e+10
4.963765530499030021e+00 1.347179356040383148e+10
4.983620592621027079e+00 1.544396576497990990e+10
5.003555074991511198e+00 1.405397593680996323e+10
5.023569295291476777e+00 1.275373735847993088e+10
5.043663572472643075e+00 1.403135313652805328e+10
5.063838226762532813e+00 1.408786654437825775e+10
5.084093579669583640e+00 1.265943857999020767e+10
5.104429953988261381e+00 1.290458058036000443e+10
5.124847673804215020e+00 1.310579128034043312e+10
5.145347064499431688e+00 1.122748493326822281e+10
5.165928452757428957e+00 1.128300578254566574e+10
5.186592166568458673e+00 1.285402816674533844e+10
5.207338535234733001e+00 1.061835014585570526e+10
5.228167889375671784e+00 1.179977041263596916e+10
5.249080560933174766e+00 1.110614344936271858e+10
5.270076883176907145e+00 1.071288442589789391e+10
5.291157190709615321e+00 1.062785778608368111e+10
5.312321819472453299e+00 1.075583463628093910e+10
5.333571106750343738e+00 1.148844499091359520e+10
5.354905391177344320e+00 9.402095461004171371e+09
5.376325012742054099e+00 9.627183178672744751e+09
5.397830312793021612e+00 9.730864983471353531e+09
5.419421634044193858e+00 7.721376537288506508e+09
5.441099320580370602e+00 9.798450642917942047e+09
5.462863717862692425e+00 8.924875457436847687e+09
5.484715172734142996e+00 9.202612197763042450e+09
5.506654033425078865e+00 8.964565323479850769e+09
5.528680649558780580e+00 8.106814817908448219e+09
5.550795372157015350e+00 8.051238378157261848e+09
5.572998553645643227e+00 7.762232851218285561e+09
5.595290547860225949e+00 8.618875289161499023e+09
5.617671710051667766e+00 8.115723734421325684e+09
5.640142396891874021e+00 8.304439286236046791e+09
5.662702966479441713e+00 8.026089146023146629e+09
5.685353778345359821e+00 7.306857055834598541e+09
5.708095193458740724e+00 7.326468318777031898e+09
5.730927574232576482e+00 7.049980982545414925e+09
5.753851284529505783e+00 7.819261725803014755e+09
5.776866689667624399e+00 6.832126652988928795e+09
5.799974156426294769e+00 7.730550476919749260e+09
5.823174053051999977e+00 6.332230887947487831e+09
5.846466749264207508e+00 7.104710348718933105e+09
5.869852616261264977e+00 6.575397703387331963e+09
5.893332026726310069e+00 6.437705560987323761e+09
5.916905354833215114e+00 7.362152013030067444e+09
5.940572976252548543e+00 6.138247288689764977e+09
5.964335268157558545e+00 7.053645611909974098e+09
5.988192609230189589e+00 7.095620185833136559e+09
6.012145379667110490e+00 7.342136980081499100e+09
6.036193961185778889e+00 6.507126515610056877e+09
6.060338737030522616e+00 6.257717025760462761e+09
6.084580091978644134e+00 7.321943194588725090e+09
6.108918412346558746e+00 6.571900032009977341e+09
6.133354085995945226e+00 8.025913656602974892e+09
6.157887502339929320e+00 6.587038415764638901e+09
6.182519052349287669e+00 6.821774051423755646e+09
6.207249128558685491e+00 7.051062636154603004e+09
6.232078125072920471e+00 7.078605732207219124e+09
6.257006437573212843e+00 7.094916167548256874e+09
6.282034463323505236e+00 7.189909996065835953e+09
6.307162601176800720e+00 7.131457078265865326e+09
6.332391251581507063e+00 7.009184463779567719e+09
6.357720816587833390e+00 6.830135773826245308e+09
6.383151699854184180e+00 6.196617585342182159e+09
6.408684306653601226e+00 5.298809393129354477e+09
6.434319043880215361e+00 5.656402561348791122e+09
6.460056320055736379e+00 5.106994588151967049e+09
6.485896545335958052e+00 4.266234313585243702e+09
6.511840131517302233e+00 4.527310282938663483e+09
6.537887492043371829e+00 4.688552671414596558e+09
6.564039042011545533e+00 4.194186333835249424e+09
6.590295198179591196e+00 3.916076035370488644e+09
6.616656378972309405e+00 3.979789056049366474e+09
6.643123004488199257e+00 4.019439863238239765e+09
6.669695496506150789e+00 4.246504348581519604e+09
6.696374278492176479e+00 4.357344002180682182e+09
6.723159775606144528e+00 4.005825929701081276e+09
6.750052414708568094e+00 4.517148329240338326e+09
6.777052624367403411e+00 4.010676683022726059e+09
6.804160834864871887e+00 3.920501421008921146e+09
6.831377478204331055e+00 3.722389205065801620e+09
6.858702988117148180e+00 3.758177527381303310e+09
6.886137800069615622e+00 4.296139564474896431e+09
6.913682351269895499e+00 4.246180294306110382e+09
6.941337080674975013e+00 4.249686639169493675e+09
6.969102428997675069e+00 3.926958682046744823e+09
6.996978838713665994e+00 4.126833995577254295e+09
7.024966754068519670e+00 3.850354664621574879e+09
7.053066621084793653e+00 3.621061246208732605e+09
7.081278887569133929e+00 3.737784184102727890e+09
7.109604003119409654e+00 3.575392010511260033e+09
7.138042419131887861e+00 3.665794889895518780e+09
7.166594588808414379e+00 3.477067432684593678e+09
7.195260967163648047e+00 3.459856275403305531e+09
7.224042011032302923e+00 3.336634359496576309e+09
7.252938179076432235e+00 3.224066308689877510e+09
7.281949931792737196e+00 3.115965988607882023e+09
7.311077731519908696e+00 3.252614859580692291e+09
7.340322042445988515e+00 2.884328692347249031e+09
7.369683330615771411e+00 2.943501210837934494e+09
7.399162063938235612e+00 3.056364682582194805e+09
7.428758712193988423e+00 2.911316071123366833e+09
7.458473747042765112e+00 2.819240097624777317e+09
7.488307642030935796e+00 2.943302693310655117e+09
7.518260872599060285e+00 3.118854897238201141e+09
7.548333916089456253e+00 3.041377001130495548e+09
7.578527251753813587e+00 2.947857346153852463e+09
7.608841360760829176e+00 2.845706020976696491e+09
7.639276726203872769e+00 3.301485613396855831e+09
7.669833833108687493e+00 2.628734438028726578e+09
7.700513168441122325e+00 2.462582734552330017e+09
7.731315221114887670e+00 2.337212140024342060e+09
7.762240481999347352e+00 2.337364264882324696e+09
7.793289443927344351e+00 2.438083628808420658e+09
7.824462601703054077e+00 2.507924245688118935e+09
7.855760452109866065e+00 2.536738191270024300e+09
7.887183493918306532e+00 2.390898449299394608e+09
7.918732227893980458e+00 2.555523038060190678e+09
7.950407156805555431e+00 2.627265473729453087e+09
7.982208785432777454e+00 2.683354654301591396e+09
8.014137620574508958e+00 2.600090613844465256e+09
8.046194171056805899e+00 2.469155003309290409e+09
8.078378947741034821e+00 2.643939023985604286e+09
8.110692463531997021e+00 2.616124874717060566e+09
8.143135233386125549e+00 2.529980412138224125e+09
8.175707774319670662e+00 2.452901817960959911e+09
8.208410605416949224e+00 2.440599342731770515e+09
8.241244247838615422e+00 2.523205331119559288e+09
8.274209224829968790e+00 2.504907439474392414e+09
8.307306061729288871e+00 2.573679979728180885e+09
8.340535285976207192e+00 2.384159536365215778e+09
8.373897427120111203e+00 2.400769477787730217e+09
8.407393016828594412e+00 2.645761520403200626e+09
8.441022588895906509e+00 2.417119140891434193e+09
8.474786679251490540e+00 2.570035162547170639e+09
8.508685825968495209e+00 2.407686315468214035e+09
8.542720569272368891e+00 2.508346634581107616e+09
8.576891451549458978e+00 2.505403508235963345e+09
8.611199017355655627e+00 2.541326935325130939e+09
8.645643813425078150e+00 2.523488699232052326e+09
8.680226388678779159e+00 2.470983156047924042e+09
8.714947294233493125e+00 2.514769879901282310e+09
8.749807083410427566e+00 2.412443071421125889e+09
8.784806311744070229e+00 2.472359325377762318e+09
8.819945536991047774e+00 2.436734412607114315e+09
8.855225319139009343e+00 2.474345474736153603e+09
8.890646220415566958e+00 2.544127192110971928e+09
8.926208805297228821e+00 2.473029948097510338e+09
8.961913640518417878e+00 2.349915216286484241e+09
8.997761295080492161e+00 2.443346138508931160e+09
9.033752340260813085e+00 2.357147785175029278e+09
9.069887349621856387e+00 2.398164559272637844e+09
9.106166899020346150e+00 2.355379732559552670e+09
9.142591566616424359e+00 2.390635246970168114e+09
9.179161932882891506e+00 2.361930792950990200e+09
9.215878580614422333e+00 2.362427956579132557e+09
9.252742094936881045e+00 2.303059336578573704e+09
9.289753063316627646e+00 2.260703166957345486e+09
9.326912075569895322e+00 2.294204773952243328e+09
9.364219723872173162e+00 2.309438814659215450e+09
9.401676602767663482e+00 2.179286219606957912e+09
9.439283309178733816e+00 2.086880842904065371e+09
9.477040442415447075e+00 2.141445299144950151e+09
9.514948604185111236e+00 2.156730493228911400e+09
9.553008398601852136e+00 2.241476638008652210e+09
9.591220432196260859e+00 2.076177950835681677e+09
9.629585313925044687e+00 2.083353228076399803e+09
9.668103655180747324e+00 2.076585787325669765e+09
9.706776069801470896e+00 2.082095506801546335e+09
9.745603174080676112e+00 2.098319795369416475e+09
9.784585586776998412e+00 2.127272963908960104e+09
9.823723929124106746e+00 1.900463645390414953e+09
9.863018824840601440e+00 1.995992937912134171e+09
9.902470900139965337e+00 1.673640847683145523e+09
9.942080783740523842e+00 1.954390240812788725e+09
9.981849106875488431e+00 1.923438117682492495e+09
1.002177650330298952e+01 1.886891860394662380e+09
1.006186360931619994e+01 1.849577074049468279e+09
1.010211106375346723e+01 1.783484269219287157e+09
1.014251950800847979e+01 1.872631224499462843e+09
1.018308958604051284e+01 1.833515063362579823e+09
1.022382194438467451e+01 1.792587582796013832e+09
1.026471723216221399e+01 1.712509195789994001e+09
1.030577610109086173e+01 1.677502467180941820e+09
1.034699920549522467e+01 1.525518411826948881e+09
1.038838720231720458e+01 1.459870048723423243e+09
1.042994075112647501e+01 1.449534492553911924e+09
1.047166051413097954e+01 1.452421357568610668e+09
1.051354715618750468e+01 1.549535754032161474e+09
1.055560134481225454e+01 1.508914511509618521e+09
1.059782375019150358e+01 1.466224391498356104e+09
1.064021504519226902e+01 1.473818388047970533e+09
1.068277590537303823e+01 1.510461922492800951e+09
1.072550700899452991e+01 1.417970117625418901e+09
1.076840903703050856e+01 1.383684713051456213e+09
1.081148267317863088e+01 1.469045576891199827e+09
1.085472860387134553e+01 1.407038867665338516e+09
1.089814751828683015e+01 1.346356759470500708e+09
1.094174010835997635e+01 1.328382298838137865e+09
1.098550706879341909e+01 1.177228753423399687e+09
1.102944909706859100e+01 1.203526219486700296e+09
1.107356689345686540e+01 1.280820709681169748e+09
1.111786116103069233e+01 1.318986650891953230e+09
1.116233260567481622e+01 1.256393361436410189e+09
1.120698193609751492e+01 1.277741982896231890e+09
1.125180986384190440e+01 1.194078832266998768e+09
1.129681710329727373e+01 1.242620424827502489e+09
1.134200437171046083e+01 1.194360800019487619e+09
1.138737238919730466e+01 1.233611514701718807e+09
1.143292187875409383e+01 1.199882476056366920e+09
1.147865356626910938e+01 1.171306403979984522e+09
1.152456818053418530e+01 1.150708167584712744e+09
1.157066645325632237e+01 1.057267830638517141e+09
1.161694911906934635e+01 1.051882748260616541e+09
1.166341691554562487e+01 1.079499718541972160e+09
1.171007058320780736e+01 9.757274117966985703e+08
1.175691086554063958e+01 9.173193996121318340e+08
1.180393850900279951e+01 1.014040306524456382e+09
1.185115426303881137e+01 1.013977707936376929e+09
1.189855888009096674e+01 9.645146639599840641e+08
1.194615311561133097e+01 9.904721063022238016e+08
1.199393772807377623e+01 9.784608079124504328e+08
1.204191347898607134e+01 9.838183152610938549e+08
1.209008113290201614e+01 8.674592785483164787e+08
1.213844145743362368e+01 9.099529595202115774e+08
1.218699522326335938e+01 9.683318283962062597e+08
1.223574320415641381e+01 8.796121946917411089e+08
1.228468617697303777e+01 8.447802079585798979e+08
1.233382492168093059e+01 8.751460751321049929e+08
1.238316022136765504e+01 7.737144974121288061e+08
1.243269286225312520e+01 7.479973725575429201e+08
1.248242363370213859e+01 8.293249136466492414e+08
1.253235332823694748e+01 7.280909524302102327e+08
1.258248274154989410e+01 7.518958485139579773e+08
1.263281267251609385e+01 7.629765401442055702e+08
1.268334392320615756e+01 7.758434565576924086e+08
1.273407729889898299e+01 7.439667280591886044e+08
1.278501360809457665e+01 7.204342590798666477e+08
1.283615366252695544e+01 6.997836755480722189e+08
1.288749827717706253e+01 7.500310150429924726e+08
1.293904827028577031e+01 6.843518089145032167e+08
1.299080446336691352e+01 7.117424037621177435e+08
1.304276768122038099e+01 6.435582389652942419e+08
1.309493875194526424e+01 6.850046500515947342e+08
1.314731850695304693e+01 6.314843885944455862e+08
1.319990778098085649e+01 6.745741726645296812e+08
1.325270741210477965e+01 5.822916819331573248e+08
1.330571824175319939e+01 5.605585079425281286e+08
1.335894111472021173e+01 6.299561126092218161e+08
1.341237687917909227e+01 5.883830745622606277e+08
1.346602638669580898e+01 5.268887960799562931e+08
1.351989049224258999e+01 5.867248325021932125e+08
1.357397005421156067e+01 5.692022564397805929e+08
1.362826593442840917e+01 5.589441890295552015e+08
1.368277899816612297e+01 5.464639197637618780e+08
1.373751011415878942e+01 5.186564697420168519e+08
1.379246015461542463e+01 5.566638513653924465e+08
1.384762999523388416e+01 4.811953559914633036e+08
1.390302051521481808e+01 5.338662161225018501e+08
1.395863259727567751e+01 5.286948338502474427e+08
1.401446712766477987e+01 4.645273443434093595e+08
1.407052499617543972e+01 5.328004014071471691e+08
1.412680709616014063e+01 4.761023089051718116e+08
1.418331432454478147e+01 4.296279262028769255e+08
1.424004758184296193e+01 4.527434568845710158e+08
1.429700777217033369e+01 5.000845524676811099e+08
1.435419580325901379e+01 4.241275542324720025e+08
1.441161258647204946e+01 4.130520773773803711e+08
1.446925903681793812e+01 4.080643733650221229e+08
1.452713607296521126e+01 3.979809037990240455e+08
1.458524461725707155e+01 4.274001555736855268e+08
1.464358559572609764e+01 4.115406848922689557e+08
1.470215993810900557e+01 4.067241259049358964e+08
1.476096857786143879e+01 4.323706737467451692e+08
1.482001245217288599e+01 3.814285875316582918e+08
1.487929250198157760e+01 3.534303104401881695e+08
1.493880967198950316e+01 3.799379201293623447e+08
1.499856491067746056e+01 3.660057015717675686e+08
1.505855917032016933e+01 3.681493644923489690e+08
1.511879340700144958e+01 3.645040703324020505e+08
1.517926858062945605e+01 3.389082851038241982e+08
1.523998565495197433e+01 3.808808119810320139e+08
1.530094559757178274e+01 3.698982469994612336e+08
1.536214937996206764e+01 3.388605117980254292e+08
1.542359797748191674e+01 3.243875070492430329e+08
1.548529236939184450e+01 3.272821927127283216e+08
1.554723353886941339e+01 2.966933282059219480e+08
1.560942247302489072e+01 3.116627283108826876e+08
1.567186016291699069e+01 3.244837227409467101e+08
1.573454760356865556e+01 2.783469740366407633e+08
1.579748579398293096e+01 2.985039144971152544e+08
1.586067573715886247e+01 3.024877130222865939e+08
1.592411844010749888e+01 3.287730110557856560e+08
1.598781491386792730e+01 2.536710787688039243e+08
1.605176617352340074e+01 2.877631142398278713e+08
1.611597323821749228e+01 2.643493948682686985e+08
1.618043713117036120e+01 2.955136473639985323e+08
1.624515887969504391e+01 2.465413289760490060e+08
1.631013951521382310e+01 2.688289065194508433e+08
1.637538007327468037e+01 2.701784831799410582e+08
1.644088159356778078e+01 2.553299679540002346e+08
1.650664511994205341e+01 2.463917997715181112e+08
1.657267170042182158e+01 2.479631338141920269e+08
1.663896238722350418e+01 2.146092043248256147e+08
1.670551823677240222e+01 2.398368621712014079e+08
1.677234030971949608e+01 2.636075928753575683e+08
1.683942967095837062e+01 2.463190059780626595e+08
1.690678738964220429e+01 2.228557205974880755e+08
1.697441453920077237e+01 2.226292124477447867e+08
1.704231219735757108e+01 2.514082196866658628e+08
1.711048144614700561e+01 1.945577762173986137e+08
1.717892337193159236e+01 2.245945563761435151e+08
1.724763906541932101e+01 2.052914409032514989e+08
1.731662962168099895e+01 2.054110870033667088e+08
1.738589614016772344e+01 1.792591563001075089e+08
1.745543972472839300e+01 2.115981646635102332e+08
1.752526148362730751e+01 2.005166547156962156e+08
1.759536252956181812e+01 1.945348754493825734e+08
1.766574397968006238e+01 1.910732159316405952e+08
1.773640695559878466e+01 1.863274825095919371e+08
1.780735258342117433e+01 1.845748153903228939e+08
1.787858199375486024e+01 1.977557740439007580e+08
1.795009632172988034e+01 1.703628929719398916e+08
1.802189670701679702e+01 1.899029733563196361e+08
1.809398429384486562e+01 1.812267123314611018e+08
1.816636023102024211e+01 1.536459937790338099e+08
1.823902567194432578e+01 1.762168501533391476e+08
1.831198177463210186e+01 1.786692994759302437e+08
1.838522970173062987e+01 1.664593378567180634e+08
1.845877062053754969e+01 1.626959851905959547e+08
1.853260570301970134e+01 1.465242522929084301e+08
1.860673612583178027e+01 1.391409409155115783e+08
1.868116307033510637e+01 1.541388216026787460e+08
1.875588772261644976e+01 1.470391315080488324e+08
1.883091127350691352e+01 1.725878358705508709e+08
1.890623491860094063e+01 1.524690311588522494e+08
1.898185985827534594e+01 1.358837497063972652e+08
1.905778729770844748e+01 1.572392411807301044e+08
1.913401844689928311e+01 1.519641143256907165e+08
1.921055452068688041e+01 1.339768469198409319e+08
1.928739673876962968e+01 1.297078421362391412e+08
1.936454632572470658e+01 1.352181794591838717e+08
1.944200451102760141e+01 1.120582659303762168e+08
1.951977252907171589e+01 1.384277212010214329e+08
1.959785161918800256e+01 1.202813557372394055e+08
1.967624302566475691e+01 1.244090650200842768e+08
1.991079942767366973e+01 1.221402644332804978e+08
2.030901541622714390e+01 1.089869040733104050e+08
2.071519572455168756e+01 1.069780007935156822e+08
2.112949963904272010e+01 9.177252570118829608e+07
2.155208963182357707e+01 8.867219000838494301e+07
2.198313142446004420e+01 8.208542207392083108e+07
2.242279405294924643e+01 7.395220621825507283e+07
2.287124993400822959e+01 7.371045723966401815e+07
2.332867493268839709e+01 6.917150924003836513e+07
2.379524843134216638e+01 5.854189845950475335e+07
2.427115339996900900e+01 6.058753082242017239e+07
2.475657646796839018e+01 5.324945549112976342e+07
2.525170799732775961e+01 4.698221704433488846e+07
2.575674215727431715e+01 4.678962275620276481e+07
2.627187700041980278e+01 4.422406609253268689e+07
2.679731454042819649e+01 3.713373222614269704e+07
2.733326083123676042e+01 3.917359837280424684e+07
2.787992604786149542e+01 3.432059566614258289e+07
2.843752456881871993e+01 2.871899203075714409e+07
2.900627506019509738e+01 3.078774056983711571e+07
2.958640056139899599e+01 2.689004646434889361e+07
3.017812857262697435e+01 2.548624656051703542e+07
3.078169114407952023e+01 2.197858100866659731e+07
3.139732496696110431e+01 2.222886762119339779e+07
3.202527146630033172e+01 2.064765590692161396e+07
3.266577689562632969e+01 1.893335104237003624e+07
3.331909243353885586e+01 1.616529067431090400e+07
3.398547428220963695e+01 1.726348998878229409e+07
3.466518376785383282e+01 1.452716410755007342e+07
3.535848744321090464e+01 1.287965220364579931e+07
3.606565719207512188e+01 1.224608127864675783e+07
3.678697033591662802e+01 1.223040002520582266e+07
3.752270974263496583e+01 1.052585213118026033e+07
3.827316393748766643e+01 1.058979573112025298e+07
3.903862721623740839e+01 9.333554731034189463e+06
3.981939976056215613e+01 8.603788004879150540e+06
4.061578775577340394e+01 7.385982017492511310e+06
4.142810351088887444e+01 7.766759868991420604e+06
4.225666558110664539e+01 7.194285221330555156e+06
4.310179889272878029e+01 6.115190648548870347e+06
4.396383487058335504e+01 5.751555446108794771e+06
4.484311156799503095e+01 5.423681657568320632e+06
4.573997379935492091e+01 4.995960355188999325e+06
4.665477327534202345e+01 4.525785965459729545e+06
4.758786874084886165e+01 4.347551052592331544e+06
4.853962611566583973e+01 4.117744166235405020e+06
4.951041863797915710e+01 3.565179391800120939e+06
5.050062701073873939e+01 3.442951415154370945e+06
5.151063955095351332e+01 3.037553687197117601e+06
5.254085234197258103e+01 3.183313361280430108e+06
5.359166938881203635e+01 2.853372608191046398e+06
5.466350277658827395e+01 2.628896707695689984e+06
5.575677283212004198e+01 2.241825222299339250e+06
5.687190828876244098e+01 2.149291511597217526e+06
5.800934645453768468e+01 2.040431926377339056e+06
5.916953338362844050e+01 1.926472394507149467e+06
6.035292405130100946e+01 1.743181350684933364e+06
6.155998253232701956e+01 1.751944883306144737e+06
6.279118218297357146e+01 1.485906318540275097e+06
6.404700582663303976e+01 1.301149256145874038e+06
6.532794594316570169e+01 1.226744160638603382e+06
6.663450486202900436e+01 1.146807371272662655e+06
6.796719495926959098e+01 1.176887133640954737e+06
6.932653885845499531e+01 1.111718873185162665e+06
7.071306963562409464e+01 9.559027593974802876e+05
7.212733102833657028e+01 8.384820634718307992e+05
7.356987764890331505e+01 8.062721538892610697e+05
7.504127520188137623e+01 7.274619942128947005e+05
7.654210070591901172e+01 7.184745564415028784e+05
7.807294272003738911e+01 6.597952133117048070e+05
7.963440157443814371e+01 6.126378810442374088e+05
8.122708960592690630e+01 5.293188235032472294e+05
8.285163139804545551e+01 4.923118704670058796e+05
8.450866402600635752e+01 4.746936699373780866e+05
8.619883730652648524e+01 4.582605012244624668e+05
8.792281405265701721e+01 4.912082602929121349e+05
8.968127033371015955e+01 3.954379333176644286e+05
9.147489574038435478e+01 3.864883946361824055e+05
9.330439365519204387e+01 3.325045066381585784e+05
9.517048152829590890e+01 2.882538448867104598e+05
9.707389115886181230e+01 3.070561616298079025e+05
9.901536898203904968e+01 2.439374435739955225e+05
