# Wavelength [um]       Fp [W/m2/m]  
1.000553076518779783e-01 1.721238818957518679e-01
1.004555288824854897e-01 2.707175139632368433e-26
1.008573509980154326e-01 8.086185223080099691e-25
1.012607804020075053e-01 1.249169370513236144e-24
1.016658235236155422e-01 3.563545103479708235e-26
1.020724868177099870e-01 1.725832730404252143e-19
1.024807767649808382e-01 2.949953672001495378e-20
1.028906998720407612e-01 7.104602201983831465e-24
1.033022626715289355e-01 2.612960156296626119e-18
1.037154717222150413e-01 4.858227437939570569e-25
1.041303336091038839e-01 9.818912923847875852e-23
1.045468549435403099e-01 1.941108882140565229e-21
1.049650423633144702e-01 8.390146132774634139e-26
1.053849025327677214e-01 1.873386894364050714e-19
1.058064421428987906e-01 1.522332403766576418e-23
1.062296679114703990e-01 3.997170852176631287e-19
1.066545865831162732e-01 1.640180081295607846e-20
1.070812049294487533e-01 3.212374839464102995e-21
1.075095297491665408e-01 7.942401135536536851e-18
1.079395678681632220e-01 3.651199156207918136e-21
1.083713261396358624e-01 2.136185477633883965e-17
1.088048114441943909e-01 5.643455614451031069e-18
1.092400306899711654e-01 1.336618303386776959e-13
1.096769908127310511e-01 1.315433453932360861e-17
1.101156987759819850e-01 8.847899819879114223e-18
1.105561615710859147e-01 1.112031568376902043e-13
1.109983862173702651e-01 8.245460419583501561e-15
1.114423797622397516e-01 1.814337363617881620e-16
1.118881492812886930e-01 2.983401901257374494e-17
1.123357018784138517e-01 2.301146226354895347e-16
1.127850446859275102e-01 5.038557117290859501e-12
1.132361848646712132e-01 1.273666483003039422e-12
1.136891296041298988e-01 1.767078506188402636e-12
1.141438861225464035e-01 2.540171263421877436e-12
1.146004616670366072e-01 3.958817421576659737e-12
1.150588635137047705e-01 3.158080449648743959e-12
1.155190989677595953e-01 1.997725259665171971e-12
1.159811753636306314e-01 6.375342646446331609e-12
1.164451000650851553e-01 1.146374248901037970e-12
1.169108804653455069e-01 1.051147989297463742e-12
1.173785239872068981e-01 1.725760556846117349e-12
1.178480380831557206e-01 1.387801109247260915e-12
1.183194302354883543e-01 5.309460622987391450e-12
1.187927079564302935e-01 3.835842155440936833e-14
1.192678787882560099e-01 8.456270950383353853e-14
1.197449503034090645e-01 7.280600813759344123e-14
1.202239301046226783e-01 4.091687722639679605e-16
1.207048258250411760e-01 4.124687085330130822e-14
1.211876451283413342e-01 1.253575044730819453e-14
1.216723957088547137e-01 2.152655382408188148e-14
1.221590852916901310e-01 2.146900327305761622e-13
1.226477216328568792e-01 3.990266348805006777e-12
1.231383125193883099e-01 2.338666349985832988e-14
1.236308657694658586e-01 1.195905387821129713e-12
1.241253892325437369e-01 6.672866181617010543e-13
1.246218907894739159e-01 1.583271694878965583e-14
1.251203783526317892e-01 3.192723962688071398e-14
1.256208598660423226e-01 2.358334810232080201e-11
1.261233433055065078e-01 1.592257478694276826e-11
1.266278366787285392e-01 4.416674876758964447e-14
1.271343480254434610e-01 3.064596900133704290e-12
1.276428854175452321e-01 2.718470710520637810e-12
1.281534569592154005e-01 3.367825886487799772e-13
1.286660707870522780e-01 1.966666403638578977e-12
1.291807350702004475e-01 6.485854940504792037e-12
1.296974580104812425e-01 3.934236296571980062e-12
1.302162478425231973e-01 2.541832491381143659e-12
1.307371128338932764e-01 5.763977799902211282e-11
1.312600612852288795e-01 2.681325721228547265e-11
1.317851015303697915e-01 6.163056850065888807e-11
1.323122419364912705e-01 5.835005804664363941e-10
1.328414909042372472e-01 1.208801811330784714e-09
1.333728568678542170e-01 6.370252429835441174e-10
1.339063482953256612e-01 4.310832128812520573e-11
1.344419736885069383e-01 5.675483632011551636e-10
1.349797415832609815e-01 4.949163907500424947e-09
1.355196605495940232e-01 2.827924660881997839e-09
1.360617391917924301e-01 9.907589885896843605e-09
1.366059861485595939e-01 1.305271788337476667e-09
1.371524100931538481e-01 1.188871872444590394e-10
1.377010197335264696e-01 6.940008707852884955e-10
1.382518238124605670e-01 3.141250993379755995e-08
1.388048311077104136e-01 1.465535429976081244e-08
1.393600504321412248e-01 1.227900933059984562e-09
1.399174906338697677e-01 8.687837398512036345e-10
1.404771605964052761e-01 1.012909754199946617e-07
1.410390692387908651e-01 8.759297428881644433e-09
1.416032255157460562e-01 3.287948455669143016e-07
1.421696384178090522e-01 3.909919633524399335e-10
1.427383169714803168e-01 6.525421933362131380e-08
1.433092702393662099e-01 2.141053139625338672e-06
1.438825073203236771e-01 2.664401904434675372e-07
1.444580373496049674e-01 1.643983297617027851e-06
1.450358694990033503e-01 2.895894474011109105e-07
1.456160129769993872e-01 3.890556274238417813e-06
1.461984770289073976e-01 4.929930456845175782e-06
1.467832709370230082e-01 1.396417088151217647e-06
1.473704040207710897e-01 6.779920369389430776e-06
1.479598856368541382e-01 6.696057112067751730e-08
1.485517251794015725e-01 3.007222155835534250e-06
1.491459320801191979e-01 4.244884960510167392e-06
1.497425158084396690e-01 8.727401036468418137e-07
1.503414858716734248e-01 3.927528271105513881e-06
1.509428518151600951e-01 5.758810241474337619e-07
1.515466232224207677e-01 3.578208237633993673e-08
1.521528097153104220e-01 1.417848235821354254e-07
1.527614209541716672e-01 5.303747252809697667e-08
1.533724666379883694e-01 3.035319588877938280e-08
1.539859565045403056e-01 5.831543529690964449e-08
1.546019003305584838e-01 3.053498063010149844e-09
1.552203079318807133e-01 1.375035605895328140e-08
1.558411891636082569e-01 1.346801200239473990e-08
1.564645539202626778e-01 1.118298581893754943e-08
1.570904121359437411e-01 3.725446562303721180e-08
1.577187737844875093e-01 1.960218073876608622e-08
1.583496488796254653e-01 4.543116799962891909e-08
1.589830474751439959e-01 7.565013754094110087e-08
1.596189796650445414e-01 4.018441027741271615e-08
1.602574555837047166e-01 5.439159582198369638e-08
1.608984854060395708e-01 8.595712827477375036e-08
1.615420793476636807e-01 7.578317012652131693e-08
1.621882476650543525e-01 1.215850530217427735e-07
1.628370006557145755e-01 1.051049893688122672e-07
1.634883486583374457e-01 1.681341985869346383e-07
1.641423020529707844e-01 2.602397158442812861e-07
1.647988712611826723e-01 2.419144586337688962e-07
1.654580667462274002e-01 2.033315389929529828e-07
1.661198990132123077e-01 4.665933650032756105e-07
1.667843786092651215e-01 4.670501917354472567e-07
1.674515161237022098e-01 7.782628946102205328e-07
1.681213221881969755e-01 1.375367901952306989e-06
1.687938074769497754e-01 1.406751465156706218e-06
1.694689827068575905e-01 3.430292937806793489e-06
1.701468586376850278e-01 3.171373447829155641e-06
1.708274460722357391e-01 3.282919313165937157e-06
1.715107558565246715e-01 4.797652934777173460e-06
1.721967988799507909e-01 4.938714627006038127e-06
1.728855860754705820e-01 7.616673396563674076e-06
1.735771284197724640e-01 7.053674957088833864e-06
1.742714369334515678e-01 7.931325722979178249e-06
1.749685226811853456e-01 1.472085950205662225e-05
1.756683967719100681e-01 1.443044531706068981e-05
1.763710703589977391e-01 3.061672889811885046e-05
1.770765546404337309e-01 3.599956826673529565e-05
1.777848608589954471e-01 2.098860900604444631e-05
1.784960003024314568e-01 5.776699713617291582e-05
1.792099843036411844e-01 5.249606042965361118e-05
1.799268242408557650e-01 6.396603763452211660e-05
1.806465315378191772e-01 1.281427598720767268e-04
1.813691176639704306e-01 6.410021521577483419e-05
1.820945941346263086e-01 1.058673641875769542e-04
1.828229725111648329e-01 8.002455637411666424e-05
1.835542644012094771e-01 9.137155237672200275e-05
1.842884814588143239e-01 2.222401113132611665e-04
1.850256353846495561e-01 4.626268876511371083e-04
1.857657379261881403e-01 2.121760701219717153e-04
1.865088008778928996e-01 6.134286411190711984e-04
1.872548360814044743e-01 5.382969571494633770e-04
1.880038554257300876e-01 3.622077040936746636e-04
1.887558708474330049e-01 1.058341595265468397e-03
1.895108943308226879e-01 7.960347406979176484e-04
1.902689379081460019e-01 6.915086903603210678e-04
1.910300136597785636e-01 2.171133933496653245e-03
1.917941337144176972e-01 1.356430910666971352e-03
1.925613102492753359e-01 1.812600664671875847e-03
1.933315554902724498e-01 3.718787488698597522e-03
1.941048817122335568e-01 3.084162895470257508e-03
1.948813012390824828e-01 3.178152638877566362e-03
1.956608264440388156e-01 6.884342978886513406e-03
1.964434697498149418e-01 4.077465745057814658e-03
1.972292436288141937e-01 5.815258379309119069e-03
1.980181606033294406e-01 9.379778839468553772e-03
1.988102332457427346e-01 7.803923690933804030e-03
1.996054741787257336e-01 7.696119886894675285e-03
2.004038960754406518e-01 9.897618700687893512e-03
2.012055116597424309e-01 9.992888029400490840e-03
2.020103337063813842e-01 7.929970846682022831e-03
2.028183750412069219e-01 7.882427012682468800e-03
2.036296485413717494e-01 1.360466924141194751e-02
2.044441671355372303e-01 1.550956039372010029e-02
2.052619438040793887e-01 2.149620278722071121e-02
2.060829915792957157e-01 2.304743485451168916e-02
2.069073235456129201e-01 2.552792721658426328e-02
2.077349528397953449e-01 2.959877580184294699e-02
2.085658926511545219e-01 3.616228749632136030e-02
2.094001562217591150e-01 4.090037462873027246e-02
2.102377568466461677e-01 4.560331910699243207e-02
2.110787078740327671e-01 4.727071623607053547e-02
2.119230227055288740e-01 5.899905077495420230e-02
2.127707147963510126e-01 6.878614031388587124e-02
2.136217976555363773e-01 8.154250167097371049e-02
2.144762848461585492e-01 7.892364409964004734e-02
2.153341899855431840e-01 1.034171030632973914e-01
2.161955267454853669e-01 1.286616915622911250e-01
2.170603088524672986e-01 1.510883658666797580e-01
2.179285500878772042e-01 1.506287589373866420e-01
2.188002642882286852e-01 1.751865778453191025e-01
2.196754653453815986e-01 2.329583371812858905e-01
2.205541672067631020e-01 2.474208853784531092e-01
2.214363838755901703e-01 3.721570054809592021e-01
2.223221294110925284e-01 3.126647788145932028e-01
2.232114179287369160e-01 5.871402656204315340e-01
2.241042636004518529e-01 4.971205905595970642e-01
2.250006806548536520e-01 9.323785064570225822e-01
2.259006833774730438e-01 7.165651477927934554e-01
2.268042861109829667e-01 9.680569778869412279e-01
2.277115032554268836e-01 1.161785838383645020e+00
2.286223492684485714e-01 1.303683561190215112e+00
2.295368386655223802e-01 2.478638445606148988e+00
2.304549860201844658e-01 1.250868954317091442e+00
2.313768059642651864e-01 2.537366175329669904e+00
2.323023131881222503e-01 2.476768835025585869e+00
2.332315224408747223e-01 3.945055162364729195e+00
2.341644485306381973e-01 4.783575265645422903e+00
2.351011063247607502e-01 2.691348996484026035e+00
2.360415107500598020e-01 6.144080548075931958e+00
2.369856767930600405e-01 3.340607728379429986e+00
2.379336195002322851e-01 8.069211019599439538e+00
2.388853539782332114e-01 7.152483021119303785e+00
2.398408953941461863e-01 1.763940162184277227e+01
2.408002589757227141e-01 2.026395670439170260e+01
2.417634600116256582e-01 9.177115933091865685e+00
2.427305138516721306e-01 2.965442032862409860e+01
2.437014359070788505e-01 2.440928455056485191e+01
2.446762416507071713e-01 6.788285089710846876e+01
2.456549466173099938e-01 3.450476967203493928e+01
2.466375664037792625e-01 5.684152988030470510e+01
2.476241166693943785e-01 8.232174283575761820e+01
2.486146131360719436e-01 2.574006793968309736e+01
2.496090715886161993e-01 7.738977225492010348e+01
2.506075078749706586e-01 5.517855002547527477e+01
2.516099379064705155e-01 9.121083411694350218e+01
2.526163776580964138e-01 2.251260340241934728e+02
2.536268431687287994e-01 3.640643530683493054e+02
2.546413505414037437e-01 4.695618957628507815e+02
2.556599159435693491e-01 2.259063719399689489e+02
2.566825556073435988e-01 1.948562896835698268e+02
2.577092858297729827e-01 2.303876497261308884e+02
2.587401229730920682e-01 1.887557956878401910e+02
2.597750834649844576e-01 3.092091595938854880e+02
2.608141837988444123e-01 2.982995484975446630e+02
2.618574405340398092e-01 5.023186078085883537e+02
2.629048702961759298e-01 7.737310628018406078e+02
2.639564897773606367e-01 7.341483691330837473e+02
2.650123157364701054e-01 6.906705270001618828e+02
2.660723649994159445e-01 6.611820885775064198e+02
2.671366544594135917e-01 6.042818330904051436e+02
2.682052010772512096e-01 8.287717299003663811e+02
2.692780218815602478e-01 7.384663981155933925e+02
2.703551339690865030e-01 9.612911155311253424e+02
2.714365545049627904e-01 1.012558686910952247e+03
2.725223007229827243e-01 9.942478617492909052e+02
2.736123899258746106e-01 1.018497742150704994e+03
2.747068394855781692e-01 1.115559472500343873e+03
2.758056668435204806e-01 1.029626851122363860e+03
2.769088895108945403e-01 1.086397477425075294e+03
2.780165250689380918e-01 1.026056182382747238e+03
2.791285911692138466e-01 1.003020212818534674e+03
2.802451055338907038e-01 9.521966387306260913e+02
2.813660859560263017e-01 9.060273111485146273e+02
2.824915502998503469e-01 8.727196491382583190e+02
2.836215165010497197e-01 8.739906814965434023e+02
2.847560025670539119e-01 9.247440841676472019e+02
2.858950265773221866e-01 1.041420657972306799e+03
2.870386066836315142e-01 1.242010762601662009e+03
2.881867611103660631e-01 1.547656626197908736e+03
2.893395081548075787e-01 1.982269376419177206e+03
2.904968661874267610e-01 2.569731696773305430e+03
2.916588536521764197e-01 3.349234403570807899e+03
2.928254890667851273e-01 4.346420969011603120e+03
2.939967910230522619e-01 5.611555228023642485e+03
2.951727781871444911e-01 7.207560586689863158e+03
2.963534692998930908e-01 9.160042107925639357e+03
2.975388831770926501e-01 1.145422201738875629e+04
2.987290387098009981e-01 1.447201780204565330e+04
2.999239548646402409e-01 1.776955777428777219e+04
3.011236506840988536e-01 2.219251202055121757e+04
3.023281452868351593e-01 2.693922015243913847e+04
3.035374578679824742e-01 3.129143915961194944e+04
3.047516076994544187e-01 3.989511188692996802e+04
3.059706141302522830e-01 4.814791678120587312e+04
3.071944965867733357e-01 5.758865897327378480e+04
3.084232745731204095e-01 6.932230915996954718e+04
3.096569676714128194e-01 7.698310465136315906e+04
3.108955955420985018e-01 9.141444966251219739e+04
3.121391779242668751e-01 1.158412752013730351e+05
3.133877346359639215e-01 1.371835037128655240e+05
3.146412855745078230e-01 1.628977406468351837e+05
3.158998507168058190e-01 1.918267802157926490e+05
3.171634501196730627e-01 2.274721046628322802e+05
3.184321039201517545e-01 2.565623804458772647e+05
3.197058323358323295e-01 2.900783117090132437e+05
3.209846556651756444e-01 3.509427045054490445e+05
3.222685942878363852e-01 3.385316385684878333e+05
3.235576686649877520e-01 4.625325372878590133e+05
3.248518993396476984e-01 5.602559636311917566e+05
3.261513069370062801e-01 6.331102729656889569e+05
3.274559121647543369e-01 6.962513517129973043e+05
3.287657358134133401e-01 5.327587333999273833e+05
3.300807987566670154e-01 4.240214503614119894e+04
3.314011219516936890e-01 3.763362343918879051e+05
3.327267264395004642e-01 1.123313987568559358e+06
3.340576333452584534e-01 1.505182293808117276e+06
3.353938638786395088e-01 1.790156486993386410e+06
3.367354393341540630e-01 2.055753046126434579e+06
3.380823810914907468e-01 2.347452930082544684e+06
3.394347106158566718e-01 2.665937993611951359e+06
3.407924494583201014e-01 2.784829310427434277e+06
3.421556192561533982e-01 2.722480753643487114e+06
3.435242417331779707e-01 2.297268396844072267e+06
3.448983387001106626e-01 1.779615102486988995e+06
3.462779320549111417e-01 2.951486457271032501e+06
3.476630437831307319e-01 3.112230491914861836e+06
3.490536959582632992e-01 3.414189652555331122e+06
3.504499107420963600e-01 4.953310183226900175e+06
3.518517103850647421e-01 5.416422333529894240e+06
3.532591172266050239e-01 6.907956692889539525e+06
3.546721536955114717e-01 9.342335315854182467e+06
3.560908423102934761e-01 7.284132697714926675e+06
3.575152056795346533e-01 6.607956506727709435e+06
3.589452665022527800e-01 9.236835390397066250e+06
3.603810475682617254e-01 1.157660274151363783e+07
3.618225717585348278e-01 1.129146242091015354e+07
3.632698620455689364e-01 1.233099301715207845e+07
3.647229414937512293e-01 1.273416663550941274e+07
3.661818332597261971e-01 1.625774459686062299e+07
3.676465605927651259e-01 1.209242993923982978e+07
3.691171468351361895e-01 1.324157902594225481e+07
3.705936154224767076e-01 1.206274561572315916e+07
3.720759898841666247e-01 1.232542082341444865e+07
3.735642938437032656e-01 1.333328890504001454e+07
3.750585510190780902e-01 1.473958868112513237e+07
3.765587852231543908e-01 1.872018566051156446e+07
3.780650203640470441e-01 2.593719593255276978e+07
3.795772804455032068e-01 2.500537173286693543e+07
3.810955895672852312e-01 2.721706266737475991e+07
3.826199719255543585e-01 2.190668214636202529e+07
3.841504518132565771e-01 2.633828890227757767e+07
3.856870536205096456e-01 2.427559042427289113e+07
3.872298018349916715e-01 2.733458022376320884e+07
3.887787210423316320e-01 2.852305065131728351e+07
3.903338359265008939e-01 3.235367164871863648e+07
3.918951712702069545e-01 3.596005989449014515e+07
3.934627519552877928e-01 4.311528797974419594e+07
3.950366029631089404e-01 7.000784214907464385e+07
3.966167493749613859e-01 8.529421135529734194e+07
3.982032163724612550e-01 9.771328202658073604e+07
3.997960292379510450e-01 1.045671344987166375e+08
4.013952133549028578e-01 1.163561873080798239e+08
4.030007942083224659e-01 1.144201537999741584e+08
4.046127973851557647e-01 3.287531676927001774e+07
4.062312485746963908e-01 1.116756035609241277e+08
4.078561735689951728e-01 1.203422084569599926e+08
4.094875982632711353e-01 1.286270765214549303e+08
4.111255486563242245e-01 1.288362348511240780e+08
4.127700508509495880e-01 1.223800774688957185e+08
4.144211310543532978e-01 1.170636077753230631e+08
4.160788155785707931e-01 1.135351253749632835e+08
4.177431308408850463e-01 1.071789831232385188e+08
4.194141033642486138e-01 1.035403998888786584e+08
4.210917597777056320e-01 1.027909350953995883e+08
4.227761268168164221e-01 1.062546813711810410e+08
4.244672313240837602e-01 1.164419587997967005e+08
4.261651002493800910e-01 1.312938021247381121e+08
4.278697606503775730e-01 1.508202982499979138e+08
4.295812396929790666e-01 1.740262975269602835e+08
4.312995646517510107e-01 2.045310885750465691e+08
4.330247629103580187e-01 2.395781578486609757e+08
4.347568619619994745e-01 2.842174587636536956e+08
4.364958894098474596e-01 2.940128744979744554e+08
4.382418729674867897e-01 2.801283411728833914e+08
4.399948404593567730e-01 3.805811031865401268e+08
4.417548198211941890e-01 4.129688530077012181e+08
4.435218391004789873e-01 3.926028078751102090e+08
4.452959264568808750e-01 4.511033036500709653e+08
4.470771101627084021e-01 4.608342654271310568e+08
4.488654186033592119e-01 5.085629162412447929e+08
4.506608802777726241e-01 6.408064061280614138e+08
4.524635237988837710e-01 6.850242757596604824e+08
4.542733778940792333e-01 7.840944677007330656e+08
4.560904714056555065e-01 7.106636307866294384e+08
4.579148332912781894e-01 6.991159680566798449e+08
4.597464926244433370e-01 7.166875789764746428e+08
4.615854785949410899e-01 9.269049492982521057e+08
4.634318205093208576e-01 7.867496386883728504e+08
4.652855477913582227e-01 9.213413895048711300e+08
4.671466899825236219e-01 9.686321692516572475e+08
4.690152767424536906e-01 1.059237204897310615e+09
4.708913378494234969e-01 1.273696824546715975e+09
4.727749032008212171e-01 1.205869331845267773e+09
4.746660028136244769e-01 1.385832222677105188e+09
4.765646668248789131e-01 1.016289867700062871e+09
4.784709254921784560e-01 6.592848822586122751e+08
4.803848091941470555e-01 7.119564250483227968e+08
4.823063484309236815e-01 7.987196746527322531e+08
4.842355738246474361e-01 1.063453849968332529e+09
4.861725161199459966e-01 1.200421676513461590e+09
4.881172061844257226e-01 1.460598443610018969e+09
4.900696750091634302e-01 1.270256204499671936e+09
4.920299537092001074e-01 1.376312751927096605e+09
4.939980735240369625e-01 1.594031723947000027e+09
4.959740658181330253e-01 1.174882576751038313e+09
4.979579620814056362e-01 1.082540106039145231e+09
4.999497939297311566e-01 1.017654794116196871e+09
5.019495931054501758e-01 8.029570729446128607e+08
5.039573914778719965e-01 8.122837358607194424e+08
5.059732210437835054e-01 6.839814924402302504e+08
5.079971139279585435e-01 6.464729366777368784e+08
5.100291023836703852e-01 5.376902095408008099e+08
5.120692187932051054e-01 4.090560537256299853e+08
5.141174956683780550e-01 3.111404001366533637e+08
5.161739656510514473e-01 2.578594158737778962e+08
5.182386615136556074e-01 2.496676493435155153e+08
5.203116161597103329e-01 3.023441513548894525e+08
5.223928626243490303e-01 6.914706831780264378e+08
5.244824340748465152e-01 6.569758389179003239e+08
5.265803638111459239e-01 6.522098956596760750e+08
5.286866852663905103e-01 6.470259539011037350e+08
5.308014320074561088e-01 6.552194146942931414e+08
5.329246377354859288e-01 5.993951514061945677e+08
5.350563362864277916e-01 5.913567419912526608e+08
5.371965616315735881e-01 5.409212466529154778e+08
5.393453478780998456e-01 5.102964858352395296e+08
5.415027292696121819e-01 4.721499273891622424e+08
5.436687401866906466e-01 4.285390346113396287e+08
5.458434151474373941e-01 3.838630377295137048e+08
5.480267888080271321e-01 3.178100477077664733e+08
5.502188959632591247e-01 3.039281205504325628e+08
5.524197715471121928e-01 2.766034893042892218e+08
5.546294506333006025e-01 2.492971118210835755e+08
5.568479684358338400e-01 2.209580030692635775e+08
5.590753603095770519e-01 1.935930571294915676e+08
5.613116617508153716e-01 1.655922643339468837e+08
5.635569083978186899e-01 1.421481720043865442e+08
5.658111360314097560e-01 1.163423856934029460e+08
5.680743805755354980e-01 9.357702574074670672e+07
5.703466780978375672e-01 7.339991552440157533e+07
5.726280648102289872e-01 5.595133199986359477e+07
5.749185770694699160e-01 4.056946024094356596e+07
5.772182513777477375e-01 2.818020570799840242e+07
5.795271243832587071e-01 1.828115246775816381e+07
5.818452328807918184e-01 1.096753846154519543e+07
5.841726138123150003e-01 6.016364456155904569e+06
5.865093042675643131e-01 1.571637576071578544e+06
5.888553414846344758e-01 3.834060344906558021e+04
5.912107628505729462e-01 4.890336798765360145e+05
5.935756059019753339e-01 5.119836885841629468e+06
5.959499083255832552e-01 1.504657103104396909e+07
5.983337079588855190e-01 3.181586733556640521e+07
6.007270427907210886e-01 6.069269937874572724e+07
6.031299509618840426e-01 1.086430980981831849e+08
6.055424707657315331e-01 1.769567655099011362e+08
6.079646406487945187e-01 2.695738233906087875e+08
6.103964992113897203e-01 3.883389336163815856e+08
6.128380852082353503e-01 5.529600592926948071e+08
6.152894375490681744e-01 7.509020842633068562e+08
6.177505952992645710e-01 9.750766969467132092e+08
6.202215976804615893e-01 1.240464175403537750e+09
6.227024840711834486e-01 1.532613983688670874e+09
6.251932940074681477e-01 1.892333481938682079e+09
6.276940671834980723e-01 2.300185392613994122e+09
6.302048434522321552e-01 2.778125952546487808e+09
6.327256628260409244e-01 3.316434835890082359e+09
6.352565654773452142e-01 3.759656361718614101e+09
6.377975917392545435e-01 3.960694418843991756e+09
6.403487821062116003e-01 4.726388991071718216e+09
6.429101772346363930e-01 5.728180377400423050e+09
6.454818179435749537e-01 6.725542811539157867e+09
6.480637452153492628e-01 7.567030504520844460e+09
6.506560001962106154e-01 8.535580570463882446e+09
6.532586241969955410e-01 9.753529270548978806e+09
6.558716586937833881e-01 9.767621152777565002e+09
6.584951453285585732e-01 1.018397594307541084e+10
6.611291259098727169e-01 1.086593303062431908e+10
6.637736424135122215e-01 1.125746080884874344e+10
6.664287369831662922e-01 1.143463425765090561e+10
6.690944519310989547e-01 1.186538300310490036e+10
6.717708297388232941e-01 1.250955232171320534e+10
6.744579130577786907e-01 1.322944351236080170e+10
6.771557447100098326e-01 1.449376469131080627e+10
6.798643676888498355e-01 1.446886671153344345e+10
6.825838251596052508e-01 1.491661307798985672e+10
6.853141604602436265e-01 1.469192453332511139e+10
6.880554171020846210e-01 1.398861495994997406e+10
6.908076387704928933e-01 1.355279813000591278e+10
6.935708693255748791e-01 1.374878273928309250e+10
6.963451528028771209e-01 1.412404884061215591e+10
6.991305334140887062e-01 1.424688855047923660e+10
7.019270555477450380e-01 1.576363285346181679e+10
7.047347637699360456e-01 2.046008105680130005e+10
7.075537028250157290e-01 1.848974663870306396e+10
7.103839176363159202e-01 1.776473045169385910e+10
7.132254533068611568e-01 1.804664084228775024e+10
7.160783551200886610e-01 1.862059107262820053e+10
7.189426685405689854e-01 2.057581692209431839e+10
7.218184392147313222e-01 2.110140288217192078e+10
7.247057129715901436e-01 2.357233167149841690e+10
7.276045358234763949e-01 2.519610764621595764e+10
7.305149539667704639e-01 2.713688105899248886e+10
7.334370137826373703e-01 2.800342762674806595e+10
7.363707618377679509e-01 2.614310957556923294e+10
7.393162448851190449e-01 2.423987082448171234e+10
7.422735098646596752e-01 2.196173372526565170e+10
7.452426039041182282e-01 1.971068620321604538e+10
7.482235743197346300e-01 1.839358048088556671e+10
7.512164686170136330e-01 1.655568513548556519e+10
7.542213344914817652e-01 1.494920547146719360e+10
7.572382198294477229e-01 1.274419006547186852e+10
7.602671727087656484e-01 8.993710311467012405e+09
7.633082413996006288e-01 3.103498797448309422e+09
7.663614743651989691e-01 1.151486725537444353e+08
7.694269202626597970e-01 1.594601427396643758e+08
7.725046279437104424e-01 1.715609110720622540e+09
7.755946464554852593e-01 6.059389371450737953e+09
7.786970250413072225e-01 1.240389462319849396e+10
7.818118131414724115e-01 1.804144102265143585e+10
7.849390603940383793e-01 2.214140282234973145e+10
7.880788166356144098e-01 2.600825553791935730e+10
7.912311319021569922e-01 2.852246151649352646e+10
7.943960564297655180e-01 3.281993537026576233e+10
7.975736406554845281e-01 3.566383887553833008e+10
8.007639352181065151e-01 4.096429351295038605e+10
8.039669909589789443e-01 4.859475325777738190e+10
8.071828589228148276e-01 5.636583289831831360e+10
8.104115903585061842e-01 6.426857081438917542e+10
8.136532367199402760e-01 7.300032356538117981e+10
8.169078496668199518e-01 7.804412964605021667e+10
8.201754810654874328e-01 6.774401063802114868e+10
8.234561829897493190e-01 8.322950420976161194e+10
8.267500077217083687e-01 8.864586297698278809e+10
8.300570077525952772e-01 8.663140069056437683e+10
8.333772357836056743e-01 9.462066328517022705e+10
8.367107447267401188e-01 9.783745941667085266e+10
8.400575877056470908e-01 1.023141485393172302e+11
8.434178180564695371e-01 9.433340532900975037e+10
8.467914893286955236e-01 7.615393882600140381e+10
8.501786552860102208e-01 8.544788727975131226e+10
8.535793699071543283e-01 9.144554366557164001e+10
8.569936873867830540e-01 1.016755289649529114e+11
8.604216621363300899e-01 1.030223273602384186e+11
8.638633487848753623e-01 7.629984270009873962e+10
8.673188021800150027e-01 9.714484486146516418e+10
8.707880773887352044e-01 7.871385109478457642e+10
8.742712296982900755e-01 8.792568944053712463e+10
8.777683146170831563e-01 1.034659780876842804e+11
8.812793878755513788e-01 1.131594711944177246e+11
8.848045054270535781e-01 1.297499170538885956e+11
8.883437234487617795e-01 9.737807787384242249e+10
8.918970983425568155e-01 1.180176467538866577e+11
8.954646867359271623e-01 1.200378987311845703e+11
8.990465454828707736e-01 1.342812175983859253e+11
9.026427316648023558e-01 1.344989593523108368e+11
9.062533025914615292e-01 1.360872139990633545e+11
9.098783158018273198e-01 1.553420704437162476e+11
9.135178290650346478e-01 1.640022048223917236e+11
9.171719003812948134e-01 1.768824737204607239e+11
9.208405879828199803e-01 1.894619699169593811e+11
9.245239503347512100e-01 1.848361505970054016e+11
9.282220461360901620e-01 1.515808314496231384e+11
9.319349343206346781e-01 1.543738837884590759e+11
9.356626740579171431e-01 1.629246262760851440e+11
9.394053247541488405e-01 1.752588587320361328e+11
9.431629460531654185e-01 1.843450853973208618e+11
9.469355978373780180e-01 1.962788830195819092e+11
9.507233402287275092e-01 1.982254544177580566e+11
9.545262335896426142e-01 2.092608930491896973e+11
9.583443385240012491e-01 2.022912079183258362e+11
9.621777158780971950e-01 2.046942376791006165e+11
9.660264267416096562e-01 2.135309915191806641e+11
9.698905324485760371e-01 2.191331943707445374e+11
9.737700945783701600e-01 1.945701116411572571e+11
9.776651749566835914e-01 2.026609059983828125e+11
9.815758356565105203e-01 2.048773794744771423e+11
9.855021389991363012e-01 2.063065277697586975e+11
9.894441475551331022e-01 1.911135978515031128e+11
9.934019241453534432e-01 1.329973908003496552e+11
9.973755318419349480e-01 1.459811932255438232e+11
1.001365033969302543e+00 1.377995531886065369e+11
1.005370494105179757e+00 1.454079260846210938e+11
1.009391976081600362e+00 1.652780829480091858e+11
1.013429543985926884e+00 1.750618738881584778e+11
1.017483262161870350e+00 1.845632599331789246e+11
1.021553195210518128e+00 1.934180464354714966e+11
1.025639407991360219e+00 1.942932792620604858e+11
1.029741965623325539e+00 1.909344587454236755e+11
1.033860933485818867e+00 1.932169721985029602e+11
1.037996377219762012e+00 2.240181250813854675e+11
1.042148362728641198e+00 2.263976397745163269e+11
1.046316956179555557e+00 2.479354600880750732e+11
1.050502224004274066e+00 2.436640945935921631e+11
1.054704232900291139e+00 2.650208452707024536e+11
1.058923049831892227e+00 2.640689066315811768e+11
1.063158742031219628e+00 2.684831171949119568e+11
1.067411376999344741e+00 2.640911024620516052e+11
1.071681022507342096e+00 2.698532945102440186e+11
1.075967746597371377e+00 2.944620593635180664e+11
1.080271617583760779e+00 3.014686638183858643e+11
1.084592704054095913e+00 3.152125023025631104e+11
1.088931074870312044e+00 3.137238794750657959e+11
1.093286799169793433e+00 2.915940882021985474e+11
1.097659946366472461e+00 2.701062667576114197e+11
1.102050586151938294e+00 2.594027326013604126e+11
1.106458788496546219e+00 2.362432903362898254e+11
1.110884623650532532e+00 2.221223187539449768e+11
1.115328162145134749e+00 2.188280366756827087e+11
1.119789474793714934e+00 2.306818208718773499e+11
1.124268632692889902e+00 2.460850323188668213e+11
1.128765707223661430e+00 2.584900075122861023e+11
1.133280770052556230e+00 2.030799572039275818e+11
1.137813893132766374e+00 2.214592969603606873e+11
1.142365148705297484e+00 2.245994013547058105e+11
1.146934609300118479e+00 2.644361462519901428e+11
1.151522347737319096e+00 2.600253054953515015e+11
1.156128437128268516e+00 2.593020097028594971e+11
1.160752950876781542e+00 2.574677453427683411e+11
1.165395962680288999e+00 2.579710197183377686e+11
1.170057546531009907e+00 2.198899885224012146e+11
1.174737776717134086e+00 2.364289397835509949e+11
1.179436727824002773e+00 2.069319125339970703e+11
1.184154474735298557e+00 2.627746712359233398e+11
1.188891092634239977e+00 2.914172807975252075e+11
1.193646657004777012e+00 3.016620151106936035e+11
1.198421243632796118e+00 2.816377104300026245e+11
1.203214928607327261e+00 2.941375377275307617e+11
1.208027788321756724e+00 3.282908142832211304e+11
1.212859899475043468e+00 3.189029563806538696e+11
1.217711339072943710e+00 3.445295203107299805e+11
1.222582184429235275e+00 3.399497204647853394e+11
1.227472513166952384e+00 3.667701698792954712e+11
1.232382403219620226e+00 3.679238443200111694e+11
1.237311932832498407e+00 3.712758675568070679e+11
1.242261180563828615e+00 3.013091046154470825e+11
1.247230225286083849e+00 3.725123537040288086e+11
1.252219146187228072e+00 3.033649097048180542e+11
1.257228022771976983e+00 3.787142550556660767e+11
1.262256934863064783e+00 3.794541920636041260e+11
1.267305962602517155e+00 4.021850197190877686e+11
1.272375186452927354e+00 3.952325396435113525e+11
1.277464687198738957e+00 4.006730392518542480e+11
1.282574545947533950e+00 4.029166586569613037e+11
1.287704844131324133e+00 3.715867664198604126e+11
1.292855663507849417e+00 3.718705344345023193e+11
1.298027086161880783e+00 3.771328002827327881e+11
1.303219194506528344e+00 3.869489660645911255e+11
1.308432071284554521e+00 3.748271518492604370e+11
1.313665799569692760e+00 3.765378665007669067e+11
1.318920462767971591e+00 3.691481417019178467e+11
1.324196144619043336e+00 3.294229004361405029e+11
1.329492929197519491e+00 2.698260746941565857e+11
1.334810900914309650e+00 1.311435744000257111e+11
1.340150144517967101e+00 9.479433978013018799e+10
1.345510745096038852e+00 7.796196783752760315e+10
1.350892788076423212e+00 7.243662747385093689e+10
1.356296359228728932e+00 5.779700036859191132e+10
1.361721544665643879e+00 6.869827639296457672e+10
1.367168430844306393e+00 7.976152703268220520e+10
1.372637104567683730e+00 7.169792059781228638e+10
1.378127652985954299e+00 9.038003696651535034e+10
1.383640163597898098e+00 8.323253209247370911e+10
1.389174724252289828e+00 8.520576014667208862e+10
1.394731423149298877e+00 7.483228049310552979e+10
1.400310348841896202e+00 7.032966438534497070e+10
1.405911590237263642e+00 7.509995072297096252e+10
1.411535236598212784e+00 6.097732603892121887e+10
1.417181377544605603e+00 6.180171962328469849e+10
1.422850103054784210e+00 6.071997444221912384e+10
1.428541503467003038e+00 6.438659064986372375e+10
1.434255669480871243e+00 6.189920957808885956e+10
1.439992692158794885e+00 6.809923469820729065e+10
1.445752662927429988e+00 7.555623564776754761e+10
1.451535673579139596e+00 8.668891323462370300e+10
1.457341816273456159e+00 1.024386442655733643e+11
1.463171183538549913e+00 9.429135619157231140e+10
1.469023868272704147e+00 9.146272813866397095e+10
1.474899963745795128e+00 1.012506038774407501e+11
1.480799563600778246e+00 1.113057224747027740e+11
1.486722761855181485e+00 1.117128780414813995e+11
1.492669652902602007e+00 1.183759613513043976e+11
1.498640331514212276e+00 1.247275774937879639e+11
1.504634892840269300e+00 1.329138231494492035e+11
1.510653432411630304e+00 1.409378755436823120e+11
1.516696046141276843e+00 1.550586734857937012e+11
1.522762830325842032e+00 1.655036889853005676e+11
1.528853881647145307e+00 1.757427888521860352e+11
1.534969297173733649e+00 1.837011679765313416e+11
1.541109174362428780e+00 1.942055034928693848e+11
1.547273611059878373e+00 2.168575119290462036e+11
1.553462705504118135e+00 2.248399696252436218e+11
1.559676556326134556e+00 2.351623906334678040e+11
1.565915262551438980e+00 2.493903703738404541e+11
1.572178923601644795e+00 2.583200939803702698e+11
1.578467639296051495e+00 2.730332463643796082e+11
1.584781509853235626e+00 2.861540671098962402e+11
1.591120635892648405e+00 2.897428338174263306e+11
1.597485118436219098e+00 3.004668835081939697e+11
1.603875058909963958e+00 3.092038255139700928e+11
1.610290559145603595e+00 3.116657228998251343e+11
1.616731721382186127e+00 3.200969593966621704e+11
1.623198648267714761e+00 3.212676683984551392e+11
1.629691442860785600e+00 3.238405123054820557e+11
1.636210208632228769e+00 3.304386838143699951e+11
1.642755049466757766e+00 3.316915187492695923e+11
1.649326069664624805e+00 3.335642830351342163e+11
1.655923373943283039e+00 3.323452779483037109e+11
1.662547067439056336e+00 3.290713800127795410e+11
1.669197255708812611e+00 3.269539583661156616e+11
1.675874044731648027e+00 3.304713720378472290e+11
1.682577540910574321e+00 3.331219293913852539e+11
1.689307851074216771e+00 3.175072245552996826e+11
1.696065082478513508e+00 3.050417814197166748e+11
1.702849342808427480e+00 2.949145821582501831e+11
1.709660740179661298e+00 2.749620926040460815e+11
1.716499383140379864e+00 2.341037595493662415e+11
1.723365380672941427e+00 2.269260903166109924e+11
1.730258842195633306e+00 2.023603552520799561e+11
1.737179877564415831e+00 1.855077426239455872e+11
1.744128597074673603e+00 1.640942972243964539e+11
1.751105111462972097e+00 1.561283427991186829e+11
1.758109531908824241e+00 1.364826312144710999e+11
1.765141970036459451e+00 1.241115689152637482e+11
1.772202537916605314e+00 1.116561119772396545e+11
1.779291348068271716e+00 9.514163883506196594e+10
1.786408513460544745e+00 8.792154767571578979e+10
1.793554147514387020e+00 7.623810631669548035e+10
1.800728364104444257e+00 7.758795876694139099e+10
1.807931277560862249e+00 6.567723953785733032e+10
1.815163002671105641e+00 7.398209457919572449e+10
1.822423654681789795e+00 7.219844144313719177e+10
1.829713349300517100e+00 6.511751881894776154e+10
1.837032202697718830e+00 6.600179071388270569e+10
1.844380331508509885e+00 6.047478054299357605e+10
1.851757852834543527e+00 5.728737416628977966e+10
1.859164884245881888e+00 4.299987771448009491e+10
1.866601543782865358e+00 4.879443426290567780e+10
1.874067949957996859e+00 5.401585072575667572e+10
1.881564221757828781e+00 6.516400032975199890e+10
1.889090478644860127e+00 6.976953963596276855e+10
1.896646840559439662e+00 8.008801423678761292e+10
1.904233427921677269e+00 7.552382028246707153e+10
1.911850361633363971e+00 8.439955845507041931e+10
1.919497763079897279e+00 7.839234528646566772e+10
1.927175754132217200e+00 7.349213353280340576e+10
1.934884457148745796e+00 6.613548652796723175e+10
1.942623994977340729e+00 5.595574573398589325e+10
1.950394490957250149e+00 6.785212846326250458e+10
1.958196068921079336e+00 5.759543223248539734e+10
1.966028853196763793e+00 6.470833114101721954e+10
1.973892968609550991e+00 6.334762904316318512e+10
1.981788540483989447e+00 6.409104100352785492e+10
1.989715694645925126e+00 6.638890185428227997e+10
1.997674557424508723e+00 7.079962732304405212e+10
2.005665255654207169e+00 7.374267585412593079e+10
2.013687916676823786e+00 7.696085927444834900e+10
2.021742668343530891e+00 8.858977308276817322e+10
2.029829639016905052e+00 8.633431764580723572e+10
2.037948957572972564e+00 9.484888918721278381e+10
2.046100753403264694e+00 1.009036754267751007e+11
2.054285156416877811e+00 1.087455606695115204e+11
2.062502297042545507e+00 1.130311968594227448e+11
2.070752306230715600e+00 1.212776414189558258e+11
2.079035315455638244e+00 1.233073059496590576e+11
2.087351456717461140e+00 1.285037749521235199e+11
2.095700862544330967e+00 1.335763095251243744e+11
2.104083665994508134e+00 1.396219870244396667e+11
2.112500000658485977e+00 1.431085795390312500e+11
2.120950000661120161e+00 1.437626143339429932e+11
2.129433800663764753e+00 1.454614782295428162e+11
2.137951535866419839e+00 1.479453006682687988e+11
2.146503342009885351e+00 1.510478546909299622e+11
2.155089355377924676e+00 1.490080310358131409e+11
2.163709712799436691e+00 1.484525956346887817e+11
2.172364551650634468e+00 1.482236940497931519e+11
2.181054009857236853e+00 1.452749037170478210e+11
2.189778225896665376e+00 1.422537331008462219e+11
2.198537338800252705e+00 1.362635286352484741e+11
2.207331488155453325e+00 1.322289962395277710e+11
2.216160814108075083e+00 1.320842545848880615e+11
2.225025457364507631e+00 1.299163059249275665e+11
2.233925559193965515e+00 1.277451146292477112e+11
2.242861261430741493e+00 1.230889952449632416e+11
2.251832706476463830e+00 1.204589921808282623e+11
2.260840037302370042e+00 1.174975157089032745e+11
2.269883397451579299e+00 1.136779411389753265e+11
2.278962931041386142e+00 1.123545614623592072e+11
2.288078782765551100e+00 1.096897353501916199e+11
2.297231097896613505e+00 9.712175961308229065e+10
2.306420022288200311e+00 1.035733979681865234e+11
2.315645702377353121e+00 1.002679358592562103e+11
2.324908285186861878e+00 9.084312791302931213e+10
2.334207918327609654e+00 9.099284890683601379e+10
2.343544750000919663e+00 8.802483655480667114e+10
2.352918929000923143e+00 8.808557542225703430e+10
2.362330604716927240e+00 8.814568795819107056e+10
2.371779927135795329e+00 8.312893526453874207e+10
2.381267046844337987e+00 7.667790945019718933e+10
2.390792115031715070e+00 8.089380653212590027e+10
2.400355283491842240e+00 7.853183808027360535e+10
2.409956704625809465e+00 7.123802492369903564e+10
2.419596531444312859e+00 6.630209117623615265e+10
2.429274917570089620e+00 6.171551581535377502e+10
2.438992017240370291e+00 5.563568063727618408e+10
2.448747985309331465e+00 4.799292887907399750e+10
2.458542977250568917e+00 4.983609857855527496e+10
2.468377149159570738e+00 4.479886815313519287e+10
2.478250657756209563e+00 3.604390981940774536e+10
2.488163660387234355e+00 3.726368283390647888e+10
2.498116315028783063e+00 3.637196187181191254e+10
2.508108780288898387e+00 2.769302478856963348e+10
2.518141215410053757e+00 2.743849772577781296e+10
2.528213780271693967e+00 2.407108634456530762e+10
2.538326635392781139e+00 2.374323596677543640e+10
2.548479941934351789e+00 2.144594206144387436e+10
2.558673861702089436e+00 2.319917976221043777e+10
2.568908557148898097e+00 2.362373756647355270e+10
2.579184191377493551e+00 2.279713563652956390e+10
2.589500928143003478e+00 2.338746636621193314e+10
2.599858931855575594e+00 2.508774554518143845e+10
2.610258367582998229e+00 2.877713612234921265e+10
2.620699401053329769e+00 2.808224806946366119e+10
2.631182198657543214e+00 2.761498228233721542e+10
2.641706927452173392e+00 3.207321996267855072e+10
2.652273755161981938e+00 3.200089356707131958e+10
2.662882850182629824e+00 2.994586748713650894e+10
2.673534381583360542e+00 2.079673600284438705e+10
2.684228519109693956e+00 1.962977169124267960e+10
2.694965433186132575e+00 2.029332458359755707e+10
2.705745294918877164e+00 1.979233231988310623e+10
2.716568276098552559e+00 2.003999236484460831e+10
2.727434549202946812e+00 2.286322890166002274e+10
2.738344287399758326e+00 2.105546943472876358e+10
2.749297664549357201e+00 2.538236068722251129e+10
2.760294855207554576e+00 2.271167870769214249e+10
2.771336034628385292e+00 2.186800685482891464e+10
2.782421378766898545e+00 1.919524135601252747e+10
2.793551064281966312e+00 2.380467240192119980e+10
2.804725268539093985e+00 1.949734909410245895e+10
2.815944169613250558e+00 2.078773768637491226e+10
2.827207946291703244e+00 2.594325554801272964e+10
2.838516778076869862e+00 2.015600414630493927e+10
2.849870845189177437e+00 2.080011091014104080e+10
2.861270328569933685e+00 2.376465389214636993e+10
2.872715409884213589e+00 2.246576598992551422e+10
2.884206271523750420e+00 2.274645476317092896e+10
2.895743096609845413e+00 2.373167670872068787e+10
2.907326068996284985e+00 2.249266091793129730e+10
2.918955373272270393e+00 2.377179159395169067e+10
2.930631194765359826e+00 2.563158879206337738e+10
2.942353719544420709e+00 2.502245092657579803e+10
2.954123134422598440e+00 2.522444961996647644e+10
2.965939626960289122e+00 2.518192724305958176e+10
2.977803385468130504e+00 2.709982236951985168e+10
2.989714599010003138e+00 2.744775343547388458e+10
3.001673457406043077e+00 2.790208953447261429e+10
3.013680151235667015e+00 2.992396138018890762e+10
3.025734871840609408e+00 2.804938619124832916e+10
3.037837811327972037e+00 3.190643427443573380e+10
3.049989162573283785e+00 2.808560952289502335e+10
3.062189119223576395e+00 3.246189931331382370e+10
3.074437875700470890e+00 3.121199340461746597e+10
3.086735627203272880e+00 3.015467444326530838e+10
3.099082569712085622e+00 3.211864452978562164e+10
3.111478899990933744e+00 2.816476136826940155e+10
3.123924815590897186e+00 3.077402500528047562e+10
3.136420514853261121e+00 2.745636165064929199e+10
3.148966196912674320e+00 2.719546500830725098e+10
3.161562061700325277e+00 2.725099806836367416e+10
3.174208309947126327e+00 2.560351096207676697e+10
3.186905143186915090e+00 2.785279141004999542e+10
3.199652763759662566e+00 2.303726967050290298e+10
3.212451374814701222e+00 2.809011264515517044e+10
3.225301180313960625e+00 2.863614563961844635e+10
3.238202385035215958e+00 2.910407678223341370e+10
3.251155194575356955e+00 3.380846481221799850e+10
3.264159815353658622e+00 3.483911126019084167e+10
3.277216454615073271e+00 3.559018479537343597e+10
3.290325320433533207e+00 3.839536508542285919e+10
3.303486621715267635e+00 3.440490648443746185e+10
3.316700568202128441e+00 1.989776386813801956e+10
3.329967370474937294e+00 1.036458143222355270e+10
3.343287239956836743e+00 1.483971344376902962e+10
3.356660388916663962e+00 2.401354015791614532e+10
3.370087030472330714e+00 3.346891247343432236e+10
3.383567378594220187e+00 3.417317217164420700e+10
3.397101648108596716e+00 3.541481595510794830e+10
3.410690054701031482e+00 3.352507887639608002e+10
3.424332814919834878e+00 3.334935431113267136e+10
3.438030146179514634e+00 3.233668706788267517e+10
3.451782266764232610e+00 3.317664517425789261e+10
3.465589395831289998e+00 3.547930830596604156e+10
3.479451753414614767e+00 3.492093884525270844e+10
3.493369560428273068e+00 3.362215129800375748e+10
3.507343038669985980e+00 3.979312105460022736e+10
3.521372410824665788e+00 3.820915251989861298e+10
3.535457900467964709e+00 3.894191506219318390e+10
3.549599732069836477e+00 3.930101239404642487e+10
3.563798130998116154e+00 4.094060868962904358e+10
3.578053323522108364e+00 4.279116946765989685e+10
3.592365536816196858e+00 4.683506048849535370e+10
3.606734998963461614e+00 4.719987722136118317e+10
3.621161938959315041e+00 4.853699047196958923e+10
3.635646586715152839e+00 5.070034897187944794e+10
3.650189173062013293e+00 5.251856445016479492e+10
3.664789929754260545e+00 5.364365152972840881e+10
3.679449089473277645e+00 5.372776798041986084e+10
3.694166885831170699e+00 5.556992392382752991e+10
3.708943553374495661e+00 5.749863550433058167e+10
3.723779327587993571e+00 5.963714556528736877e+10
3.738674444898345328e+00 5.531908026057420349e+10
3.753629142677938901e+00 5.920098247611921692e+10
3.768643659248651190e+00 5.845095696972597504e+10
3.783718233885645432e+00 6.059066941293292236e+10
3.798853106821188153e+00 6.028415837408933258e+10
3.814048519248473657e+00 5.882724665233479309e+10
3.829304713325467180e+00 5.737701128938825226e+10
3.844621932178768908e+00 6.001261032341365814e+10
3.860000419907484215e+00 6.062144348140229797e+10
3.875440421587113882e+00 5.993203000466500854e+10
3.890942183273462529e+00 5.811722685960281372e+10
3.906505952006555926e+00 5.855523788121260071e+10
3.922131975814582727e+00 5.890452584486798859e+10
3.937820503717840648e+00 5.718873497396621704e+10
3.953571785732711508e+00 5.640431101760732269e+10
3.969386072875642490e+00 5.436037869772612000e+10
3.985263617167145167e+00 5.214665804922220612e+10
4.001204671635814059e+00 5.046427397065797424e+10
4.017209490322357190e+00 4.966192438040074158e+10
4.033278328283646630e+00 4.675518375725907135e+10
4.049411441596781458e+00 4.511557335845036316e+10
4.065609087363168506e+00 4.353193776206132507e+10
4.081871523712622185e+00 3.813452713218978882e+10
4.098199009807472315e+00 3.939997053660961914e+10
4.114591805846702144e+00 3.709762469113808441e+10
4.131050173070089038e+00 3.465204284010415649e+10
4.147574373762369149e+00 3.621889530122477722e+10
4.164164671257418959e+00 3.112917053419356918e+10
4.180821329942449260e+00 3.187012981497115326e+10
4.197544615262219558e+00 3.264721724410620880e+10
4.214334793723269357e+00 2.941714029764382172e+10
4.231192132898162761e+00 3.171324751066703796e+10
4.248116901429755288e+00 2.587841539157656479e+10
4.265109369035473996e+00 2.824140019683880615e+10
4.282169806511615384e+00 2.724071095913152313e+10
4.299298485737661935e+00 2.418206479765992355e+10
4.316495679680612874e+00 2.379929020858882904e+10
4.333761662399335357e+00 2.424896884728801727e+10
4.351096709048932532e+00 2.388522737908073044e+10
4.368501095885127583e+00 2.376401708956063080e+10
4.385975100268668214e+00 2.218883824554695511e+10
4.403519000669743555e+00 2.082826233305179214e+10
4.421133076672422391e+00 2.060095984746709061e+10
4.438817608979111817e+00 1.824419652293983841e+10
4.456572879415028332e+00 1.923431439732941818e+10
4.474399170932688463e+00 1.694752529415657425e+10
4.492296767616419828e+00 1.734043911086307526e+10
4.510265954686884626e+00 1.740150842259379578e+10
4.528307018505633330e+00 1.572385669860523987e+10
4.546420246579655711e+00 1.695060963166755867e+10
4.564605927565974497e+00 1.566820205607370186e+10
4.582864351276237258e+00 1.687342550585996819e+10
4.601195808681342925e+00 1.660209695528499794e+10
4.619600591916067422e+00 1.542781033002635384e+10
4.638078994283731937e+00 1.588953239643959808e+10
4.656631310260867629e+00 1.620119694877173805e+10
4.675257835501911430e+00 1.538720428239908409e+10
4.693958866843916944e+00 1.751865713087244797e+10
4.712734702311292878e+00 1.509950253740757561e+10
4.731585641120538810e+00 1.517864101507987595e+10
4.750511983685020923e+00 1.554636886176007462e+10
4.769514031619761063e+00 1.391304310570382881e+10
4.788592087746240011e+00 1.348746797292516136e+10
4.807746456097224730e+00 1.440326598442694092e+10
4.826977441921613377e+00 1.400427947839096260e+10
4.846285351689299858e+00 1.346028669450112724e+10
4.865670493096057925e+00 1.369603113375910950e+10
4.885133175068442135e+00 1.304414818544503593e+10
4.904673707768715474e+00 1.322232235180204582e+10
4.924292402599791174e+00 1.296099907443889809e+10
4.943989572210189642e+00 1.310914622196368217e+10
4.963765530499030021e+00 1.186116400622697258e+10
4.983620592621027079e+00 1.386702671422714806e+10
5.003555074991511198e+00 1.291201701444434738e+10
5.023569295291476777e+00 1.166140067467469597e+10
5.043663572472643075e+00 1.318081728492674255e+10
5.063838226762532813e+00 1.306543219723134995e+10
5.084093579669583640e+00 1.189733106781730270e+10
5.104429953988261381e+00 1.221306448581413078e+10
5.124847673804215020e+00 1.250330726635925865e+10
5.145347064499431688e+00 1.060626408897520638e+10
5.165928452757428957e+00 1.052676914432689095e+10
5.186592166568458673e+00 1.228624348008834648e+10
5.207338535234733001e+00 9.989886005368083954e+09
5.228167889375671784e+00 1.119956223580673409e+10
5.249080560933174766e+00 1.056550868079943657e+10
5.270076883176907145e+00 1.016424397133096886e+10
5.291157190709615321e+00 1.011332373892513084e+10
5.312321819472453299e+00 1.026782357170864105e+10
5.333571106750343738e+00 1.090558218093853569e+10
5.354905391177344320e+00 8.868211998469209671e+09
5.376325012742054099e+00 9.092708302830686569e+09
5.397830312793021612e+00 9.182017666500949860e+09
5.419421634044193858e+00 7.225644098873140335e+09
5.441099320580370602e+00 9.222481360522945404e+09
5.462863717862692425e+00 8.448829876104416847e+09
5.484715172734142996e+00 8.754616264056589127e+09
5.506654033425078865e+00 8.489057118729003906e+09
5.528680649558780580e+00 7.560847471810411453e+09
5.550795372157015350e+00 7.592301750434855461e+09
5.572998553645643227e+00 7.338086212651519775e+09
5.595290547860225949e+00 8.185088805884163857e+09
5.617671710051667766e+00 7.723502100306326866e+09
5.640142396891874021e+00 7.913272884795423508e+09
5.662702966479441713e+00 7.633051656893687248e+09
5.685353778345359821e+00 6.865752349124412537e+09
5.708095193458740724e+00 6.934553746490361214e+09
5.730927574232576482e+00 6.656252459947918892e+09
5.753851284529505783e+00 7.435896103217380524e+09
5.776866689667624399e+00 6.456449289183050156e+09
5.799974156426294769e+00 7.342788022792423248e+09
5.823174053051999977e+00 5.999516936903427124e+09
5.846466749264207508e+00 6.738076679921380043e+09
5.869852616261264977e+00 6.239657845263750076e+09
5.893332026726310069e+00 6.066738064494841576e+09
5.916905354833215114e+00 7.064142978430027008e+09
5.940572976252548543e+00 5.786971137952750206e+09
5.964335268157558545e+00 6.799552261935495377e+09
5.988192609230189589e+00 6.818343361829885483e+09
6.012145379667110490e+00 7.154064013903080940e+09
6.036193961185778889e+00 6.229696830053229332e+09
6.060338737030522616e+00 5.979638747395014763e+09
6.084580091978644134e+00 7.269893705719169617e+09
6.108918412346558746e+00 6.352426750775552750e+09
6.133354085995945226e+00 8.387425828475531578e+09
6.157887502339929320e+00 6.412779601282719612e+09
6.182519052349287669e+00 6.737538396283621788e+09
6.207249128558685491e+00 7.048640806485384941e+09
6.232078125072920471e+00 7.144286403159941673e+09
6.257006437573212843e+00 7.154280160485301971e+09
6.282034463323505236e+00 7.426350545478266716e+09
6.307162601176800720e+00 7.290101561493386269e+09
6.332391251581507063e+00 7.242983796996162415e+09
6.357720816587833390e+00 6.967610013971461296e+09
6.383151699854184180e+00 6.132549022085942268e+09
6.408684306653601226e+00 5.203068774225393295e+09
6.434319043880215361e+00 5.499747874151715279e+09
6.460056320055736379e+00 4.945224141381946564e+09
6.485896545335958052e+00 4.060844748270281315e+09
6.511840131517302233e+00 4.303998353634942055e+09
6.537887492043371829e+00 4.465678090155479431e+09
6.564039042011545533e+00 3.986077110979282379e+09
6.590295198179591196e+00 3.744430312644388199e+09
6.616656378972309405e+00 3.784439829107454300e+09
6.643123004488199257e+00 3.828050541161253452e+09
6.669695496506150789e+00 4.020579020326190948e+09
6.696374278492176479e+00 4.140357937359654427e+09
6.723159775606144528e+00 3.815020868038006306e+09
6.750052414708568094e+00 4.320682629660276413e+09
6.777052624367403411e+00 3.821935985917387486e+09
6.804160834864871887e+00 3.744944331039874077e+09
6.831377478204331055e+00 3.566665821504300117e+09
6.858702988117148180e+00 3.595462890235673428e+09
6.886137800069615622e+00 4.095386600422094345e+09
6.913682351269895499e+00 4.077481559241364956e+09
6.941337080674975013e+00 4.087199112907405376e+09
6.969102428997675069e+00 3.766982679684389591e+09
6.996978838713665994e+00 3.986475703537768841e+09
7.024966754068519670e+00 3.715060692812209606e+09
7.053066621084793653e+00 3.489483142079172134e+09
7.081278887569133929e+00 3.625985564808721066e+09
7.109604003119409654e+00 3.461581358230659485e+09
7.138042419131887861e+00 3.619021031404938221e+09
7.166594588808414379e+00 3.443715841765647888e+09
7.195260967163648047e+00 3.469262177690136433e+09
7.224042011032302923e+00 3.307859193936688423e+09
7.252938179076432235e+00 3.227195574896865845e+09
7.281949931792737196e+00 3.106922142831531525e+09
7.311077731519908696e+00 3.326252633803433895e+09
7.340322042445988515e+00 2.884742840068150043e+09
7.369683330615771411e+00 2.939793271704011917e+09
7.399162063938235612e+00 3.103736404527607918e+09
7.428758712193988423e+00 2.907808791763380527e+09
7.458473747042765112e+00 2.839540017892749310e+09
7.488307642030935796e+00 2.939325988095057487e+09
7.518260872599060285e+00 3.149805039604613304e+09
7.548333916089456253e+00 3.032112770269990921e+09
7.578527251753813587e+00 2.894510634747482300e+09
7.608841360760829176e+00 2.762129280963604450e+09
7.639276726203872769e+00 3.269328386697921276e+09
7.669833833108687493e+00 2.664640864464403152e+09
7.700513168441122325e+00 2.490418553070235252e+09
7.731315221114887670e+00 2.362657451523786545e+09
7.762240481999347352e+00 2.341498495040351391e+09
7.793289443927344351e+00 2.471406659661512852e+09
7.824462601703054077e+00 2.554253523496984482e+09
7.855760452109866065e+00 2.579020145702313900e+09
7.887183493918306532e+00 2.350702618033568859e+09
7.918732227893980458e+00 2.568559632509992599e+09
7.950407156805555431e+00 2.645320971462815285e+09
7.982208785432777454e+00 2.681843892760803223e+09
8.014137620574508958e+00 2.649810498853360653e+09
8.046194171056805899e+00 2.457338167875076771e+09
8.078378947741034821e+00 2.684803150341353893e+09
8.110692463531997021e+00 2.588041891922213078e+09
8.143135233386125549e+00 2.549879252419815063e+09
8.175707774319670662e+00 2.449875007205645561e+09
8.208410605416949224e+00 2.450729444050080776e+09
8.241244247838615422e+00 2.535318015251081944e+09
8.274209224829968790e+00 2.499878770689499378e+09
8.307306061729288871e+00 2.648482165279441357e+09
8.340535285976207192e+00 2.363339252667566299e+09
8.373897427120111203e+00 2.397080822915685177e+09
8.407393016828594412e+00 2.764859236900738716e+09
8.441022588895906509e+00 2.406241556870540142e+09
8.474786679251490540e+00 2.661574008122564316e+09
8.508685825968495209e+00 2.416535297639169216e+09
8.542720569272368891e+00 2.556276760914486408e+09
8.576891451549458978e+00 2.540393109499084473e+09
8.611199017355655627e+00 2.631863471973171711e+09
8.645643813425078150e+00 2.624812432749473572e+09
8.680226388678779159e+00 2.511805110547113895e+09
8.714947294233493125e+00 2.588434138872193813e+09
8.749807083410427566e+00 2.424973473123034954e+09
8.784806311744070229e+00 2.534048592791855812e+09
8.819945536991047774e+00 2.468580960832562447e+09
8.855225319139009343e+00 2.522464031913463593e+09
8.890646220415566958e+00 2.665304222217595100e+09
8.926208805297228821e+00 2.566374798846060276e+09
8.961913640518417878e+00 2.373171025285061836e+09
8.997761295080492161e+00 2.512530475518013477e+09
9.033752340260813085e+00 2.395959004265629768e+09
9.069887349621856387e+00 2.488666159260042667e+09
9.106166899020346150e+00 2.422848839362966537e+09
9.142591566616424359e+00 2.501734549624624729e+09
9.179161932882891506e+00 2.456621530618999004e+09
9.215878580614422333e+00 2.479236403639249802e+09
9.252742094936881045e+00 2.372619081228157520e+09
9.289753063316627646e+00 2.337679880554646492e+09
9.326912075569895322e+00 2.395119008751251221e+09
9.364219723872173162e+00 2.470378434551795959e+09
9.401676602767663482e+00 2.246864951564271927e+09
9.439283309178733816e+00 2.130262625890829802e+09
9.477040442415447075e+00 2.215992269658216476e+09
9.514948604185111236e+00 2.243875252228097916e+09
9.553008398601852136e+00 2.444353926256546497e+09
9.591220432196260859e+00 2.151450502840617180e+09
9.629585313925044687e+00 2.172799517772716999e+09
9.668103655180747324e+00 2.182926748818728447e+09
9.706776069801470896e+00 2.185598255466860771e+09
9.745603174080676112e+00 2.263470089959407330e+09
9.784585586776998412e+00 2.364829040691738129e+09
9.823723929124106746e+00 1.964515108598206758e+09
9.863018824840601440e+00 2.149349405836908340e+09
9.902470900139965337e+00 1.671131675333131552e+09
9.942080783740523842e+00 2.095378719793296814e+09
9.981849106875488431e+00 2.050005167783439159e+09
1.002177650330298952e+01 2.011217208724670410e+09
1.006186360931619994e+01 1.942368507804453850e+09
1.010211106375346723e+01 1.859093255222487450e+09
1.014251950800847979e+01 2.036142151802736998e+09
1.018308958604051284e+01 2.004762286158782482e+09
1.022382194438467451e+01 1.907279842273964882e+09
1.026471723216221399e+01 1.811976406254364729e+09
1.030577610109086173e+01 1.758801854325782061e+09
1.034699920549522467e+01 1.627909164286961555e+09
1.038838720231720458e+01 1.551446708948552370e+09
1.042994075112647501e+01 1.520682324910886526e+09
1.047166051413097954e+01 1.521353297593357563e+09
1.051354715618750468e+01 1.695854658594736576e+09
1.055560134481225454e+01 1.615560609655922651e+09
1.059782375019150358e+01 1.524619936090014458e+09
1.064021504519226902e+01 1.572666120963271379e+09
1.068277590537303823e+01 1.668014341444731712e+09
1.072550700899452991e+01 1.524903883841000795e+09
1.076840903703050856e+01 1.481507785420591831e+09
1.081148267317863088e+01 1.619395485929469585e+09
1.085472860387134553e+01 1.504805462371187210e+09
1.089814751828683015e+01 1.396282634095138788e+09
1.094174010835997635e+01 1.399309300014375687e+09
1.098550706879341909e+01 1.170698037258878469e+09
1.102944909706859100e+01 1.207611467469019175e+09
1.107356689345686540e+01 1.317401610055042028e+09
1.111786116103069233e+01 1.385647072779755831e+09
1.116233260567481622e+01 1.286766640159734726e+09
1.120698193609751492e+01 1.315034182948348761e+09
1.125180986384190440e+01 1.229282235723110199e+09
1.129681710329727373e+01 1.276834952918227911e+09
1.134200437171046083e+01 1.224352998184337854e+09
1.138737238919730466e+01 1.289410916418110132e+09
1.143292187875409383e+01 1.257632726853326082e+09
1.147865356626910938e+01 1.197137041938140154e+09
1.152456818053418530e+01 1.193459152977717876e+09
1.157066645325632237e+01 1.062738042963899612e+09
1.161694911906934635e+01 1.058962800482162237e+09
1.166341691554562487e+01 1.096146153010591030e+09
1.171007058320780736e+01 9.774412802477024794e+08
1.175691086554063958e+01 8.999856459349771738e+08
1.180393850900279951e+01 1.023969558247513652e+09
1.185115426303881137e+01 1.024809997576005220e+09
1.189855888009096674e+01 9.599484932987865210e+08
1.194615311561133097e+01 1.002593057268903136e+09
1.199393772807377623e+01 9.943460982770739794e+08
1.204191347898607134e+01 9.975134002798140049e+08
1.209008113290201614e+01 8.628643982688475847e+08
1.213844145743362368e+01 9.085553597438123226e+08
1.218699522326335938e+01 9.936676074651855230e+08
1.223574320415641381e+01 8.827241200136861801e+08
1.228468617697303777e+01 8.438679689318103790e+08
1.233382492168093059e+01 8.766752098071529865e+08
1.238316022136765504e+01 7.643059615778684616e+08
1.243269286225312520e+01 7.291810081474239826e+08
1.248242363370213859e+01 8.225140016989841461e+08
1.253235332823694748e+01 7.133770360688979626e+08
1.258248274154989410e+01 7.420677913974928856e+08
1.263281267251609385e+01 7.544584184099782705e+08
1.268334392320615756e+01 7.715300324171721935e+08
1.273407729889898299e+01 7.407720008512939215e+08
1.278501360809457665e+01 7.079135957343912125e+08
1.283615366252695544e+01 6.876703530659134388e+08
1.288749827717706253e+01 7.519453608649923801e+08
1.293904827028577031e+01 6.722069011737399101e+08
1.299080446336691352e+01 7.052368521969714165e+08
1.304276768122038099e+01 6.350701008490365744e+08
1.309493875194526424e+01 6.802935044777806997e+08
1.314731850695304693e+01 6.190887476358144283e+08
1.319990778098085649e+01 6.676357583865952492e+08
1.325270741210477965e+01 5.672823347818592787e+08
1.330571824175319939e+01 5.464826515554016829e+08
1.335894111472021173e+01 6.252090206773742437e+08
1.341237687917909227e+01 5.783442536253895760e+08
1.346602638669580898e+01 5.107248305422855616e+08
1.351989049224258999e+01 5.742675388978993893e+08
1.357397005421156067e+01 5.585193653489853144e+08
1.362826593442840917e+01 5.462199555372986794e+08
1.368277899816612297e+01 5.347660819166024923e+08
1.373751011415878942e+01 5.066426105347073674e+08
1.379246015461542463e+01 5.474745382167837620e+08
1.384762999523388416e+01 4.683272485519886613e+08
1.390302051521481808e+01 5.242609870532682538e+08
1.395863259727567751e+01 5.186832239877005219e+08
1.401446712766477987e+01 4.511453384680216312e+08
1.407052499617543972e+01 5.247990584914855957e+08
1.412680709616014063e+01 4.650745587050250769e+08
1.418331432454478147e+01 4.177713896657732129e+08
1.424004758184296193e+01 4.421782607301276326e+08
1.429700777217033369e+01 4.907009447995980382e+08
1.435419580325901379e+01 4.132316705273435116e+08
1.441161258647204946e+01 4.010239237188312411e+08
1.446925903681793812e+01 3.968812331590478420e+08
1.452713607296521126e+01 3.863135520850916505e+08
1.458524461725707155e+01 4.166594634793844223e+08
1.464358559572609764e+01 4.012202350437104106e+08
1.470215993810900557e+01 3.946391812566004395e+08
1.476096857786143879e+01 4.213906753690333366e+08
1.482001245217288599e+01 3.713053883659050465e+08
1.487929250198157760e+01 3.437230771712260246e+08
1.493880967198950316e+01 3.675883183337220550e+08
1.499856491067746056e+01 3.562488623287609220e+08
1.505855917032016933e+01 3.598126703605518937e+08
1.511879340700144958e+01 3.529798563477053046e+08
1.517926858062945605e+01 3.293999462660995126e+08
1.523998565495197433e+01 3.721188117727796435e+08
1.530094559757178274e+01 3.589897279633854032e+08
1.536214937996206764e+01 3.287386615370932221e+08
1.542359797748191674e+01 3.152501669787526727e+08
1.548529236939184450e+01 3.178664851782816648e+08
1.554723353886941339e+01 2.899346033919534087e+08
1.560942247302489072e+01 3.023507812274711132e+08
1.567186016291699069e+01 3.141662936701338291e+08
1.573454760356865556e+01 2.716113898158413768e+08
1.579748579398293096e+01 2.903625997330709696e+08
1.586067573715886247e+01 2.940996380569292903e+08
1.592411844010749888e+01 3.236041308002519011e+08
1.598781491386792730e+01 2.480473162924298644e+08
1.605176617352340074e+01 2.790834984361737370e+08
1.611597323821749228e+01 2.568351011316759586e+08
1.618043713117036120e+01 2.862076977221928835e+08
1.624515887969504391e+01 2.404646866447335184e+08
1.631013951521382310e+01 2.613582429925432801e+08
1.637538007327468037e+01 2.627731477006458640e+08
1.644088159356778078e+01 2.488911591376833022e+08
1.650664511994205341e+01 2.397011574681748450e+08
1.657267170042182158e+01 2.406031565548350811e+08
1.663896238722350418e+01 2.102909299408989251e+08
1.670551823677240222e+01 2.323430313038869500e+08
1.677234030971949608e+01 2.554371687311558723e+08
1.683942967095837062e+01 2.387289006556838155e+08
1.690678738964220429e+01 2.164642613603482246e+08
1.697441453920077237e+01 2.171391235744804144e+08
1.704231219735757108e+01 2.444113649008675516e+08
1.711048144614700561e+01 1.902264389227429330e+08
1.717892337193159236e+01 2.178063293884150684e+08
1.724763906541932101e+01 2.000214900057748556e+08
1.731662962168099895e+01 1.998466065667577386e+08
1.738589614016772344e+01 1.759430502580657303e+08
1.745543972472839300e+01 2.047405144552378356e+08
1.752526148362730751e+01 1.946161436001064777e+08
1.759536252956181812e+01 1.887024415666637421e+08
1.766574397968006238e+01 1.857684593445567489e+08
1.773640695559878466e+01 1.813658318460205197e+08
1.780735258342117433e+01 1.800457413097434044e+08
1.787858199375486024e+01 1.913554401053389907e+08
1.795009632172988034e+01 1.663522852460150123e+08
1.802189670701679702e+01 1.843875203608690202e+08
1.809398429384486562e+01 1.756643177889662683e+08
1.816636023102024211e+01 1.506624761766857803e+08
1.823902567194432578e+01 1.710874497658881545e+08
1.831198177463210186e+01 1.726776457331669033e+08
1.838522970173062987e+01 1.619537272036479414e+08
1.845877062053754969e+01 1.585350363072219491e+08
1.853260570301970134e+01 1.434058687560901940e+08
1.860673612583178027e+01 1.366241186576712430e+08
1.868116307033510637e+01 1.496386426552973986e+08
1.875588772261644976e+01 1.431497299641317427e+08
1.883091127350691352e+01 1.673077542503817976e+08
1.890623491860094063e+01 1.480649091890383363e+08
1.898185985827534594e+01 1.329557807456961274e+08
1.905778729770844748e+01 1.524447093817289472e+08
1.913401844689928311e+01 1.478362254525148571e+08
1.921055452068688041e+01 1.304542959719786197e+08
1.928739673876962968e+01 1.267596952862468511e+08
1.936454632572470658e+01 1.313174797161455303e+08
1.944200451102760141e+01 1.106018726038132459e+08
1.951977252907171589e+01 1.339590206551651210e+08
1.959785161918800256e+01 1.177076584132157415e+08
1.967624302566475691e+01 1.212874996632996053e+08
1.991079942767366973e+01 1.190153349992834181e+08
2.030901541622714390e+01 1.064760528400850296e+08
2.071519572455168756e+01 1.040192917853617668e+08
2.112949963904272010e+01 8.980160449178591371e+07
2.155208963182357707e+01 8.648358026308870316e+07
2.198313142446004420e+01 8.009704979644970596e+07
2.242279405294924643e+01 7.233851120891295373e+07
2.287124993400822959e+01 7.180196975561073422e+07
2.332867493268839709e+01 6.731376445913235843e+07
2.379524843134216638e+01 5.736309873658892512e+07
2.427115339996900900e+01 5.893004859714043140e+07
2.475657646796839018e+01 5.201128641193245351e+07
2.525170799732775961e+01 4.601102492085871845e+07
2.575674215727431715e+01 4.561243254851213098e+07
2.627187700041980278e+01 4.306797546647495776e+07
2.679731454042819649e+01 3.649124982544479519e+07
2.733326083123676042e+01 3.808861227441082895e+07
2.787992604786149542e+01 3.353601039343405515e+07
2.843752456881871993e+01 2.827623008121629059e+07
2.900627506019509738e+01 3.000652513678152859e+07
2.958640056139899599e+01 2.630122601245931908e+07
3.017812857262697435e+01 2.487671826656115800e+07
3.078169114407952023e+01 2.160181011525880545e+07
3.139732496696110431e+01 2.169502783523412794e+07
3.202527146630033172e+01 2.014195644312929362e+07
3.266577689562632969e+01 1.847479418177025020e+07
3.331909243353885586e+01 1.588880569448893517e+07
3.398547428220963695e+01 1.678848666936837882e+07
3.466518376785383282e+01 1.423205142599632405e+07
3.535848744321090464e+01 1.266109378877084330e+07
3.606565719207512188e+01 1.201868924204090051e+07
3.678697033591662802e+01 1.193133727593461238e+07
3.752270974263496583e+01 1.033465717694879137e+07
3.827316393748766643e+01 1.032173121462333761e+07
3.903862721623740839e+01 9.135116245413949713e+06
3.981939976056215613e+01 8.431455169724097475e+06
4.061578775577340394e+01 7.294012443290071562e+06
4.142810351088887444e+01 7.568753357055570930e+06
4.225666558110664539e+01 7.011989279034037143e+06
4.310179889272878029e+01 6.016551478887361474e+06
4.396383487058335504e+01 5.644085218440097757e+06
4.484311156799503095e+01 5.315223743035617284e+06
4.573997379935492091e+01 4.902741057956444100e+06
4.665477327534202345e+01 4.450908139168483205e+06
4.758786874084886165e+01 4.255968175732177682e+06
4.853962611566583973e+01 4.023307511691735126e+06
4.951041863797915710e+01 3.507859772313411348e+06
5.050062701073873939e+01 3.375312406047276221e+06
5.151063955095351332e+01 2.993287135489230510e+06
5.254085234197258103e+01 3.096036345616780687e+06
5.359166938881203635e+01 2.782860497056416236e+06
5.466350277658827395e+01 2.567302650534681510e+06
5.575677283212004198e+01 2.209404400906919967e+06
5.687190828876244098e+01 2.109687294516201597e+06
5.800934645453768468e+01 1.998164522479086183e+06
5.916953338362844050e+01 1.879084224592561601e+06
6.035292405130100946e+01 1.709569800400415901e+06
6.155998253232701956e+01 1.703061695824979339e+06
6.279118218297357146e+01 1.458449455616450636e+06
6.404700582663303976e+01 1.282960664497937774e+06
6.532794594316570169e+01 1.207589492805531481e+06
6.663450486202900436e+01 1.127069240051566856e+06
6.796719495926959098e+01 1.143047522439200431e+06
6.932653885845499531e+01 1.078553990118384361e+06
7.071306963562409464e+01 9.352302235246265773e+05
7.212733102833657028e+01 8.260448918472490041e+05
7.356987764890331505e+01 7.908865348740486661e+05
7.504127520188137623e+01 7.150728073596524773e+05
7.654210070591901172e+01 7.011064904003081610e+05
7.807294272003738911e+01 6.429747132344010752e+05
7.963440157443814371e+01 5.978993591829825891e+05
8.122708960592690630e+01 5.205011638499210239e+05
8.285163139804545551e+01 4.837669642508659163e+05
8.450866402600635752e+01 4.650226295766808325e+05
8.619883730652648524e+01 4.450983838636241853e+05
8.792281405265701721e+01 4.703715163937461912e+05
8.968127033371015955e+01 3.855464308465908980e+05
9.147489574038435478e+01 3.715684477193736238e+05
9.330439365519204387e+01 3.240290155697016162e+05
9.517048152829590890e+01 2.834062873408306623e+05
9.707389115886181230e+01 2.964638186773275957e+05
9.901536898203904968e+01 2.400660814455914369e+05
