# Wavelength [um]       Fp [W/m2/m]  
1.000553076518779783e-01 2.431227299042193565e-09
1.004555288824854897e-01 7.449597652012189432e-61
1.008573509980154326e-01 4.719511347801257304e-57
1.012607804020075053e-01 1.072881257230156985e-56
1.016658235236155422e-01 8.025248856509077007e-61
1.020724868177099870e-01 3.637075990779715122e-40
1.024807767649808382e-01 5.019059183067135897e-43
1.028906998720407612e-01 2.970313386396737667e-55
1.033022626715289355e-01 6.229640819483711426e-37
1.037154717222150413e-01 1.305622682539549205e-58
1.041303336091038839e-01 1.774186940507523551e-52
1.045468549435403099e-01 3.121133064732923709e-49
1.049650423633144702e-01 5.136136265916809310e-60
1.053849025327677214e-01 2.341715138053227968e-42
1.058064421428987906e-01 3.336427550635194149e-55
1.062296679114703990e-01 9.883548250114831381e-42
1.066545865831162732e-01 2.453608706417527386e-47
1.070812049294487533e-01 2.628643004565323036e-49
1.075095297491665408e-01 1.273989972901499705e-37
1.079395678681632220e-01 1.764169233272440541e-49
1.083713261396358624e-01 6.279456386413413765e-36
1.088048114441943909e-01 8.991245686390841005e-39
1.092400306899711654e-01 8.652328307083332856e-24
1.096769908127310511e-01 6.825592769569230113e-38
1.101156987759819850e-01 3.983990780662022528e-39
1.105561615710859147e-01 2.030582503749163846e-24
1.109983862173702651e-01 1.307132945090739990e-29
1.114423797622397516e-01 1.805386871002544482e-34
1.118881492812886930e-01 3.623949595483622238e-38
1.123357018784138517e-01 1.629332751504915206e-34
1.127850446859275102e-01 2.537397155299527059e-19
1.132361848646712132e-01 1.087643289627504765e-22
1.136891296041298988e-01 5.018496701772128852e-22
1.141438861225464035e-01 1.617112822308936156e-21
1.146004616670366072e-01 9.032005444269870018e-21
1.150588635137047705e-01 8.005152949968412828e-23
1.155190989677595953e-01 8.156681566860647169e-23
1.159811753636306314e-01 2.944223902474857713e-24
1.164451000650851553e-01 6.592378606801813446e-28
1.169108804653455069e-01 3.478238796469914359e-27
1.173785239872068981e-01 1.929936115915289411e-31
1.178480380831557206e-01 3.665007444178650031e-32
1.183194302354883543e-01 5.957977066844465297e-29
1.187927079564302935e-01 1.093606035809378003e-33
1.192678787882560099e-01 3.940833456070832105e-33
1.197449503034090645e-01 4.932242475440387462e-33
1.202239301046226783e-01 1.655026325651229200e-38
1.207048258250411760e-01 2.592513646306163286e-30
1.211876451283413342e-01 2.006154393508043164e-32
1.216723957088547137e-01 1.784285243377045637e-32
1.221590852916901310e-01 9.095927273030053051e-29
1.226477216328568792e-01 1.244888179156153959e-25
1.231383125193883099e-01 3.127770979805342398e-31
1.236308657694658586e-01 2.352979578606379384e-27
1.241253892325437369e-01 1.157885257036260914e-27
1.246218907894739159e-01 3.982651885680960554e-31
1.251203783526317892e-01 5.074219645270787029e-31
1.256208598660423226e-01 1.749815949868034560e-24
1.261233433055065078e-01 2.436163945756374098e-25
1.266278366787285392e-01 5.456866157132095682e-33
1.271343480254434610e-01 2.437781587514542487e-25
1.276428854175452321e-01 5.605089296263439018e-25
1.281534569592154005e-01 1.651698974944262715e-29
1.286660707870522780e-01 3.139869243714022041e-27
1.291807350702004475e-01 2.611426566419545468e-24
1.296974580104812425e-01 1.113624909934682338e-24
1.302162478425231973e-01 5.140576851440086608e-25
1.307371128338932764e-01 8.289019097596999454e-23
1.312600612852288795e-01 2.552424856011553872e-23
1.317851015303697915e-01 6.215605428758814634e-23
1.323122419364912705e-01 4.457982788284349630e-21
1.328414909042372472e-01 3.565905867544982517e-20
1.333728568678542170e-01 1.570480862489033751e-20
1.339063482953256612e-01 1.763484382110848855e-22
1.344419736885069383e-01 8.003204321978782800e-21
1.349797415832609815e-01 4.497490000984417538e-19
1.355196605495940232e-01 1.492694568978709134e-19
1.360617391917924301e-01 1.070867453667645537e-18
1.366059861485595939e-01 4.097850521512518762e-20
1.371524100931538481e-01 1.503572912966251515e-21
1.377010197335264696e-01 1.387596112953830908e-20
1.382518238124605670e-01 2.759540139488323241e-17
1.388048311077104136e-01 4.452274834658457891e-18
1.393600504321412248e-01 5.250491336024626242e-20
1.399174906338697677e-01 3.810435950619378536e-20
1.404771605964052761e-01 7.770426592537003741e-17
1.410390692387908651e-01 1.638330054657357733e-18
1.416032255157460562e-01 2.216431444094485098e-16
1.421696384178090522e-01 1.767355369949932116e-20
1.427383169714803168e-01 4.155204462080859602e-17
1.433092702393662099e-01 2.199884098697646866e-15
1.438825073203236771e-01 1.308604390877401867e-16
1.444580373496049674e-01 3.184409642625402531e-15
1.450358694990033503e-01 2.078011350554315667e-16
1.456160129769993872e-01 2.227116217470706517e-15
1.461984770289073976e-01 1.208086434139404309e-14
1.467832709370230082e-01 1.045228411639927158e-15
1.473704040207710897e-01 1.259281767755351574e-14
1.479598856368541382e-01 1.804068395262546211e-17
1.485517251794015725e-01 5.947402773360544952e-15
1.491459320801191979e-01 1.945342817096849537e-14
1.497425158084396690e-01 1.514747927839938100e-15
1.503414858716734248e-01 3.994425569244526821e-12
1.509428518151600951e-01 2.437577193745668101e-14
1.515466232224207677e-01 3.616547293881486409e-15
1.521528097153104220e-01 4.265217265336472023e-11
1.527614209541716672e-01 1.376726959847821056e-13
1.533724666379883694e-01 5.711168693243408260e-13
1.539859565045403056e-01 3.876324077972465974e-11
1.546019003305584838e-01 5.471996929972775925e-17
1.552203079318807133e-01 3.193591806353124501e-12
1.558411891636082569e-01 9.468823844918225840e-12
1.564645539202626778e-01 1.271150847515164966e-12
1.570904121359437411e-01 2.280246160207107999e-11
1.577187737844875093e-01 1.033605091263133702e-11
1.583496488796254653e-01 3.150471273079902735e-11
1.589830474751439959e-01 1.370241562627891064e-10
1.596189796650445414e-01 1.378718802814246199e-11
1.602574555837047166e-01 3.800361553492911764e-11
1.608984854060395708e-01 1.590352557654654249e-10
1.615420793476636807e-01 5.248997476484232575e-11
1.621882476650543525e-01 3.270009573662000546e-10
1.628370006557145755e-01 3.298141377399276111e-10
1.634883486583374457e-01 4.772097666318378588e-10
1.641423020529707844e-01 1.203480602213625533e-09
1.647988712611826723e-01 3.394297732585960232e-10
1.654580667462274002e-01 3.370321277847605854e-10
1.661198990132123077e-01 1.840508047415758400e-09
1.667843786092651215e-01 1.171861978000922271e-09
1.674515161237022098e-01 3.625529579939404244e-09
1.681213221881969755e-01 7.909844200552206907e-09
1.687938074769497754e-01 6.585118874167194721e-09
1.694689827068575905e-01 2.608465445652445145e-08
1.701468586376850278e-01 1.949930287387034751e-08
1.708274460722357391e-01 1.469946160826568304e-08
1.715107558565246715e-01 2.220917432512813717e-08
1.721967988799507909e-01 2.382752337361243583e-08
1.728855860754705820e-01 2.441206771115942472e-08
1.735771284197724640e-01 5.359815880302129927e-08
1.742714369334515678e-01 4.682856335198678287e-08
1.749685226811853456e-01 1.284080354782138003e-07
1.756683967719100681e-01 1.284437560922452465e-07
1.763710703589977391e-01 3.100161112704803250e-07
1.770765546404337309e-01 3.514520359670672144e-07
1.777848608589954471e-01 1.814597193268587363e-07
1.784960003024314568e-01 5.419399856200240338e-07
1.792099843036411844e-01 4.655018909375612408e-07
1.799268242408557650e-01 6.481523491871803464e-07
1.806465315378191772e-01 1.213873999047093924e-06
1.813691176639704306e-01 6.382977263915037116e-07
1.820945941346263086e-01 1.406877300489484308e-06
1.828229725111648329e-01 3.129839689265915363e-06
1.835542644012094771e-01 9.221395989073694284e-07
1.842884814588143239e-01 2.739836938520017202e-06
1.850256353846495561e-01 5.980807751038321715e-06
1.857657379261881403e-01 2.543503595711095908e-06
1.865088008778928996e-01 8.211337567217864559e-06
1.872548360814044743e-01 6.884940266938500740e-06
1.880038554257300876e-01 5.067336662749680029e-06
1.887558708474330049e-01 1.534098382987135280e-05
1.895108943308226879e-01 1.220274940623288656e-05
1.902689379081460019e-01 1.041858473791758029e-05
1.910300136597785636e-01 3.288923455314153371e-05
1.917941337144176972e-01 2.120746582446753967e-05
1.925613102492753359e-01 2.942568285895685293e-05
1.933315554902724498e-01 6.085707000343501175e-05
1.941048817122335568e-01 5.194042537031811875e-05
1.948813012390824828e-01 5.626299434194448026e-05
1.956608264440388156e-01 1.196642938752668657e-04
1.964434697498149418e-01 7.672223096624856975e-05
1.972292436288141937e-01 1.100741533116775521e-04
1.980181606033294406e-01 1.783906605585104828e-04
1.988102332457427346e-01 1.555629387181086559e-04
1.996054741787257336e-01 1.615735826718095436e-04
2.004038960754406518e-01 2.194267540483749244e-04
2.012055116597424309e-01 2.485663356733021205e-04
2.020103337063813842e-01 2.891294336638948362e-04
2.028183750412069219e-01 3.764030016609957573e-04
2.036296485413717494e-01 3.662542995385766075e-04
2.044441671355372303e-01 3.839479934176109649e-04
2.052619438040793887e-01 5.269161393418386264e-04
2.060829915792957157e-01 5.716593254639745336e-04
2.069073235456129201e-01 6.511430498708583887e-04
2.077349528397953449e-01 7.706181693428159609e-04
2.085658926511545219e-01 9.524687619751938134e-04
2.094001562217591150e-01 1.109487288608478409e-03
2.102377568466461677e-01 1.274687762461267993e-03
2.110787078740327671e-01 1.387699714845589891e-03
2.119230227055288740e-01 1.744481408842723114e-03
2.127707147963510126e-01 2.078225792454290507e-03
2.136217976555363773e-01 2.506517843477735780e-03
2.144762848461585492e-01 2.595077630093652922e-03
2.153341899855431840e-01 3.374700762335448682e-03
2.161955267454853669e-01 4.211427359563641240e-03
2.170603088524672986e-01 5.035347803226860805e-03
2.179285500878772042e-01 5.328164067511457179e-03
2.188002642882286852e-01 6.314247539520037415e-03
2.196754653453815986e-01 8.303373941591125559e-03
2.205541672067631020e-01 9.178542477739672079e-03
2.214363838755901703e-01 1.331344023573686856e-02
2.223221294110925284e-01 1.229102844085291392e-02
2.232114179287369160e-01 2.101526399486293439e-02
2.241042636004518529e-01 1.939559888842133650e-02
2.250006806548536520e-01 3.374197594924055466e-02
2.259006833774730438e-01 2.868634732821138955e-02
2.268042861109829667e-01 3.795195368424938293e-02
2.277115032554268836e-01 4.579009288866110750e-02
2.286223492684485714e-01 5.260164133015989701e-02
2.295368386655223802e-01 9.448546707156495195e-02
2.304549860201844658e-01 5.701052229346965233e-02
2.313768059642651864e-01 1.042730888373727682e-01
2.323023131881222503e-01 1.062394206718350748e-01
2.332315224408747223e-01 1.653840769062718818e-01
2.341644485306381973e-01 2.029344646541747788e-01
2.351011063247607502e-01 1.333178808624077283e-01
2.360415107500598020e-01 2.728168481510471199e-01
2.369856767930600405e-01 1.744250420567250714e-01
2.379336195002322851e-01 3.738837112206490065e-01
2.388853539782332114e-01 3.484132033070761469e-01
2.398408953941461863e-01 8.241215091194528108e-01
2.408002589757227141e-01 9.554281750396772521e-01
2.417634600116256582e-01 4.865257618597767508e-01
2.427305138516721306e-01 1.459300771514392858e+00
2.437014359070788505e-01 1.207641505569293283e+00
2.446762416507071713e-01 3.501700761935492956e+00
2.456549466173099938e-01 1.815344008267370413e+00
2.466375664037792625e-01 3.173654428323732457e+00
2.476241166693943785e-01 4.762594436311253787e+00
2.486146131360719436e-01 1.543759558073434901e+00
2.496090715886161993e-01 4.853615931116544324e+00
2.506075078749706586e-01 3.327898491712403484e+00
2.516099379064705155e-01 5.936099156668999122e+00
2.526163776580964138e-01 1.844416427935369285e+01
2.536268431687287994e-01 3.207863861031098907e+01
2.546413505414037437e-01 4.760681441172460637e+01
2.556599159435693491e-01 1.804766225549927228e+01
2.566825556073435988e-01 1.740300791124111512e+01
2.577092858297729827e-01 2.057380274696671663e+01
2.587401229730920682e-01 1.657541794397302226e+01
2.597750834649844576e-01 3.123288847861246254e+01
2.608141837988444123e-01 2.717102986864243874e+01
2.618574405340398092e-01 7.249312528632238184e+01
2.629048702961759298e-01 1.440293887741011929e+02
2.639564897773606367e-01 1.465230593068216933e+02
2.650123157364701054e-01 1.453114691950880797e+02
2.660723649994159445e-01 1.251581277430885422e+02
2.671366544594135917e-01 1.422084229497842216e+02
2.682052010772512096e-01 2.041828272150981718e+02
2.692780218815602478e-01 1.618303165847128469e+02
2.703551339690865030e-01 2.991027034963710776e+02
2.714365545049627904e-01 2.958277812632808264e+02
2.725223007229827243e-01 3.171869428815181209e+02
2.736123899258746106e-01 4.040117022939365938e+02
2.747068394855781692e-01 6.397425232081142212e+02
2.758056668435204806e-01 6.865325218236264391e+02
2.769088895108945403e-01 1.217812738434985249e+03
2.780165250689380918e-01 1.104519307095193653e+03
2.791285911692138466e-01 1.526881424651485531e+03
2.802451055338907038e-01 1.532770621198197887e+03
2.813660859560263017e-01 1.641533743112755474e+03
2.824915502998503469e-01 1.755891925932723098e+03
2.836215165010497197e-01 2.442602605589229370e+03
2.847560025670539119e-01 2.556009827928997765e+03
2.858950265773221866e-01 4.131553631356106962e+03
2.870386066836315142e-01 4.035546951030170931e+03
2.881867611103660631e-01 5.839654499121382287e+03
2.893395081548075787e-01 7.069828265503912917e+03
2.904968661874267610e-01 7.634547103810560657e+03
2.916588536521764197e-01 9.113895440868793230e+03
2.928254890667851273e-01 9.933936005186784314e+03
2.939967910230522619e-01 1.140955423652214631e+04
2.951727781871444911e-01 1.394088445253584177e+04
2.963534692998930908e-01 1.619796073123940914e+04
2.975388831770926501e-01 1.867232245984258043e+04
2.987290387098009981e-01 2.390232327719276509e+04
2.999239548646402409e-01 2.487279860110122536e+04
3.011236506840988536e-01 3.227467056538467205e+03
3.023281452868351593e-01 3.283153028588795678e+03
3.035374578679824742e-01 8.918036460510882080e+02
3.047516076994544187e-01 3.906883525643353551e+03
3.059706141302522830e-01 4.863754253663633790e+03
3.071944965867733357e-01 4.719160848252973665e+03
3.084232745731204095e-01 3.739789257608143089e+03
3.096569676714128194e-01 8.867572048571691994e+02
3.108955955420985018e-01 8.428639932825161623e+02
3.121391779242668751e-01 2.949146999258141022e+03
3.133877346359639215e-01 3.059760930106099295e+03
3.146412855745078230e-01 2.543627304771257968e+03
3.158998507168058190e-01 1.886525786968323700e+03
3.171634501196730627e-01 1.270043793481165039e+03
3.184321039201517545e-01 7.582788495383634881e+02
3.197058323358323295e-01 3.817071669279887374e+02
3.209846556651756444e-01 1.121825027591407320e+02
3.222685942878363852e-01 3.660618106937509708e+01
3.235576686649877520e-01 3.962699235018148869e+01
3.248518993396476984e-01 1.325243790647632913e+01
3.261513069370062801e-01 3.382004581712646729e+00
3.274559121647543369e-01 5.524920938162455331e-01
3.287657358134133401e-01 6.244169801531616881e-02
3.300807987566670154e-01 6.292094529762128075e-03
3.314011219516936890e-01 3.659807608071297125e-02
3.327267264395004642e-01 3.259409809630751664e-01
3.340576333452584534e-01 3.273674843148505875e+00
3.353938638786395088e-01 1.753522325517711522e+01
3.367354393341540630e-01 7.209447300003681391e+01
3.380823810914907468e-01 2.338383346082343053e+02
3.394347106158566718e-01 6.209228650249660859e+02
3.407924494583201014e-01 1.387081691957248040e+03
3.421556192561533982e-01 2.296961021886549133e+03
3.435242417331779707e-01 1.526501439921744577e+03
3.448983387001106626e-01 1.749198192996026364e+02
3.462779320549111417e-01 4.389056633085130670e+03
3.476630437831307319e-01 1.829006246102368823e+04
3.490536959582632992e-01 3.907263110514200525e+04
3.504499107420963600e-01 6.556632263110404892e+04
3.518517103850647421e-01 9.877825491743162274e+04
3.532591172266050239e-01 1.395245806296725932e+05
3.546721536955114717e-01 1.887141827259399288e+05
3.560908423102934761e-01 2.471287281361879432e+05
3.575152056795346533e-01 3.154461599255197798e+05
3.589452665022527800e-01 3.943740504906973802e+05
3.603810475682617254e-01 4.845918312208986026e+05
3.618225717585348278e-01 5.867567718056952581e+05
3.632698620455689364e-01 7.014977768205516040e+05
3.647229414937512293e-01 8.294672596669066697e+05
3.661818332597261971e-01 9.713699682094936725e+05
3.676465605927651259e-01 1.127899554311568150e+06
3.691171468351361895e-01 1.299597189870581031e+06
3.705936154224767076e-01 1.486947570895106066e+06
3.720759898841666247e-01 1.690458706742661772e+06
3.735642938437032656e-01 1.910336841474175686e+06
3.750585510190780902e-01 2.146496739297463559e+06
3.765587852231543908e-01 2.398659903357033152e+06
3.780650203640470441e-01 2.665925886376393493e+06
3.795772804455032068e-01 2.946626083244696259e+06
3.810955895672852312e-01 3.237978524685725104e+06
3.826199719255543585e-01 3.535645055203448981e+06
3.841504518132565771e-01 3.833684245200544596e+06
3.856870536205096456e-01 4.122225012820484582e+06
3.872298018349916715e-01 4.386079043476002291e+06
3.887787210423316320e-01 4.604924893979653716e+06
3.903338359265008939e-01 4.748053624788094312e+06
3.918951712702069545e-01 4.772014049480416812e+06
3.934627519552877928e-01 4.616158614243250340e+06
3.950366029631089404e-01 4.205790140780586749e+06
3.966167493749613859e-01 3.470050181745995767e+06
3.982032163724612550e-01 2.406627817135523073e+06
3.997960292379510450e-01 1.219409422588543035e+06
4.013952133549028578e-01 3.608277969606550178e+05
4.030007942083224659e-01 5.381442002912458702e+04
4.046127973851557647e-01 1.713230184261184831e+03
4.062312485746963908e-01 5.934033082314961212e+04
4.078561735689951728e-01 4.663983737734636525e+05
4.094875982632711353e-01 1.847658420380469644e+06
4.111255486563242245e-01 4.319354809840589762e+06
4.127700508509495880e-01 7.394831990847762674e+06
4.144211310543532978e-01 1.064683882755141519e+07
4.160788155785707931e-01 1.387679797350261919e+07
4.177431308408850463e-01 1.703459556625202671e+07
4.194141033642486138e-01 2.012915542288149893e+07
4.210917597777056320e-01 2.314456317788480967e+07
4.227761268168164221e-01 2.623780380162474513e+07
4.244672313240837602e-01 2.924277223432533443e+07
4.261651002493800910e-01 3.253903446878024191e+07
4.278697606503775730e-01 3.563772493791370839e+07
4.295812396929790666e-01 3.921054860298114270e+07
4.312995646517510107e-01 4.271573684953740984e+07
4.330247629103580187e-01 4.610833278472779691e+07
4.347568619619994745e-01 5.022343998628098518e+07
4.364958894098474596e-01 5.443486807550753653e+07
4.382418729674867897e-01 5.842224820596838742e+07
4.399948404593567730e-01 6.231902046905349940e+07
4.417548198211941890e-01 6.777323185871648788e+07
4.435218391004789873e-01 7.294765675679805875e+07
4.452959264568808750e-01 7.824345872727248073e+07
4.470771101627084021e-01 8.378170882418568432e+07
4.488654186033592119e-01 8.863881834510637820e+07
4.506608802777726241e-01 9.451845932030762732e+07
4.524635237988837710e-01 1.023171495364109874e+08
4.542733778940792333e-01 1.087807999866264015e+08
4.560904714056555065e-01 1.153312267793071270e+08
4.579148332912781894e-01 6.237933526968557388e+07
4.597464926244433370e-01 5.754470676551371068e+07
4.615854785949410899e-01 5.157248820917822421e+07
4.634318205093208576e-01 4.495527903367545456e+07
4.652855477913582227e-01 3.817638301151651889e+07
4.671466899825236219e-01 3.229903684272255376e+07
4.690152767424536906e-01 2.674964889014140144e+07
4.708913378494234969e-01 1.829360845009364560e+07
4.727749032008212171e-01 1.026011396574132331e+07
4.746660028136244769e-01 4.802946738537486643e+06
4.765646668248789131e-01 2.065033480367663782e+06
4.784709254921784560e-01 8.684132647154130973e+05
4.803848091941470555e-01 3.595039974306878285e+05
4.823063484309236815e-01 1.568340539399856643e+05
4.842355738246474361e-01 8.119663004935366916e+04
4.861725161199459966e-01 5.073128402050654404e+04
4.881172061844257226e-01 3.576931818117815419e+04
4.900696750091634302e-01 2.744003728176183722e+04
4.920299537092001074e-01 2.119672781824830963e+04
4.939980735240369625e-01 1.633683317194917618e+04
4.959740658181330253e-01 1.284281285840131386e+04
4.979579620814056362e-01 1.031335730915181193e+04
4.999497939297311566e-01 8.486522835024456072e+03
5.019495931054501758e-01 7.176204629446709077e+03
5.039573914778719965e-01 6.459446762916710213e+03
5.059732210437835054e-01 6.323710958819197003e+03
5.079971139279585435e-01 6.585592880994171537e+03
5.100291023836703852e-01 6.960172572309082170e+03
5.120692187932051054e-01 7.254536727455566506e+03
5.141174956683780550e-01 7.526092210463705669e+03
5.161739656510514473e-01 7.882911222359848580e+03
5.182386615136556074e-01 8.257826761512553276e+03
5.203116161597103329e-01 8.551424359059361450e+03
5.223928626243490303e-01 8.825661497591201623e+03
5.244824340748465152e-01 9.143965380624880709e+03
5.265803638111459239e-01 9.441321992796181803e+03
5.286866852663905103e-01 9.714904832455978976e+03
5.308014320074561088e-01 1.004839700389832615e+04
5.329246377354859288e-01 1.040150609772475764e+04
5.350563362864277916e-01 1.074448173527587824e+04
5.371965616315735881e-01 1.115916624765481174e+04
5.393453478780998456e-01 1.159612632250756724e+04
5.415027292696121819e-01 1.201587855077059794e+04
5.436687401866906466e-01 1.251632401087102153e+04
5.458434151474373941e-01 1.302997726659147702e+04
5.480267888080271321e-01 1.353654417087085676e+04
5.502188959632591247e-01 1.411824658997125516e+04
5.524197715471121928e-01 1.473192369342695019e+04
5.546294506333006025e-01 1.535288892956521704e+04
5.568479684358338400e-01 1.603321839919122795e+04
5.590753603095770519e-01 1.677079462155620422e+04
5.613116617508153716e-01 1.750863382657053808e+04
5.635569083978186899e-01 1.834433446180817191e+04
5.658111360314097560e-01 1.917079677723383429e+04
5.680743805755354980e-01 2.001825615752662998e+04
5.703466780978375672e-01 2.101243498228993485e+04
5.726280648102289872e-01 2.204483827207519789e+04
5.749185770694699160e-01 2.312916347309066259e+04
5.772182513777477375e-01 2.430475067782701808e+04
5.795271243832587071e-01 2.557828235799933827e+04
5.818452328807918184e-01 2.698512951604676346e+04
5.841726138123150003e-01 2.853316890391698689e+04
5.865093042675643131e-01 2.980370544153453011e+04
5.888553414846344758e-01 3.131935144024419060e+04
5.912107628505729462e-01 3.438230991022785020e+04
5.935756059019753339e-01 3.902683081277146266e+04
5.959499083255832552e-01 4.394897803685873805e+04
5.983337079588855190e-01 4.938896138649028580e+04
6.007270427907210886e-01 5.573377289737612591e+04
6.031299509618840426e-01 6.319982668044991442e+04
6.055424707657315331e-01 7.159576097477857547e+04
6.079646406487945187e-01 8.108457452419931360e+04
6.103964992113897203e-01 9.196428998619523190e+04
6.128380852082353503e-01 1.044190666965041746e+05
6.152894375490681744e-01 1.186702743827347294e+05
6.177505952992645710e-01 1.347956517642717226e+05
6.202215976804615893e-01 1.530537116390813608e+05
6.227024840711834486e-01 1.738223422261963424e+05
6.251932940074681477e-01 1.975122569381434005e+05
6.276940671834980723e-01 2.244508832362844259e+05
6.302048434522321552e-01 2.558274658553304907e+05
6.327256628260409244e-01 2.912062891637910507e+05
6.352565654773452142e-01 3.312736499671778874e+05
6.377975917392545435e-01 3.765486837018476799e+05
6.403487821062116003e-01 4.277565499547500513e+05
6.429101772346363930e-01 4.853850601754045929e+05
6.454818179435749537e-01 5.487748616773243994e+05
6.480637452153492628e-01 6.222154799696890404e+05
6.506560001962106154e-01 7.092643868061548565e+05
6.532586241969955410e-01 8.073803054949295474e+05
6.558716586937833881e-01 9.183688081467243610e+05
6.584951453285585732e-01 1.045845455620033899e+06
6.611291259098727169e-01 1.193318575136619853e+06
6.637736424135122215e-01 1.362317883012990700e+06
6.664287369831662922e-01 1.554681885638952488e+06
6.690944519310989547e-01 1.772739559104281943e+06
6.717708297388232941e-01 2.022425779603249393e+06
6.744579130577786907e-01 2.308740702402273193e+06
6.771557447100098326e-01 2.632474405773781706e+06
6.798643676888498355e-01 2.994066678224916570e+06
6.825838251596052508e-01 3.398963782739864197e+06
6.853141604602436265e-01 3.857418362276746426e+06
6.880554171020846210e-01 4.371077556837853976e+06
6.908076387704928933e-01 4.911957540499914438e+06
6.935708693255748791e-01 5.404935714173551649e+06
6.963451528028771209e-01 6.208383283930084668e+06
6.991305334140887062e-01 6.995279426480482332e+06
7.019270555477450380e-01 7.857891498625767417e+06
7.047347637699360456e-01 8.914880015840863809e+06
7.075537028250157290e-01 1.009149721374421753e+07
7.103839176363159202e-01 1.137241316537772305e+07
7.132254533068611568e-01 1.279101997697104141e+07
7.160783551200886610e-01 1.375033653225169331e+07
7.189426685405689854e-01 1.508804790008758008e+07
7.218184392147313222e-01 1.735041881914146617e+07
7.247057129715901436e-01 1.862458458634249866e+07
7.276045358234763949e-01 2.055998498747017607e+07
7.305149539667704639e-01 2.166679366676007956e+07
7.334370137826373703e-01 2.403431839841930196e+07
7.363707618377679509e-01 2.560197170109007508e+07
7.393162448851190449e-01 2.732790786566906795e+07
7.422735098646596752e-01 2.897388540383766219e+07
7.452426039041182282e-01 3.044815770347105339e+07
7.482235743197346300e-01 3.178035997800257429e+07
7.512164686170136330e-01 3.248033003339233249e+07
7.542213344914817652e-01 3.299934433388022706e+07
7.572382198294477229e-01 3.301545697147231176e+07
7.602671727087656484e-01 3.098834198840159923e+07
7.633082413996006288e-01 1.985467160712009296e+07
7.663614743651989691e-01 3.403021800286207348e+06
7.694269202626597970e-01 4.464763031562385149e+06
7.725046279437104424e-01 1.644218372596609220e+07
7.755946464554852593e-01 3.240309931525682285e+07
7.786970250413072225e-01 4.703377870847556740e+07
7.818118131414724115e-01 5.867094097250454128e+07
7.849390603940383793e-01 6.902147052424399555e+07
7.880788166356144098e-01 7.992373040374729037e+07
7.912311319021569922e-01 9.204948019839945436e+07
7.943960564297655180e-01 1.054872361830058545e+08
7.975736406554845281e-01 1.192767805817986876e+08
8.007639352181065151e-01 1.349420387076494992e+08
8.039669909589789443e-01 1.514778989301588535e+08
8.071828589228148276e-01 1.674359710606402755e+08
8.104115903585061842e-01 1.784211464983127117e+08
8.136532367199402760e-01 1.861365311525028050e+08
8.169078496668199518e-01 2.077739401418163180e+08
8.201754810654874328e-01 2.146676857989349067e+08
8.234561829897493190e-01 2.577664459676259756e+08
8.267500077217083687e-01 3.100908007893315554e+08
8.300570077525952772e-01 3.338130853911267519e+08
8.333772357836056743e-01 3.685874267049967647e+08
8.367107447267401188e-01 3.993252989418806434e+08
8.400575877056470908e-01 4.500288814464353919e+08
8.434178180564695371e-01 5.029900682327144742e+08
8.467914893286955236e-01 5.618079094506305456e+08
8.501786552860102208e-01 6.211921346230636835e+08
8.535793699071543283e-01 6.889597361194086075e+08
8.569936873867830540e-01 7.595145066150703430e+08
8.604216621363300899e-01 8.316351268525471687e+08
8.638633487848753623e-01 9.071276497779378891e+08
8.673188021800150027e-01 9.811278414903843403e+08
8.707880773887352044e-01 1.053890111140871286e+09
8.742712296982900755e-01 1.137860770358596325e+09
8.777683146170831563e-01 1.224155264224705935e+09
8.812793878755513788e-01 1.296563587051663160e+09
8.848045054270535781e-01 1.344299365797496080e+09
8.883437234487617795e-01 1.224690053987013340e+09
8.918970983425568155e-01 1.012533724618084669e+09
8.954646867359271623e-01 1.189596492598968506e+09
8.990465454828707736e-01 1.046120930854662776e+09
9.026427316648023558e-01 1.455805095961549282e+09
9.062533025914615292e-01 1.722324670956863642e+09
9.098783158018273198e-01 1.781140259236330986e+09
9.135178290650346478e-01 1.905675138435888767e+09
9.171719003812948134e-01 1.904043679519368649e+09
9.208405879828199803e-01 2.288843752617101669e+09
9.245239503347512100e-01 2.260881795636331081e+09
9.282220461360901620e-01 9.020912111937457323e+08
9.319349343206346781e-01 8.512428167503557205e+08
9.356626740579171431e-01 1.044768147165995598e+09
9.394053247541488405e-01 1.683782232363166809e+09
9.431629460531654185e-01 1.665098128036863565e+09
9.469355978373780180e-01 1.607786767352734089e+09
9.507233402287275092e-01 1.557855796819792271e+09
9.545262335896426142e-01 1.730063085524787426e+09
9.583443385240012491e-01 1.451843406501550436e+09
9.621777158780971950e-01 1.752085307062353611e+09
9.660264267416096562e-01 2.205343076794136524e+09
9.698905324485760371e-01 2.807095101031974792e+09
9.737700945783701600e-01 2.857450857897686005e+09
9.776651749566835914e-01 3.169149308625007153e+09
9.815758356565105203e-01 3.567379509117887974e+09
9.855021389991363012e-01 4.021033873687732220e+09
9.894441475551331022e-01 4.661078861779169083e+09
9.934019241453534432e-01 5.043324275520729065e+09
9.973755318419349480e-01 5.441863013228420258e+09
1.001365033969302543e+00 5.889659762207496643e+09
1.005370494105179757e+00 6.454234149967919350e+09
1.009391976081600362e+00 7.143286812508659363e+09
1.013429543985926884e+00 7.934030874415735245e+09
1.017483262161870350e+00 8.536744061843529701e+09
1.021553195210518128e+00 9.335232386757745743e+09
1.025639407991360219e+00 1.013740733508158493e+10
1.029741965623325539e+00 1.107775040363135910e+10
1.033860933485818867e+00 1.176882014778397942e+10
1.037996377219762012e+00 1.283746587931657982e+10
1.042148362728641198e+00 1.366207099367807198e+10
1.046316956179555557e+00 1.443949144728636360e+10
1.050502224004274066e+00 1.519241874691843414e+10
1.054704232900291139e+00 1.595254356362049675e+10
1.058923049831892227e+00 1.640790850258576012e+10
1.063158742031219628e+00 1.695045558681667900e+10
1.067411376999344741e+00 1.722403272984811020e+10
1.071681022507342096e+00 1.748038412950683594e+10
1.075967746597371377e+00 1.751020517797296906e+10
1.080271617583760779e+00 1.768705194700007629e+10
1.084592704054095913e+00 1.708606700923488808e+10
1.088931074870312044e+00 1.473922354895813942e+10
1.093286799169793433e+00 1.029179712624053764e+10
1.097659946366472461e+00 7.262187916313086510e+09
1.102050586151938294e+00 4.510530034295408249e+09
1.106458788496546219e+00 3.082327819870524406e+09
1.110884623650532532e+00 1.924426003666846037e+09
1.115328162145134749e+00 1.235826724627099514e+09
1.119789474793714934e+00 1.499416650283913612e+09
1.124268632692889902e+00 1.837681636316482306e+09
1.128765707223661430e+00 2.420056938604150295e+09
1.133280770052556230e+00 1.083485108075977802e+09
1.137813893132766374e+00 1.893569556996972084e+09
1.142365148705297484e+00 2.308322716585594654e+09
1.146934609300118479e+00 2.309903668318053246e+09
1.151522347737319096e+00 1.476834819164878130e+09
1.156128437128268516e+00 9.244440651521457434e+08
1.160752950876781542e+00 1.006983415997234225e+09
1.165395962680288999e+00 1.701887347938328028e+09
1.170057546531009907e+00 1.725012130041850805e+09
1.174737776717134086e+00 8.990903092165594101e+08
1.179436727824002773e+00 2.178891356202791691e+09
1.184154474735298557e+00 3.645290883691586018e+09
1.188891092634239977e+00 4.897356133194057465e+09
1.193646657004777012e+00 6.215748561159642220e+09
1.198421243632796118e+00 8.425155491815399170e+09
1.203214928607327261e+00 1.087379918761647987e+10
1.208027788321756724e+00 1.397746421456287193e+10
1.212859899475043468e+00 1.634851797865391922e+10
1.217711339072943710e+00 1.962562789761578369e+10
1.222582184429235275e+00 2.215934605224485397e+10
1.227472513166952384e+00 2.560834133468965149e+10
1.232382403219620226e+00 2.837628485577344131e+10
1.237311932832498407e+00 3.055440025683958054e+10
1.242261180563828615e+00 2.978283957940681839e+10
1.247230225286083849e+00 3.502543594399148560e+10
1.252219146187228072e+00 3.106381285295908737e+10
1.257228022771976983e+00 4.090698321917214203e+10
1.262256934863064783e+00 4.223149036571025848e+10
1.267305962602517155e+00 4.123258852500421143e+10
1.272375186452927354e+00 3.769113916969452667e+10
1.277464687198738957e+00 3.624561756771097565e+10
1.282574545947533950e+00 3.098602833895237350e+10
1.287704844131324133e+00 2.635640048898018646e+10
1.292855663507849417e+00 2.370034084928332138e+10
1.298027086161880783e+00 2.096765268991806030e+10
1.303219194506528344e+00 1.864691500354950333e+10
1.308432071284554521e+00 1.686234131464782524e+10
1.313665799569692760e+00 1.411511653743179703e+10
1.318920462767971591e+00 1.281644973741872025e+10
1.324196144619043336e+00 9.289311733744115829e+09
1.329492929197519491e+00 4.348111875421642303e+09
1.334810900914309650e+00 1.319850343960340023e+09
1.340150144517967101e+00 3.914127877552245259e+08
1.345510745096038852e+00 1.832031357676412463e+08
1.350892788076423212e+00 1.132342442642123401e+08
1.356296359228728932e+00 4.173019863120286167e+07
1.361721544665643879e+00 4.861570893133110553e+07
1.367168430844306393e+00 1.015154798207886815e+08
1.372637104567683730e+00 8.521272069293440878e+07
1.378127652985954299e+00 1.942859799808553457e+08
1.383640163597898098e+00 8.605304968853226304e+07
1.389174724252289828e+00 1.141523256481190920e+08
1.394731423149298877e+00 8.874840336441627145e+07
1.400310348841896202e+00 1.031429838785397410e+08
1.405911590237263642e+00 1.358963574369322360e+08
1.411535236598212784e+00 1.208373184873554260e+08
1.417181377544605603e+00 1.329772689990170896e+08
1.422850103054784210e+00 1.563769748009795547e+08
1.428541503467003038e+00 3.162917732401800752e+08
1.434255669480871243e+00 2.549404234092342854e+08
1.439992692158794885e+00 3.096254653513395190e+08
1.445752662927429988e+00 5.275576965337219238e+08
1.451535673579139596e+00 8.971849800796010494e+08
1.457341816273456159e+00 1.268919162538491964e+09
1.463171183538549913e+00 1.115038721857901335e+09
1.469023868272704147e+00 1.006395555124099135e+09
1.474899963745795128e+00 1.325146559111387730e+09
1.480799563600778246e+00 1.598287198420566797e+09
1.486722761855181485e+00 1.661264152398813248e+09
1.492669652902602007e+00 2.196730092797420502e+09
1.498640331514212276e+00 2.713295395456099510e+09
1.504634892840269300e+00 2.995824433967364311e+09
1.510653432411630304e+00 3.470612747407051086e+09
1.516696046141276843e+00 4.187716571830410480e+09
1.522762830325842032e+00 5.361990074572024345e+09
1.528853881647145307e+00 6.374097888606548309e+09
1.534969297173733649e+00 7.693773147331186295e+09
1.541109174362428780e+00 8.993206508854856491e+09
1.547273611059878373e+00 1.113717437707207680e+10
1.553462705504118135e+00 1.169471121249797821e+10
1.559676556326134556e+00 1.187503029533640099e+10
1.565915262551438980e+00 1.312168959003246307e+10
1.572178923601644795e+00 1.481247693477339554e+10
1.578467639296051495e+00 1.518519434253246880e+10
1.584781509853235626e+00 1.569921198730228615e+10
1.591120635892648405e+00 1.436224263109744453e+10
1.597485118436219098e+00 1.244206734056642342e+10
1.603875058909963958e+00 9.007576440474737167e+09
1.610290559145603595e+00 5.942104686790864944e+09
1.616731721382186127e+00 3.855301793821535110e+09
1.623198648267714761e+00 2.562558421514832020e+09
1.629691442860785600e+00 1.970374849742138863e+09
1.636210208632228769e+00 2.269382741353018761e+09
1.642755049466757766e+00 2.705288282054691792e+09
1.649326069664624805e+00 2.883949087692197323e+09
1.655923373943283039e+00 2.703610974059123516e+09
1.662547067439056336e+00 3.103883016567864895e+09
1.669197255708812611e+00 5.988451534253984690e+08
1.675874044731648027e+00 1.482093075148166895e+09
1.682577540910574321e+00 2.203881750796445370e+09
1.689307851074216771e+00 1.741802324733685970e+09
1.696065082478513508e+00 1.240760231432672262e+09
1.702849342808427480e+00 1.109778942360145330e+09
1.709660740179661298e+00 1.744376331563775778e+09
1.716499383140379864e+00 1.604949921701009989e+09
1.723365380672941427e+00 2.055515730206003666e+09
1.730258842195633306e+00 1.356605568601921082e+09
1.737179877564415831e+00 1.368160833789859772e+09
1.744128597074673603e+00 1.544899411948727369e+09
1.751105111462972097e+00 1.653295739974354506e+09
1.758109531908824241e+00 1.312333302357282639e+09
1.765141970036459451e+00 1.026057797062704325e+09
1.772202537916605314e+00 8.437781232423707247e+08
1.779291348068271716e+00 8.497496306839108467e+08
1.786408513460544745e+00 6.476423018277293444e+08
1.793554147514387020e+00 3.322847939891045690e+08
1.800728364104444257e+00 4.851529702748003602e+08
1.807931277560862249e+00 3.295485004844606519e+08
1.815163002671105641e+00 4.286828399686420560e+08
1.822423654681789795e+00 4.774618386643766165e+08
1.829713349300517100e+00 2.249530290372143984e+08
1.837032202697718830e+00 2.034671065613800287e+08
1.844380331508509885e+00 3.690287856827595234e+08
1.851757852834543527e+00 3.363764126146266460e+08
1.859164884245881888e+00 2.414548102962056696e+08
1.866601543782865358e+00 1.402541142292722166e+08
1.874067949957996859e+00 1.960629958435993493e+08
1.881564221757828781e+00 7.033212190939310789e+08
1.889090478644860127e+00 6.034489244249682426e+08
1.896646840559439662e+00 8.536237418764792681e+08
1.904233427921677269e+00 5.149086488034955263e+08
1.911850361633363971e+00 5.457459000484645367e+08
1.919497763079897279e+00 5.628954787953844070e+08
1.927175754132217200e+00 3.762010628125892282e+08
1.934884457148745796e+00 3.103045765492281318e+08
1.942623994977340729e+00 3.308737871165295243e+08
1.950394490957250149e+00 4.719299406682507992e+08
1.958196068921079336e+00 4.498100013257719874e+08
1.966028853196763793e+00 7.097851515283614397e+08
1.973892968609550991e+00 7.259637867662147284e+08
1.981788540483989447e+00 9.435957791286603212e+08
1.989715694645925126e+00 1.107298327961354017e+09
1.997674557424508723e+00 1.435045608192581892e+09
2.005665255654207169e+00 1.551641837216968298e+09
2.013687916676823786e+00 1.796810301256615162e+09
2.021742668343530891e+00 2.017257758281782866e+09
2.029829639016905052e+00 2.054058569901264191e+09
2.037948957572972564e+00 2.381158680702154160e+09
2.046100753403264694e+00 2.658498910158264637e+09
2.054285156416877811e+00 2.721051023745277405e+09
2.062502297042545507e+00 2.890576543768028259e+09
2.070752306230715600e+00 2.933774251917027473e+09
2.079035315455638244e+00 2.849084201760205746e+09
2.087351456717461140e+00 2.898940127739534378e+09
2.095700862544330967e+00 2.771803194546091557e+09
2.104083665994508134e+00 2.663175758829790115e+09
2.112500000658485977e+00 2.543798511558930397e+09
2.120950000661120161e+00 2.344323905509427071e+09
2.129433800663764753e+00 2.192319884619171143e+09
2.137951535866419839e+00 2.067332819125529289e+09
2.146503342009885351e+00 1.842184231691296101e+09
2.155089355377924676e+00 1.711656061730156898e+09
2.163709712799436691e+00 1.387789846672911644e+09
2.172364551650634468e+00 1.394242206786022663e+09
2.181054009857236853e+00 1.195014095225405216e+09
2.189778225896665376e+00 9.013996988496900797e+08
2.198537338800252705e+00 3.071775485615872145e+08
2.207331488155453325e+00 2.765830188206474781e+08
2.216160814108075083e+00 4.717803815420039296e+08
2.225025457364507631e+00 3.689270759658199549e+08
2.233925559193965515e+00 2.633285382357992530e+08
2.242861261430741493e+00 1.864223704597564042e+08
2.251832706476463830e+00 1.514667663494731188e+08
2.260840037302370042e+00 1.274302257005689144e+08
2.269883397451579299e+00 1.636912589879808724e+08
2.278962931041386142e+00 1.330381763831660897e+08
2.288078782765551100e+00 1.025868709146116376e+08
2.297231097896613505e+00 9.367148215832245350e+07
2.306420022288200311e+00 1.953108819529354572e+08
2.315645702377353121e+00 2.331878705239343643e+08
2.324908285186861878e+00 8.200858712877671421e+07
2.334207918327609654e+00 8.843124520288270712e+07
2.343544750000919663e+00 7.431206927096928656e+07
2.352918929000923143e+00 9.593647591895920038e+07
2.362330604716927240e+00 1.593702191134647429e+08
2.371779927135795329e+00 7.428218251452961564e+07
2.381267046844337987e+00 1.064467380103650391e+08
2.390792115031715070e+00 1.696791979608995318e+08
2.400355283491842240e+00 2.145892842762455046e+08
2.409956704625809465e+00 2.837789859017115235e+08
2.419596531444312859e+00 2.618645366946070492e+08
2.429274917570089620e+00 3.046907385011722445e+08
2.438992017240370291e+00 3.391414870410681963e+08
2.448747985309331465e+00 3.521850791619549394e+08
2.458542977250568917e+00 4.641994579681020379e+08
2.468377149159570738e+00 4.651871020656423569e+08
2.478250657756209563e+00 4.410316522540042996e+08
2.488163660387234355e+00 4.550190838279682398e+08
2.498116315028783063e+00 4.389180341514534950e+08
2.508108780288898387e+00 3.018102300053966045e+08
2.518141215410053757e+00 2.383907864394174218e+08
2.528213780271693967e+00 1.443080826873186827e+08
2.538326635392781139e+00 1.553358696544580460e+08
2.548479941934351789e+00 8.459811791061122715e+07
2.558673861702089436e+00 1.367523604916274846e+08
2.568908557148898097e+00 7.424246015398897231e+07
2.579184191377493551e+00 7.848141404043911397e+07
2.589500928143003478e+00 5.409952422302836180e+07
2.599858931855575594e+00 8.746607401073946059e+07
2.610258367582998229e+00 1.093801224641153216e+08
2.620699401053329769e+00 1.648399514465657771e+08
2.631182198657543214e+00 1.607114763615067899e+08
2.641706927452173392e+00 4.110721091100643277e+08
2.652273755161981938e+00 2.917716331904858947e+08
2.662882850182629824e+00 8.726627523524357378e+07
2.673534381583360542e+00 2.770865888994311541e+07
2.684228519109693956e+00 4.852489063857036829e+07
2.694965433186132575e+00 1.082875770842323452e+08
2.705745294918877164e+00 1.018692072795761228e+08
2.716568276098552559e+00 1.185283813486168087e+08
2.727434549202946812e+00 2.717105395709926486e+08
2.738344287399758326e+00 1.006058106570731103e+08
2.749297664549357201e+00 2.675473912444871962e+08
2.760294855207554576e+00 1.062590680925556719e+08
2.771336034628385292e+00 1.266742924057403803e+08
2.782421378766898545e+00 8.756265590672276914e+07
2.793551064281966312e+00 2.122107013184443116e+08
2.804725268539093985e+00 1.165512182163942307e+08
2.815944169613250558e+00 2.094277423382689357e+08
2.827207946291703244e+00 3.736440493147299886e+08
2.838516778076869862e+00 2.063718076276316345e+08
2.849870845189177437e+00 2.931391243705658317e+08
2.861270328569933685e+00 3.887765683978474140e+08
2.872715409884213589e+00 4.090899482413496971e+08
2.884206271523750420e+00 4.599476107978231311e+08
2.895743096609845413e+00 5.724037569484256506e+08
2.907326068996284985e+00 5.369363404060072899e+08
2.918955373272270393e+00 6.793440634391938448e+08
2.930631194765359826e+00 1.017466438829652429e+09
2.942353719544420709e+00 9.064672405171118975e+08
2.954123134422598440e+00 8.855015307511787415e+08
2.965939626960289122e+00 9.374684317794178724e+08
2.977803385468130504e+00 9.498809514010266066e+08
2.989714599010003138e+00 1.167015979561591387e+09
3.001673457406043077e+00 5.137334682447953224e+08
3.013680151235667015e+00 1.131309547104130268e+09
3.025734871840609408e+00 1.385583602943270206e+09
3.037837811327972037e+00 1.361706868371688843e+09
3.049989162573283785e+00 9.592970165146120787e+08
3.062189119223576395e+00 1.233906913801060200e+09
3.074437875700470890e+00 1.029842558376605153e+09
3.086735627203272880e+00 8.212556977138265371e+08
3.099082569712085622e+00 7.241866552923505306e+08
3.111478899990933744e+00 5.876457927389146090e+08
3.123924815590897186e+00 6.583715222697041035e+08
3.136420514853261121e+00 4.320946313789182901e+08
3.148966196912674320e+00 3.519356873483918309e+08
3.161562061700325277e+00 2.251417027304565310e+08
3.174208309947126327e+00 2.061568416744463146e+08
3.186905143186915090e+00 1.531030251393430531e+08
3.199652763759662566e+00 1.331710091396429986e+08
3.212451374814701222e+00 1.346112185105648935e+08
3.225301180313960625e+00 1.251621519686419517e+08
3.238202385035215958e+00 1.333030472763297409e+08
3.251155194575356955e+00 1.436673406445058286e+08
3.264159815353658622e+00 1.869453909461847842e+08
3.277216454615073271e+00 2.867810809843170643e+08
3.290325320433533207e+00 3.618589721795397997e+08
3.303486621715267635e+00 2.935107522644611597e+08
3.316700568202128441e+00 1.441362924224848114e+07
3.329967370474937294e+00 2.091971248152879626e+07
3.343287239956836743e+00 1.164055719097188711e+08
3.356660388916663962e+00 2.007278152924649417e+08
3.370087030472330714e+00 2.221239965473620296e+08
3.383567378594220187e+00 1.891286736485325098e+08
3.397101648108596716e+00 1.724897741274939179e+08
3.410690054701031482e+00 1.673685213308688402e+08
3.424332814919834878e+00 1.762713221772805154e+08
3.438030146179514634e+00 1.852970972383816242e+08
3.451782266764232610e+00 1.723051176423285306e+08
3.465589395831289998e+00 2.135212882140332460e+08
3.479451753414614767e+00 2.019772296521473527e+08
3.493369560428273068e+00 2.593422559278258681e+08
3.507343038669985980e+00 3.717101131235095859e+08
3.521372410824665788e+00 3.637099558120179772e+08
3.535457900467964709e+00 3.396686594832167029e+08
3.549599732069836477e+00 4.464221809821994305e+08
3.563798130998116154e+00 4.895598154355559945e+08
3.578053323522108364e+00 5.757188057421787977e+08
3.592365536816196858e+00 5.974983983646216393e+08
3.606734998963461614e+00 5.455230264348660707e+08
3.621161938959315041e+00 7.391277850326793194e+08
3.635646586715152839e+00 9.866188718191829920e+08
3.650189173062013293e+00 1.115421972375042915e+09
3.664789929754260545e+00 1.320775661972228765e+09
3.679449089473277645e+00 1.520179462024866104e+09
3.694166885831170699e+00 1.466533365430302858e+09
3.708943553374495661e+00 1.617440375909967422e+09
3.723779327587993571e+00 1.670644562894520998e+09
3.738674444898345328e+00 1.995173659607030153e+09
3.753629142677938901e+00 2.238484906661768436e+09
3.768643659248651190e+00 2.078793205586421251e+09
3.783718233885645432e+00 1.821156316232615471e+09
3.798853106821188153e+00 2.254587979046715260e+09
3.814048519248473657e+00 2.890251341276371479e+09
3.829304713325467180e+00 3.485133913316849232e+09
3.844621932178768908e+00 2.205768174901467800e+09
3.860000419907484215e+00 2.810686538747604370e+09
3.875440421587113882e+00 2.954481753401599407e+09
3.890942183273462529e+00 3.301964512631924629e+09
3.906505952006555926e+00 3.287639755374483585e+09
3.922131975814582727e+00 3.378355450609225750e+09
3.937820503717840648e+00 3.923011303482758522e+09
3.953571785732711508e+00 3.761513132968419075e+09
3.969386072875642490e+00 4.112073451532545567e+09
3.985263617167145167e+00 4.422170451175999641e+09
4.001204671635814059e+00 4.358606277153162956e+09
4.017209490322357190e+00 4.518180822912342072e+09
4.033278328283646630e+00 4.320119397467741966e+09
4.049411441596781458e+00 4.117668762047443867e+09
4.065609087363168506e+00 3.968637960942723274e+09
4.081871523712622185e+00 3.503681505947928905e+09
4.098199009807472315e+00 3.568305594193112373e+09
4.114591805846702144e+00 3.191069969575059414e+09
4.131050173070089038e+00 2.967199901856022358e+09
4.147574373762369149e+00 3.163268467784667969e+09
4.164164671257418959e+00 3.202299865738154888e+09
4.180821329942449260e+00 2.978678128156717777e+09
4.197544615262219558e+00 3.500025863690366268e+09
4.214334793723269357e+00 3.721554792269116402e+09
4.231192132898162761e+00 3.655084429183365345e+09
4.248116901429755288e+00 3.746002026559485435e+09
4.265109369035473996e+00 3.951886833336955547e+09
4.282169806511615384e+00 3.107221477210842133e+09
4.299298485737661935e+00 1.103299432625266552e+09
4.316495679680612874e+00 1.043204222029062867e+09
4.333761662399335357e+00 2.234788444588465691e+09
4.351096709048932532e+00 2.681934672338112354e+09
4.368501095885127583e+00 3.140143709949989319e+09
4.385975100268668214e+00 2.557240352844574928e+09
4.403519000669743555e+00 2.052535775536336660e+09
4.421133076672422391e+00 1.759100303978204966e+09
4.438817608979111817e+00 1.195570814744250298e+09
4.456572879415028332e+00 1.030930086863218307e+09
4.474399170932688463e+00 7.019515301871246099e+08
4.492296767616419828e+00 5.638017439362485409e+08
4.510265954686884626e+00 4.498381305672574043e+08
4.528307018505633330e+00 3.554827436096583009e+08
4.546420246579655711e+00 2.783578162379894257e+08
4.564605927565974497e+00 2.525443814057302177e+08
4.582864351276237258e+00 2.614047651555017233e+08
4.601195808681342925e+00 2.415548254861158133e+08
4.619600591916067422e+00 2.946626989588256478e+08
4.638078994283731937e+00 3.653865623069727421e+08
4.656631310260867629e+00 6.772289153450893164e+08
4.675257835501911430e+00 5.913061906078467369e+08
4.693958866843916944e+00 4.469469364376454949e+08
4.712734702311292878e+00 3.915678815125194192e+08
4.731585641120538810e+00 3.085084306533843279e+08
4.750511983685020923e+00 3.422346056135764122e+08
4.769514031619761063e+00 3.660795234514980316e+08
4.788592087746240011e+00 3.618088290368666649e+08
4.807746456097224730e+00 4.736411127851556540e+08
4.826977441921613377e+00 5.487598093344358206e+08
4.846285351689299858e+00 4.891004884908933043e+08
4.865670493096057925e+00 6.996869565430696011e+08
4.885133175068442135e+00 7.813298201551436186e+08
4.904673707768715474e+00 8.001140404906164408e+08
4.924292402599791174e+00 8.720778566433298588e+08
4.943989572210189642e+00 8.980000514911109209e+08
4.963765530499030021e+00 8.269724124109914303e+08
4.983620592621027079e+00 1.323576549777435064e+09
5.003555074991511198e+00 1.406075471168681145e+09
5.023569295291476777e+00 9.009281570988298655e+08
5.043663572472643075e+00 1.525185725459303856e+09
5.063838226762532813e+00 1.796808447325441122e+09
5.084093579669583640e+00 1.344111986113403082e+09
5.104429953988261381e+00 1.662063802020432711e+09
5.124847673804215020e+00 1.763069615648677111e+09
5.145347064499431688e+00 8.864248938140270710e+08
5.165928452757428957e+00 1.304779403765699625e+09
5.186592166568458673e+00 1.832488917340301752e+09
5.207338535234733001e+00 6.812505592502996922e+08
5.228167889375671784e+00 1.248678498780467510e+09
5.249080560933174766e+00 1.342598401069669485e+09
5.270076883176907145e+00 1.163776631168073893e+09
5.291157190709615321e+00 1.021485685138421059e+09
5.312321819472453299e+00 1.270360714720690489e+09
5.333571106750343738e+00 1.538191867949259520e+09
5.354905391177344320e+00 5.471279291034202576e+08
5.376325012742054099e+00 8.375968056127688885e+08
5.397830312793021612e+00 1.120278583400996685e+09
5.419421634044193858e+00 3.571277648706836700e+08
5.441099320580370602e+00 8.776955769721153975e+08
5.462863717862692425e+00 5.800333515346295834e+08
5.484715172734142996e+00 7.286443730641871691e+08
5.506654033425078865e+00 7.975296200663774014e+08
5.528680649558780580e+00 5.889709380394093990e+08
5.550795372157015350e+00 5.028349086979715824e+08
5.572998553645643227e+00 3.915905322430360913e+08
5.595290547860225949e+00 5.736566478454443216e+08
5.617671710051667766e+00 5.470827715538496971e+08
5.640142396891874021e+00 3.925749870149984360e+08
5.662702966479441713e+00 5.267272802736167312e+08
5.685353778345359821e+00 4.018003625794643760e+08
5.708095193458740724e+00 3.893891880729490519e+08
5.730927574232576482e+00 3.283565893857042789e+08
5.753851284529505783e+00 3.647302584253116250e+08
5.776866689667624399e+00 3.474511302183783650e+08
5.799974156426294769e+00 5.658671916731754541e+08
5.823174053051999977e+00 2.416153690524218678e+08
5.846466749264207508e+00 4.474910802951055169e+08
5.869852616261264977e+00 2.450113259047331214e+08
5.893332026726310069e+00 2.356018706776092649e+08
5.916905354833215114e+00 4.584131412124838233e+08
5.940572976252548543e+00 2.226220845729614794e+08
5.964335268157558545e+00 3.974992264801704288e+08
5.988192609230189589e+00 3.720185893943810463e+08
6.012145379667110490e+00 5.051404468928514123e+08
6.036193961185778889e+00 4.100436052549764514e+08
6.060338737030522616e+00 2.407744805442883074e+08
6.084580091978644134e+00 4.652375320633047223e+08
6.108918412346558746e+00 3.181767484553267956e+08
6.133354085995945226e+00 4.508983492181932926e+08
6.157887502339929320e+00 2.912919405382723808e+08
6.182519052349287669e+00 3.453424651250868440e+08
6.207249128558685491e+00 5.127884709232472777e+08
6.232078125072920471e+00 5.586294838430041075e+08
6.257006437573212843e+00 6.819773014931761026e+08
6.282034463323505236e+00 6.374041646741733551e+08
6.307162601176800720e+00 7.799206945792570114e+08
6.332391251581507063e+00 5.484617572805813551e+08
6.357720816587833390e+00 4.787931531811434627e+08
6.383151699854184180e+00 4.098740204921030998e+08
6.408684306653601226e+00 2.363096657897309363e+08
6.434319043880215361e+00 2.777090981090366244e+08
6.460056320055736379e+00 2.666921578476098180e+08
6.485896545335958052e+00 1.443316228150671124e+08
6.511840131517302233e+00 2.169531467500759661e+08
6.537887492043371829e+00 2.960916462795825601e+08
6.564039042011545533e+00 1.917705454720372558e+08
6.590295198179591196e+00 1.949348466170458496e+08
6.616656378972309405e+00 2.227431875267824829e+08
6.643123004488199257e+00 2.333029697742284238e+08
6.669695496506150789e+00 2.680808568239931464e+08
6.696374278492176479e+00 3.734392443713214993e+08
6.723159775606144528e+00 2.704918546985467672e+08
6.750052414708568094e+00 4.257088855821959972e+08
6.777052624367403411e+00 2.678069638324174583e+08
6.804160834864871887e+00 3.262823170631009936e+08
6.831377478204331055e+00 3.390172581269693375e+08
6.858702988117148180e+00 2.033166012943155468e+08
6.886137800069615622e+00 3.962005467043290734e+08
6.913682351269895499e+00 4.193334337698531151e+08
6.941337080674975013e+00 4.619741102153872848e+08
6.969102428997675069e+00 2.929516353092974424e+08
6.996978838713665994e+00 3.891702785410861969e+08
7.024966754068519670e+00 3.567797485087395906e+08
7.053066621084793653e+00 2.537701664363369346e+08
7.081278887569133929e+00 3.734724331975762248e+08
7.109604003119409654e+00 3.190011200066512823e+08
7.138042419131887861e+00 3.121859243517958522e+08
7.166594588808414379e+00 2.374341124180625081e+08
7.195260967163648047e+00 2.583591689662746191e+08
7.224042011032302923e+00 2.567286962528060377e+08
7.252938179076432235e+00 2.412506590693066716e+08
7.281949931792737196e+00 1.966999447124127150e+08
7.311077731519908696e+00 2.275689912702661753e+08
7.340322042445988515e+00 1.519851701441981792e+08
7.369683330615771411e+00 1.864781744567515254e+08
7.399162063938235612e+00 1.930923307110750079e+08
7.428758712193988423e+00 1.887861628785544336e+08
7.458473747042765112e+00 1.494692372209023833e+08
7.488307642030935796e+00 1.890790661447350979e+08
7.518260872599060285e+00 2.275863271845600009e+08
7.548333916089456253e+00 2.448547134567880332e+08
7.578527251753813587e+00 2.363568655167690814e+08
7.608841360760829176e+00 2.485593578981985748e+08
7.639276726203872769e+00 3.375301954996719956e+08
7.669833833108687493e+00 8.089584567893272638e+07
7.700513168441122325e+00 1.160908828033076674e+08
7.731315221114887670e+00 1.304437084342412651e+08
7.762240481999347352e+00 1.529774082625426352e+08
7.793289443927344351e+00 1.881780428625741005e+08
7.824462601703054077e+00 2.048551884808377326e+08
7.855760452109866065e+00 2.197899417475667894e+08
7.887183493918306532e+00 1.954686384130587280e+08
7.918732227893980458e+00 1.968393355224538445e+08
7.950407156805555431e+00 2.504776202826692760e+08
7.982208785432777454e+00 2.617029745135403872e+08
8.014137620574508958e+00 2.163328853750727773e+08
8.046194171056805899e+00 2.270412670238235593e+08
8.078378947741034821e+00 2.211803586908430755e+08
8.110692463531997021e+00 3.217645516916242242e+08
8.143135233386125549e+00 2.631082397019713521e+08
8.175707774319670662e+00 2.572929861489143372e+08
8.208410605416949224e+00 2.637123717248640060e+08
8.241244247838615422e+00 3.150167734763996601e+08
8.274209224829968790e+00 3.422767337540509701e+08
8.307306061729288871e+00 3.225244563992961049e+08
8.340535285976207192e+00 3.395989220921897888e+08
8.373897427120111203e+00 3.248490820253699422e+08
8.407393016828594412e+00 3.491690412511014938e+08
8.441022588895906509e+00 4.058497078556723595e+08
8.474786679251490540e+00 4.157571133400492072e+08
8.508685825968495209e+00 3.399427781196218729e+08
8.542720569272368891e+00 4.250832289024111032e+08
8.576891451549458978e+00 4.662108192947204709e+08
8.611199017355655627e+00 4.484216909730640054e+08
8.645643813425078150e+00 4.045305222715604305e+08
8.680226388678779159e+00 4.611912273304834962e+08
8.714947294233493125e+00 5.207352354803465605e+08
8.749807083410427566e+00 4.735014469779199958e+08
8.784806311744070229e+00 4.122730221254577041e+08
8.819945536991047774e+00 4.520414708235921860e+08
8.855225319139009343e+00 5.349155153192612529e+08
8.890646220415566958e+00 5.146086667924824357e+08
8.926208805297228821e+00 3.961257735643603206e+08
8.961913640518417878e+00 3.872660552247088552e+08
8.997761295080492161e+00 4.995032422062720060e+08
9.033752340260813085e+00 5.044729287814577818e+08
9.069887349621856387e+00 4.706486854260105491e+08
9.106166899020346150e+00 4.981704146246815324e+08
9.142591566616424359e+00 4.846008717586823702e+08
9.179161932882891506e+00 4.791270229360579252e+08
9.215878580614422333e+00 4.413751093155390024e+08
9.252742094936881045e+00 5.439937985339555740e+08
9.289753063316627646e+00 4.251532042318472862e+08
9.326912075569895322e+00 4.399931845497738719e+08
9.364219723872173162e+00 4.887956376700965166e+08
9.401676602767663482e+00 4.906191923021535277e+08
9.439283309178733816e+00 4.614436940115556717e+08
9.477040442415447075e+00 4.266166302124406099e+08
9.514948604185111236e+00 4.553363719550285935e+08
9.553008398601852136e+00 4.723312155952543020e+08
9.591220432196260859e+00 5.226298107064482570e+08
9.629585313925044687e+00 4.725553492541510463e+08
9.668103655180747324e+00 4.263707453910333514e+08
9.706776069801470896e+00 4.675801625448503494e+08
9.745603174080676112e+00 4.901039681910936236e+08
9.784585586776998412e+00 5.340957577428825498e+08
9.823723929124106746e+00 4.852999155330547094e+08
9.863018824840601440e+00 4.662666706069124341e+08
9.902470900139965337e+00 4.264253623660040498e+08
9.942080783740523842e+00 4.979430300872391462e+08
9.981849106875488431e+00 5.575105861664588451e+08
1.002177650330298952e+01 5.271431543862788677e+08
1.006186360931619994e+01 3.974945077591183782e+08
1.010211106375346723e+01 4.132083718632304072e+08
1.014251950800847979e+01 4.907328700267366171e+08
1.018308958604051284e+01 5.032747612172389627e+08
1.022382194438467451e+01 5.025278799570323229e+08
1.026471723216221399e+01 4.478348798327658772e+08
1.030577610109086173e+01 4.100960453018761873e+08
1.034699920549522467e+01 1.424736416482286155e+08
1.038838720231720458e+01 1.517973178690392375e+08
1.042994075112647501e+01 2.202405569320577383e+08
1.047166051413097954e+01 2.564141532654141784e+08
1.051354715618750468e+01 2.509760179189824760e+08
1.055560134481225454e+01 3.086897429283052683e+08
1.059782375019150358e+01 3.345695030549531579e+08
1.064021504519226902e+01 3.004241268292158246e+08
1.068277590537303823e+01 2.441627238248427808e+08
1.072550700899452991e+01 1.444181934478698373e+08
1.076840903703050856e+01 1.609628207976358831e+08
1.081148267317863088e+01 2.314156235937845409e+08
1.085472860387134553e+01 2.824648984221055508e+08
1.089814751828683015e+01 2.991616960315315723e+08
1.094174010835997635e+01 2.799556684093543887e+08
1.098550706879341909e+01 2.658892160804796517e+08
1.102944909706859100e+01 2.698366558413410187e+08
1.107356689345686540e+01 3.594088113036967516e+08
1.111786116103069233e+01 3.545470150386859775e+08
1.116233260567481622e+01 3.826438817894287109e+08
1.120698193609751492e+01 3.389877790470805764e+08
1.125180986384190440e+01 2.565123449733483791e+08
1.129681710329727373e+01 3.732837452793100476e+08
1.134200437171046083e+01 3.646060129514034986e+08
1.138737238919730466e+01 3.452836452604898214e+08
1.143292187875409383e+01 3.839679675499577522e+08
1.147865356626910938e+01 3.182454760490818024e+08
1.152456818053418530e+01 2.678704588379613161e+08
1.157066645325632237e+01 3.080347055497290492e+08
1.161694911906934635e+01 3.287091293691962957e+08
1.166341691554562487e+01 3.037392403448573351e+08
1.171007058320780736e+01 1.944576977337906957e+08
1.175691086554063958e+01 2.517317008737707734e+08
1.180393850900279951e+01 2.526410655927457213e+08
1.185115426303881137e+01 3.040436947253204584e+08
1.189855888009096674e+01 2.920254304142447710e+08
1.194615311561133097e+01 2.889680016916053295e+08
1.199393772807377623e+01 2.274705117278183401e+08
1.204191347898607134e+01 2.836504420045429468e+08
1.209008113290201614e+01 1.890726787813722789e+08
1.213844145743362368e+01 2.893269342798016071e+08
1.218699522326335938e+01 3.118580629189653993e+08
1.223574320415641381e+01 2.347606969584934711e+08
1.228468617697303777e+01 2.048021473337929547e+08
1.233382492168093059e+01 2.647030878247339129e+08
1.238316022136765504e+01 1.661102224727937877e+08
1.243269286225312520e+01 2.147965722900956571e+08
1.248242363370213859e+01 2.548739677742317021e+08
1.253235332823694748e+01 1.701724715938120186e+08
1.258248274154989410e+01 1.777140220231112242e+08
1.263281267251609385e+01 2.377254439807040095e+08
1.268334392320615756e+01 2.038303536836493313e+08
1.273407729889898299e+01 1.837851169385254979e+08
1.278501360809457665e+01 2.353402733677656651e+08
1.283615366252695544e+01 1.838604251205515862e+08
1.288749827717706253e+01 1.855471576565301418e+08
1.293904827028577031e+01 2.086676695961025953e+08
1.299080446336691352e+01 1.980432864418836534e+08
1.304276768122038099e+01 1.607181157497539222e+08
1.309493875194526424e+01 2.013817632713789642e+08
1.314731850695304693e+01 1.768094698533374965e+08
1.319990778098085649e+01 1.914921389831638038e+08
1.325270741210477965e+01 1.571506276481910348e+08
1.330571824175319939e+01 1.604410879163174927e+08
1.335894111472021173e+01 1.670626493664502501e+08
1.341237687917909227e+01 1.383008169978432953e+08
1.346602638669580898e+01 1.407475986301818788e+08
1.351989049224258999e+01 1.733591122743302584e+08
1.357397005421156067e+01 1.689058735892214477e+08
1.362826593442840917e+01 1.646108536326948702e+08
1.368277899816612297e+01 1.614177292734010816e+08
1.373751011415878942e+01 1.493908612293539345e+08
1.379246015461542463e+01 1.644211412270267308e+08
1.384762999523388416e+01 1.558994245672062337e+08
1.390302051521481808e+01 1.477912116665608883e+08
1.395863259727567751e+01 1.240824296900308579e+08
1.401446712766477987e+01 8.405640130735944211e+07
1.407052499617543972e+01 1.430841381677981019e+08
1.412680709616014063e+01 1.411125937497951984e+08
1.418331432454478147e+01 1.200626641690168679e+08
1.424004758184296193e+01 1.389909250151057839e+08
1.429700777217033369e+01 1.370925272279593050e+08
1.435419580325901379e+01 1.210168643245825619e+08
1.441161258647204946e+01 1.215336498325154185e+08
1.446925903681793812e+01 1.129473545253259391e+08
1.452713607296521126e+01 1.056112842409028560e+08
1.458524461725707155e+01 1.423640338845000267e+08
1.464358559572609764e+01 1.425326164412130415e+08
1.470215993810900557e+01 1.343179109841342866e+08
1.476096857786143879e+01 1.390754695660907924e+08
1.482001245217288599e+01 1.324571345753605515e+08
1.487929250198157760e+01 1.117781811145198196e+08
1.493880967198950316e+01 1.100452776105447710e+08
1.499856491067746056e+01 1.262044017178786546e+08
1.505855917032016933e+01 1.200251562277277410e+08
1.511879340700144958e+01 1.275501221034011394e+08
1.517926858062945605e+01 1.061417045150209218e+08
1.523998565495197433e+01 1.319177479571361393e+08
1.530094559757178274e+01 1.259137346887716651e+08
1.536214937996206764e+01 1.067099408886042982e+08
1.542359797748191674e+01 1.145205357799314260e+08
1.548529236939184450e+01 1.055221673335112631e+08
1.554723353886941339e+01 9.106933966249455512e+07
1.560942247302489072e+01 9.120518201875382662e+07
1.567186016291699069e+01 9.401637303338067234e+07
1.573454760356865556e+01 8.104711451573987305e+07
1.579748579398293096e+01 7.989773375113664567e+07
1.586067573715886247e+01 9.350102191893737018e+07
1.592411844010749888e+01 9.154822368792858720e+07
1.598781491386792730e+01 7.144517337858775258e+07
1.605176617352340074e+01 9.715510839841023088e+07
1.611597323821749228e+01 8.312159317801675200e+07
1.618043713117036120e+01 9.533231089693494141e+07
1.624515887969504391e+01 7.636324949792839587e+07
1.631013951521382310e+01 8.645144786610302329e+07
1.637538007327468037e+01 9.325587654103697836e+07
1.644088159356778078e+01 9.185773150130732358e+07
1.650664511994205341e+01 8.622519504701142013e+07
1.657267170042182158e+01 8.134607655912205577e+07
1.663896238722350418e+01 6.624897700334423035e+07
1.670551823677240222e+01 7.681533323461592197e+07
1.677234030971949608e+01 8.921132446952010691e+07
1.683942967095837062e+01 7.727423207686139643e+07
1.690678738964220429e+01 6.113705536971157044e+07
1.697441453920077237e+01 7.697829756859563291e+07
1.704231219735757108e+01 8.813469741968610883e+07
1.711048144614700561e+01 5.890557957474077493e+07
1.717892337193159236e+01 7.032524298922936618e+07
1.724763906541932101e+01 6.472691543043240905e+07
1.731662962168099895e+01 6.973047599607223272e+07
1.738589614016772344e+01 5.329402461452291906e+07
1.745543972472839300e+01 7.338190049723014235e+07
1.752526148362730751e+01 6.121406604671443999e+07
1.759536252956181812e+01 6.115721389935930818e+07
1.766574397968006238e+01 6.818641304585811496e+07
1.773640695559878466e+01 6.040600208003924042e+07
1.780735258342117433e+01 6.852144045028035343e+07
1.787858199375486024e+01 7.082625792916934192e+07
1.795009632172988034e+01 5.646300303693858534e+07
1.802189670701679702e+01 6.237188190684711933e+07
1.809398429384486562e+01 6.237112906508634984e+07
1.816636023102024211e+01 4.575657949390902370e+07
1.823902567194432578e+01 5.327159291868861020e+07
1.831198177463210186e+01 5.077752769070246816e+07
1.838522970173062987e+01 5.803076393670455366e+07
1.845877062053754969e+01 5.966951152948134392e+07
1.853260570301970134e+01 4.953357423976875842e+07
1.860673612583178027e+01 4.521672853303387016e+07
1.868116307033510637e+01 4.874586523655569553e+07
1.875588772261644976e+01 5.048808958056718111e+07
1.883091127350691352e+01 6.515975836907055229e+07
1.890623491860094063e+01 5.607088350517773628e+07
1.898185985827534594e+01 4.086880408596269041e+07
1.905778729770844748e+01 5.154629458382239193e+07
1.913401844689928311e+01 5.361924882931835204e+07
1.921055452068688041e+01 4.357006250177921355e+07
1.928739673876962968e+01 3.628421064555827528e+07
1.936454632572470658e+01 3.673974075080706179e+07
1.944200451102760141e+01 3.284710678558292240e+07
1.951977252907171589e+01 4.441009449203071743e+07
1.959785161918800256e+01 3.645244592612960190e+07
1.967624302566475691e+01 4.099668169719601423e+07
1.991079942767366973e+01 3.815717781368407607e+07
2.030901541622714390e+01 3.588298303206100315e+07
2.071519572455168756e+01 3.463993233664196730e+07
2.112949963904272010e+01 2.772768015393459797e+07
2.155208963182357707e+01 2.763396628977597877e+07
2.198313142446004420e+01 2.467533376487858221e+07
2.242279405294924643e+01 2.228324748172939941e+07
2.287124993400822959e+01 2.407742698616904765e+07
2.332867493268839709e+01 2.357084308437068760e+07
2.379524843134216638e+01 1.602943581012851931e+07
2.427115339996900900e+01 2.316833879217076674e+07
2.475657646796839018e+01 1.894254462228149176e+07
2.525170799732775961e+01 1.278837951269760355e+07
2.575674215727431715e+01 1.661717329344571568e+07
2.627187700041980278e+01 1.433474572203362919e+07
2.679731454042819649e+01 1.069256217367725447e+07
2.733326083123676042e+01 1.442136573300946504e+07
2.787992604786149542e+01 1.073921277406557649e+07
2.843752456881871993e+01 7.573656630767406896e+06
2.900627506019509738e+01 9.756650084284098819e+06
2.958640056139899599e+01 8.459938501105973497e+06
3.017812857262697435e+01 8.234820717711163685e+06
3.078169114407952023e+01 6.177627009575777687e+06
3.139732496696110431e+01 7.766285923710497096e+06
3.202527146630033172e+01 6.732170600502741523e+06
3.266577689562632969e+01 5.934334714317238890e+06
3.331909243353885586e+01 4.810027027495532297e+06
3.398547428220963695e+01 5.921998471173520200e+06
3.466518376785383282e+01 4.391708633515268564e+06
3.535848744321090464e+01 3.710756576670843642e+06
3.606565719207512188e+01 3.473617174258559011e+06
3.678697033591662802e+01 4.021496595609623939e+06
3.752270974263496583e+01 3.479571853428006172e+06
3.827316393748766643e+01 4.049211695482426789e+06
3.903862721623740839e+01 2.837862877266797237e+06
3.981939976056215613e+01 2.579473578544694465e+06
4.061578775577340394e+01 2.134815141062547918e+06
4.142810351088887444e+01 2.958330028271435760e+06
4.225666558110664539e+01 2.550065962019800209e+06
4.310179889272878029e+01 1.940334594632778550e+06
4.396383487058335504e+01 1.653439711066609947e+06
4.484311156799503095e+01 1.620365999092407292e+06
4.573997379935492091e+01 1.786527412363716634e+06
4.665477327534202345e+01 1.377677805782116251e+06
4.758786874084886165e+01 1.368462716836870881e+06
4.853962611566583973e+01 1.359214898469635518e+06
4.951041863797915710e+01 1.049258544212036766e+06
5.050062701073873939e+01 1.084300905295759905e+06
5.151063955095351332e+01 9.669175097591101658e+05
5.254085234197258103e+01 1.125159392809137702e+06
5.359166938881203635e+01 9.695974653917830437e+05
5.466350277658827395e+01 8.922611883740280755e+05
5.575677283212004198e+01 7.415692072223793948e+05
5.687190828876244098e+01 6.581359218150401721e+05
5.800934645453768468e+01 6.446252634998994181e+05
5.916953338362844050e+01 6.109101029399972176e+05
6.035292405130100946e+01 5.956299356628827518e+05
6.155998253232701956e+01 6.277977163254059851e+05
6.279118218297357146e+01 4.674312339346542722e+05
6.404700582663303976e+01 4.347127814907867578e+05
6.532794594316570169e+01 3.905913030844154418e+05
6.663450486202900436e+01 3.251665784526212956e+05
6.796719495926959098e+01 3.939657830336777261e+05
6.932653885845499531e+01 4.013437528933997964e+05
7.071306963562409464e+01 3.092832222754559480e+05
7.212733102833657028e+01 2.569542542785936093e+05
7.356987764890331505e+01 2.833306290795833338e+05
7.504127520188137623e+01 2.308472607423710288e+05
7.654210070591901172e+01 2.420725477064816514e+05
7.807294272003738911e+01 2.049606870335272106e+05
7.963440157443814371e+01 2.037979315412380674e+05
8.122708960592690630e+01 1.764449871217977488e+05
8.285163139804545551e+01 1.575099558560427104e+05
8.450866402600635752e+01 1.525288653721599549e+05
8.619883730652648524e+01 1.703090698439649132e+05
8.792281405265701721e+01 1.840908371495471802e+05
8.968127033371015955e+01 1.343175142711803783e+05
9.147489574038435478e+01 1.262605560280996870e+05
9.330439365519204387e+01 1.081521818428205006e+05
9.517048152829590890e+01 9.010756529753612995e+04
9.707389115886181230e+01 1.029827395557683631e+05
9.901536898203904968e+01 7.753102811549435137e+04
