# Wavelength [um]       Fp [W/m2/m]  
1.000553076518779783e-01 1.357253208702716735e-26
1.004555288824854897e-01 6.469908304095531601e-128
1.008573509980154326e-01 2.668692353352845836e-122
1.012607804020075053e-01 1.075228138827531657e-121
1.016658235236155422e-01 1.100804089631107252e-127
1.020724868177099870e-01 3.085817361817203199e-88
1.024807767649808382e-01 5.298174573637092949e-95
1.028906998720407612e-01 3.081712467948177400e-119
1.033022626715289355e-01 5.359730773435423915e-81
1.037154717222150413e-01 1.433963179588077093e-124
1.041303336091038839e-01 2.453925550560876268e-114
1.045468549435403099e-01 1.518085255358946595e-108
1.049650423633144702e-01 1.128253979195256836e-126
1.053849025327677214e-01 1.078379681307390904e-93
1.058064421428987906e-01 2.136466978055482966e-119
1.062296679114703990e-01 1.555703031809689922e-92
1.066545865831162732e-01 3.300738138976700729e-105
1.070812049294487533e-01 8.284873235249633255e-109
1.075095297491665408e-01 6.805462338564830137e-84
1.079395678681632220e-01 3.755357077660199463e-109
1.083713261396358624e-01 1.114239109744663581e-79
1.088048114441943909e-01 4.350809792901940296e-87
1.092400306899711654e-01 2.566953955294351694e-54
1.096769908127310511e-01 2.103533687641219311e-85
1.101156987759819850e-01 1.067846102038616134e-87
1.105561615710859147e-01 2.447178790734450561e-56
1.109983862173702651e-01 3.816751748550234701e-67
1.114423797622397516e-01 5.174672510658309082e-77
1.118881492812886930e-01 6.583581123906457889e-86
1.123357018784138517e-01 2.067441741838989757e-77
1.127850446859275102e-01 1.045623217540191997e-40
1.132361848646712132e-01 1.013754482353649132e-52
1.136891296041298988e-01 7.149932404494232364e-51
1.141438861225464035e-01 3.203717538623447242e-49
1.146004616670366072e-01 3.424550711314114714e-47
1.150588635137047705e-01 9.380194813444920165e-50
1.155190989677595953e-01 7.249610908566232628e-53
1.159811753636306314e-01 4.471185488150550899e-47
1.164451000650851553e-01 1.605505581561627769e-53
1.169108804653455069e-01 3.802306618605421138e-56
1.173785239872068981e-01 1.552284436562099781e-43
1.178480380831557206e-01 3.310033876419392660e-40
1.183194302354883543e-01 1.488544270083868151e-41
1.187927079564302935e-01 8.795935632494635995e-46
1.192678787882560099e-01 1.344046142263407710e-38
1.197449503034090645e-01 2.907747297654980618e-34
1.202239301046226783e-01 9.461337901231927018e-52
1.207048258250411760e-01 4.222794355162595791e-35
1.211876451283413342e-01 1.764446266487529312e-39
1.216723957088547137e-01 3.333335791453716626e-32
1.221590852916901310e-01 1.226911333477379362e-27
1.226477216328568792e-01 1.541680509038092120e-24
1.231383125193883099e-01 5.123027255947925798e-28
1.236308657694658586e-01 2.629421459912084294e-26
1.241253892325437369e-01 1.583389560946225509e-28
1.246218907894739159e-01 1.348415726185578882e-32
1.251203783526317892e-01 4.968942020366855921e-27
1.256208598660423226e-01 5.433052906862093332e-33
1.261233433055065078e-01 1.648017260351704768e-27
1.266278366787285392e-01 7.977771063557167685e-29
1.271343480254434610e-01 2.064019031437325036e-25
1.276428854175452321e-01 5.021525797890866616e-29
1.281534569592154005e-01 6.045264370081428578e-26
1.286660707870522780e-01 7.005093625742121051e-27
1.291807350702004475e-01 1.699375492089151765e-23
1.296974580104812425e-01 5.784103394215831060e-24
1.302162478425231973e-01 5.430914105768094974e-26
1.307371128338932764e-01 5.862624880798435204e-25
1.312600612852288795e-01 2.139452748324104674e-23
1.317851015303697915e-01 1.841533171408163333e-23
1.323122419364912705e-01 4.596107567725500529e-23
1.328414909042372472e-01 1.155514280847182465e-22
1.333728568678542170e-01 1.188801119581566540e-20
1.339063482953256612e-01 1.798303233774955776e-22
1.344419736885069383e-01 1.207352340839155651e-22
1.349797415832609815e-01 7.271943669361791644e-22
1.355196605495940232e-01 6.077522320892190705e-21
1.360617391917924301e-01 1.792762150397217621e-21
1.366059861485595939e-01 2.989208736658920195e-22
1.371524100931538481e-01 1.900217537365228749e-21
1.377010197335264696e-01 3.280316536096166093e-21
1.382518238124605670e-01 6.290423727673731525e-20
1.388048311077104136e-01 5.411075045516927822e-20
1.393600504321412248e-01 1.874801511819372819e-20
1.399174906338697677e-01 6.396310412391438859e-21
1.404771605964052761e-01 5.406553162260476921e-20
1.410390692387908651e-01 7.572316985638513431e-20
1.416032255157460562e-01 3.907204605971389748e-18
1.421696384178090522e-01 1.057690650174916952e-19
1.427383169714803168e-01 8.180509689914063009e-20
1.433092702393662099e-01 7.556627895518010119e-16
1.438825073203236771e-01 9.276400471942375744e-19
1.444580373496049674e-01 5.857063769144393646e-16
1.450358694990033503e-01 2.973020183586901338e-16
1.456160129769993872e-01 1.260530058948601436e-15
1.461984770289073976e-01 2.247567612655020626e-15
1.467832709370230082e-01 1.794452183553725886e-16
1.473704040207710897e-01 8.438567154728823438e-16
1.479598856368541382e-01 1.175066831153705880e-15
1.485517251794015725e-01 3.325822232483732274e-16
1.491459320801191979e-01 1.222766701016225202e-14
1.497425158084396690e-01 1.404265782483950042e-15
1.503414858716734248e-01 2.494966048114415906e-14
1.509428518151600951e-01 2.604268030356004301e-14
1.515466232224207677e-01 3.988974200065516323e-15
1.521528097153104220e-01 3.109468156550294177e-14
1.527614209541716672e-01 1.429711979322327217e-14
1.533724666379883694e-01 2.648489198419104519e-14
1.539859565045403056e-01 4.646846989770576287e-14
1.546019003305584838e-01 4.764810428848726272e-15
1.552203079318807133e-01 1.332948134820090366e-14
1.558411891636082569e-01 3.146795163373298623e-14
1.564645539202626778e-01 2.256395671225439381e-14
1.570904121359437411e-01 3.476275859867533563e-14
1.577187737844875093e-01 3.022469822080502878e-14
1.583496488796254653e-01 4.247944813037338599e-14
1.589830474751439959e-01 7.276345884646903755e-14
1.596189796650445414e-01 4.673831479280668537e-14
1.602574555837047166e-01 6.694199511582735221e-14
1.608984854060395708e-01 9.011567840995198571e-14
1.615420793476636807e-01 9.433892791697535184e-14
1.621882476650543525e-01 1.421815230722613156e-13
1.628370006557145755e-01 1.639137107674416593e-13
1.634883486583374457e-01 2.312435504218661127e-13
1.641423020529707844e-01 3.538238171274576464e-13
1.647988712611826723e-01 4.612571338755744149e-13
1.654580667462274002e-01 3.958470027387281728e-13
1.661198990132123077e-01 8.642484278241398904e-13
1.667843786092651215e-01 1.043378641877460970e-12
1.674515161237022098e-01 1.647627348655326435e-12
1.681213221881969755e-01 3.031124845667877100e-12
1.687938074769497754e-01 2.754643128746676467e-12
1.694689827068575905e-01 7.951745065824950515e-12
1.701468586376850278e-01 7.344516646943454925e-12
1.708274460722357391e-01 9.704399001798750242e-12
1.715107558565246715e-01 1.376845305795878300e-11
1.721967988799507909e-01 1.366454648533920306e-11
1.728855860754705820e-01 2.453253999985553500e-11
1.735771284197724640e-01 2.111835428146044338e-11
1.742714369334515678e-01 2.216019461157608908e-11
1.749685226811853456e-01 5.891249323815044687e-11
1.756683967719100681e-01 4.202502072933720826e-11
1.763710703589977391e-01 1.030540989759856187e-10
1.770765546404337309e-01 1.283574508572232677e-10
1.777848608589954471e-01 7.201809192122570092e-11
1.784960003024314568e-01 2.387379275620536582e-10
1.792099843036411844e-01 2.169434449913722162e-10
1.799268242408557650e-01 2.621501613466366564e-10
1.806465315378191772e-01 5.864573598054387297e-10
1.813691176639704306e-01 2.542744176901128058e-10
1.820945941346263086e-01 5.767424300678676722e-10
1.828229725111648329e-01 1.286060396332976540e-09
1.835542644012094771e-01 3.517901835313163990e-10
1.842884814588143239e-01 1.239743279503862479e-09
1.850256353846495561e-01 2.559151668007279297e-09
1.857657379261881403e-01 1.052583863470085875e-09
1.865088008778928996e-01 3.601436162354638870e-09
1.872548360814044743e-01 3.219028859408783087e-09
1.880038554257300876e-01 1.954994315539200141e-09
1.887558708474330049e-01 6.987565226929204621e-09
1.895108943308226879e-01 5.390521121871769248e-09
1.902689379081460019e-01 4.414789274141754195e-09
1.910300136597785636e-01 1.544491615690481992e-08
1.917941337144176972e-01 1.014845678794790500e-08
1.925613102492753359e-01 1.406480742614183263e-08
1.933315554902724498e-01 3.027792172130962649e-08
1.941048817122335568e-01 2.748042955027988054e-08
1.948813012390824828e-01 2.727401192782183483e-08
1.956608264440388156e-01 6.211376956761311512e-08
1.964434697498149418e-01 3.879103400261498657e-08
1.972292436288141937e-01 5.665330111964440747e-08
1.980181606033294406e-01 1.006916119754496315e-07
1.988102332457427346e-01 8.626343653605341950e-08
1.996054741787257336e-01 8.474180885692344367e-08
2.004038960754406518e-01 1.278428266570329151e-07
2.012055116597424309e-01 1.412126363098157852e-07
2.020103337063813842e-01 1.613446189149312246e-07
2.028183750412069219e-01 2.280814037879126106e-07
2.036296485413717494e-01 2.093259931306487231e-07
2.044441671355372303e-01 1.979969686759184606e-07
2.052619438040793887e-01 3.066861417687588768e-07
2.060829915792957157e-01 3.229108449915141252e-07
2.069073235456129201e-01 3.697569381315696875e-07
2.077349528397953449e-01 4.355829458979929665e-07
2.085658926511545219e-01 5.636569053632888863e-07
2.094001562217591150e-01 6.699254675752746933e-07
2.102377568466461677e-01 7.612494911834970591e-07
2.110787078740327671e-01 7.711506761755990723e-07
2.119230227055288740e-01 1.059831503452337862e-06
2.127707147963510126e-01 1.285485217262556145e-06
2.136217976555363773e-01 1.631325087837173063e-06
2.144762848461585492e-01 1.430042089336115558e-06
2.153341899855431840e-01 2.150427717808384789e-06
2.161955267454853669e-01 2.900357544806404109e-06
2.170603088524672986e-01 3.515534934716154008e-06
2.179285500878772042e-01 3.343048370151811946e-06
2.188002642882286852e-01 4.017513367943590433e-06
2.196754653453815986e-01 6.159144411486067621e-06
2.205541672067631020e-01 6.347751752552854933e-06
2.214363838755901703e-01 1.161502298603275807e-05
2.223221294110925284e-01 8.435395907430828306e-06
2.232114179287369160e-01 2.015650277605010704e-05
2.241042636004518529e-01 1.557285680730881395e-05
2.250006806548536520e-01 3.501930004532186524e-05
2.259006833774730438e-01 2.554825532789799816e-05
2.268042861109829667e-01 3.710523685371391986e-05
2.277115032554268836e-01 4.547917941996639500e-05
2.286223492684485714e-01 5.351522693439613885e-05
2.295368386655223802e-01 1.143897641305390684e-04
2.304549860201844658e-01 4.828324968968221112e-05
2.313768059642651864e-01 1.298207040237626822e-04
2.323023131881222503e-01 1.199342561934335812e-04
2.332315224408747223e-01 2.213442999753235257e-04
2.341644485306381973e-01 2.769243260769756491e-04
2.351011063247607502e-01 1.345505044630900253e-04
2.360415107500598020e-01 3.633343762593341697e-04
2.369856767930600405e-01 1.734890075582587389e-04
2.379336195002322851e-01 5.416999830800988585e-04
2.388853539782332114e-01 4.687913920627025935e-04
2.398408953941461863e-01 1.230043497461003488e-03
2.408002589757227141e-01 1.450874196960934108e-03
2.417634600116256582e-01 6.593229045756713669e-04
2.427305138516721306e-01 2.343371802037808038e-03
2.437014359070788505e-01 1.981708358894246347e-03
2.446762416507071713e-01 5.957001464730576033e-03
2.456549466173099938e-01 3.071936325662607929e-03
2.466375664037792625e-01 5.533556175996652386e-03
2.476241166693943785e-01 8.346789157542024856e-03
2.486146131360719436e-01 2.555366753187661433e-03
2.496090715886161993e-01 8.485948467329635161e-03
2.506075078749706586e-01 6.172446804020588658e-03
2.516099379064705155e-01 1.098740961351298701e-02
2.526163776580964138e-01 3.183487128222467488e-02
2.536268431687287994e-01 5.578498222599371364e-02
2.546413505414037437e-01 8.590535791059247805e-02
2.556599159435693491e-01 3.499003660552590239e-02
2.566825556073435988e-01 3.392813424436763592e-02
2.577092858297729827e-01 4.269973246877421802e-02
2.587401229730920682e-01 3.452921550349986879e-02
2.597750834649844576e-01 6.772462374864894608e-02
2.608141837988444123e-01 6.328237421723982570e-02
2.618574405340398092e-01 1.624128824380522695e-01
2.629048702961759298e-01 3.239375142096797555e-01
2.639564897773606367e-01 3.246940224465150182e-01
2.650123157364701054e-01 3.328526587527808611e-01
2.660723649994159445e-01 2.826868029880766353e-01
2.671366544594135917e-01 3.375939380873840268e-01
2.682052010772512096e-01 4.948172059211162765e-01
2.692780218815602478e-01 4.129914058950922007e-01
2.703551339690865030e-01 7.960847641122370533e-01
2.714365545049627904e-01 7.844945326722452261e-01
2.725223007229827243e-01 8.604137056784700865e-01
2.736123899258746106e-01 1.094584054776251758e+00
2.747068394855781692e-01 1.754616954135982620e+00
2.758056668435204806e-01 1.964712415512633870e+00
2.769088895108945403e-01 3.613997170686242821e+00
2.780165250689380918e-01 3.375041199092043698e+00
2.791285911692138466e-01 4.794705599540267649e+00
2.802451055338907038e-01 4.951477151789351439e+00
2.813660859560263017e-01 5.454982708327659857e+00
2.824915502998503469e-01 5.607193202717092539e+00
2.836215165010497197e-01 8.121039006684771522e+00
2.847560025670539119e-01 8.624241304290373833e+00
2.858950265773221866e-01 1.400110475775244367e+01
2.870386066836315142e-01 1.449058502148200134e+01
2.881867611103660631e-01 2.221335164256783301e+01
2.893395081548075787e-01 2.765889664234359202e+01
2.904968661874267610e-01 3.066252376013759573e+01
2.916588536521764197e-01 3.476263609354650441e+01
2.928254890667851273e-01 3.835647023836001068e+01
2.939967910230522619e-01 4.399886934259038895e+01
2.951727781871444911e-01 5.536656318702399204e+01
2.963534692998930908e-01 6.674016281793929295e+01
2.975388831770926501e-01 8.022499452347747706e+01
2.987290387098009981e-01 1.086624732719526634e+02
2.999239548646402409e-01 1.141528385635759406e+02
3.011236506840988536e-01 7.105567318490220607e+00
3.023281452868351593e-01 7.588327103107867622e+00
3.035374578679824742e-01 1.999366449125082212e+00
3.047516076994544187e-01 9.527449663741299091e+00
3.059706141302522830e-01 1.234728049735918809e+01
3.071944965867733357e-01 1.236881871974073199e+01
3.084232745731204095e-01 1.005618067621837142e+01
3.096569676714128194e-01 2.561754519251040918e+00
3.108955955420985018e-01 2.579909638198715882e+00
3.121391779242668751e-01 9.241721466591881651e+00
3.133877346359639215e-01 1.013383956282028109e+01
3.146412855745078230e-01 9.028079984404516978e+00
3.158998507168058190e-01 7.314171830975997324e+00
3.171634501196730627e-01 5.469463702355345625e+00
3.184321039201517545e-01 3.709012926367983187e+00
3.197058323358323295e-01 2.142377206412807489e+00
3.209846556651756444e-01 7.526653972661143666e-01
3.222685942878363852e-01 2.883917076845565197e-01
3.235576686649877520e-01 3.856037231879545502e-01
3.248518993396476984e-01 1.569810890606025411e-01
3.261513069370062801e-01 3.991182861307335239e-02
3.274559121647543369e-01 7.248828629725058252e-03
3.287657358134133401e-01 5.664534481549382550e-04
3.300807987566670154e-01 9.938344608031499699e-06
3.314011219516936890e-01 1.267658802933167123e-04
3.327267264395004642e-01 5.596132225434279940e-03
3.340576333452584534e-01 4.912189881578689354e-02
3.353938638786395088e-01 3.049676293307542752e-01
3.367354393341540630e-01 1.212350441725539296e+00
3.380823810914907468e-01 3.488950152260762216e+00
3.394347106158566718e-01 8.456724495313340029e+00
3.407924494583201014e-01 1.760199327775276856e+01
3.421556192561533982e-01 2.752967702902046199e+01
3.435242417331779707e-01 1.764826715689556025e+01
3.448983387001106626e-01 2.075511951936715782e+00
3.462779320549111417e-01 4.947980009164908211e+01
3.476630437831307319e-01 1.937775408786342268e+02
3.490536959582632992e-01 3.920922827663060275e+02
3.504499107420963600e-01 6.369757109410759313e+02
3.518517103850647421e-01 9.456072400830734068e+02
3.532591172266050239e-01 1.326672609696763175e+03
3.546721536955114717e-01 1.795150529694967190e+03
3.560908423102934761e-01 2.364826268997876014e+03
3.575152056795346533e-01 3.049795136453342820e+03
3.589452665022527800e-01 3.865560605152271819e+03
3.603810475682617254e-01 4.828637016286846119e+03
3.618225717585348278e-01 5.956709201756588300e+03
3.632698620455689364e-01 7.268258698781482053e+03
3.647229414937512293e-01 8.783247620603229734e+03
3.661818332597261971e-01 1.052334936833197389e+04
3.676465605927651259e-01 1.251129798262133227e+04
3.691171468351361895e-01 1.476948703653225493e+04
3.705936154224767076e-01 1.732050661991991001e+04
3.720759898841666247e-01 2.018810451139016004e+04
3.735642938437032656e-01 2.339322747150629220e+04
3.750585510190780902e-01 2.695380353939554334e+04
3.765587852231543908e-01 3.088530789498222657e+04
3.780650203640470441e-01 3.519424360737107781e+04
3.795772804455032068e-01 3.987637814065106068e+04
3.810955895672852312e-01 4.490797658965513256e+04
3.826199719255543585e-01 5.025336682143727376e+04
3.841504518132565771e-01 5.582328481892332638e+04
3.856870536205096456e-01 6.148703237410545262e+04
3.872298018349916715e-01 6.703449701395213197e+04
3.887787210423316320e-01 7.215241625183376891e+04
3.903338359265008939e-01 7.638788580965953588e+04
3.918951712702069545e-01 7.907568557182895893e+04
3.934627519552877928e-01 7.929085787990572862e+04
3.950366029631089404e-01 7.583344661648456531e+04
3.966167493749613859e-01 6.729134082583815325e+04
3.982032163724612550e-01 5.247284685815709236e+04
3.997960292379510450e-01 3.199977271399320307e+04
4.013952133549028578e-01 1.177003123873678487e+04
4.030007942083224659e-01 1.876059775136044209e+03
4.046127973851557647e-01 4.035669006779342283e+01
4.062312485746963908e-01 2.190498583726847755e+03
4.078561735689951728e-01 1.737878081097351969e+04
4.094875982632711353e-01 5.885794229557216750e+04
4.111255486563242245e-01 1.193390069155208330e+05
4.127700508509495880e-01 1.887633262286110548e+05
4.144211310543532978e-01 2.624881419026990770e+05
4.160788155785707931e-01 3.389871539059595088e+05
4.177431308408850463e-01 4.181267952416343614e+05
4.194141033642486138e-01 5.002769725507804542e+05
4.210917597777056320e-01 5.852706243789267028e+05
4.227761268168164221e-01 6.758034326646110276e+05
4.244672313240837602e-01 7.692333844295394374e+05
4.261651002493800910e-01 8.725719494407838210e+05
4.278697606503775730e-01 9.775360693689095788e+05
4.295812396929790666e-01 1.095996084777473705e+06
4.312995646517510107e-01 1.219607304833545117e+06
4.330247629103580187e-01 1.347549530231837882e+06
4.347568619619994745e-01 1.494814684196287068e+06
4.364958894098474596e-01 1.651703433899090393e+06
4.382418729674867897e-01 1.813499378686045064e+06
4.399948404593567730e-01 1.980519304283154197e+06
4.417548198211941890e-01 2.186831760774642695e+06
4.435218391004789873e-01 2.397794722207157407e+06
4.452959264568808750e-01 2.622351439103802666e+06
4.470771101627084021e-01 2.863917806814277545e+06
4.488654186033592119e-01 3.105728715628080536e+06
4.506608802777726241e-01 3.379849852017646190e+06
4.524635237988837710e-01 3.705930907118317671e+06
4.542733778940792333e-01 4.022336117597977165e+06
4.560904714056555065e-01 4.345980547939944081e+06
4.579148332912781894e-01 3.010687255843496881e+06
4.597464926244433370e-01 3.006002714889303315e+06
4.615854785949410899e-01 2.953953701307035517e+06
4.634318205093208576e-01 2.853662735580664128e+06
4.652855477913582227e-01 2.724492386038091499e+06
4.671466899825236219e-01 2.626844224190519657e+06
4.690152767424536906e-01 2.479996156153569464e+06
4.708913378494234969e-01 2.088798203382967506e+06
4.727749032008212171e-01 1.533970796283530304e+06
4.746660028136244769e-01 9.681697202750405995e+05
4.765646668248789131e-01 5.358146701534057502e+05
4.784709254921784560e-01 2.629557613529854571e+05
4.803848091941470555e-01 1.167170065988527349e+05
4.823063484309236815e-01 5.069179254555793159e+04
4.842355738246474361e-01 2.416899641066778349e+04
4.861725161199459966e-01 1.369144508867736113e+04
4.881172061844257226e-01 8.879089074384606647e+03
4.900696750091634302e-01 6.383231067300632276e+03
4.920299537092001074e-01 4.604156600016331140e+03
4.939980735240369625e-01 3.248712631046921615e+03
4.959740658181330253e-01 2.226268183406793469e+03
4.979579620814056362e-01 1.440356896586554285e+03
4.999497939297311566e-01 8.732527359064085886e+02
5.019495931054501758e-01 5.228041722393695636e+02
5.039573914778719965e-01 3.601310227893658862e+02
5.059732210437835054e-01 3.088781705039612575e+02
5.079971139279585435e-01 3.087729533856131070e+02
5.100291023836703852e-01 3.199252096592985595e+02
5.120692187932051054e-01 3.227121431928736683e+02
5.141174956683780550e-01 3.237012409754374858e+02
5.161739656510514473e-01 3.322085524830715144e+02
5.182386615136556074e-01 3.421165205699795138e+02
5.203116161597103329e-01 3.461838155375294832e+02
5.223928626243490303e-01 3.497011892716107582e+02
5.244824340748465152e-01 3.568845358434041941e+02
5.265803638111459239e-01 3.632143624570019256e+02
5.286866852663905103e-01 3.685827795940952569e+02
5.308014320074561088e-01 3.775685179095798958e+02
5.329246377354859288e-01 3.874152321578192186e+02
5.350563362864277916e-01 3.961819041592653434e+02
5.371965616315735881e-01 4.081259832931453388e+02
5.393453478780998456e-01 4.203590719259960906e+02
5.415027292696121819e-01 4.302654076959159397e+02
5.436687401866906466e-01 4.428459884761013541e+02
5.458434151474373941e-01 4.543507824080002706e+02
5.480267888080271321e-01 4.630573362599435541e+02
5.502188959632591247e-01 4.736995176587084302e+02
5.524197715471121928e-01 4.833423178252915591e+02
5.546294506333006025e-01 4.901668798688808693e+02
5.568479684358338400e-01 4.970146498405122770e+02
5.590753603095770519e-01 5.031453095899810819e+02
5.613116617508153716e-01 5.049590974016307428e+02
5.635569083978186899e-01 5.083910118219085916e+02
5.658111360314097560e-01 5.056321775936253289e+02
5.680743805755354980e-01 5.015431771168167643e+02
5.703466780978375672e-01 4.946033362202155672e+02
5.726280648102289872e-01 4.851313581621336084e+02
5.749185770694699160e-01 4.710247719880196655e+02
5.772182513777477375e-01 4.533911851149278505e+02
5.795271243832587071e-01 4.325171494864387114e+02
5.818452328807918184e-01 4.103445593965312810e+02
5.841726138123150003e-01 3.869176930212121306e+02
5.865093042675643131e-01 3.280671832017911242e+02
5.888553414846344758e-01 2.831314147554233500e+02
5.912107628505729462e-01 3.473369182507536834e+02
5.935756059019753339e-01 5.223215181098446465e+02
5.959499083255832552e-01 7.190250465560542352e+02
5.983337079588855190e-01 9.454566824434795080e+02
6.007270427907210886e-01 1.235874174951255554e+03
6.031299509618840426e-01 1.612353931464020889e+03
6.055424707657315331e-01 2.064299633911421552e+03
6.079646406487945187e-01 2.605117321224847274e+03
6.103964992113897203e-01 3.267110559873433886e+03
6.128380852082353503e-01 4.070685681818925332e+03
6.152894375490681744e-01 5.040822652821391785e+03
6.177505952992645710e-01 6.190657387821554948e+03
6.202215976804615893e-01 7.558010676528454496e+03
6.227024840711834486e-01 9.177435933591652429e+03
6.251932940074681477e-01 1.111500160141030392e+04
6.276940671834980723e-01 1.342519320301952212e+04
6.302048434522321552e-01 1.624156753123412273e+04
6.327256628260409244e-01 1.961912898936509737e+04
6.352565654773452142e-01 2.366575555653783158e+04
6.377975917392545435e-01 2.858317530348868240e+04
6.403487821062116003e-01 3.457819528974842979e+04
6.429101772346363930e-01 4.191756016900735267e+04
6.454818179435749537e-01 5.094948390596395620e+04
6.480637452153492628e-01 6.227586719724625436e+04
6.506560001962106154e-01 7.673056273034002515e+04
6.532586241969955410e-01 9.494800933916230861e+04
6.558716586937833881e-01 1.178708469989120640e+05
6.584951453285585732e-01 1.466621092996972147e+05
6.611291259098727169e-01 1.829493142310116673e+05
6.637736424135122215e-01 2.284179487801306532e+05
6.664287369831662922e-01 2.843660621310172137e+05
6.690944519310989547e-01 3.524455042726151878e+05
6.717708297388232941e-01 4.356475924925734289e+05
6.744579130577786907e-01 5.366243025378673337e+05
6.771557447100098326e-01 6.558086777244276600e+05
6.798643676888498355e-01 7.921921565499594435e+05
6.825838251596052508e-01 9.457571990698787849e+05
6.853141604602436265e-01 1.116400861235124758e+06
6.880554171020846210e-01 1.298725467296494404e+06
6.908076387704928933e-01 1.480908941934579751e+06
6.935708693255748791e-01 1.643524037790332455e+06
6.963451528028771209e-01 1.877934259802987101e+06
6.991305334140887062e-01 2.123031438094676938e+06
7.019270555477450380e-01 2.408631321851303335e+06
7.047347637699360456e-01 2.760779936348792631e+06
7.075537028250157290e-01 3.152740906841978896e+06
7.103839176363159202e-01 3.572029916606209241e+06
7.132254533068611568e-01 4.025580394881472457e+06
7.160783551200886610e-01 4.372270141296208836e+06
7.189426685405689854e-01 4.761880642607223243e+06
7.218184392147313222e-01 5.333873487971835770e+06
7.247057129715901436e-01 5.624328142374186777e+06
7.276045358234763949e-01 6.003770053483357653e+06
7.305149539667704639e-01 6.142592863024453633e+06
7.334370137826373703e-01 6.505997344847706147e+06
7.363707618377679509e-01 6.667730135360525921e+06
7.393162448851190449e-01 6.805582729718975723e+06
7.422735098646596752e-01 6.850912299909770489e+06
7.452426039041182282e-01 6.837725675293463282e+06
7.482235743197346300e-01 6.740644094700967893e+06
7.512164686170136330e-01 6.450455297397489659e+06
7.542213344914817652e-01 6.138718400600691326e+06
7.572382198294477229e-01 5.729364627936137840e+06
7.602671727087656484e-01 4.892690673849112354e+06
7.633082413996006288e-01 2.711319703949240036e+06
7.663614743651989691e-01 3.285813327975764987e+05
7.694269202626597970e-01 4.483569520196492667e+05
7.725046279437104424e-01 2.131977673502042424e+06
7.755946464554852593e-01 4.443689800296589732e+06
7.786970250413072225e-01 7.338954471912696958e+06
7.818118131414724115e-01 1.012793345125059411e+07
7.849390603940383793e-01 1.280920270596914925e+07
7.880788166356144098e-01 1.581543199132274650e+07
7.912311319021569922e-01 1.928261913771681488e+07
7.943960564297655180e-01 2.327855978877172992e+07
7.975736406554845281e-01 2.772524333202540129e+07
8.007639352181065151e-01 3.272755134716784582e+07
8.039669909589789443e-01 3.809698909727947414e+07
8.071828589228148276e-01 4.377512571483082324e+07
8.104115903585061842e-01 4.888936147042540461e+07
8.136532367199402760e-01 5.314971545674775541e+07
8.169078496668199518e-01 6.068760840853123367e+07
8.201754810654874328e-01 6.598583323143039644e+07
8.234561829897493190e-01 7.939296512906534970e+07
8.267500077217083687e-01 9.631627638479618728e+07
8.300570077525952772e-01 1.074777895229665339e+08
8.333772357836056743e-01 1.211348538110182583e+08
8.367107447267401188e-01 1.349715468278104365e+08
8.400575877056470908e-01 1.536859376666423082e+08
8.434178180564695371e-01 1.733183942202553153e+08
8.467914893286955236e-01 1.947646372028577924e+08
8.501786552860102208e-01 2.171662532959762514e+08
8.535793699071543283e-01 2.434795581853055358e+08
8.569936873867830540e-01 2.732655813027410507e+08
8.604216621363300899e-01 3.063339192820094228e+08
8.638633487848753623e-01 3.419921084432350397e+08
8.673188021800150027e-01 3.803412528345652819e+08
8.707880773887352044e-01 4.195928759198164344e+08
8.742712296982900755e-01 4.643333607835575342e+08
8.777683146170831563e-01 5.113899642087144256e+08
8.812793878755513788e-01 5.569000795966309309e+08
8.848045054270535781e-01 5.953800617273148298e+08
8.883437234487617795e-01 5.640456424791111946e+08
8.918970983425568155e-01 4.934707592316384315e+08
8.954646867359271623e-01 5.909553312826569080e+08
8.990465454828707736e-01 5.310326904733165503e+08
9.026427316648023558e-01 7.527521354818018675e+08
9.062533025914615292e-01 9.070205363868921995e+08
9.098783158018273198e-01 9.752735168943910599e+08
9.135178290650346478e-01 1.086946098824587107e+09
9.171719003812948134e-01 1.140977565515862226e+09
9.208405879828199803e-01 1.375471394756408453e+09
9.245239503347512100e-01 1.425728550895836592e+09
9.282220461360901620e-01 6.685326761958639622e+08
9.319349343206346781e-01 5.921280555552046299e+08
9.356626740579171431e-01 7.686888878562442064e+08
9.394053247541488405e-01 1.274511876816378117e+09
9.431629460531654185e-01 1.246266301015486956e+09
9.469355978373780180e-01 1.199345411655149221e+09
9.507233402287275092e-01 1.205000415666739702e+09
9.545262335896426142e-01 1.332687645381600618e+09
9.583443385240012491e-01 1.175387990240377188e+09
9.621777158780971950e-01 1.400588807944787741e+09
9.660264267416096562e-01 1.765331410293187618e+09
9.698905324485760371e-01 2.224565557715809822e+09
9.737700945783701600e-01 2.260053968076502800e+09
9.776651749566835914e-01 2.429671785290764809e+09
9.815758356565105203e-01 2.635335162124711037e+09
9.855021389991363012e-01 2.858361458586655140e+09
9.894441475551331022e-01 3.113312900983922005e+09
9.934019241453534432e-01 3.193842840144849300e+09
9.973755318419349480e-01 3.033107871421016216e+09
1.001365033969302543e+00 2.605534953777543068e+09
1.005370494105179757e+00 2.628149200568690777e+09
1.009391976081600362e+00 2.624086994891909122e+09
1.013429543985926884e+00 2.544134050804911137e+09
1.017483262161870350e+00 2.331417558729175568e+09
1.021553195210518128e+00 2.256112365099475384e+09
1.025639407991360219e+00 2.270328786235119343e+09
1.029741965623325539e+00 2.300528558488678455e+09
1.033860933485818867e+00 1.984937088438310862e+09
1.037996377219762012e+00 2.013146155431283712e+09
1.042148362728641198e+00 1.976932458732188702e+09
1.046316956179555557e+00 1.911093608870090723e+09
1.050502224004274066e+00 1.829442771537132025e+09
1.054704232900291139e+00 1.761297908480059862e+09
1.058923049831892227e+00 1.667624087571651936e+09
1.063158742031219628e+00 1.558530743413614988e+09
1.067411376999344741e+00 1.441582575546070099e+09
1.071681022507342096e+00 1.333551767939042568e+09
1.075967746597371377e+00 1.237953131467029572e+09
1.080271617583760779e+00 1.163988063239156008e+09
1.084592704054095913e+00 1.094482984700916767e+09
1.088931074870312044e+00 1.016636650935777068e+09
1.093286799169793433e+00 8.981654334997442961e+08
1.097659946366472461e+00 7.686209336566323042e+08
1.102050586151938294e+00 5.967443184814001322e+08
1.106458788496546219e+00 4.491327643326327205e+08
1.110884623650532532e+00 3.248430407355912924e+08
1.115328162145134749e+00 2.234390558802663088e+08
1.119789474793714934e+00 2.521576591608671546e+08
1.124268632692889902e+00 2.690941082081621289e+08
1.128765707223661430e+00 3.528838965439585447e+08
1.133280770052556230e+00 2.111597972097685337e+08
1.137813893132766374e+00 3.461841722592945695e+08
1.142365148705297484e+00 4.079691328446552157e+08
1.146934609300118479e+00 3.877256217181180120e+08
1.151522347737319096e+00 2.902763955929788351e+08
1.156128437128268516e+00 2.013341771024582386e+08
1.160752950876781542e+00 2.042459212874316871e+08
1.165395962680288999e+00 3.374648079940411448e+08
1.170057546531009907e+00 3.475441952951397300e+08
1.174737776717134086e+00 2.043272029466134608e+08
1.179436727824002773e+00 4.308231292044001818e+08
1.184154474735298557e+00 5.319772113625780940e+08
1.188891092634239977e+00 5.836234292964464426e+08
1.193646657004777012e+00 5.956426141015563011e+08
1.198421243632796118e+00 6.635474800651383400e+08
1.203214928607327261e+00 7.330166035254108906e+08
1.208027788321756724e+00 8.073763643628391027e+08
1.212859899475043468e+00 8.706497079014438391e+08
1.217711339072943710e+00 9.428731274929558039e+08
1.222582184429235275e+00 1.024787360229534268e+09
1.227472513166952384e+00 1.169284757340437174e+09
1.232382403219620226e+00 1.277240277026315212e+09
1.237311932832498407e+00 1.397907291023922682e+09
1.242261180563828615e+00 1.549843301494146347e+09
1.247230225286083849e+00 1.749016634421187162e+09
1.252219146187228072e+00 1.857782134001635551e+09
1.257228022771976983e+00 2.112742673031675816e+09
1.262256934863064783e+00 2.386290162419991493e+09
1.267305962602517155e+00 2.616978364146041870e+09
1.272375186452927354e+00 2.698686281283338547e+09
1.277464687198738957e+00 2.704004238215616226e+09
1.282574545947533950e+00 2.555129445096844196e+09
1.287704844131324133e+00 2.447667616882244587e+09
1.292855663507849417e+00 2.411618608729137897e+09
1.298027086161880783e+00 2.441329522606332302e+09
1.303219194506528344e+00 2.365703868566535950e+09
1.308432071284554521e+00 2.379444403708256721e+09
1.313665799569692760e+00 2.236968506624669552e+09
1.318920462767971591e+00 2.235717176789691448e+09
1.324196144619043336e+00 2.162403657538834572e+09
1.329492929197519491e+00 1.342669279036093235e+09
1.334810900914309650e+00 6.866381768958212137e+08
1.340150144517967101e+00 2.246105966296887994e+08
1.345510745096038852e+00 1.046091409730370790e+08
1.350892788076423212e+00 6.389745032374021411e+07
1.356296359228728932e+00 2.281516083851400390e+07
1.361721544665643879e+00 2.626553121578350291e+07
1.367168430844306393e+00 5.826618075445110351e+07
1.372637104567683730e+00 5.243405383786770701e+07
1.378127652985954299e+00 1.231620657651540935e+08
1.383640163597898098e+00 4.439947252169966698e+07
1.389174724252289828e+00 6.587908813913200051e+07
1.394731423149298877e+00 5.099505177178305387e+07
1.400310348841896202e+00 6.503403079878703505e+07
1.405911590237263642e+00 8.440542867963360250e+07
1.411535236598212784e+00 7.476622883094592392e+07
1.417181377544605603e+00 8.504292154115110636e+07
1.422850103054784210e+00 1.008763198690239638e+08
1.428541503467003038e+00 1.978635109557572603e+08
1.434255669480871243e+00 1.649433187137233317e+08
1.439992692158794885e+00 1.942561924223169684e+08
1.445752662927429988e+00 3.298656869234700203e+08
1.451535673579139596e+00 5.041518318711627126e+08
1.457341816273456159e+00 5.982503979048959017e+08
1.463171183538549913e+00 4.412033695765597820e+08
1.469023868272704147e+00 3.158224689237741232e+08
1.474899963745795128e+00 2.488510883588907123e+08
1.480799563600778246e+00 2.896798625208122730e+08
1.486722761855181485e+00 3.256131972304648161e+08
1.492669652902602007e+00 3.445496462120332122e+08
1.498640331514212276e+00 4.635941278557787538e+08
1.504634892840269300e+00 4.829876027837004662e+08
1.510653432411630304e+00 3.396780682632373571e+08
1.516696046141276843e+00 3.447587100027386546e+08
1.522762830325842032e+00 5.128245691349384189e+08
1.528853881647145307e+00 5.929507672793387175e+08
1.534969297173733649e+00 6.866698173504195213e+08
1.541109174362428780e+00 7.529204050594342947e+08
1.547273611059878373e+00 8.505329151035778522e+08
1.553462705504118135e+00 9.706680529390522242e+08
1.559676556326134556e+00 1.117826344916013956e+09
1.565915262551438980e+00 1.295633252475419998e+09
1.572178923601644795e+00 1.425187792634861231e+09
1.578467639296051495e+00 1.456769643323195457e+09
1.584781509853235626e+00 1.499134780608515739e+09
1.591120635892648405e+00 1.464122597371750832e+09
1.597485118436219098e+00 1.377808023818538666e+09
1.603875058909963958e+00 1.217372476465718508e+09
1.610290559145603595e+00 9.643834818513728380e+08
1.616731721382186127e+00 7.227571906178480387e+08
1.623198648267714761e+00 5.155177318721603751e+08
1.629691442860785600e+00 4.121886515671051741e+08
1.636210208632228769e+00 4.266532027140668035e+08
1.642755049466757766e+00 4.356003730953320861e+08
1.649326069664624805e+00 4.425362724388326406e+08
1.655923373943283039e+00 4.032952786886233091e+08
1.662547067439056336e+00 4.444814442531427741e+08
1.669197255708812611e+00 1.468570183931689560e+08
1.675874044731648027e+00 2.986674931297820210e+08
1.682577540910574321e+00 3.326186374622811675e+08
1.689307851074216771e+00 2.746932476797904372e+08
1.696065082478513508e+00 2.143541566308203042e+08
1.702849342808427480e+00 1.793789368183449209e+08
1.709660740179661298e+00 2.327433796067016721e+08
1.716499383140379864e+00 2.300256775968309343e+08
1.723365380672941427e+00 2.467776886584167182e+08
1.730258842195633306e+00 1.847827606784769595e+08
1.737179877564415831e+00 1.972076088372520208e+08
1.744128597074673603e+00 2.127742297658580542e+08
1.751105111462972097e+00 2.124787807433897257e+08
1.758109531908824241e+00 1.816289389564616084e+08
1.765141970036459451e+00 1.495143427452247739e+08
1.772202537916605314e+00 1.344198581645145714e+08
1.779291348068271716e+00 1.318861752229015082e+08
1.786408513460544745e+00 1.070769000301519036e+08
1.793554147514387020e+00 6.854524976551248133e+07
1.800728364104444257e+00 7.699499080701243877e+07
1.807931277560862249e+00 6.201227664210192114e+07
1.815163002671105641e+00 6.099742040980798751e+07
1.822423654681789795e+00 6.114870643091072142e+07
1.829713349300517100e+00 4.084718586193352938e+07
1.837032202697718830e+00 3.435390174230166525e+07
1.844380331508509885e+00 4.761895640242303163e+07
1.851757852834543527e+00 4.340376830851761997e+07
1.859164884245881888e+00 3.675377358773446083e+07
1.866601543782865358e+00 2.439712136978969723e+07
1.874067949957996859e+00 2.473318797661182284e+07
1.881564221757828781e+00 5.240630831226982176e+07
1.889090478644860127e+00 4.594876004566750675e+07
1.896646840559439662e+00 4.279101854780537635e+07
1.904233427921677269e+00 2.905192736040583625e+07
1.911850361633363971e+00 2.681408641002408043e+07
1.919497763079897279e+00 2.315408094554312527e+07
1.927175754132217200e+00 1.877595338753139228e+07
1.934884457148745796e+00 1.660469910267969221e+07
1.942623994977340729e+00 1.495061588828922808e+07
1.950394490957250149e+00 1.856232042624877021e+07
1.958196068921079336e+00 1.937677492668319121e+07
1.966028853196763793e+00 2.313458706993073225e+07
1.973892968609550991e+00 2.212735885785815865e+07
1.981788540483989447e+00 2.289697197843525559e+07
1.989715694645925126e+00 2.689521848522109911e+07
1.997674557424508723e+00 2.903398528876497597e+07
2.005665255654207169e+00 2.742575744996941835e+07
2.013687916676823786e+00 2.741344866422615200e+07
2.021742668343530891e+00 2.466883802759122476e+07
2.029829639016905052e+00 2.655967769757772610e+07
2.037948957572972564e+00 2.732218041636359692e+07
2.046100753403264694e+00 2.800856339450103790e+07
2.054285156416877811e+00 2.823796009841466323e+07
2.062502297042545507e+00 2.791389757762598619e+07
2.070752306230715600e+00 2.683700300710009784e+07
2.079035315455638244e+00 2.550921138473980501e+07
2.087351456717461140e+00 2.430190257308528200e+07
2.095700862544330967e+00 2.310099324591024965e+07
2.104083665994508134e+00 2.225174355180056021e+07
2.112500000658485977e+00 2.172337745912827179e+07
2.120950000661120161e+00 2.151426023438344896e+07
2.129433800663764753e+00 2.161570266812369600e+07
2.137951535866419839e+00 2.196338828808536753e+07
2.146503342009885351e+00 2.190282300936681032e+07
2.155089355377924676e+00 2.208173972847109288e+07
2.163709712799436691e+00 2.051375946422498301e+07
2.172364551650634468e+00 2.063763982851510867e+07
2.181054009857236853e+00 1.916301725030895695e+07
2.189778225896665376e+00 1.785986538434768468e+07
2.198537338800252705e+00 9.967899928603662178e+06
2.207331488155453325e+00 1.026186633682558127e+07
2.216160814108075083e+00 1.271935838373400457e+07
2.225025457364507631e+00 1.016748669268930145e+07
2.233925559193965515e+00 8.971363563656898215e+06
2.242861261430741493e+00 7.026621532067702152e+06
2.251832706476463830e+00 5.953122112886066549e+06
2.260840037302370042e+00 4.982249704558881931e+06
2.269883397451579299e+00 5.963735926050897688e+06
2.278962931041386142e+00 5.811977624893176369e+06
2.288078782765551100e+00 5.597039741185314022e+06
2.297231097896613505e+00 5.024631471882301383e+06
2.306420022288200311e+00 7.254887187692534178e+06
2.315645702377353121e+00 6.330626556301224977e+06
2.324908285186861878e+00 5.177776965202165768e+06
2.334207918327609654e+00 4.645702932828956284e+06
2.343544750000919663e+00 4.530957955586609431e+06
2.352918929000923143e+00 5.461625217853644863e+06
2.362330604716927240e+00 7.129777110053366050e+06
2.371779927135795329e+00 4.353739888578606769e+06
2.381267046844337987e+00 7.112340312957325019e+06
2.390792115031715070e+00 8.082898320505661890e+06
2.400355283491842240e+00 9.000725295322636142e+06
2.409956704625809465e+00 1.101517816134268977e+07
2.419596531444312859e+00 1.140141174538458884e+07
2.429274917570089620e+00 1.302339493918935768e+07
2.438992017240370291e+00 1.622905854033450410e+07
2.448747985309331465e+00 1.908103337341168895e+07
2.458542977250568917e+00 2.384463964900174737e+07
2.468377149159570738e+00 2.711905661232654750e+07
2.478250657756209563e+00 3.088520201265346259e+07
2.488163660387234355e+00 3.308019626211090013e+07
2.498116315028783063e+00 3.860389319177734107e+07
2.508108780288898387e+00 3.658523887630105019e+07
2.518141215410053757e+00 3.609227253172297031e+07
2.528213780271693967e+00 2.890224605366403237e+07
2.538326635392781139e+00 3.029683870627298206e+07
2.548479941934351789e+00 2.109242193728654459e+07
2.558673861702089436e+00 3.199362063358245417e+07
2.568908557148898097e+00 1.921867587155892327e+07
2.579184191377493551e+00 2.041640759525933117e+07
2.589500928143003478e+00 1.461359554441934451e+07
2.599858931855575594e+00 2.211442448572237790e+07
2.610258367582998229e+00 2.783174255465728417e+07
2.620699401053329769e+00 4.236412042275665700e+07
2.631182198657543214e+00 3.872083691243660450e+07
2.641706927452173392e+00 9.074457306498567760e+07
2.652273755161981938e+00 8.147050470340056717e+07
2.662882850182629824e+00 2.519878668523894623e+07
2.673534381583360542e+00 7.806243177763598971e+06
2.684228519109693956e+00 1.756109088499238715e+07
2.694965433186132575e+00 4.114241145167070627e+07
2.705745294918877164e+00 4.210400764614365995e+07
2.716568276098552559e+00 4.845487744178396463e+07
2.727434549202946812e+00 9.365298644965119660e+07
2.738344287399758326e+00 3.579966486378312856e+07
2.749297664549357201e+00 8.854101695805081725e+07
2.760294855207554576e+00 3.832188046547166258e+07
2.771336034628385292e+00 4.563739899130146205e+07
2.782421378766898545e+00 3.323397570111341402e+07
2.793551064281966312e+00 7.390090139159199595e+07
2.804725268539093985e+00 4.371335602982751280e+07
2.815944169613250558e+00 6.480061372665843368e+07
2.827207946291703244e+00 9.580958843741297722e+07
2.838516778076869862e+00 6.292232310094889253e+07
2.849870845189177437e+00 8.095820116304884851e+07
2.861270328569933685e+00 1.014728344516840875e+08
2.872715409884213589e+00 1.359450182311539650e+08
2.884206271523750420e+00 1.278635343993860930e+08
2.895743096609845413e+00 1.434505083935402930e+08
2.907326068996284985e+00 1.367942697028913200e+08
2.918955373272270393e+00 1.624441499300791621e+08
2.930631194765359826e+00 2.253239203578858972e+08
2.942353719544420709e+00 2.185231824196002483e+08
2.954123134422598440e+00 2.096760855569279194e+08
2.965939626960289122e+00 2.507087730572152138e+08
2.977803385468130504e+00 2.726746650881079435e+08
2.989714599010003138e+00 3.294736979366468191e+08
3.001673457406043077e+00 6.687878674824386090e+07
3.013680151235667015e+00 2.574476843890905380e+08
3.025734871840609408e+00 3.622259103119499683e+08
3.037837811327972037e+00 3.782015382022073865e+08
3.049989162573283785e+00 2.931507415450251102e+08
3.062189119223576395e+00 4.882957166970816851e+08
3.074437875700470890e+00 3.922991981795557141e+08
3.086735627203272880e+00 3.241155568353446722e+08
3.099082569712085622e+00 3.090550975560539365e+08
3.111478899990933744e+00 2.181798480998638868e+08
3.123924815590897186e+00 3.307667038241109848e+08
3.136420514853261121e+00 2.451711136718280911e+08
3.148966196912674320e+00 1.760300995806659758e+08
3.161562061700325277e+00 1.276473211117821038e+08
3.174208309947126327e+00 1.155645171741595864e+08
3.186905143186915090e+00 7.683740135059376061e+07
3.199652763759662566e+00 6.673955031405744702e+07
3.212451374814701222e+00 6.683878057956933975e+07
3.225301180313960625e+00 5.924012090970564634e+07
3.238202385035215958e+00 6.337360107653084397e+07
3.251155194575356955e+00 6.883217237555176020e+07
3.264159815353658622e+00 9.063622489055703580e+07
3.277216454615073271e+00 1.639501597866993248e+08
3.290325320433533207e+00 2.341102972797213793e+08
3.303486621715267635e+00 1.702213928330319822e+08
3.316700568202128441e+00 3.285842028522017412e+06
3.329967370474937294e+00 9.155346033049266785e+06
3.343287239956836743e+00 7.855460104713253677e+07
3.356660388916663962e+00 1.247071059722304642e+08
3.370087030472330714e+00 1.279007755975071788e+08
3.383567378594220187e+00 9.737993936031492054e+07
3.397101648108596716e+00 9.135012282798095047e+07
3.410690054701031482e+00 8.791962002311708033e+07
3.424332814919834878e+00 9.650491114513392746e+07
3.438030146179514634e+00 1.121517056576341838e+08
3.451782266764232610e+00 1.032753848313475698e+08
3.465589395831289998e+00 1.372864688677496910e+08
3.479451753414614767e+00 1.278307992315344214e+08
3.493369560428273068e+00 1.732897606942323148e+08
3.507343038669985980e+00 2.740787424092115164e+08
3.521372410824665788e+00 2.603263470328930616e+08
3.535457900467964709e+00 2.218316103588369489e+08
3.549599732069836477e+00 3.160108579876123667e+08
3.563798130998116154e+00 3.604188500803938508e+08
3.578053323522108364e+00 4.159211296343967915e+08
3.592365536816196858e+00 4.222400503819678426e+08
3.606734998963461614e+00 3.820230984835491776e+08
3.621161938959315041e+00 5.669156953889952898e+08
3.635646586715152839e+00 7.793221982048457861e+08
3.650189173062013293e+00 8.517155408959383965e+08
3.664789929754260545e+00 1.002762725529462814e+09
3.679449089473277645e+00 1.162230079367100000e+09
3.694166885831170699e+00 1.079562063235356569e+09
3.708943553374495661e+00 1.157293570339162588e+09
3.723779327587993571e+00 1.216902153295266628e+09
3.738674444898345328e+00 1.416564144828180313e+09
3.753629142677938901e+00 1.605990683039249659e+09
3.768643659248651190e+00 1.438881732956831932e+09
3.783718233885645432e+00 1.243332364906373262e+09
3.798853106821188153e+00 1.480504230245286703e+09
3.814048519248473657e+00 1.933471976519758463e+09
3.829304713325467180e+00 2.120324233517792225e+09
3.844621932178768908e+00 1.363320477636469841e+09
3.860000419907484215e+00 1.761572863726743460e+09
3.875440421587113882e+00 1.770052537295080900e+09
3.890942183273462529e+00 1.950020064122121811e+09
3.906505952006555926e+00 1.884149646943853378e+09
3.922131975814582727e+00 1.983141051342487097e+09
3.937820503717840648e+00 2.225635885687375546e+09
3.953571785732711508e+00 2.076333617823946476e+09
3.969386072875642490e+00 2.255160003667380810e+09
3.985263617167145167e+00 2.382578339290533543e+09
4.001204671635814059e+00 2.240056481592504978e+09
4.017209490322357190e+00 2.316984490511657715e+09
4.033278328283646630e+00 2.372166642284207821e+09
4.049411441596781458e+00 2.227897262952219486e+09
4.065609087363168506e+00 2.348086714336116791e+09
4.081871523712622185e+00 2.215257730113820553e+09
4.098199009807472315e+00 2.193214490920014381e+09
4.114591805846702144e+00 2.118112965009710312e+09
4.131050173070089038e+00 2.113368574572033405e+09
4.147574373762369149e+00 2.127090961250237703e+09
4.164164671257418959e+00 2.140171851522306442e+09
4.180821329942449260e+00 2.040009812286878347e+09
4.197544615262219558e+00 1.994507748249998331e+09
4.214334793723269357e+00 2.099196492977411985e+09
4.231192132898162761e+00 2.160351401301459312e+09
4.248116901429755288e+00 2.396116905214505672e+09
4.265109369035473996e+00 2.370372383046931267e+09
4.282169806511615384e+00 2.221210173073760509e+09
4.299298485737661935e+00 1.129199664684154510e+09
4.316495679680612874e+00 1.199085569790400982e+09
4.333761662399335357e+00 1.989289949824901342e+09
4.351096709048932532e+00 2.063734759025477886e+09
4.368501095885127583e+00 2.328817048701784611e+09
4.385975100268668214e+00 2.193095066655504704e+09
4.403519000669743555e+00 2.117886929016978741e+09
4.421133076672422391e+00 2.191554850237310410e+09
4.438817608979111817e+00 1.838592892495043516e+09
4.456572879415028332e+00 2.106320721709784031e+09
4.474399170932688463e+00 1.838790865883771658e+09
4.492296767616419828e+00 2.052566593575747252e+09
4.510265954686884626e+00 2.076666413493711233e+09
4.528307018505633330e+00 1.685735826709582806e+09
4.546420246579655711e+00 2.292774059275674343e+09
4.564605927565974497e+00 2.051191269591398716e+09
4.582864351276237258e+00 2.177251589042222977e+09
4.601195808681342925e+00 2.264387532510596752e+09
4.619600591916067422e+00 1.783941007944468737e+09
4.638078994283731937e+00 2.093296041626137733e+09
4.656631310260867629e+00 1.862942402814810038e+09
4.675257835501911430e+00 1.626158188281389236e+09
4.693958866843916944e+00 2.188752336752910137e+09
4.712734702311292878e+00 1.839216793318525553e+09
4.731585641120538810e+00 1.703854861250588894e+09
4.750511983685020923e+00 2.038637063430049419e+09
4.769514031619761063e+00 1.722021542556185961e+09
4.788592087746240011e+00 1.444520505014017105e+09
4.807746456097224730e+00 1.747682682194634914e+09
4.826977441921613377e+00 1.779919486514472246e+09
4.846285351689299858e+00 1.280963219038164616e+09
4.865670493096057925e+00 1.779289423887862206e+09
4.885133175068442135e+00 1.537367872585988045e+09
4.904673707768715474e+00 1.396907127466648579e+09
4.924292402599791174e+00 1.598518000654178619e+09
4.943989572210189642e+00 1.213683307650086164e+09
4.963765530499030021e+00 1.111731711372393847e+09
4.983620592621027079e+00 1.436076919375949144e+09
5.003555074991511198e+00 1.361180904560652494e+09
5.023569295291476777e+00 7.686385984114977121e+08
5.043663572472643075e+00 1.341590740707427979e+09
5.063838226762532813e+00 1.395281014531492710e+09
5.084093579669583640e+00 9.183264044568884373e+08
5.104429953988261381e+00 1.058967704668436170e+09
5.124847673804215020e+00 1.143304063819103241e+09
5.145347064499431688e+00 5.884252134760944843e+08
5.165928452757428957e+00 9.005371404342125654e+08
5.186592166568458673e+00 1.095590048455159664e+09
5.207338535234733001e+00 4.372004386193185449e+08
5.228167889375671784e+00 7.740587744864704609e+08
5.249080560933174766e+00 7.948873073333362341e+08
5.270076883176907145e+00 7.061443208624364138e+08
5.291157190709615321e+00 6.212178272431250811e+08
5.312321819472453299e+00 7.224751060311182737e+08
5.333571106750343738e+00 8.071749167775266171e+08
5.354905391177344320e+00 3.234771708095693588e+08
5.376325012742054099e+00 5.090736739906745553e+08
5.397830312793021612e+00 6.727703043723169565e+08
5.419421634044193858e+00 2.048439321471427679e+08
5.441099320580370602e+00 4.728296551328983307e+08
5.462863717862692425e+00 3.247048929071952105e+08
5.484715172734142996e+00 3.949688115859737396e+08
5.506654033425078865e+00 3.676654186540202498e+08
5.528680649558780580e+00 3.150809513161144853e+08
5.550795372157015350e+00 2.630002646056687236e+08
5.572998553645643227e+00 2.020460670822671950e+08
5.595290547860225949e+00 2.516850265320696831e+08
5.617671710051667766e+00 2.523169083199081123e+08
5.640142396891874021e+00 1.773911893064868152e+08
5.662702966479441713e+00 2.086843313867205083e+08
5.685353778345359821e+00 1.776887690959165096e+08
5.708095193458740724e+00 1.826977383663631678e+08
5.730927574232576482e+00 1.449392300858134627e+08
5.753851284529505783e+00 1.224809411653662920e+08
5.776866689667624399e+00 1.815971702525327206e+08
5.799974156426294769e+00 2.252718714711265862e+08
5.823174053051999977e+00 1.040053119809815884e+08
5.846466749264207508e+00 1.908101407869899273e+08
5.869852616261264977e+00 1.071438404286988229e+08
5.893332026726310069e+00 1.048259413532377928e+08
5.916905354833215114e+00 1.811245008025445342e+08
5.940572976252548543e+00 1.033729753075371981e+08
5.964335268157558545e+00 1.709963763866823018e+08
5.988192609230189589e+00 1.607009090314803123e+08
6.012145379667110490e+00 2.073565378007174432e+08
6.036193961185778889e+00 1.561962522833070457e+08
6.060338737030522616e+00 8.971866724651764333e+07
6.084580091978644134e+00 1.367252435779176056e+08
6.108918412346558746e+00 1.001186534047136307e+08
6.133354085995945226e+00 1.097450802537251264e+08
6.157887502339929320e+00 7.158719698316191137e+07
6.182519052349287669e+00 8.683815913464200497e+07
6.207249128558685491e+00 1.639019228076324463e+08
6.232078125072920471e+00 1.643908884005566239e+08
6.257006437573212843e+00 2.253522018926044405e+08
6.282034463323505236e+00 2.063285510201910436e+08
6.307162601176800720e+00 3.032406548381827474e+08
6.332391251581507063e+00 1.719328663443654776e+08
6.357720816587833390e+00 1.910240505452899933e+08
6.383151699854184180e+00 1.713689780730023682e+08
6.408684306653601226e+00 8.562624067589531839e+07
6.434319043880215361e+00 1.251328931282923818e+08
6.460056320055736379e+00 1.165873510283734649e+08
6.485896545335958052e+00 5.811933415564807504e+07
6.511840131517302233e+00 9.213074419184166193e+07
6.537887492043371829e+00 1.100102914929574430e+08
6.564039042011545533e+00 7.915697491508685052e+07
6.590295198179591196e+00 7.789622349671950936e+07
6.616656378972309405e+00 9.701300850160981715e+07
6.643123004488199257e+00 9.837302738273288310e+07
6.669695496506150789e+00 1.030673530135887116e+08
6.696374278492176479e+00 1.525730442858769894e+08
6.723159775606144528e+00 1.286833957141821086e+08
6.750052414708568094e+00 1.750413017144781351e+08
6.777052624367403411e+00 1.419371320877076983e+08
6.804160834864871887e+00 1.331860246911308318e+08
6.831377478204331055e+00 1.837569648607327640e+08
6.858702988117148180e+00 9.749836021053004265e+07
6.886137800069615622e+00 1.647953876132678688e+08
6.913682351269895499e+00 2.132135651850683689e+08
6.941337080674975013e+00 2.107016714596035779e+08
6.969102428997675069e+00 1.560007357536432743e+08
6.996978838713665994e+00 2.068683419395150542e+08
7.024966754068519670e+00 1.909163318223007917e+08
7.053066621084793653e+00 1.394687518729510307e+08
7.081278887569133929e+00 2.029419159969117343e+08
7.109604003119409654e+00 1.813069966819874644e+08
7.138042419131887861e+00 1.931176588740396798e+08
7.166594588808414379e+00 1.366517681888287663e+08
7.195260967163648047e+00 1.569361751496823430e+08
7.224042011032302923e+00 1.612206748835301697e+08
7.252938179076432235e+00 1.491556788775009215e+08
7.281949931792737196e+00 1.115971201198641509e+08
7.311077731519908696e+00 1.296424612230780423e+08
7.340322042445988515e+00 7.684574116636830568e+07
7.369683330615771411e+00 1.010336942162384391e+08
7.399162063938235612e+00 1.031142930183923990e+08
7.428758712193988423e+00 9.996612073111575842e+07
7.458473747042765112e+00 7.628650923556111753e+07
7.488307642030935796e+00 1.021547842517731786e+08
7.518260872599060285e+00 1.235755963915151507e+08
7.548333916089456253e+00 1.374475250543882847e+08
7.578527251753813587e+00 1.389561634422317445e+08
7.608841360760829176e+00 1.501843102868801951e+08
7.639276726203872769e+00 1.873376347279536426e+08
7.669833833108687493e+00 3.033872741068822518e+07
7.700513168441122325e+00 5.607639750093837082e+07
7.731315221114887670e+00 6.972459087807637453e+07
7.762240481999347352e+00 8.247698700800535083e+07
7.793289443927344351e+00 1.083926803133231401e+08
7.824462601703054077e+00 1.188001641618106365e+08
7.855760452109866065e+00 1.236791707531523407e+08
7.887183493918306532e+00 1.070251846039841324e+08
7.918732227893980458e+00 1.017723373785994947e+08
7.950407156805555431e+00 1.410328143721654117e+08
7.982208785432777454e+00 1.459414737821784019e+08
8.014137620574508958e+00 1.129735178731646091e+08
8.046194171056805899e+00 1.254007175597711951e+08
8.078378947741034821e+00 1.207567630687073022e+08
8.110692463531997021e+00 1.841029815799213648e+08
8.143135233386125549e+00 1.476972814283380508e+08
8.175707774319670662e+00 1.474116327370870709e+08
8.208410605416949224e+00 1.480679311682675183e+08
8.241244247838615422e+00 1.498328339340451360e+08
8.274209224829968790e+00 1.885880065368042886e+08
8.307306061729288871e+00 1.864664285173080266e+08
8.340535285976207192e+00 1.780645071085557640e+08
8.373897427120111203e+00 1.522883974106216431e+08
8.407393016828594412e+00 1.847153192631706595e+08
8.441022588895906509e+00 2.062461295608294904e+08
8.474786679251490540e+00 1.908873008575685322e+08
8.508685825968495209e+00 1.571298656725636423e+08
8.542720569272368891e+00 1.886343889900144041e+08
8.576891451549458978e+00 2.093103696929994226e+08
8.611199017355655627e+00 1.882119598328837752e+08
8.645643813425078150e+00 1.419474181173981130e+08
8.680226388678779159e+00 1.862048821609395742e+08
8.714947294233493125e+00 2.047798659177022576e+08
8.749807083410427566e+00 1.838001194777605534e+08
8.784806311744070229e+00 1.405826242925298512e+08
8.819945536991047774e+00 1.682126067687285542e+08
8.855225319139009343e+00 1.921721162752853632e+08
8.890646220415566958e+00 1.831716222321485281e+08
8.926208805297228821e+00 1.483407718473225832e+08
8.961913640518417878e+00 1.253149772110519260e+08
8.997761295080492161e+00 1.623847484384452403e+08
9.033752340260813085e+00 1.738775731816519201e+08
9.069887349621856387e+00 1.366659282725091577e+08
9.106166899020346150e+00 1.550824565379550159e+08
9.142591566616424359e+00 1.316824461991087496e+08
9.179161932882891506e+00 1.521731236211874783e+08
9.215878580614422333e+00 1.136044185861221254e+08
9.252742094936881045e+00 1.699609059879302382e+08
9.289753063316627646e+00 1.235966746145350933e+08
9.326912075569895322e+00 1.161550559426353723e+08
9.364219723872173162e+00 1.406840521591937542e+08
9.401676602767663482e+00 1.450006978227153420e+08
9.439283309178733816e+00 1.576698488089798093e+08
9.477040442415447075e+00 1.162213655909135938e+08
9.514948604185111236e+00 1.208603284639927447e+08
9.553008398601852136e+00 1.208116201976395398e+08
9.591220432196260859e+00 1.587789399046854377e+08
9.629585313925044687e+00 1.554720805352272987e+08
9.668103655180747324e+00 1.078605923958098888e+08
9.706776069801470896e+00 1.263722989406931996e+08
9.745603174080676112e+00 1.324971241145171672e+08
9.784585586776998412e+00 1.527368856843219101e+08
9.823723929124106746e+00 1.637482342520180047e+08
9.863018824840601440e+00 1.254075175825174451e+08
9.902470900139965337e+00 1.283971645800150037e+08
9.942080783740523842e+00 1.360010172222516239e+08
9.981849106875488431e+00 1.661125562042281032e+08
1.002177650330298952e+01 1.629658449863606691e+08
1.006186360931619994e+01 1.186872000369859338e+08
1.010211106375346723e+01 1.338439480201798677e+08
1.014251950800847979e+01 1.550289984960295260e+08
1.018308958604051284e+01 1.627171263702990711e+08
1.022382194438467451e+01 1.611022320206652284e+08
1.026471723216221399e+01 1.490666473643389642e+08
1.030577610109086173e+01 1.210134889904256612e+08
1.034699920549522467e+01 3.311093418493129313e+07
1.038838720231720458e+01 4.082773124066121131e+07
1.042994075112647501e+01 6.827528724507568777e+07
1.047166051413097954e+01 8.855546102769020200e+07
1.051354715618750468e+01 8.040450082926470041e+07
1.055560134481225454e+01 9.783305106800344586e+07
1.059782375019150358e+01 1.122326166799571067e+08
1.064021504519226902e+01 9.762796216325695813e+07
1.068277590537303823e+01 7.223805417134673893e+07
1.072550700899452991e+01 3.751235731502092630e+07
1.076840903703050856e+01 4.122524065616245568e+07
1.081148267317863088e+01 6.459317777173054963e+07
1.085472860387134553e+01 8.845905592751349509e+07
1.089814751828683015e+01 9.754313998032803833e+07
1.094174010835997635e+01 9.693174394458861649e+07
1.098550706879341909e+01 1.014160921565870494e+08
1.102944909706859100e+01 9.827496393277065456e+07
1.107356689345686540e+01 1.218470203212377131e+08
1.111786116103069233e+01 1.199863197478527427e+08
1.116233260567481622e+01 1.293533407988349795e+08
1.120698193609751492e+01 9.934030821565476060e+07
1.125180986384190440e+01 8.498883956947380304e+07
1.129681710329727373e+01 1.231069003556852639e+08
1.134200437171046083e+01 1.234516465102280229e+08
1.138737238919730466e+01 1.177480018478507698e+08
1.143292187875409383e+01 1.225100908019486666e+08
1.147865356626910938e+01 9.444209056780932844e+07
1.152456818053418530e+01 7.829208588495893776e+07
1.157066645325632237e+01 1.108392462856986970e+08
1.161694911906934635e+01 1.187629047301239222e+08
1.166341691554562487e+01 1.109209987532258630e+08
1.171007058320780736e+01 7.337355532792223990e+07
1.175691086554063958e+01 8.911162079582671821e+07
1.180393850900279951e+01 7.702467414159129560e+07
1.185115426303881137e+01 9.858196286980891228e+07
1.189855888009096674e+01 1.090660202614565343e+08
1.194615311561133097e+01 1.006238350236146748e+08
1.199393772807377623e+01 6.732263470998767018e+07
1.204191347898607134e+01 8.816674085483828187e+07
1.209008113290201614e+01 6.285900506723855436e+07
1.213844145743362368e+01 9.488402000810760260e+07
1.218699522326335938e+01 9.942415662053480744e+07
1.223574320415641381e+01 7.690849124106904864e+07
1.228468617697303777e+01 7.450923873531305790e+07
1.233382492168093059e+01 8.467550173880811036e+07
1.238316022136765504e+01 6.400598713231419772e+07
1.243269286225312520e+01 8.702570028917458653e+07
1.248242363370213859e+01 9.257537575205036998e+07
1.253235332823694748e+01 7.152894479914461076e+07
1.258248274154989410e+01 7.318676259407740831e+07
1.263281267251609385e+01 8.374484312249337137e+07
1.268334392320615756e+01 6.779413368438617885e+07
1.273407729889898299e+01 6.892344685617545247e+07
1.278501360809457665e+01 8.378507353854502738e+07
1.283615366252695544e+01 6.415901139028257877e+07
1.288749827717706253e+01 7.636524806098267436e+07
1.293904827028577031e+01 7.688826516725581884e+07
1.299080446336691352e+01 7.865715692278091609e+07
1.304276768122038099e+01 6.159914663497720659e+07
1.309493875194526424e+01 7.372220233246503770e+07
1.314731850695304693e+01 7.206067046097950637e+07
1.319990778098085649e+01 7.344493490329317749e+07
1.325270741210477965e+01 7.190081563544918597e+07
1.330571824175319939e+01 7.616336135212861001e+07
1.335894111472021173e+01 6.512738249372290075e+07
1.341237687917909227e+01 6.076076894202304631e+07
1.346602638669580898e+01 6.793485974601370096e+07
1.351989049224258999e+01 7.527164431738080084e+07
1.357397005421156067e+01 6.760294992398467660e+07
1.362826593442840917e+01 7.136052858427394927e+07
1.368277899816612297e+01 7.224161999786832929e+07
1.373751011415878942e+01 6.073545906490364671e+07
1.379246015461542463e+01 6.439474817533756047e+07
1.384762999523388416e+01 6.843963413692320883e+07
1.390302051521481808e+01 7.206564500970998406e+07
1.395863259727567751e+01 7.183105180246686935e+07
1.401446712766477987e+01 6.448031379498652369e+07
1.407052499617543972e+01 5.949214163059232384e+07
1.412680709616014063e+01 6.312784059364240617e+07
1.418331432454478147e+01 6.008700505794718862e+07
1.424004758184296193e+01 6.430483972082140297e+07
1.429700777217033369e+01 6.464121498915359378e+07
1.435419580325901379e+01 6.076009548831177503e+07
1.441161258647204946e+01 6.110088483149217814e+07
1.446925903681793812e+01 5.266356549087310582e+07
1.452713607296521126e+01 5.706920669441473484e+07
1.458524461725707155e+01 6.093555280847269297e+07
1.464358559572609764e+01 6.172609424384055287e+07
1.470215993810900557e+01 5.947022414409064502e+07
1.476096857786143879e+01 6.020152598147023469e+07
1.482001245217288599e+01 5.935024437099124491e+07
1.487929250198157760e+01 5.685441701849564165e+07
1.493880967198950316e+01 5.306811135696096718e+07
1.499856491067746056e+01 5.802920528675831109e+07
1.505855917032016933e+01 5.555856819317016006e+07
1.511879340700144958e+01 5.636066604163506627e+07
1.517926858062945605e+01 5.211842422856257856e+07
1.523998565495197433e+01 5.407319950176921487e+07
1.530094559757178274e+01 5.407788834238499403e+07
1.536214937996206764e+01 5.059734926462771744e+07
1.542359797748191674e+01 5.134052767336654663e+07
1.548529236939184450e+01 5.014367869677776843e+07
1.554723353886941339e+01 4.707158284871757030e+07
1.560942247302489072e+01 4.559273447947242856e+07
1.567186016291699069e+01 4.617621623748798668e+07
1.573454760356865556e+01 4.330313694087325782e+07
1.579748579398293096e+01 4.114683728071253002e+07
1.586067573715886247e+01 4.004569121025560051e+07
1.592411844010749888e+01 3.841307473964678496e+07
1.598781491386792730e+01 3.884711431112759560e+07
1.605176617352340074e+01 4.349984227671631426e+07
1.611597323821749228e+01 4.242703389400760084e+07
1.618043713117036120e+01 4.354208149146591872e+07
1.624515887969504391e+01 4.056803466010820121e+07
1.631013951521382310e+01 4.353533108769135922e+07
1.637538007327468037e+01 4.428218290912722796e+07
1.644088159356778078e+01 4.437123301160368323e+07
1.650664511994205341e+01 4.439058321518547833e+07
1.657267170042182158e+01 4.154751429220250249e+07
1.663896238722350418e+01 3.976162339793744683e+07
1.670551823677240222e+01 4.186712698841096461e+07
1.677234030971949608e+01 4.263576042844171822e+07
1.683942967095837062e+01 3.980400727893601358e+07
1.690678738964220429e+01 3.594300953033000976e+07
1.697441453920077237e+01 4.022639186770949513e+07
1.704231219735757108e+01 4.233574479147521406e+07
1.711048144614700561e+01 3.756050821899759024e+07
1.717892337193159236e+01 3.870268774354519695e+07
1.724763906541932101e+01 3.668457791232721508e+07
1.731662962168099895e+01 3.849210571081272513e+07
1.738589614016772344e+01 3.526093624980091304e+07
1.745543972472839300e+01 3.976694373554188758e+07
1.752526148362730751e+01 3.422529453450267762e+07
1.759536252956181812e+01 3.513986146900671721e+07
1.766574397968006238e+01 3.752947446322777122e+07
1.773640695559878466e+01 3.657348823527486622e+07
1.780735258342117433e+01 3.797979353057739884e+07
1.787858199375486024e+01 3.767985041599067301e+07
1.795009632172988034e+01 3.423854662486934662e+07
1.802189670701679702e+01 3.348246943046804145e+07
1.809398429384486562e+01 3.428195386273697019e+07
1.816636023102024211e+01 3.128939238602380455e+07
1.823902567194432578e+01 3.226377438094689697e+07
1.831198177463210186e+01 3.159591475628473610e+07
1.838522970173062987e+01 3.497753227170508355e+07
1.845877062053754969e+01 3.507693901072569191e+07
1.853260570301970134e+01 3.322244012666980550e+07
1.860673612583178027e+01 3.141989104597056657e+07
1.868116307033510637e+01 3.047789753270480409e+07
1.875588772261644976e+01 3.274942040874499083e+07
1.883091127350691352e+01 3.337306505960867926e+07
1.890623491860094063e+01 3.273012921220165119e+07
1.898185985827534594e+01 2.778406714884408563e+07
1.905778729770844748e+01 3.180745112073201686e+07
1.913401844689928311e+01 3.255767095481740683e+07
1.921055452068688041e+01 2.650430624324401468e+07
1.928739673876962968e+01 2.596473359235717729e+07
1.936454632572470658e+01 2.603531842102813721e+07
1.944200451102760141e+01 2.503470564254400507e+07
1.951977252907171589e+01 2.893314930412476137e+07
1.959785161918800256e+01 2.616150560529214516e+07
1.967624302566475691e+01 2.817298140957491472e+07
1.991079942767366973e+01 2.459202639400869980e+07
2.030901541622714390e+01 2.480381840429184586e+07
2.071519572455168756e+01 2.440986495869858190e+07
2.112949963904272010e+01 2.096837242394881323e+07
2.155208963182357707e+01 2.078876063212772831e+07
2.198313142446004420e+01 1.857367751414867118e+07
2.242279405294924643e+01 1.718076866796667874e+07
2.287124993400822959e+01 1.804869275769061223e+07
2.332867493268839709e+01 1.725943864518301189e+07
2.379524843134216638e+01 1.240516199639052898e+07
2.427115339996900900e+01 1.657056565741447359e+07
2.475657646796839018e+01 1.446215222804342024e+07
2.525170799732775961e+01 9.889503635792724788e+06
2.575674215727431715e+01 1.254599575559758395e+07
2.627187700041980278e+01 1.117144324303540960e+07
2.679731454042819649e+01 8.331308181686072610e+06
2.733326083123676042e+01 1.081137114800808392e+07
2.787992604786149542e+01 8.343280643633495085e+06
2.843752456881871993e+01 5.815496298991736025e+06
2.900627506019509738e+01 7.638588565465996973e+06
2.958640056139899599e+01 6.698295048143384978e+06
3.017812857262697435e+01 6.475165769008005969e+06
3.078169114407952023e+01 4.780404979646823369e+06
3.139732496696110431e+01 6.239496346048041247e+06
3.202527146630033172e+01 5.198468561605232768e+06
3.266577689562632969e+01 4.554322179469930939e+06
3.331909243353885586e+01 3.801397502150768880e+06
3.398547428220963695e+01 4.530088092477245256e+06
3.466518376785383282e+01 3.351952461105309427e+06
3.535848744321090464e+01 2.912679931240242440e+06
3.606565719207512188e+01 2.668656076449995860e+06
3.678697033591662802e+01 2.986713421264149714e+06
3.752270974263496583e+01 2.829637185216458049e+06
3.827316393748766643e+01 3.307861568081471138e+06
3.903862721623740839e+01 2.102264940491675399e+06
3.981939976056215613e+01 1.902509662566792453e+06
4.061578775577340394e+01 1.654464006666607223e+06
4.142810351088887444e+01 2.435821810994590167e+06
4.225666558110664539e+01 1.864358126907224068e+06
4.310179889272878029e+01 1.461620785770744318e+06
4.396383487058335504e+01 1.278886477815478109e+06
4.484311156799503095e+01 1.270380113812548574e+06
4.573997379935492091e+01 1.366079759490562137e+06
4.665477327534202345e+01 9.898483974438355071e+05
4.758786874084886165e+01 1.082193584093459416e+06
4.853962611566583973e+01 1.076009448638778646e+06
4.951041863797915710e+01 8.180167900650571100e+05
5.050062701073873939e+01 8.070780642561031273e+05
5.151063955095351332e+01 7.507814382953803288e+05
5.254085234197258103e+01 9.223621289134374820e+05
5.359166938881203635e+01 7.911350902108106529e+05
5.466350277658827395e+01 7.256534980498645455e+05
5.575677283212004198e+01 5.541201111967251636e+05
5.687190828876244098e+01 4.818149520079960348e+05
5.800934645453768468e+01 5.093380894654289586e+05
5.916953338362844050e+01 4.855056490790905664e+05
6.035292405130100946e+01 4.917786928973061731e+05
6.155998253232701956e+01 5.214693401900985045e+05
6.279118218297357146e+01 3.429462816431643441e+05
6.404700582663303976e+01 3.240838327583814389e+05
6.532794594316570169e+01 3.130641480011043604e+05
6.663450486202900436e+01 2.558567931625333149e+05
6.796719495926959098e+01 3.237983756522254553e+05
6.932653885845499531e+01 3.346123104213672923e+05
7.071306963562409464e+01 2.500549036639486440e+05
7.212733102833657028e+01 1.872660872157810663e+05
7.356987764890331505e+01 2.336322181505689223e+05
7.504127520188137623e+01 1.857135543579769728e+05
7.654210070591901172e+01 1.969808724264051416e+05
7.807294272003738911e+01 1.665085525498426869e+05
7.963440157443814371e+01 1.655616045489928802e+05
8.122708960592690630e+01 1.442670799240843917e+05
8.285163139804545551e+01 1.264529737785614707e+05
8.450866402600635752e+01 1.178431395030211715e+05
8.619883730652648524e+01 1.412714656757703051e+05
8.792281405265701721e+01 1.487936466355113371e+05
8.968127033371015955e+01 1.087400832930392498e+05
9.147489574038435478e+01 1.056549335405716847e+05
9.330439365519204387e+01 8.853751513954075926e+04
9.517048152829590890e+01 7.295615102738339920e+04
9.707389115886181230e+01 8.423136061834200518e+04
9.901536898203904968e+01 6.291952658412943856e+04
