# Wavelength [um]       Fp [W/m2/m]  
1.000553076518779783e-01 3.239231335529342726e+00
1.004555288824854897e-01 3.110328308422227871e-22
1.008573509980154326e-01 2.118087054705611170e-21
1.012607804020075053e-01 3.084974804625520476e-21
1.016658235236155422e-01 5.650711941158769383e-22
1.020724868177099870e-01 6.680410149184864053e-17
1.024807767649808382e-01 3.934698291416978656e-18
1.028906998720407612e-01 1.396460061907841124e-20
1.033022626715289355e-01 4.831374068662435168e-16
1.037154717222150413e-01 4.593523459919919550e-21
1.041303336091038839e-01 8.129951660257184920e-20
1.045468549435403099e-01 4.985822573824267914e-19
1.049650423633144702e-01 2.502001764121192844e-21
1.053849025327677214e-01 1.266810686796412488e-17
1.058064421428987906e-01 5.192611168424165692e-20
1.062296679114703990e-01 2.991739991343446025e-17
1.066545865831162732e-01 2.989746257294484047e-18
1.070812049294487533e-01 1.340511993294647282e-18
1.075095297491665408e-01 1.710464478881983502e-15
1.079395678681632220e-01 1.937607981503030179e-18
1.083713261396358624e-01 2.674471284318191085e-15
1.088048114441943909e-01 3.213974059675400007e-16
1.092400306899711654e-01 8.166360495148212947e-13
1.096769908127310511e-01 7.966381661845063010e-16
1.101156987759819850e-01 4.449541956387087224e-16
1.105561615710859147e-01 1.036296020724862472e-12
1.109983862173702651e-01 2.781757759032820031e-13
1.114423797622397516e-01 1.740957227248166627e-14
1.118881492812886930e-01 9.808781601591765622e-16
1.123357018784138517e-01 1.557460987466524302e-14
1.127850446859275102e-01 1.392856935198545351e-11
1.132361848646712132e-01 8.032485714648314254e-12
1.136891296041298988e-01 1.035378279292819337e-11
1.141438861225464035e-01 1.162848216073488077e-11
1.146004616670366072e-01 1.771267432440092208e-11
1.150588635137047705e-01 1.675982118978049317e-12
1.155190989677595953e-01 7.697499493575305127e-12
1.159811753636306314e-01 6.976391611660912808e-14
1.164451000650851553e-01 1.253289837414225358e-16
1.169108804653455069e-01 1.929834544222428102e-15
1.173785239872068981e-01 6.359382816077282546e-15
1.178480380831557206e-01 1.440771875107714616e-15
1.183194302354883543e-01 4.842303234081097765e-15
1.187927079564302935e-01 3.354457654756650876e-14
1.192678787882560099e-01 4.525411919947898534e-14
1.197449503034090645e-01 2.410363455072148580e-14
1.202239301046226783e-01 1.115178154420696026e-20
1.207048258250411760e-01 1.188194198728305259e-16
1.211876451283413342e-01 7.353631868992842941e-16
1.216723957088547137e-01 2.627328855441827271e-18
1.221590852916901310e-01 1.042763828217485383e-18
1.226477216328568792e-01 5.934907463323488642e-17
1.231383125193883099e-01 2.944611930759300300e-16
1.236308657694658586e-01 3.325881464832072863e-15
1.241253892325437369e-01 5.285450026373293362e-16
1.246218907894739159e-01 3.736550760094951445e-15
1.251203783526317892e-01 3.733539077162123231e-13
1.256208598660423226e-01 1.757811677772197743e-13
1.261233433055065078e-01 1.844108092564942669e-13
1.266278366787285392e-01 2.529026658652110041e-20
1.271343480254434610e-01 3.868579812962490346e-13
1.276428854175452321e-01 3.510357743580713639e-12
1.281534569592154005e-01 1.370734226845778213e-17
1.286660707870522780e-01 2.097082799280031144e-15
1.291807350702004475e-01 9.543571686216247254e-12
1.296974580104812425e-01 4.528927081402004435e-12
1.302162478425231973e-01 9.842915066019140026e-20
1.307371128338932764e-01 3.571672296738860722e-17
1.312600612852288795e-01 9.398768585862312219e-11
1.317851015303697915e-01 1.184118564792828468e-17
1.323122419364912705e-01 8.527942363394296361e-16
1.328414909042372472e-01 7.120388146001281485e-15
1.333728568678542170e-01 1.287050650019940195e-15
1.339063482953256612e-01 7.937363147782743144e-18
1.344419736885069383e-01 2.345908331972572131e-15
1.349797415832609815e-01 5.983242312279200742e-15
1.355196605495940232e-01 2.188663747975270223e-15
1.360617391917924301e-01 7.225300708353883904e-15
1.366059861485595939e-01 8.451315996528279329e-16
1.371524100931538481e-01 1.517830250275537857e-17
1.377010197335264696e-01 1.661982436169944171e-16
1.382518238124605670e-01 6.106426370726744960e-13
1.388048311077104136e-01 1.647926185407219302e-14
1.393600504321412248e-01 4.236213593012187966e-16
1.399174906338697677e-01 2.821109001003496631e-16
1.404771605964052761e-01 1.754301124852386379e-13
1.410390692387908651e-01 3.911424970066845565e-15
1.416032255157460562e-01 6.409525768592923768e-13
1.421696384178090522e-01 2.336710619258209485e-17
1.427383169714803168e-01 5.418969604026463925e-14
1.433092702393662099e-01 3.296482762595923794e-11
1.438825073203236771e-01 2.016627359868838641e-13
1.444580373496049674e-01 3.201662134765439298e-11
1.450358694990033503e-01 1.992018022810524760e-13
1.456160129769993872e-01 1.658617991418485772e-11
1.461984770289073976e-01 2.134282154029942942e-10
1.467832709370230082e-01 1.184282173620973922e-12
1.473704040207710897e-01 7.859437307196189024e-11
1.479598856368541382e-01 2.960106527063874430e-14
1.485517251794015725e-01 6.207636118875349744e-12
1.491459320801191979e-01 4.051272464305130008e-11
1.497425158084396690e-01 1.108554257495485192e-12
1.503414858716734248e-01 4.767681435538126177e-09
1.509428518151600951e-01 1.379711945641150900e-11
1.515466232224207677e-01 7.212089838628201377e-13
1.521528097153104220e-01 2.033966699877836752e-12
1.527614209541716672e-01 7.110192420275083560e-13
1.533724666379883694e-01 5.036272333612788145e-13
1.539859565045403056e-01 1.860428720941049424e-12
1.546019003305584838e-01 2.216446078478073878e-14
1.552203079318807133e-01 5.991158352322213388e-13
1.558411891636082569e-01 7.586431534997882343e-13
1.564645539202626778e-01 4.931029104609099778e-13
1.570904121359437411e-01 1.579841904255997073e-12
1.577187737844875093e-01 1.239474899534340098e-12
1.583496488796254653e-01 2.183937546139960744e-12
1.589830474751439959e-01 6.692246857785550429e-12
1.596189796650445414e-01 2.068998040655945510e-12
1.602574555837047166e-01 3.717517187581527867e-12
1.608984854060395708e-01 6.300536999551319156e-12
1.615420793476636807e-01 4.728546537472894589e-12
1.621882476650543525e-01 1.816641813148497300e-11
1.628370006557145755e-01 1.234559073927463616e-11
1.634883486583374457e-01 2.229144670121836879e-11
1.641423020529707844e-01 5.250400977906880291e-11
1.647988712611826723e-01 2.448355946703361056e-11
1.654580667462274002e-01 1.609231850966511773e-11
1.661198990132123077e-01 7.058554308662131116e-11
1.667843786092651215e-01 4.268720605701991145e-11
1.674515161237022098e-01 1.317742711325729778e-10
1.681213221881969755e-01 3.902995495872304097e-10
1.687938074769497754e-01 3.373246872950824172e-10
1.694689827068575905e-01 1.411517216683360113e-09
1.701468586376850278e-01 9.962787766953670693e-10
1.708274460722357391e-01 6.772640035240545512e-10
1.715107558565246715e-01 8.228746301970710456e-10
1.721967988799507909e-01 1.247394506825933663e-09
1.728855860754705820e-01 9.371577439711493243e-10
1.735771284197724640e-01 2.601627835464746684e-09
1.742714369334515678e-01 2.526442760364508413e-09
1.749685226811853456e-01 7.802383598173008669e-09
1.756683967719100681e-01 5.707629069078635218e-09
1.763710703589977391e-01 2.076953828994319115e-08
1.770765546404337309e-01 2.483868632619626657e-08
1.777848608589954471e-01 8.525102716848648224e-09
1.784960003024314568e-01 5.109548119627945721e-08
1.792099843036411844e-01 3.294887993966894764e-08
1.799268242408557650e-01 4.526363747766677473e-08
1.806465315378191772e-01 1.613235893330850529e-07
1.813691176639704306e-01 3.306703152419397679e-08
1.820945941346263086e-01 1.038667570849242031e-07
1.828229725111648329e-01 5.119330134470585134e-07
1.835542644012094771e-01 4.026778793670973681e-08
1.842884814588143239e-01 2.460957925622556483e-07
1.850256353846495561e-01 1.354571979029717322e-06
1.857657379261881403e-01 1.311537919419700880e-07
1.865088008778928996e-01 1.532262184282195345e-06
1.872548360814044743e-01 6.494185214707525724e-07
1.880038554257300876e-01 2.414192899502641502e-07
1.887558708474330049e-01 2.783086076756693470e-06
1.895108943308226879e-01 9.861913876630736640e-07
1.902689379081460019e-01 5.397971668803728981e-07
1.910300136597785636e-01 6.396119500117001146e-06
1.917941337144176972e-01 1.463359306996204574e-06
1.925613102492753359e-01 2.760629632959542434e-06
1.933315554902724498e-01 1.054431406541898875e-05
1.941048817122335568e-01 5.571053498714072058e-06
1.948813012390824828e-01 4.391601902240530180e-06
1.956608264440388156e-01 1.931891573350179758e-05
1.964434697498149418e-01 4.974222432119832090e-06
1.972292436288141937e-01 9.298261294830265054e-06
1.980181606033294406e-01 1.907383774341211164e-05
1.988102332457427346e-01 1.132637426958609368e-05
1.996054741787257336e-01 9.893298329752520139e-06
2.004038960754406518e-01 1.526339258780898142e-05
2.012055116597424309e-01 1.586395437104612670e-05
2.020103337063813842e-01 1.772503544752963029e-05
2.028183750412069219e-01 2.665098798127161700e-05
2.036296485413717494e-01 2.078598491246442311e-05
2.044441671355372303e-01 1.828680353089955733e-05
2.052619438040793887e-01 3.097162079439527206e-05
2.060829915792957157e-01 3.027844021095106938e-05
2.069073235456129201e-01 3.398865872195443166e-05
2.077349528397953449e-01 3.991582775086071337e-05
2.085658926511545219e-01 5.222968785060973376e-05
2.094001562217591150e-01 6.161711512392364866e-05
2.102377568466461677e-01 6.768158939495672749e-05
2.110787078740327671e-01 6.498786462680464845e-05
2.119230227055288740e-01 9.098232416802229058e-05
2.127707147963510126e-01 1.106561632579744600e-04
2.136217976555363773e-01 1.428186182061884032e-04
2.144762848461585492e-01 1.090388753276786348e-04
2.153341899855431840e-01 1.759333108205015229e-04
2.161955267454853669e-01 2.494107684808538074e-04
2.170603088524672986e-01 3.011707237045108880e-04
2.179285500878772042e-01 2.511247792970162712e-04
2.188002642882286852e-01 2.934835981873085337e-04
2.196754653453815986e-01 5.045534038008471760e-04
2.205541672067631020e-01 4.650771899386625555e-04
2.214363838755901703e-01 1.260160626163086411e-03
2.223221294110925284e-01 5.849140952751210893e-04
2.232114179287369160e-01 2.452119232792761196e-03
2.241042636004518529e-01 1.225402543299080205e-03
2.250006806548536520e-01 5.320670601893453047e-03
2.259006833774730438e-01 2.327843847109336249e-03
2.268042861109829667e-01 3.756705192641958749e-03
2.277115032554268836e-01 4.672026601816234130e-03
2.286223492684485714e-01 5.000230736203075538e-03
2.295368386655223802e-01 1.925431841592330912e-02
2.304549860201844658e-01 2.989810781153175862e-03
2.313768059642651864e-01 1.618606246591378431e-02
2.323023131881222503e-01 1.101395625004445919e-02
2.332315224408747223e-01 2.978404178998441537e-02
2.341644485306381973e-01 4.388705599555254439e-02
2.351011063247607502e-01 8.916924546612270755e-03
2.360415107500598020e-01 6.413477254092629642e-02
2.369856767930600405e-01 9.989040152264724512e-03
2.379336195002322851e-01 9.219289659567254935e-02
2.388853539782332114e-01 5.833325983410546367e-02
2.398408953941461863e-01 4.408353521242516782e-01
2.408002589757227141e-01 4.426694071590213109e-01
2.417634600116256582e-01 5.972169701960937382e-02
2.427305138516721306e-01 7.138566821525954564e-01
2.437014359070788505e-01 3.238216466468343269e-01
2.446762416507071713e-01 3.170047242301778034e+00
2.456549466173099938e-01 6.229669174698270195e-01
2.466375664037792625e-01 2.401266834462545852e+00
2.476241166693943785e-01 4.501418687851868938e+00
2.486146131360719436e-01 2.673697134774342121e-01
2.496090715886161993e-01 3.777064655789700076e+00
2.506075078749706586e-01 1.111610507320921259e+00
2.516099379064705155e-01 4.068082966481912699e+00
2.526163776580964138e-01 2.191871308764463322e+01
2.536268431687287994e-01 3.783655159834604831e+01
2.546413505414037437e-01 5.680069852428707833e+01
2.556599159435693491e-01 1.527731727340430901e+01
2.566825556073435988e-01 1.559957286595366277e+01
2.577092858297729827e-01 1.701177102166524335e+01
2.587401229730920682e-01 1.062401903818171789e+01
2.597750834649844576e-01 2.402108985346168879e+01
2.608141837988444123e-01 1.620194215340521637e+01
2.618574405340398092e-01 5.406048339006910197e+01
2.629048702961759298e-01 1.073118953273538523e+02
2.639564897773606367e-01 1.022269605530039058e+02
2.650123157364701054e-01 9.398282974027549130e+01
2.660723649994159445e-01 7.436687837115947275e+01
2.671366544594135917e-01 7.452013328407339543e+01
2.682052010772512096e-01 1.135324845666957145e+02
2.692780218815602478e-01 8.277908169140143002e+01
2.703551339690865030e-01 1.452846623408899802e+02
2.714365545049627904e-01 1.445852302483826293e+02
2.725223007229827243e-01 1.421775602199950868e+02
2.736123899258746106e-01 1.741640862015894129e+02
2.747068394855781692e-01 2.608943820906344513e+02
2.758056668435204806e-01 2.515760485608458055e+02
2.769088895108945403e-01 4.062180626792531939e+02
2.780165250689380918e-01 3.530367705098415172e+02
2.791285911692138466e-01 4.715539369741655946e+02
2.802451055338907038e-01 4.867744538793247671e+02
2.813660859560263017e-01 5.312898400136638202e+02
2.824915502998503469e-01 5.844158537705370691e+02
2.836215165010497197e-01 7.793936172678940011e+02
2.847560025670539119e-01 7.962632938282126815e+02
2.858950265773221866e-01 1.184980436827239146e+03
2.870386066836315142e-01 1.172792456231010419e+03
2.881867611103660631e-01 1.565622338745291700e+03
2.893395081548075787e-01 1.883331322055513738e+03
2.904968661874267610e-01 2.112197089932332801e+03
2.916588536521764197e-01 2.603925954407086920e+03
2.928254890667851273e-01 2.988949246865063287e+03
2.939967910230522619e-01 3.473433911530325531e+03
2.951727781871444911e-01 4.242397315305888696e+03
2.963534692998930908e-01 4.954703409819581793e+03
2.975388831770926501e-01 5.748189996595446246e+03
2.987290387098009981e-01 7.141059656448785972e+03
2.999239548646402409e-01 7.935714607340628390e+03
3.011236506840988536e-01 9.794287316230112992e+03
3.023281452868351593e-01 1.096518599287566940e+04
3.035374578679824742e-01 1.160458687033442766e+04
3.047516076994544187e-01 1.504046711345976473e+04
3.059706141302522830e-01 1.760017515593348071e+04
3.071944965867733357e-01 2.010245299490644538e+04
3.084232745731204095e-01 2.349850392899049621e+04
3.096569676714128194e-01 2.336280184863477189e+04
3.108955955420985018e-01 2.703196316691762695e+04
3.121391779242668751e-01 3.544960988831442955e+04
3.133877346359639215e-01 4.060262437830639101e+04
3.146412855745078230e-01 4.664865785418905580e+04
3.158998507168058190e-01 5.269329597990426555e+04
3.171634501196730627e-01 6.013964252744929399e+04
3.184321039201517545e-01 6.758209374465212750e+04
3.197058323358323295e-01 7.586121763469724101e+04
3.209846556651756444e-01 7.905616729576294892e+04
3.222685942878363852e-01 6.437687419273870182e+04
3.235576686649877520e-01 1.010274747032769374e+05
3.248518993396476984e-01 1.064864179234870826e+05
3.261513069370062801e-01 1.028615097900540277e+05
3.274559121647543369e-01 7.891825818248296855e+04
3.287657358134133401e-01 2.476432334613435160e+04
3.300807987566670154e-01 3.342420566159042323e+02
3.314011219516936890e-01 9.055163638996116788e+03
3.327267264395004642e-01 8.582437433463455818e+04
3.340576333452584534e-01 1.799939790374267614e+05
3.353938638786395088e-01 2.523290735820719274e+05
3.367354393341540630e-01 3.130083804493170464e+05
3.380823810914907468e-01 3.693575587948122993e+05
3.394347106158566718e-01 4.258272496110121137e+05
3.407924494583201014e-01 4.838925667028379976e+05
3.421556192561533982e-01 5.422444590756323887e+05
3.435242417331779707e-01 5.686880146559713176e+05
3.448983387001106626e-01 2.871640097948664334e+05
3.462779320549111417e-01 7.331588885922064073e+05
3.476630437831307319e-01 8.511487450834272895e+05
3.490536959582632992e-01 9.533150733384134946e+05
3.504499107420963600e-01 1.061182351326644188e+06
3.518517103850647421e-01 1.177184064165912336e+06
3.532591172266050239e-01 1.304086103757222649e+06
3.546721536955114717e-01 1.443295684944638517e+06
3.560908423102934761e-01 1.596286045260905288e+06
3.575152056795346533e-01 1.761385086979528656e+06
3.589452665022527800e-01 1.944000284093310125e+06
3.603810475682617254e-01 2.141341674159078859e+06
3.618225717585348278e-01 2.356481784370121546e+06
3.632698620455689364e-01 2.590195696731802542e+06
3.647229414937512293e-01 2.846379602256782819e+06
3.661818332597261971e-01 3.128818910645815078e+06
3.676465605927651259e-01 3.425657543443440460e+06
3.691171468351361895e-01 3.756158218653703108e+06
3.705936154224767076e-01 4.114646077567826025e+06
3.720759898841666247e-01 4.500083128627110273e+06
3.735642938437032656e-01 4.938516457361402921e+06
3.750585510190780902e-01 5.401957526670864783e+06
3.765587852231543908e-01 5.887231645994933322e+06
3.780650203640470441e-01 6.409472364938334562e+06
3.795772804455032068e-01 7.012757811124357395e+06
3.810955895672852312e-01 7.641991562282929197e+06
3.826199719255543585e-01 8.113817100258018821e+06
3.841504518132565771e-01 8.899897098748704419e+06
3.856870536205096456e-01 9.883133562984649092e+06
3.872298018349916715e-01 1.064656208480834216e+07
3.887787210423316320e-01 1.155861030329880118e+07
3.903338359265008939e-01 1.254304972164077125e+07
3.918951712702069545e-01 1.363354079498852976e+07
3.934627519552877928e-01 1.478666304832736403e+07
3.950366029631089404e-01 1.600147658859024383e+07
3.966167493749613859e-01 1.728288612165344879e+07
3.982032163724612550e-01 1.830877950563852862e+07
3.997960292379510450e-01 1.954103216510742530e+07
4.013952133549028578e-01 2.023329837904971838e+07
4.030007942083224659e-01 1.704687452566497400e+07
4.046127973851557647e-01 2.281303624764666893e+06
4.062312485746963908e-01 1.928131561090343073e+07
4.078561735689951728e-01 2.721963057502000406e+07
4.094875982632711353e-01 3.007797825563128665e+07
4.111255486563242245e-01 3.264570172846167907e+07
4.127700508509495880e-01 3.521159779947701842e+07
4.144211310543532978e-01 3.785026148358258605e+07
4.160788155785707931e-01 4.038372547801835090e+07
4.177431308408850463e-01 4.329303214153742790e+07
4.194141033642486138e-01 4.632843043816627562e+07
4.210917597777056320e-01 4.926889148998279124e+07
4.227761268168164221e-01 5.229074903656075150e+07
4.244672313240837602e-01 5.640520324960165471e+07
4.261651002493800910e-01 6.077689999602086842e+07
4.278697606503775730e-01 6.530136094214158505e+07
4.295812396929790666e-01 7.031053187064149976e+07
4.312995646517510107e-01 7.611416760411569476e+07
4.330247629103580187e-01 8.130559201332911849e+07
4.347568619619994745e-01 8.702913309812963009e+07
4.364958894098474596e-01 9.361811875729358196e+07
4.382418729674867897e-01 1.009676280435007364e+08
4.399948404593567730e-01 1.083196285716349781e+08
4.417548198211941890e-01 1.165805864530058205e+08
4.435218391004789873e-01 1.244888231012050509e+08
4.452959264568808750e-01 1.334683776692841202e+08
4.470771101627084021e-01 1.442429356011557281e+08
4.488654186033592119e-01 1.503649170164784491e+08
4.506608802777726241e-01 1.629401370900842547e+08
4.524635237988837710e-01 1.746964081349767745e+08
4.542733778940792333e-01 1.854130706776865423e+08
4.560904714056555065e-01 1.696726111529639363e+08
4.579148332912781894e-01 1.617886845696508884e+08
4.597464926244433370e-01 2.258088963990090787e+08
4.615854785949410899e-01 2.412345939267246723e+08
4.634318205093208576e-01 2.534487120921526849e+08
4.652855477913582227e-01 2.711749926592282057e+08
4.671466899825236219e-01 2.828713251853826046e+08
4.690152767424536906e-01 3.019768159221861959e+08
4.708913378494234969e-01 3.102997368795453310e+08
4.727749032008212171e-01 3.188320876044074297e+08
4.746660028136244769e-01 3.217733134338120818e+08
4.765646668248789131e-01 3.076119472890847325e+08
4.784709254921784560e-01 1.651853371752000749e+08
4.803848091941470555e-01 1.751697674610182345e+08
4.823063484309236815e-01 1.953572760219401717e+08
4.842355738246474361e-01 2.244609290578987598e+08
4.861725161199459966e-01 2.666469084434887469e+08
4.881172061844257226e-01 2.447985584983954430e+08
4.900696750091634302e-01 2.225556040434760153e+08
4.920299537092001074e-01 2.007266052972052991e+08
4.939980735240369625e-01 1.740862728446115851e+08
4.959740658181330253e-01 1.427440040046515465e+08
4.979579620814056362e-01 1.069516506395002753e+08
4.999497939297311566e-01 7.640883305317385495e+07
5.019495931054501758e-01 5.223314638733030111e+07
5.039573914778719965e-01 3.860761328917574883e+07
5.059732210437835054e-01 3.283260774071027339e+07
5.079971139279585435e-01 3.145187360209776834e+07
5.100291023836703852e-01 3.067034144197711349e+07
5.120692187932051054e-01 2.935998841218770295e+07
5.141174956683780550e-01 2.814577553612245619e+07
5.161739656510514473e-01 2.767963994295158982e+07
5.182386615136556074e-01 2.743328688647697866e+07
5.203116161597103329e-01 2.684935663360061496e+07
5.223928626243490303e-01 2.680819769580509886e+07
5.244824340748465152e-01 2.582439502668961138e+07
5.265803638111459239e-01 2.464056069648681208e+07
5.286866852663905103e-01 2.332360922704042494e+07
5.308014320074561088e-01 2.228771861163957790e+07
5.329246377354859288e-01 2.130210046102603152e+07
5.350563362864277916e-01 2.023034253115728498e+07
5.371965616315735881e-01 1.940793390156079829e+07
5.393453478780998456e-01 1.860958277791861817e+07
5.415027292696121819e-01 1.767667873174216598e+07
5.436687401866906466e-01 1.692098097483883426e+07
5.458434151474373941e-01 1.612612319691024162e+07
5.480267888080271321e-01 1.520850659427477792e+07
5.502188959632591247e-01 1.442501608051817864e+07
5.524197715471121928e-01 1.362457972984627262e+07
5.546294506333006025e-01 1.273926133036528528e+07
5.568479684358338400e-01 1.189545884360955469e+07
5.590753603095770519e-01 1.107959458813068643e+07
5.613116617508153716e-01 1.014442310547733866e+07
5.635569083978186899e-01 9.307270892392350361e+06
5.658111360314097560e-01 8.331454176868978888e+06
5.680743805755354980e-01 7.358263793637573719e+06
5.703466780978375672e-01 6.440148682271032594e+06
5.726280648102289872e-01 5.497673753257756121e+06
5.749185770694699160e-01 4.538805011587270536e+06
5.772182513777477375e-01 3.602512615109291393e+06
5.795271243832587071e-01 2.725085932300444227e+06
5.818452328807918184e-01 1.946911226690641604e+06
5.841726138123150003e-01 1.301879454767274205e+06
5.865093042675643131e-01 4.834588063833515043e+05
5.888553414846344758e-01 3.606506863683393749e+04
5.912107628505729462e-01 2.131247195387396787e+05
5.935756059019753339e-01 1.255159792227789992e+06
5.959499083255832552e-01 2.822644122578691691e+06
5.983337079588855190e-01 4.914019217636406422e+06
6.007270427907210886e-01 7.926135571513528936e+06
6.031299509618840426e-01 1.217247158411393687e+07
6.055424707657315331e-01 1.744199880252191797e+07
6.079646406487945187e-01 2.385915894286505133e+07
6.103964992113897203e-01 3.182816443305885792e+07
6.128380852082353503e-01 4.154378460480246693e+07
6.152894375490681744e-01 5.319715877406498790e+07
6.177505952992645710e-01 6.701713011270247400e+07
6.202215976804615893e-01 8.305650957478410006e+07
6.227024840711834486e-01 1.018797018481873870e+08
6.251932940074681477e-01 1.240948077429444492e+08
6.276940671834980723e-01 1.500689468005528152e+08
6.302048434522321552e-01 1.809266413008947968e+08
6.327256628260409244e-01 2.168168703172939420e+08
6.352565654773452142e-01 2.578035937228189707e+08
6.377975917392545435e-01 3.052212485193575025e+08
6.403487821062116003e-01 3.596414250417007208e+08
6.429101772346363930e-01 4.220083302770199180e+08
6.454818179435749537e-01 4.944261228769817352e+08
6.480637452153492628e-01 5.784017774149657488e+08
6.506560001962106154e-01 6.755965202978814840e+08
6.532586241969955410e-01 7.891432105761210918e+08
6.558716586937833881e-01 9.206896992548607588e+08
6.584951453285585732e-01 1.071297554032621384e+09
6.611291259098727169e-01 1.244656711852987766e+09
6.637736424135122215e-01 1.442917769608020306e+09
6.664287369831662922e-01 1.664134483540152788e+09
6.690944519310989547e-01 1.906432577014619827e+09
6.717708297388232941e-01 2.171384751949359894e+09
6.744579130577786907e-01 2.454337133489364624e+09
6.771557447100098326e-01 2.737837955082949638e+09
6.798643676888498355e-01 2.985070619737260818e+09
6.825838251596052508e-01 3.183542079235511780e+09
6.853141604602436265e-01 3.299756980658848763e+09
6.880554171020846210e-01 3.330757868353265285e+09
6.908076387704928933e-01 3.276185618488704205e+09
6.935708693255748791e-01 3.212383963698041439e+09
6.963451528028771209e-01 3.217608407068427563e+09
6.991305334140887062e-01 3.270416170292384148e+09
7.019270555477450380e-01 3.404306749643815041e+09
7.047347637699360456e-01 3.603490994612678051e+09
7.075537028250157290e-01 3.805162558393514633e+09
7.103839176363159202e-01 3.995134476272952080e+09
7.132254533068611568e-01 4.178401410630236626e+09
7.160783551200886610e-01 4.338946111099066734e+09
7.189426685405689854e-01 4.439246518640448570e+09
7.218184392147313222e-01 4.454029803794997215e+09
7.247057129715901436e-01 4.399662452794617653e+09
7.276045358234763949e-01 4.298828268144470215e+09
7.305149539667704639e-01 4.145619323235451698e+09
7.334370137826373703e-01 3.957241027742974758e+09
7.363707618377679509e-01 3.768862456305005074e+09
7.393162448851190449e-01 3.572151841371158123e+09
7.422735098646596752e-01 3.347897635233931541e+09
7.452426039041182282e-01 3.138200570074506283e+09
7.482235743197346300e-01 2.914442862076475143e+09
7.512164686170136330e-01 2.648604776578203678e+09
7.542213344914817652e-01 2.427149506146039963e+09
7.572382198294477229e-01 2.186095241216719627e+09
7.602671727087656484e-01 1.802836783109898090e+09
7.633082413996006288e-01 1.021758954793620348e+09
7.663614743651989691e-01 1.551411154521119893e+08
7.694269202626597970e-01 2.090280131889297664e+08
7.725046279437104424e-01 8.254823168709516525e+08
7.755946464554852593e-01 1.648733692743708611e+09
7.786970250413072225e-01 2.467799279993707657e+09
7.818118131414724115e-01 3.205525824989129066e+09
7.849390603940383793e-01 3.932273190243981838e+09
7.880788166356144098e-01 4.745445351577026367e+09
7.912311319021569922e-01 5.649445108736384392e+09
7.943960564297655180e-01 6.679038471547677040e+09
7.975736406554845281e-01 7.811427806007047653e+09
8.007639352181065151e-01 9.021229643374177933e+09
8.039669909589789443e-01 1.026668434234512329e+10
8.071828589228148276e-01 1.162489241448775673e+10
8.104115903585061842e-01 1.309655243231789398e+10
8.136532367199402760e-01 1.463058103453456879e+10
8.169078496668199518e-01 1.578108607536075974e+10
8.201754810654874328e-01 1.561911910009520531e+10
8.234561829897493190e-01 1.941817664234682846e+10
8.267500077217083687e-01 2.117719533969092178e+10
8.300570077525952772e-01 2.296520219820516586e+10
8.333772357836056743e-01 2.469478144899424744e+10
8.367107447267401188e-01 2.646297876908862686e+10
8.400575877056470908e-01 2.835626591153170776e+10
8.434178180564695371e-01 3.033972927108787155e+10
8.467914893286955236e-01 3.235863055047676086e+10
8.501786552860102208e-01 3.433667981454424667e+10
8.535793699071543283e-01 3.601347931089388275e+10
8.569936873867830540e-01 3.773247830690393829e+10
8.604216621363300899e-01 3.640605775018850708e+10
8.638633487848753623e-01 2.823773173131589890e+10
8.673188021800150027e-01 3.360182793569769287e+10
8.707880773887352044e-01 3.303155637133109665e+10
8.742712296982900755e-01 3.487799784609450531e+10
8.777683146170831563e-01 3.713493126794220734e+10
8.812793878755513788e-01 4.006130580063021851e+10
8.848045054270535781e-01 4.395998266992805481e+10
8.883437234487617795e-01 4.542749954023626709e+10
8.918970983425568155e-01 4.976496639530718231e+10
8.954646867359271623e-01 5.139899905875804138e+10
8.990465454828707736e-01 5.353703924165777588e+10
9.026427316648023558e-01 5.730894491356159210e+10
9.062533025914615292e-01 5.997039278408333588e+10
9.098783158018273198e-01 6.309546197437174988e+10
9.135178290650346478e-01 6.592217887807796478e+10
9.171719003812948134e-01 6.838919944919961548e+10
9.208405879828199803e-01 7.115496096495848083e+10
9.245239503347512100e-01 7.418749648771928406e+10
9.282220461360901620e-01 7.511713007824482727e+10
9.319349343206346781e-01 7.765509055351296997e+10
9.356626740579171431e-01 8.007515078673840332e+10
9.394053247541488405e-01 8.240010659786557007e+10
9.431629460531654185e-01 8.418432320358680725e+10
9.469355978373780180e-01 8.663080829561679077e+10
9.507233402287275092e-01 8.781571447419319153e+10
9.545262335896426142e-01 9.037320859952693176e+10
9.583443385240012491e-01 9.093569199453483582e+10
9.621777158780971950e-01 9.275059182521308899e+10
9.660264267416096562e-01 9.459453461177763367e+10
9.698905324485760371e-01 9.653174023613009644e+10
9.737700945783701600e-01 9.833893520502122498e+10
9.776651749566835914e-01 1.006498844309192200e+11
9.815758356565105203e-01 1.025702379724465027e+11
9.855021389991363012e-01 1.047351980372197418e+11
9.894441475551331022e-01 1.072462624682228546e+11
9.934019241453534432e-01 1.088665187856627502e+11
9.973755318419349480e-01 9.839758957732653809e+10
1.001365033969302543e+00 7.992512209281506348e+10
1.005370494105179757e+00 8.451933594152102661e+10
1.009391976081600362e+00 8.611113803861222839e+10
1.013429543985926884e+00 9.431482693914154053e+10
1.017483262161870350e+00 1.012183376144451447e+11
1.021553195210518128e+00 1.050673412412954407e+11
1.025639407991360219e+00 1.100623464082258759e+11
1.029741965623325539e+00 1.153563647147605743e+11
1.033860933485818867e+00 1.193919116545025787e+11
1.037996377219762012e+00 1.216439519473396912e+11
1.042148362728641198e+00 1.247599110653509216e+11
1.046316956179555557e+00 1.260333675523283386e+11
1.050502224004274066e+00 1.270320844521165619e+11
1.054704232900291139e+00 1.276935494892885284e+11
1.058923049831892227e+00 1.286614209339998016e+11
1.063158742031219628e+00 1.335259713877606812e+11
1.067411376999344741e+00 1.363215620371873474e+11
1.071681022507342096e+00 1.383630343736532898e+11
1.075967746597371377e+00 1.414498530521079102e+11
1.080271617583760779e+00 1.443343195323927917e+11
1.084592704054095913e+00 1.466049344020729980e+11
1.088931074870312044e+00 1.485075097896584473e+11
1.093286799169793433e+00 1.499184801799438782e+11
1.097659946366472461e+00 1.499861882909129333e+11
1.102050586151938294e+00 1.505534586716822510e+11
1.106458788496546219e+00 1.502120656296071472e+11
1.110884623650532532e+00 1.486493900548330383e+11
1.115328162145134749e+00 1.470017526512236023e+11
1.119789474793714934e+00 1.487175125763945618e+11
1.124268632692889902e+00 1.508432550543372803e+11
1.128765707223661430e+00 1.534263131406882019e+11
1.133280770052556230e+00 1.500655814908302002e+11
1.137813893132766374e+00 1.362258424530357971e+11
1.142365148705297484e+00 1.356395658162846680e+11
1.146934609300118479e+00 1.506260166225729980e+11
1.151522347737319096e+00 1.434037379170154419e+11
1.156128437128268516e+00 1.411834588990702515e+11
1.160752950876781542e+00 1.442461109363890686e+11
1.165395962680288999e+00 1.519814869141236877e+11
1.170057546531009907e+00 1.274879933135339203e+11
1.174737776717134086e+00 1.191895383906140594e+11
1.179436727824002773e+00 1.078164438799737091e+11
1.184154474735298557e+00 1.394472520080607300e+11
1.188891092634239977e+00 1.578626450121828613e+11
1.193646657004777012e+00 1.608933592213161621e+11
1.198421243632796118e+00 1.652492325848045349e+11
1.203214928607327261e+00 1.693888703298929749e+11
1.208027788321756724e+00 1.744908716435673828e+11
1.212859899475043468e+00 1.787837202234334717e+11
1.217711339072943710e+00 1.826962322714863281e+11
1.222582184429235275e+00 1.866600717070713196e+11
1.227472513166952384e+00 1.900886958919902954e+11
1.232382403219620226e+00 1.925323362514819946e+11
1.237311932832498407e+00 1.945701809531648865e+11
1.242261180563828615e+00 1.747431256031930542e+11
1.247230225286083849e+00 1.969154214970900574e+11
1.252219146187228072e+00 1.674157907367602234e+11
1.257228022771976983e+00 2.026020760547797852e+11
1.262256934863064783e+00 2.057904067222363892e+11
1.267305962602517155e+00 2.071401691019080200e+11
1.272375186452927354e+00 2.079955559996939392e+11
1.277464687198738957e+00 2.089851260415675659e+11
1.282574545947533950e+00 2.098524735230600586e+11
1.287704844131324133e+00 2.102658564403144531e+11
1.292855663507849417e+00 2.101931952363216248e+11
1.298027086161880783e+00 2.093926889356946411e+11
1.303219194506528344e+00 2.077164167018705139e+11
1.308432071284554521e+00 2.060191353837040710e+11
1.313665799569692760e+00 2.046419261962271729e+11
1.318920462767971591e+00 2.025996067803029785e+11
1.324196144619043336e+00 1.988733525779319458e+11
1.329492929197519491e+00 1.885599044510907593e+11
1.334810900914309650e+00 1.663052017996719666e+11
1.340150144517967101e+00 1.600020720044917297e+11
1.345510745096038852e+00 1.547956082521062012e+11
1.350892788076423212e+00 1.515877110994914856e+11
1.356296359228728932e+00 1.419216824387117004e+11
1.361721544665643879e+00 1.378137364253497314e+11
1.367168430844306393e+00 1.467030223939560547e+11
1.372637104567683730e+00 1.460905747005820923e+11
1.378127652985954299e+00 1.463970617573814392e+11
1.383640163597898098e+00 1.400590948184682617e+11
1.389174724252289828e+00 1.401771748390965576e+11
1.394731423149298877e+00 1.358690334050388031e+11
1.400310348841896202e+00 1.346859348938199921e+11
1.405911590237263642e+00 1.414569488713906860e+11
1.411535236598212784e+00 1.415443964313334045e+11
1.417181377544605603e+00 1.467137850498547058e+11
1.422850103054784210e+00 1.495793178334542542e+11
1.428541503467003038e+00 1.536973810507868347e+11
1.434255669480871243e+00 1.584920297074613953e+11
1.439992692158794885e+00 1.640455590998226013e+11
1.445752662927429988e+00 1.707358164494550781e+11
1.451535673579139596e+00 1.760918225530708008e+11
1.457341816273456159e+00 1.831717557861341553e+11
1.463171183538549913e+00 1.843945431576911926e+11
1.469023868272704147e+00 1.870532024759340210e+11
1.474899963745795128e+00 1.928650562554302673e+11
1.480799563600778246e+00 1.968888450636846313e+11
1.486722761855181485e+00 1.999012246432860413e+11
1.492669652902602007e+00 2.036631190720521851e+11
1.498640331514212276e+00 2.071336836050038452e+11
1.504634892840269300e+00 2.101536329490326843e+11
1.510653432411630304e+00 2.121734963518409729e+11
1.516696046141276843e+00 2.134425765168277893e+11
1.522762830325842032e+00 2.148858430555693665e+11
1.528853881647145307e+00 2.163725666802959595e+11
1.534969297173733649e+00 2.172703691286346436e+11
1.541109174362428780e+00 2.184081783679115295e+11
1.547273611059878373e+00 2.197399239579286804e+11
1.553462705504118135e+00 2.184972301190990295e+11
1.559676556326134556e+00 1.959820143166736450e+11
1.565915262551438980e+00 2.083553851657071838e+11
1.572178923601644795e+00 2.142261385098424072e+11
1.578467639296051495e+00 1.991646613195131531e+11
1.584781509853235626e+00 2.024055321889798889e+11
1.591120635892648405e+00 2.003920015529779968e+11
1.597485118436219098e+00 1.870488791034619446e+11
1.603875058909963958e+00 1.691067718978462219e+11
1.610290559145603595e+00 1.536437677433897400e+11
1.616731721382186127e+00 1.363447943074728851e+11
1.623198648267714761e+00 1.255166871730119476e+11
1.629691442860785600e+00 1.213026460205508423e+11
1.636210208632228769e+00 1.264601509657476044e+11
1.642755049466757766e+00 1.349599154899628906e+11
1.649326069664624805e+00 1.415326304296998901e+11
1.655923373943283039e+00 1.404038012533748474e+11
1.662547067439056336e+00 1.390447525536506653e+11
1.669197255708812611e+00 1.016831760078678894e+11
1.675874044731648027e+00 1.050864029942732239e+11
1.682577540910574321e+00 1.204780092381576996e+11
1.689307851074216771e+00 1.196372270271059875e+11
1.696065082478513508e+00 1.129802304316984253e+11
1.702849342808427480e+00 1.165772120730538635e+11
1.709660740179661298e+00 1.322303628562744751e+11
1.716499383140379864e+00 1.319050032649461060e+11
1.723365380672941427e+00 1.421736663729133606e+11
1.730258842195633306e+00 1.336900327797765350e+11
1.737179877564415831e+00 1.283055086148366394e+11
1.744128597074673603e+00 1.324599029478392487e+11
1.751105111462972097e+00 1.396087085236574402e+11
1.758109531908824241e+00 1.377508653526324463e+11
1.765141970036459451e+00 1.354946253110410767e+11
1.772202537916605314e+00 1.324754317746498871e+11
1.779291348068271716e+00 1.337241827460789490e+11
1.786408513460544745e+00 1.327663366834991608e+11
1.793554147514387020e+00 1.248815811638369446e+11
1.800728364104444257e+00 1.313408649171764526e+11
1.807931277560862249e+00 1.356362758339863129e+11
1.815163002671105641e+00 1.421873874257532654e+11
1.822423654681789795e+00 1.462370768003771667e+11
1.829713349300517100e+00 1.440317497103481445e+11
1.837032202697718830e+00 1.461538162688194275e+11
1.844380331508509885e+00 1.467597770831486816e+11
1.851757852834543527e+00 1.453409653390558777e+11
1.859164884245881888e+00 1.399646120445211792e+11
1.866601543782865358e+00 1.464904911369357300e+11
1.874067949957996859e+00 1.492745754978925171e+11
1.881564221757828781e+00 1.578844290873909912e+11
1.889090478644860127e+00 1.576961632588479919e+11
1.896646840559439662e+00 1.593731239382005005e+11
1.904233427921677269e+00 1.597410058875265808e+11
1.911850361633363971e+00 1.651565710906131592e+11
1.919497763079897279e+00 1.616832627004273987e+11
1.927175754132217200e+00 1.624713819984277039e+11
1.934884457148745796e+00 1.619539513179681091e+11
1.942623994977340729e+00 1.552137322244016418e+11
1.950394490957250149e+00 1.628227314872401428e+11
1.958196068921079336e+00 1.570433194371112976e+11
1.966028853196763793e+00 1.607260163155934143e+11
1.973892968609550991e+00 1.582058523212951355e+11
1.981788540483989447e+00 1.606521006447803345e+11
1.989715694645925126e+00 1.597738501929393616e+11
1.997674557424508723e+00 1.620864653020118408e+11
2.005665255654207169e+00 1.636710812349005737e+11
2.013687916676823786e+00 1.634025409150482178e+11
2.021742668343530891e+00 1.679642772362529907e+11
2.029829639016905052e+00 1.663006154568512268e+11
2.037948957572972564e+00 1.687202141685299988e+11
2.046100753403264694e+00 1.684496673461108398e+11
2.054285156416877811e+00 1.695349822615241699e+11
2.062502297042545507e+00 1.677844143004950867e+11
2.070752306230715600e+00 1.672058616804242249e+11
2.079035315455638244e+00 1.638097283577196350e+11
2.087351456717461140e+00 1.599930675914644470e+11
2.095700862544330967e+00 1.550791577542923584e+11
2.104083665994508134e+00 1.506381123138154297e+11
2.112500000658485977e+00 1.448768008516369629e+11
2.120950000661120161e+00 1.378782946168486328e+11
2.129433800663764753e+00 1.296892274014844208e+11
2.137951535866419839e+00 1.221271452095474701e+11
2.146503342009885351e+00 1.131860041171313782e+11
2.155089355377924676e+00 1.034427488490777588e+11
2.163709712799436691e+00 9.088806758275122070e+10
2.172364551650634468e+00 8.188906697640548706e+10
2.181054009857236853e+00 7.053529142382949829e+10
2.189778225896665376e+00 5.583906851755016327e+10
2.198537338800252705e+00 3.810181082195118713e+10
2.207331488155453325e+00 2.681722463940177536e+10
2.216160814108075083e+00 3.312000377609724045e+10
2.225025457364507631e+00 3.405722854112438965e+10
2.233925559193965515e+00 3.106917398211830139e+10
2.242861261430741493e+00 2.739331324889876556e+10
2.251832706476463830e+00 2.511909586860970688e+10
2.260840037302370042e+00 2.327977841627459717e+10
2.269883397451579299e+00 2.302782610211064529e+10
2.278962931041386142e+00 2.085448540618747711e+10
2.288078782765551100e+00 1.883664782912048721e+10
2.297231097896613505e+00 1.826293789673589706e+10
2.306420022288200311e+00 2.277353606038353729e+10
2.315645702377353121e+00 2.342946477058827591e+10
2.324908285186861878e+00 1.690384677091000175e+10
2.334207918327609654e+00 1.492706196921456909e+10
2.343544750000919663e+00 1.563150484575074196e+10
2.352918929000923143e+00 1.781468393035803223e+10
2.362330604716927240e+00 2.026357227813851547e+10
2.371779927135795329e+00 1.839607059734436417e+10
2.381267046844337987e+00 1.591918712901765060e+10
2.390792115031715070e+00 1.986665053149209595e+10
2.400355283491842240e+00 2.300146019063302612e+10
2.409956704625809465e+00 2.490331622115639114e+10
2.419596531444312859e+00 2.532938175099271774e+10
2.429274917570089620e+00 2.615654804444836426e+10
2.438992017240370291e+00 2.632954504317116165e+10
2.448747985309331465e+00 2.821605048928089523e+10
2.458542977250568917e+00 3.045445110623164749e+10
2.468377149159570738e+00 3.245597189479538727e+10
2.478250657756209563e+00 3.446754537864926910e+10
2.488163660387234355e+00 3.658878565756629944e+10
2.498116315028783063e+00 3.972811370169957733e+10
2.508108780288898387e+00 4.184075638637998199e+10
2.518141215410053757e+00 4.421849553948490906e+10
2.528213780271693967e+00 4.567306637103112030e+10
2.538326635392781139e+00 4.853898888806273651e+10
2.548479941934351789e+00 4.772315453366820526e+10
2.558673861702089436e+00 4.910354843677482605e+10
2.568908557148898097e+00 4.867664551336734772e+10
2.579184191377493551e+00 4.633395329238425446e+10
2.589500928143003478e+00 4.924085654460187531e+10
2.599858931855575594e+00 5.441802104451512146e+10
2.610258367582998229e+00 5.605275865529593658e+10
2.620699401053329769e+00 5.567467132567324829e+10
2.631182198657543214e+00 5.605737776500108337e+10
2.641706927452173392e+00 6.896674154654515076e+10
2.652273755161981938e+00 6.981046608738017273e+10
2.662882850182629824e+00 6.870647181174962616e+10
2.673534381583360542e+00 6.521619368346104431e+10
2.684228519109693956e+00 6.800763702303673553e+10
2.694965433186132575e+00 6.777531783511428070e+10
2.705745294918877164e+00 7.093471349505644226e+10
2.716568276098552559e+00 7.013995909995375061e+10
2.727434549202946812e+00 7.295467739078216553e+10
2.738344287399758326e+00 7.325657913328385925e+10
2.749297664549357201e+00 7.550219828022666931e+10
2.760294855207554576e+00 7.497190793170822144e+10
2.771336034628385292e+00 7.322679433115960693e+10
2.782421378766898545e+00 7.156696467505722046e+10
2.793551064281966312e+00 7.890513003033224487e+10
2.804725268539093985e+00 7.323358108454855347e+10
2.815944169613250558e+00 7.470908524975840759e+10
2.827207946291703244e+00 8.126697714907302856e+10
2.838516778076869862e+00 7.271851565573309326e+10
2.849870845189177437e+00 7.382133421435327148e+10
2.861270328569933685e+00 7.567945858203630066e+10
2.872715409884213589e+00 7.234258898672296143e+10
2.884206271523750420e+00 7.235056370276736450e+10
2.895743096609845413e+00 7.168979482880789185e+10
2.907326068996284985e+00 6.818318856288211060e+10
2.918955373272270393e+00 6.865112094637695312e+10
2.930631194765359826e+00 6.494908034923809052e+10
2.942353719544420709e+00 6.011602808741395569e+10
2.954123134422598440e+00 5.720294591160910034e+10
2.965939626960289122e+00 5.311991780812479401e+10
2.977803385468130504e+00 4.996939413971016693e+10
2.989714599010003138e+00 4.600189489162037659e+10
3.001673457406043077e+00 4.075200028745041656e+10
3.013680151235667015e+00 3.782321919439835358e+10
3.025734871840609408e+00 3.384965035423129272e+10
3.037837811327972037e+00 2.896717567699572754e+10
3.049989162573283785e+00 2.449666775645705795e+10
3.062189119223576395e+00 1.983490216731307983e+10
3.074437875700470890e+00 1.734859824314502716e+10
3.086735627203272880e+00 1.518639035406456757e+10
3.099082569712085622e+00 1.396965003697255898e+10
3.111478899990933744e+00 1.251462206692537689e+10
3.123924815590897186e+00 1.150963051373189545e+10
3.136420514853261121e+00 1.046094183342152596e+10
3.148966196912674320e+00 9.611490792724313736e+09
3.161562061700325277e+00 9.121276317981969833e+09
3.174208309947126327e+00 8.859888345066240311e+09
3.186905143186915090e+00 8.448056947027335167e+09
3.199652763759662566e+00 8.321287325073899269e+09
3.212451374814701222e+00 8.672381086035324097e+09
3.225301180313960625e+00 8.629782419421390533e+09
3.238202385035215958e+00 9.005321460581361771e+09
3.251155194575356955e+00 9.366531002090038300e+09
3.264159815353658622e+00 1.010934960768254471e+10
3.277216454615073271e+00 1.091769944646973419e+10
3.290325320433533207e+00 1.115787260420526886e+10
3.303486621715267635e+00 1.037482264819452477e+10
3.316700568202128441e+00 6.401791753823069572e+09
3.329967370474937294e+00 4.497375825851347923e+09
3.343287239956836743e+00 5.650635779295660019e+09
3.356660388916663962e+00 7.400763019146902084e+09
3.370087030472330714e+00 8.995289616310716629e+09
3.383567378594220187e+00 9.846209371270563126e+09
3.397101648108596716e+00 9.955369100999059677e+09
3.410690054701031482e+00 9.643369830694286346e+09
3.424332814919834878e+00 9.126571732479522705e+09
3.438030146179514634e+00 8.733422380908132553e+09
3.451782266764232610e+00 8.920962616243129730e+09
3.465589395831289998e+00 9.276237340841100693e+09
3.479451753414614767e+00 9.254088339028221130e+09
3.493369560428273068e+00 9.463691956324474335e+09
3.507343038669985980e+00 9.812117610253843307e+09
3.521372410824665788e+00 9.974699502212776184e+09
3.535457900467964709e+00 9.861302061385633469e+09
3.549599732069836477e+00 9.928560885716688156e+09
3.563798130998116154e+00 1.022920576982678795e+10
3.578053323522108364e+00 1.081434002233835220e+10
3.592365536816196858e+00 1.142438763471719170e+10
3.606734998963461614e+00 1.173478504388799095e+10
3.621161938959315041e+00 1.240273670658749008e+10
3.635646586715152839e+00 1.298402602928340340e+10
3.650189173062013293e+00 1.371758490385727119e+10
3.664789929754260545e+00 1.437685058774709511e+10
3.679449089473277645e+00 1.541741362654834366e+10
3.694166885831170699e+00 1.598595684113545799e+10
3.708943553374495661e+00 1.681340227616942024e+10
3.723779327587993571e+00 1.734014236339591980e+10
3.738674444898345328e+00 1.843335999694022751e+10
3.753629142677938901e+00 1.928041040594299316e+10
3.768643659248651190e+00 1.963287344757068253e+10
3.783718233885645432e+00 2.011257401007673264e+10
3.798853106821188153e+00 2.101855179442117310e+10
3.814048519248473657e+00 2.212072822638020325e+10
3.829304713325467180e+00 2.344270719967768860e+10
3.844621932178768908e+00 2.348271587573672485e+10
3.860000419907484215e+00 2.482851928365740967e+10
3.875440421587113882e+00 2.521078431696652222e+10
3.890942183273462529e+00 2.615181142354200363e+10
3.906505952006555926e+00 2.665592252407229233e+10
3.922131975814582727e+00 2.675839532541577530e+10
3.937820503717840648e+00 2.831594199122494125e+10
3.953571785732711508e+00 2.769678959753282166e+10
3.969386072875642490e+00 2.790374980031881714e+10
3.985263617167145167e+00 2.793779914727513504e+10
4.001204671635814059e+00 2.682773067560523987e+10
4.017209490322357190e+00 2.694234214509393311e+10
4.033278328283646630e+00 2.647929742525992203e+10
4.049411441596781458e+00 2.593282916485833740e+10
4.065609087363168506e+00 2.536731232139220428e+10
4.081871523712622185e+00 2.493740309488428879e+10
4.098199009807472315e+00 2.493064174020676804e+10
4.114591805846702144e+00 2.511046487493383026e+10
4.131050173070089038e+00 2.508554733097643661e+10
4.147574373762369149e+00 2.584644386573184204e+10
4.164164671257418959e+00 2.664809356630522537e+10
4.180821329942449260e+00 2.613668434063961411e+10
4.197544615262219558e+00 2.575054677226144409e+10
4.214334793723269357e+00 2.589323697284510422e+10
4.231192132898162761e+00 2.527911586495812225e+10
4.248116901429755288e+00 2.528757963902864456e+10
4.265109369035473996e+00 2.456430896063930893e+10
4.282169806511615384e+00 2.215481662585823822e+10
4.299298485737661935e+00 1.569956352502302361e+10
4.316495679680612874e+00 1.274186538689291000e+10
4.333761662399335357e+00 1.370260500994829369e+10
4.351096709048932532e+00 1.500700011008837700e+10
4.368501095885127583e+00 1.581904577378989601e+10
4.385975100268668214e+00 1.560831853542818642e+10
4.403519000669743555e+00 1.494289126364845848e+10
4.421133076672422391e+00 1.417349760516880226e+10
4.438817608979111817e+00 1.287549996336211777e+10
4.456572879415028332e+00 1.213287520091686058e+10
4.474399170932688463e+00 1.113824893429349136e+10
4.492296767616419828e+00 1.098143203855351067e+10
4.510265954686884626e+00 1.062933981332506752e+10
4.528307018505633330e+00 1.033448833049620056e+10
4.546420246579655711e+00 1.007792281784255219e+10
4.564605927565974497e+00 9.663434660206893921e+09
4.582864351276237258e+00 1.008098361507555771e+10
4.601195808681342925e+00 1.018304525148134041e+10
4.619600591916067422e+00 1.038299116654610825e+10
4.638078994283731937e+00 1.047274785025544548e+10
4.656631310260867629e+00 1.199016784206713676e+10
4.675257835501911430e+00 1.158354445085661697e+10
4.693958866843916944e+00 1.135341378444287109e+10
4.712734702311292878e+00 1.127584778640831375e+10
4.731585641120538810e+00 1.078110914791705513e+10
4.750511983685020923e+00 1.014572233801479340e+10
4.769514031619761063e+00 1.031454653382002831e+10
4.788592087746240011e+00 1.017350241449374580e+10
4.807746456097224730e+00 1.051541772162808037e+10
4.826977441921613377e+00 1.066583407570490265e+10
4.846285351689299858e+00 1.045795033346285629e+10
4.865670493096057925e+00 1.074074713152439690e+10
4.885133175068442135e+00 1.043379839361913109e+10
4.904673707768715474e+00 1.056168928393304253e+10
4.924292402599791174e+00 9.969650748683828354e+09
4.943989572210189642e+00 1.080537083596971893e+10
4.963765530499030021e+00 1.035143033616738510e+10
4.983620592621027079e+00 1.132052962653574181e+10
5.003555074991511198e+00 1.122132106365089226e+10
5.023569295291476777e+00 1.070884518184845543e+10
5.043663572472643075e+00 1.177379019118048477e+10
5.063838226762532813e+00 1.179240320356640434e+10
5.084093579669583640e+00 1.199380333546680832e+10
5.104429953988261381e+00 1.251232081694737053e+10
5.124847673804215020e+00 1.220558407649513245e+10
5.145347064499431688e+00 1.268988881541374397e+10
5.165928452757428957e+00 1.207466030015743446e+10
5.186592166568458673e+00 1.262376888999905396e+10
5.207338535234733001e+00 1.232450410202020264e+10
5.228167889375671784e+00 1.253466775207549667e+10
5.249080560933174766e+00 1.266848612218152046e+10
5.270076883176907145e+00 1.228777360896211433e+10
5.291157190709615321e+00 1.235048336174531746e+10
5.312321819472453299e+00 1.266615354516170502e+10
5.333571106750343738e+00 1.260897626475602531e+10
5.354905391177344320e+00 1.238757396202825356e+10
5.376325012742054099e+00 1.242037154304765129e+10
5.397830312793021612e+00 1.229084520220410919e+10
5.419421634044193858e+00 1.140452415040625572e+10
5.441099320580370602e+00 1.213964707402691269e+10
5.462863717862692425e+00 1.168644451387565422e+10
5.484715172734142996e+00 1.146006992638406563e+10
5.506654033425078865e+00 1.137030911725943565e+10
5.528680649558780580e+00 1.105685277741030502e+10
5.550795372157015350e+00 1.077345914518496323e+10
5.572998553645643227e+00 1.047949080454835892e+10
5.595290547860225949e+00 1.056286388829619408e+10
5.617671710051667766e+00 1.051109035084827232e+10
5.640142396891874021e+00 1.065351815761782837e+10
5.662702966479441713e+00 1.055557395179866982e+10
5.685353778345359821e+00 1.048265684673464012e+10
5.708095193458740724e+00 1.065708970396442795e+10
5.730927574232576482e+00 1.023832162037095642e+10
5.753851284529505783e+00 1.053278990617845917e+10
5.776866689667624399e+00 9.560764459824913025e+09
5.799974156426294769e+00 9.219136786761724472e+09
5.823174053051999977e+00 7.597205629178794861e+09
5.846466749264207508e+00 7.661416131781082153e+09
5.869852616261264977e+00 8.225345803409900665e+09
5.893332026726310069e+00 8.745596767607812881e+09
5.916905354833215114e+00 9.083030674982530594e+09
5.940572976252548543e+00 8.649878626695499420e+09
5.964335268157558545e+00 8.379418022115785599e+09
5.988192609230189589e+00 8.040428488754337311e+09
6.012145379667110490e+00 7.846586183298467636e+09
6.036193961185778889e+00 7.364080715805421829e+09
6.060338737030522616e+00 7.125803094309969902e+09
6.084580091978644134e+00 7.185024131043819427e+09
6.108918412346558746e+00 7.112092820369732857e+09
6.133354085995945226e+00 7.031183357880000114e+09
6.157887502339929320e+00 6.905349675018949509e+09
6.182519052349287669e+00 6.858957739615241051e+09
6.207249128558685491e+00 6.792445398864591599e+09
6.232078125072920471e+00 6.755233800090040207e+09
6.257006437573212843e+00 6.661758594705076218e+09
6.282034463323505236e+00 6.664709027689639091e+09
6.307162601176800720e+00 6.560762265649755478e+09
6.332391251581507063e+00 6.318049653694392204e+09
6.357720816587833390e+00 6.143881607778374672e+09
6.383151699854184180e+00 5.871016099192920685e+09
6.408684306653601226e+00 5.570851099997413635e+09
6.434319043880215361e+00 5.205132302328221321e+09
6.460056320055736379e+00 4.970110022478404999e+09
6.485896545335958052e+00 4.913563289021007538e+09
6.511840131517302233e+00 5.293030854564734459e+09
6.537887492043371829e+00 5.674573129361488342e+09
6.564039042011545533e+00 5.841273364038305283e+09
6.590295198179591196e+00 5.810891296153760910e+09
6.616656378972309405e+00 5.830916345836154938e+09
6.643123004488199257e+00 5.967349464394358635e+09
6.669695496506150789e+00 6.048223682898779869e+09
6.696374278492176479e+00 5.960137421621560097e+09
6.723159775606144528e+00 5.656670384658950806e+09
6.750052414708568094e+00 5.417249580111203194e+09
6.777052624367403411e+00 5.049665876650865555e+09
6.804160834864871887e+00 4.944323157956920624e+09
6.831377478204331055e+00 4.764132841424495697e+09
6.858702988117148180e+00 4.761476487571969986e+09
6.886137800069615622e+00 4.845353049102864265e+09
6.913682351269895499e+00 4.741620219138885498e+09
6.941337080674975013e+00 4.535704799767047882e+09
6.969102428997675069e+00 4.332720819892503738e+09
6.996978838713665994e+00 4.197014859586246014e+09
7.024966754068519670e+00 3.885318615019696712e+09
7.053066621084793653e+00 3.728863652727385998e+09
7.081278887569133929e+00 3.503351912193703175e+09
7.109604003119409654e+00 3.310516048389269829e+09
7.138042419131887861e+00 3.147035643327766895e+09
7.166594588808414379e+00 2.984241889896014690e+09
7.195260967163648047e+00 2.834191755459414005e+09
7.224042011032302923e+00 2.740725096165139675e+09
7.252938179076432235e+00 2.571082303088335037e+09
7.281949931792737196e+00 2.490462239667324543e+09
7.311077731519908696e+00 2.409260101582141399e+09
7.340322042445988515e+00 2.352940588358587265e+09
7.369683330615771411e+00 2.298609907092990398e+09
7.399162063938235612e+00 2.271216006718183517e+09
7.428758712193988423e+00 2.253318537119177818e+09
7.458473747042765112e+00 2.278830764381703377e+09
7.488307642030935796e+00 2.311711981935098648e+09
7.518260872599060285e+00 2.366590228284640789e+09
7.548333916089456253e+00 2.412818426251576900e+09
7.578527251753813587e+00 2.496284877441914558e+09
7.608841360760829176e+00 2.583583333726463318e+09
7.639276726203872769e+00 2.620296473472210884e+09
7.669833833108687493e+00 2.095524159969140768e+09
7.700513168441122325e+00 1.869194291204996347e+09
7.731315221114887670e+00 1.763017699859642744e+09
7.762240481999347352e+00 1.785735556847275257e+09
7.793289443927344351e+00 1.783197050608734131e+09
7.824462601703054077e+00 1.822299235603507280e+09
7.855760452109866065e+00 1.919468504788698912e+09
7.887183493918306532e+00 1.969010178241311789e+09
7.918732227893980458e+00 1.955702174291730881e+09
7.950407156805555431e+00 2.030211021406101942e+09
7.982208785432777454e+00 2.032795529369159937e+09
8.014137620574508958e+00 2.008919759636373043e+09
8.046194171056805899e+00 2.055715398935980082e+09
8.078378947741034821e+00 2.027643747903156757e+09
8.110692463531997021e+00 2.102560273301821709e+09
8.143135233386125549e+00 1.991838851185883760e+09
8.175707774319670662e+00 1.979505816004515171e+09
8.208410605416949224e+00 1.982828631793713093e+09
8.241244247838615422e+00 1.974482820336964607e+09
8.274209224829968790e+00 1.985909958823481560e+09
8.307306061729288871e+00 1.929616710744894266e+09
8.340535285976207192e+00 1.934075059776521444e+09
8.373897427120111203e+00 1.942845508576134205e+09
8.407393016828594412e+00 1.922054101475778580e+09
8.441022588895906509e+00 1.974338612383424282e+09
8.474786679251490540e+00 1.934521416495571375e+09
8.508685825968495209e+00 1.975340012505636454e+09
8.542720569272368891e+00 1.944743315392906189e+09
8.576891451549458978e+00 1.988989764320842505e+09
8.611199017355655627e+00 1.961503351730951309e+09
8.645643813425078150e+00 1.986910824523480177e+09
8.680226388678779159e+00 2.020448361604056835e+09
8.714947294233493125e+00 2.012809302314439535e+09
8.749807083410427566e+00 2.041904226590893507e+09
8.784806311744070229e+00 2.048549560483644962e+09
8.819945536991047774e+00 2.047193912803287506e+09
8.855225319139009343e+00 2.094395260480328321e+09
8.890646220415566958e+00 2.053442641221628666e+09
8.926208805297228821e+00 2.023956700654447317e+09
8.961913640518417878e+00 2.057381021120449305e+09
8.997761295080492161e+00 2.112162784585858822e+09
9.033752340260813085e+00 2.109683040252341986e+09
9.069887349621856387e+00 2.158187934480250835e+09
9.106166899020346150e+00 2.206453599640971661e+09
9.142591566616424359e+00 2.197313996272163391e+09
9.179161932882891506e+00 2.225000934013334274e+09
9.215878580614422333e+00 2.273116981645303726e+09
9.252742094936881045e+00 2.273398383737873554e+09
9.289753063316627646e+00 2.277452843761310577e+09
9.326912075569895322e+00 2.324281985183138371e+09
9.364219723872173162e+00 2.308943973890907764e+09
9.401676602767663482e+00 2.318329546896088600e+09
9.439283309178733816e+00 2.324041090460251331e+09
9.477040442415447075e+00 2.337176372565740585e+09
9.514948604185111236e+00 2.351966463281938553e+09
9.553008398601852136e+00 2.382473608849565983e+09
9.591220432196260859e+00 2.391067595982738972e+09
9.629585313925044687e+00 2.339877232891787052e+09
9.668103655180747324e+00 2.423890402654149532e+09
9.706776069801470896e+00 2.435443769202722073e+09
9.745603174080676112e+00 2.378393872482596397e+09
9.784585586776998412e+00 2.418829235554307461e+09
9.823723929124106746e+00 2.408552850677802563e+09
9.863018824840601440e+00 2.427150502543193340e+09
9.902470900139965337e+00 2.274222622476333141e+09
9.942080783740523842e+00 2.407349332575866699e+09
9.981849106875488431e+00 2.408922007440893173e+09
1.002177650330298952e+01 2.363244906467190266e+09
1.006186360931619994e+01 2.258157051463287830e+09
1.010211106375346723e+01 2.176339812890673637e+09
1.014251950800847979e+01 2.183600653623458862e+09
1.018308958604051284e+01 2.124082535656128645e+09
1.022382194438467451e+01 2.094043378434855938e+09
1.026471723216221399e+01 2.105013874723908186e+09
1.030577610109086173e+01 2.085630303393183947e+09
1.034699920549522467e+01 1.985024322637549639e+09
1.038838720231720458e+01 1.953928735213465214e+09
1.042994075112647501e+01 1.976692221371706963e+09
1.047166051413097954e+01 1.964231118105184078e+09
1.051354715618750468e+01 2.030645572122358561e+09
1.055560134481225454e+01 2.018131213594590187e+09
1.059782375019150358e+01 1.998982317587813854e+09
1.064021504519226902e+01 2.028727521812518358e+09
1.068277590537303823e+01 2.024139697239503622e+09
1.072550700899452991e+01 1.960247277868401289e+09
1.076840903703050856e+01 1.939765941685747623e+09
1.081148267317863088e+01 1.961449065173326969e+09
1.085472860387134553e+01 1.969026647859152555e+09
1.089814751828683015e+01 1.866102032031101227e+09
1.094174010835997635e+01 1.860636217108718872e+09
1.098550706879341909e+01 1.752970602639194250e+09
1.102944909706859100e+01 1.767553000487185001e+09
1.107356689345686540e+01 1.794311320118302822e+09
1.111786116103069233e+01 1.793252580884110928e+09
1.116233260567481622e+01 1.746944394322560787e+09
1.120698193609751492e+01 1.736142079994065046e+09
1.125180986384190440e+01 1.685549468188389301e+09
1.129681710329727373e+01 1.686945514238229752e+09
1.134200437171046083e+01 1.654290458905500412e+09
1.138737238919730466e+01 1.660074620190657854e+09
1.143292187875409383e+01 1.621263989229613781e+09
1.147865356626910938e+01 1.579980933882705212e+09
1.152456818053418530e+01 1.541287245306878567e+09
1.157066645325632237e+01 1.493168408497955561e+09
1.161694911906934635e+01 1.470220377381314278e+09
1.166341691554562487e+01 1.477538299215255499e+09
1.171007058320780736e+01 1.383523783178848505e+09
1.175691086554063958e+01 1.329391390326095819e+09
1.180393850900279951e+01 1.367314065518563509e+09
1.185115426303881137e+01 1.342076459114311695e+09
1.189855888009096674e+01 1.315355642143679142e+09
1.194615311561133097e+01 1.292108527181252003e+09
1.199393772807377623e+01 1.263621035881599665e+09
1.204191347898607134e+01 1.250711950693269014e+09
1.209008113290201614e+01 1.179503489906292439e+09
1.213844145743362368e+01 1.182623722875222921e+09
1.218699522326335938e+01 1.191868063258934021e+09
1.223574320415641381e+01 1.130676527647037268e+09
1.228468617697303777e+01 1.119252881339153528e+09
1.233382492168093059e+01 1.094191035830558538e+09
1.238316022136765504e+01 1.034774883052322388e+09
1.243269286225312520e+01 1.007041499678646207e+09
1.248242363370213859e+01 1.044206242793554902e+09
1.253235332823694748e+01 9.737291485146217346e+08
1.258248274154989410e+01 9.764137453484489918e+08
1.263281267251609385e+01 9.603054082006430626e+08
1.268334392320615756e+01 9.414991676452434063e+08
1.273407729889898299e+01 9.272096848575165272e+08
1.278501360809457665e+01 9.148320504957988262e+08
1.283615366252695544e+01 8.844286347816441059e+08
1.288749827717706253e+01 9.045803840578347445e+08
1.293904827028577031e+01 8.571213485806040764e+08
1.299080446336691352e+01 8.583988304221864939e+08
1.304276768122038099e+01 8.155108871590759754e+08
1.309493875194526424e+01 8.256313911456990242e+08
1.314731850695304693e+01 8.030797996402893066e+08
1.319990778098085649e+01 8.066742243655512333e+08
1.325270741210477965e+01 7.638150623886274099e+08
1.330571824175319939e+01 7.446188937904818058e+08
1.335894111472021173e+01 7.612382206916631460e+08
1.341237687917909227e+01 7.535425180943090916e+08
1.346602638669580898e+01 7.116016910135186911e+08
1.351989049224258999e+01 7.402193707991029024e+08
1.357397005421156067e+01 7.044741124605640173e+08
1.362826593442840917e+01 6.954026192067966461e+08
1.368277899816612297e+01 6.683259286101166010e+08
1.373751011415878942e+01 6.269678999018015862e+08
1.379246015461542463e+01 6.041896682342447042e+08
1.384762999523388416e+01 5.522021190094102621e+08
1.390302051521481808e+01 5.185542780362645984e+08
1.395863259727567751e+01 5.026565734958568215e+08
1.401446712766477987e+01 5.064396120729817748e+08
1.407052499617543972e+01 5.563332697190110683e+08
1.412680709616014063e+01 5.564397212896510363e+08
1.418331432454478147e+01 5.340871892602574229e+08
1.424004758184296193e+01 5.629440828006912470e+08
1.429700777217033369e+01 5.596592693180745840e+08
1.435419580325901379e+01 5.438325234502793550e+08
1.441161258647204946e+01 5.336512651794254184e+08
1.446925903681793812e+01 5.451550110723574162e+08
1.452713607296521126e+01 5.173969360749463439e+08
1.458524461725707155e+01 5.342625622785630822e+08
1.464358559572609764e+01 5.312778275352923274e+08
1.470215993810900557e+01 5.224387819348411560e+08
1.476096857786143879e+01 5.338674325803886652e+08
1.482001245217288599e+01 4.987374107777936459e+08
1.487929250198157760e+01 4.927692916527361870e+08
1.493880967198950316e+01 4.622116933670076728e+08
1.499856491067746056e+01 4.865516273318327069e+08
1.505855917032016933e+01 4.818572149706239700e+08
1.511879340700144958e+01 4.814673813172755241e+08
1.517926858062945605e+01 4.686665589055526257e+08
1.523998565495197433e+01 4.769410682866411209e+08
1.530094559757178274e+01 4.750732121848499179e+08
1.536214937996206764e+01 4.557258752377400994e+08
1.542359797748191674e+01 4.478161783056777120e+08
1.548529236939184450e+01 4.472788106600987315e+08
1.554723353886941339e+01 4.241497433939911723e+08
1.560942247302489072e+01 4.340977553351168036e+08
1.567186016291699069e+01 4.318723037891541719e+08
1.573454760356865556e+01 4.087475655902181864e+08
1.579748579398293096e+01 4.172843448403990865e+08
1.586067573715886247e+01 4.166261971681450009e+08
1.592411844010749888e+01 4.278415784191812873e+08
1.598781491386792730e+01 3.770451551505389810e+08
1.605176617352340074e+01 3.990685274499294758e+08
1.611597323821749228e+01 3.834731201929591894e+08
1.618043713117036120e+01 3.999430196345422268e+08
1.624515887969504391e+01 3.627827678040387630e+08
1.631013951521382310e+01 3.838749089685905576e+08
1.637538007327468037e+01 3.787587871437261105e+08
1.644088159356778078e+01 3.703338567448307276e+08
1.650664511994205341e+01 3.569735206730332375e+08
1.657267170042182158e+01 3.597496481478417516e+08
1.663896238722350418e+01 3.256167187258725762e+08
1.670551823677240222e+01 3.538577738610054851e+08
1.677234030971949608e+01 3.601369292693318725e+08
1.683942967095837062e+01 3.492302768461403251e+08
1.690678738964220429e+01 3.335857761400268078e+08
1.697441453920077237e+01 3.289862334814974666e+08
1.704231219735757108e+01 3.517772763629290462e+08
1.711048144614700561e+01 2.968619947732908130e+08
1.717892337193159236e+01 3.266060610269571543e+08
1.724763906541932101e+01 3.037358245285748243e+08
1.731662962168099895e+01 3.052074747027371526e+08
1.738589614016772344e+01 2.774307260430645347e+08
1.745543972472839300e+01 3.096440123163288832e+08
1.752526148362730751e+01 3.001633303995037079e+08
1.759536252956181812e+01 2.900599396302801967e+08
1.766574397968006238e+01 2.832832563675674796e+08
1.773640695559878466e+01 2.785806493387981653e+08
1.780735258342117433e+01 2.760004318400335312e+08
1.787858199375486024e+01 2.901054491633594036e+08
1.795009632172988034e+01 2.568836930914247036e+08
1.802189670701679702e+01 2.796999977551003695e+08
1.809398429384486562e+01 2.691395395773004293e+08
1.816636023102024211e+01 2.334953215770867169e+08
1.823902567194432578e+01 2.634356951247781813e+08
1.831198177463210186e+01 2.647743025880207717e+08
1.838522970173062987e+01 2.490720928809090257e+08
1.845877062053754969e+01 2.429729868775065243e+08
1.853260570301970134e+01 2.213074299975844622e+08
1.860673612583178027e+01 2.111700148569323719e+08
1.868116307033510637e+01 2.329343484762896597e+08
1.875588772261644976e+01 2.232598161459158361e+08
1.883091127350691352e+01 2.433788674773851931e+08
1.890623491860094063e+01 2.229570215581166744e+08
1.898185985827534594e+01 2.070088465704642832e+08
1.905778729770844748e+01 2.249323842202943265e+08
1.913401844689928311e+01 2.210295939720725417e+08
1.921055452068688041e+01 2.009588279526600540e+08
1.928739673876962968e+01 1.996236043856676817e+08
1.936454632572470658e+01 2.083732100815840960e+08
1.944200451102760141e+01 1.693553918771819770e+08
1.951977252907171589e+01 2.021770341464264095e+08
1.959785161918800256e+01 1.844358102554998100e+08
1.967624302566475691e+01 1.874505020127901435e+08
1.991079942767366973e+01 1.804782643257190287e+08
2.030901541622714390e+01 1.634941427898971140e+08
2.071519572455168756e+01 1.592195194741606116e+08
2.112949963904272010e+01 1.393504807876196206e+08
2.155208963182357707e+01 1.338276977978589386e+08
2.198313142446004420e+01 1.235047134453271478e+08
2.242279405294924643e+01 1.114344305003272295e+08
2.287124993400822959e+01 1.092022464398936629e+08
2.332867493268839709e+01 1.011002814606343955e+08
2.379524843134216638e+01 8.908713168068899214e+07
2.427115339996900900e+01 8.742988058329668641e+07
2.475657646796839018e+01 7.827089956230856478e+07
2.525170799732775961e+01 7.165121102834947407e+07
2.575674215727431715e+01 6.816229057680648565e+07
2.627187700041980278e+01 6.448852877013447136e+07
2.679731454042819649e+01 5.515228712711344659e+07
2.733326083123676042e+01 5.421353268041527271e+07
2.787992604786149542e+01 4.947513715907275677e+07
2.843752456881871993e+01 4.089453475507382303e+07
2.900627506019509738e+01 4.333186029399548471e+07
2.958640056139899599e+01 3.608378056677907705e+07
3.017812857262697435e+01 3.619747044759830832e+07
3.078169114407952023e+01 3.130309098351269960e+07
3.139732496696110431e+01 2.857280452729072794e+07
3.202527146630033172e+01 2.772995883549793065e+07
3.266577689562632969e+01 2.476492353819363937e+07
3.331909243353885586e+01 2.203822579927805811e+07
3.398547428220963695e+01 2.226833274751489982e+07
3.466518376785383282e+01 1.917427410337592661e+07
3.535848744321090464e+01 1.728648873709267005e+07
3.606565719207512188e+01 1.638254238286256604e+07
3.678697033591662802e+01 1.524585315858067013e+07
3.752270974263496583e+01 1.399958861910635978e+07
3.827316393748766643e+01 1.359994306774411350e+07
3.903862721623740839e+01 1.204607914668016881e+07
3.981939976056215613e+01 1.112853206890621409e+07
4.061578775577340394e+01 9.567106079233074561e+06
4.142810351088887444e+01 1.026261345639358647e+07
4.225666558110664539e+01 8.837947524007633328e+06
4.310179889272878029e+01 8.060299194339576177e+06
4.396383487058335504e+01 7.528258623987469822e+06
4.484311156799503095e+01 7.211362953672965057e+06
4.573997379935492091e+01 6.298755816641003825e+06
4.665477327534202345e+01 5.892550973960459232e+06
4.758786874084886165e+01 5.600773518967993557e+06
4.853962611566583973e+01 5.529795030339951627e+06
4.951041863797915710e+01 4.575471859001192264e+06
5.050062701073873939e+01 4.579488001853675582e+06
5.151063955095351332e+01 3.866411095142153092e+06
5.254085234197258103e+01 4.027242996942079160e+06
5.359166938881203635e+01 3.759422087238851469e+06
5.466350277658827395e+01 3.220980824123537168e+06
5.575677283212004198e+01 2.923316769355022348e+06
5.687190828876244098e+01 2.781072568951007910e+06
5.800934645453768468e+01 2.596516853385815397e+06
5.916953338362844050e+01 2.568258717111092992e+06
6.035292405130100946e+01 2.183907542449201923e+06
6.155998253232701956e+01 2.237854667335742153e+06
6.279118218297357146e+01 1.897508871684067417e+06
6.404700582663303976e+01 1.614850007188336225e+06
6.532794594316570169e+01 1.633888839773764368e+06
6.663450486202900436e+01 1.534752851358398329e+06
6.796719495926959098e+01 1.396159521271717502e+06
6.932653885845499531e+01 1.364290653229764430e+06
7.071306963562409464e+01 1.236703630333237117e+06
7.212733102833657028e+01 1.073069466109318426e+06
7.356987764890331505e+01 1.002077842606114922e+06
7.504127520188137623e+01 9.730671595174543327e+05
7.654210070591901172e+01 9.103727026746475603e+05
7.807294272003738911e+01 7.741883317491345806e+05
7.963440157443814371e+01 7.824253817498130957e+05
8.122708960592690630e+01 6.879249740754888626e+05
8.285163139804545551e+01 6.301334239889271557e+05
8.450866402600635752e+01 5.715956981578679988e+05
8.619883730652648524e+01 5.636002333027573768e+05
8.792281405265701721e+01 5.495486182359161321e+05
8.968127033371015955e+01 4.876421680030332063e+05
9.147489574038435478e+01 4.158317826361137559e+05
9.330439365519204387e+01 4.184521389693171950e+05
9.517048152829590890e+01 3.802314336359072477e+05
9.707389115886181230e+01 3.521026460082171252e+05
9.901536898203904968e+01 3.082081078718851786e+05
