# Wavelength [um]       Fp [W/m2/m]  
1.000553076518779783e-01 4.982355478628888448e-09
1.004555288824854897e-01 2.147483852442976616e-54
1.008573509980154326e-01 3.175900712450964099e-51
1.012607804020075053e-01 6.654307958663452367e-51
1.016658235236155422e-01 2.197408012538228799e-54
1.020724868177099870e-01 4.565562934164962022e-38
1.024807767649808382e-01 1.731571379595847639e-40
1.028906998720407612e-01 1.315800741299812366e-49
1.033022626715289355e-01 4.768489413568671605e-35
1.037154717222150413e-01 2.449595605176638884e-52
1.041303336091038839e-01 2.805719727754125612e-47
1.045468549435403099e-01 1.206105681152832273e-44
1.049650423633144702e-01 8.214271789992286422e-54
1.053849025327677214e-01 1.179847757116807807e-39
1.058064421428987906e-01 2.442433559219481143e-49
1.062296679114703990e-01 4.348183079712717283e-39
1.066545865831162732e-01 5.829351730253807464e-43
1.070812049294487533e-01 1.680583971710558054e-44
1.075095297491665408e-01 1.317772679612526659e-35
1.079395678681632220e-01 1.423657497657274553e-44
1.083713261396358624e-01 5.646033858560665040e-34
1.088048114441943909e-01 1.549012662132032428e-36
1.092400306899711654e-01 4.206305695792147207e-23
1.096769908127310511e-01 9.400171482436526320e-36
1.101156987759819850e-01 1.063897495022788655e-36
1.105561615710859147e-01 1.586099946441401999e-23
1.109983862173702651e-01 3.824185507508397508e-28
1.114423797622397516e-01 1.430946043044683759e-32
1.118881492812886930e-01 8.564142471650226352e-36
1.123357018784138517e-01 1.306767371711072030e-32
1.127850446859275102e-01 8.626625416016731412e-19
1.132361848646712132e-01 5.763642541265244330e-22
1.136891296041298988e-01 2.114148265019847080e-21
1.141438861225464035e-01 1.734745632771371263e-21
1.146004616670366072e-01 1.534494666060152893e-20
1.150588635137047705e-01 1.325615019277264770e-25
1.155190989677595953e-01 1.257675281133636555e-23
1.159811753636306314e-01 1.287062699012340814e-27
1.164451000650851553e-01 5.304346181300480534e-30
1.169108804653455069e-01 3.708479504763552317e-29
1.173785239872068981e-01 2.304290867685974400e-31
1.178480380831557206e-01 1.738444440119676925e-31
1.183194302354883543e-01 1.228584128900917953e-30
1.187927079564302935e-01 6.063275018493794025e-31
1.192678787882560099e-01 1.183740931249342769e-30
1.197449503034090645e-01 9.196207074250756082e-31
1.202239301046226783e-01 2.690704903835242776e-33
1.207048258250411760e-01 1.050743268598095450e-28
1.211876451283413342e-01 4.463197084443068707e-30
1.216723957088547137e-01 1.490709861749790024e-30
1.221590852916901310e-01 3.485648324208334907e-29
1.226477216328568792e-01 4.637057031024336545e-27
1.231383125193883099e-01 8.046537643501527023e-30
1.236308657694658586e-01 9.830228715137410995e-29
1.241253892325437369e-01 9.714606990656939738e-29
1.246218907894739159e-01 3.915583327968227157e-29
1.251203783526317892e-01 9.137798084389054140e-29
1.256208598660423226e-01 6.476484832414068752e-26
1.261233433055065078e-01 2.199964210248091929e-26
1.266278366787285392e-01 2.287541465188298864e-29
1.271343480254434610e-01 9.134501286136506104e-25
1.276428854175452321e-01 9.369410935318425306e-27
1.281534569592154005e-01 5.080281270804444137e-28
1.286660707870522780e-01 3.755072017573489442e-26
1.291807350702004475e-01 2.834433582076937443e-25
1.296974580104812425e-01 5.994370674853363122e-25
1.302162478425231973e-01 1.994772994473687295e-26
1.307371128338932764e-01 4.978704566935153690e-24
1.312600612852288795e-01 1.219484228980888854e-22
1.317851015303697915e-01 3.688906206929015199e-24
1.323122419364912705e-01 7.880545589537436252e-23
1.328414909042372472e-01 2.483978954946443737e-22
1.333728568678542170e-01 1.991233366735904860e-22
1.339063482953256612e-01 4.928530664571574634e-24
1.344419736885069383e-01 2.811255276220080842e-22
1.349797415832609815e-01 1.502042714081887120e-21
1.355196605495940232e-01 9.978130758963959216e-22
1.360617391917924301e-01 2.724518316488532750e-21
1.366059861485595939e-01 8.094219713663341267e-22
1.371524100931538481e-01 1.653882433041948913e-23
1.377010197335264696e-01 3.546993525148126286e-22
1.382518238124605670e-01 7.895034690583365538e-20
1.388048311077104136e-01 1.499553792861739438e-20
1.393600504321412248e-01 1.105075299921922805e-21
1.399174906338697677e-01 1.031280687945220540e-21
1.404771605964052761e-01 1.168090684113096280e-19
1.410390692387908651e-01 1.635380455459352496e-20
1.416032255157460562e-01 3.281076196791612121e-19
1.421696384178090522e-01 1.355752022354885753e-22
1.427383169714803168e-01 1.415887739871934219e-19
1.433092702393662099e-01 1.064065187179571800e-17
1.438825073203236771e-01 3.389116095996504573e-19
1.444580373496049674e-01 1.305208362810028245e-17
1.450358694990033503e-01 6.027285582731366078e-19
1.456160129769993872e-01 3.689242269910847094e-18
1.461984770289073976e-01 8.886927322985314592e-17
1.467832709370230082e-01 2.122907475003073183e-18
1.473704040207710897e-01 5.394398245260555628e-17
1.479598856368541382e-01 3.257772910350772752e-19
1.485517251794015725e-01 1.099431880727630896e-17
1.491459320801191979e-01 5.144844515759923488e-17
1.497425158084396690e-01 5.651935944799730960e-18
1.503414858716734248e-01 1.582802924327282167e-14
1.509428518151600951e-01 4.766570334225609273e-17
1.515466232224207677e-01 1.523339230077103595e-17
1.521528097153104220e-01 9.148498094269048518e-13
1.527614209541716672e-01 6.159349808630734115e-16
1.533724666379883694e-01 1.322088324741719345e-14
1.539859565045403056e-01 7.156497425044489007e-13
1.546019003305584838e-01 7.885872629632720519e-19
1.552203079318807133e-01 1.623330754623882159e-13
1.558411891636082569e-01 5.611384845351138772e-13
1.564645539202626778e-01 1.692573553600524428e-14
1.570904121359437411e-01 1.990128410291151514e-12
1.577187737844875093e-01 8.020801786494150935e-13
1.583496488796254653e-01 3.709742808219706171e-12
1.589830474751439959e-01 1.008579461338560612e-11
1.596189796650445414e-01 8.047386891238124027e-13
1.602574555837047166e-01 4.633176809259042577e-12
1.608984854060395708e-01 2.421600284696755531e-11
1.615420793476636807e-01 4.859210105084848366e-12
1.621882476650543525e-01 4.287436244917002047e-11
1.628370006557145755e-01 6.278753407221897624e-11
1.634883486583374457e-01 7.443644363666423043e-11
1.641423020529707844e-01 3.077493377311796031e-10
1.647988712611826723e-01 4.586885429690461910e-11
1.654580667462274002e-01 7.009753074649210809e-11
1.661198990132123077e-01 4.592446470054779094e-10
1.667843786092651215e-01 3.240425959003166961e-10
1.674515161237022098e-01 8.747984974357011780e-10
1.681213221881969755e-01 1.874301037770833977e-09
1.687938074769497754e-01 1.454673422152680714e-09
1.694689827068575905e-01 6.948488870782339557e-09
1.701468586376850278e-01 4.504813456815832323e-09
1.708274460722357391e-01 2.042154311518281322e-09
1.715107558565246715e-01 4.656164349002439122e-09
1.721967988799507909e-01 4.293847718451001931e-09
1.728855860754705820e-01 5.033370071886949175e-09
1.735771284197724640e-01 1.457385202077337994e-08
1.742714369334515678e-01 1.206898976274334727e-08
1.749685226811853456e-01 2.862890813868606922e-08
1.756683967719100681e-01 4.547964622054151908e-08
1.763710703589977391e-01 9.769117853548595239e-08
1.770765546404337309e-01 9.526635752735888694e-08
1.777848608589954471e-01 5.881798959959036130e-08
1.784960003024314568e-01 1.336687082616139379e-07
1.792099843036411844e-01 1.279438191665495499e-07
1.799268242408557650e-01 2.077774123372036118e-07
1.806465315378191772e-01 2.742325062218430898e-07
1.813691176639704306e-01 2.427559250049734856e-07
1.820945941346263086e-01 4.508393092949988782e-07
1.828229725111648329e-01 9.722820815508103849e-07
1.835542644012094771e-01 3.879161314244177593e-07
1.842884814588143239e-01 9.099702578000328566e-07
1.850256353846495561e-01 1.895332059090747321e-06
1.857657379261881403e-01 1.036781640164833740e-06
1.865088008778928996e-01 2.854952536963945059e-06
1.872548360814044743e-01 2.318511208301845605e-06
1.880038554257300876e-01 2.157685183392281965e-06
1.887558708474330049e-01 5.399748399151482595e-06
1.895108943308226879e-01 4.970346846679589332e-06
1.902689379081460019e-01 4.383797525868669221e-06
1.910300136597785636e-01 1.121149815554612229e-05
1.917941337144176972e-01 8.234968040797344338e-06
1.925613102492753359e-01 1.155356778841459664e-05
1.933315554902724498e-01 2.191121776804733266e-05
1.941048817122335568e-01 1.977605744554774737e-05
1.948813012390824828e-01 2.389119934368990315e-05
1.956608264440388156e-01 4.436359482631924459e-05
1.964434697498149418e-01 3.512909244796411480e-05
1.972292436288141937e-01 4.773400380904885477e-05
1.980181606033294406e-01 6.967072595508898639e-05
1.988102332457427346e-01 6.929812199248993481e-05
1.996054741787257336e-01 7.490026914987090649e-05
2.004038960754406518e-01 1.006840699448801018e-04
2.012055116597424309e-01 1.163494452206707217e-04
2.020103337063813842e-01 1.402486945807364762e-04
2.028183750412069219e-01 1.777936840144503697e-04
2.036296485413717494e-01 1.906730944655636898e-04
2.044441671355372303e-01 2.154663844541441250e-04
2.052619438040793887e-01 2.779571898920134179e-04
2.060829915792957157e-01 3.187060495604114195e-04
2.069073235456129201e-01 3.743521413316768269e-04
2.077349528397953449e-01 4.474252295866851053e-04
2.085658926511545219e-01 5.469430589706648698e-04
2.094001562217591150e-01 6.484902265028191521e-04
2.102377568466461677e-01 7.642778727552912692e-04
2.110787078740327671e-01 8.778833792356890596e-04
2.119230227055288740e-01 1.077766423247040030e-03
2.127707147963510126e-01 1.289724762415347340e-03
2.136217976555363773e-01 1.552203158105103925e-03
2.144762848461585492e-01 1.742678892498037823e-03
2.153341899855431840e-01 2.164601850259130402e-03
2.161955267454853669e-01 2.641430853527692267e-03
2.170603088524672986e-01 3.158561517084737709e-03
2.179285500878772042e-01 3.572852547114652687e-03
2.188002642882286852e-01 4.251353951541995621e-03
2.196754653453815986e-01 5.300317317698199047e-03
2.205541672067631020e-01 6.103138014132929341e-03
2.214363838755901703e-01 8.000328249128347419e-03
2.223221294110925284e-01 8.442385619072323086e-03
2.232114179287369160e-01 1.198214084486944574e-02
2.241042636004518529e-01 1.252719734742590262e-02
2.250006806548536520e-01 1.822321412886697758e-02
2.259006833774730438e-01 1.807627623224013214e-02
2.268042861109829667e-01 2.260927063362194039e-02
2.277115032554268836e-01 2.703871890394069638e-02
2.286223492684485714e-01 3.152222840578314256e-02
2.295368386655223802e-01 4.759300258942061879e-02
2.304549860201844658e-01 3.900926872453953226e-02
2.313768059642651864e-01 5.763543481107894634e-02
2.323023131881222503e-01 6.251685029990451670e-02
2.332315224408747223e-01 8.663966141772522223e-02
2.341644485306381973e-01 1.053292258158232547e-01
2.351011063247607502e-01 8.996470749254800725e-02
2.360415107500598020e-01 1.439524728327578607e-01
2.369856767930600405e-01 1.212900153928548053e-01
2.379336195002322851e-01 1.984076160972927105e-01
2.388853539782332114e-01 2.019653555412228019e-01
2.398408953941461863e-01 3.877840863962788154e-01
2.408002589757227141e-01 4.467992757658535985e-01
2.417634600116256582e-01 3.007798185273760638e-01
2.427305138516721306e-01 6.650330868763599801e-01
2.437014359070788505e-01 5.919693818053802792e-01
2.446762416507071713e-01 1.493694418094220211e+00
2.456549466173099938e-01 8.731341586223377860e-01
2.466375664037792625e-01 1.446053698084378336e+00
2.476241166693943785e-01 2.112775297203660863e+00
2.486146131360719436e-01 9.271662885251508168e-01
2.496090715886161993e-01 2.250564458731780793e+00
2.506075078749706586e-01 1.692623066658931918e+00
2.516099379064705155e-01 2.790478723623804669e+00
2.526163776580964138e-01 8.520328812445391975e+00
2.536268431687287994e-01 1.458606071367860046e+01
2.546413505414037437e-01 2.267560958190808407e+01
2.556599159435693491e-01 8.052335683328477600e+00
2.566825556073435988e-01 8.166560590257242680e+00
2.577092858297729827e-01 9.502898554618756322e+00
2.587401229730920682e-01 7.908391893353728719e+00
2.597750834649844576e-01 1.428109143695606953e+01
2.608141837988444123e-01 1.232484462471395403e+01
2.618574405340398092e-01 3.595530371222824328e+01
2.629048702961759298e-01 7.344080996423822683e+01
2.639564897773606367e-01 7.439601560650967826e+01
2.650123157364701054e-01 7.459887578142330256e+01
2.660723649994159445e-01 6.059025010646154641e+01
2.671366544594135917e-01 7.552153091808381191e+01
2.682052010772512096e-01 1.007475387454184528e+02
2.692780218815602478e-01 7.808166559713036747e+01
2.703551339690865030e-01 1.531979626851481271e+02
2.714365545049627904e-01 1.412104835976056165e+02
2.725223007229827243e-01 1.552435816759588363e+02
2.736123899258746106e-01 1.993296998941466143e+02
2.747068394855781692e-01 3.246085467089824874e+02
2.758056668435204806e-01 3.640165435159278786e+02
2.769088895108945403e-01 6.819145432201081576e+02
2.780165250689380918e-01 6.103665878954540176e+02
2.791285911692138466e-01 8.586194593361213947e+02
2.802451055338907038e-01 8.331715183711679629e+02
2.813660859560263017e-01 8.750072629226110621e+02
2.824915502998503469e-01 8.939504801787338693e+02
2.836215165010497197e-01 1.286083392986939089e+03
2.847560025670539119e-01 1.348912791401273353e+03
2.858950265773221866e-01 2.284548690802255805e+03
2.870386066836315142e-01 2.248150971800128445e+03
2.881867611103660631e-01 3.451096437876557957e+03
2.893395081548075787e-01 4.231613111468823263e+03
2.904968661874267610e-01 4.548763633289792779e+03
2.916588536521764197e-01 5.275715819074908723e+03
2.928254890667851273e-01 5.656722168067944040e+03
2.939967910230522619e-01 6.488336457433741089e+03
2.951727781871444911e-01 8.068378609397705077e+03
2.963534692998930908e-01 9.559740996890550377e+03
2.975388831770926501e-01 1.124892900463131082e+04
2.987290387098009981e-01 1.508523162322734788e+04
2.999239548646402409e-01 1.539802882577831951e+04
3.011236506840988536e-01 1.904891384269266609e+03
3.023281452868351593e-01 1.943592583165882161e+03
3.035374578679824742e-01 5.806887400905843606e+02
3.047516076994544187e-01 2.287484642836908733e+03
3.059706141302522830e-01 2.790992111248908714e+03
3.071944965867733357e-01 2.687316209311486546e+03
3.084232745731204095e-01 2.204943417455096551e+03
3.096569676714128194e-01 6.032331678655923497e+02
3.108955955420985018e-01 5.659867298600420327e+02
3.121391779242668751e-01 1.647953656244865670e+03
3.133877346359639215e-01 1.593361137915268046e+03
3.146412855745078230e-01 1.279625472396199712e+03
3.158998507168058190e-01 9.208260336608431089e+02
3.171634501196730627e-01 6.069742538935521452e+02
3.184321039201517545e-01 3.619791270548058151e+02
3.197058323358323295e-01 1.928701927372264322e+02
3.209846556651756444e-01 7.048591417689745242e+01
3.222685942878363852e-01 2.543138494728924215e+01
3.235576686649877520e-01 2.338300314026156812e+01
3.248518993396476984e-01 9.283050904293203232e+00
3.261513069370062801e-01 3.268986286083773063e+00
3.274559121647543369e-01 9.370591933471674739e-01
3.287657358134133401e-01 2.622620434320678262e-01
3.300807987566670154e-01 3.249161167987194010e-02
3.314011219516936890e-01 1.627784548977931622e-01
3.327267264395004642e-01 8.731597760455083179e-01
3.340576333452584534e-01 3.860938530593455820e+00
3.353938638786395088e-01 1.441186534380778284e+01
3.367354393341540630e-01 4.586200112422039155e+01
3.380823810914907468e-01 1.309473918077390522e+02
3.394347106158566718e-01 3.266069812280144902e+02
3.407924494583201014e-01 7.146952325857885171e+02
3.421556192561533982e-01 1.263462729086440504e+03
3.435242417331779707e-01 1.103871003735181148e+03
3.448983387001106626e-01 1.948153747807054117e+02
3.462779320549111417e-01 3.137392320391526482e+03
3.476630437831307319e-01 1.070651490050119173e+04
3.490536959582632992e-01 2.145324287547615677e+04
3.504499107420963600e-01 3.580632529661551234e+04
3.518517103850647421e-01 5.438931633320829860e+04
3.532591172266050239e-01 7.784713440560414165e+04
3.546721536955114717e-01 1.069100991633840022e+05
3.560908423102934761e-01 1.421969268566266110e+05
3.575152056795346533e-01 1.842753242359592696e+05
3.589452665022527800e-01 2.337252608131409506e+05
3.603810475682617254e-01 2.911140242697853828e+05
3.618225717585348278e-01 3.569892935410459759e+05
3.632698620455689364e-01 4.318791789625917445e+05
3.647229414937512293e-01 5.163224095184273901e+05
3.661818332597261971e-01 6.108997369786888594e+05
3.676465605927651259e-01 7.161865627816260094e+05
3.691171468351361895e-01 8.326566621356417891e+05
3.705936154224767076e-01 9.607573083094905596e+05
3.720759898841666247e-01 1.100975772871261230e+06
3.735642938437032656e-01 1.253607559987327317e+06
3.750585510190780902e-01 1.418739711493024603e+06
3.765587852231543908e-01 1.596355049038589234e+06
3.780650203640470441e-01 1.786073359800323844e+06
3.795772804455032068e-01 1.987023138023969717e+06
3.810955895672852312e-01 2.197452476687150542e+06
3.826199719255543585e-01 2.415098095263473690e+06
3.841504518132565771e-01 2.635702309711348265e+06
3.856870536205096456e-01 2.853697782813320402e+06
3.872298018349916715e-01 3.059169668456346262e+06
3.887787210423316320e-01 3.237636328524260782e+06
3.903338359265008939e-01 3.369789683562584687e+06
3.918951712702069545e-01 3.424799806363901589e+06
3.934627519552877928e-01 3.360840404061547946e+06
3.950366029631089404e-01 3.122504469524402637e+06
3.966167493749613859e-01 2.652355363959006965e+06
3.982032163724612550e-01 1.929861926034544827e+06
3.997960292379510450e-01 1.065973464805566240e+06
4.013952133549028578e-01 3.638659330827031517e+05
4.030007942083224659e-01 6.266517607447200135e+04
4.046127973851557647e-01 2.748027079715137916e+03
4.062312485746963908e-01 6.950394820942757360e+04
4.078561735689951728e-01 4.750778556773147429e+05
4.094875982632711353e-01 1.639149279711600626e+06
4.111255486563242245e-01 3.526624158961585723e+06
4.127700508509495880e-01 5.778378116266237572e+06
4.144211310543532978e-01 8.118861730118956417e+06
4.160788155785707931e-01 1.042852066765631177e+07
4.177431308408850463e-01 1.268617732112683542e+07
4.194141033642486138e-01 1.490346100519696996e+07
4.210917597777056320e-01 1.688081109321160614e+07
4.227761268168164221e-01 1.928925013316380978e+07
4.244672313240837602e-01 2.111922290292305127e+07
4.261651002493800910e-01 2.384792349191551283e+07
4.278697606503775730e-01 2.557636601898185164e+07
4.295812396929790666e-01 2.865570650580641255e+07
4.312995646517510107e-01 3.128120492960426211e+07
4.330247629103580187e-01 3.286683979898859933e+07
4.347568619619994745e-01 3.650906281044066697e+07
4.364958894098474596e-01 4.000664975591835380e+07
4.382418729674867897e-01 4.257595607649452984e+07
4.399948404593567730e-01 4.372379771397782862e+07
4.417548198211941890e-01 4.945628374881055206e+07
4.435218391004789873e-01 5.376780326918057352e+07
4.452959264568808750e-01 5.774484668355664611e+07
4.470771101627084021e-01 6.189577596883380413e+07
4.488654186033592119e-01 6.393425521135836840e+07
4.506608802777726241e-01 6.738325457870024443e+07
4.524635237988837710e-01 7.582648211780606210e+07
4.542733778940792333e-01 7.962838244299146533e+07
4.560904714056555065e-01 8.581826078930789232e+07
4.579148332912781894e-01 6.054980919736704230e+07
4.597464926244433370e-01 5.756269490034440160e+07
4.615854785949410899e-01 5.292907443849274516e+07
4.634318205093208576e-01 4.701610152314919978e+07
4.652855477913582227e-01 4.019362327817520499e+07
4.671466899825236219e-01 3.173472552218991518e+07
4.690152767424536906e-01 2.885040864248396084e+07
4.708913378494234969e-01 1.895240686471853778e+07
4.727749032008212171e-01 9.636585099256597459e+06
4.746660028136244769e-01 3.957289652454630006e+06
4.765646668248789131e-01 1.581166410630099243e+06
4.784709254921784560e-01 6.708446206035912037e+05
4.803848091941470555e-01 3.034869673626696458e+05
4.823063484309236815e-01 1.553996240057482501e+05
4.842355738246474361e-01 9.566669836929604935e+04
4.861725161199459966e-01 6.924970209077335312e+04
4.881172061844257226e-01 5.563967673077145446e+04
4.900696750091634302e-01 4.780363928470335668e+04
4.920299537092001074e-01 4.147033070627278357e+04
4.939980735240369625e-01 3.584547263890315662e+04
4.959740658181330253e-01 3.086042988872002752e+04
4.979579620814056362e-01 2.626022250093374896e+04
4.999497939297311566e-01 2.235667227228175034e+04
5.019495931054501758e-01 1.927687451973351926e+04
5.039573914778719965e-01 1.761309068919166020e+04
5.059732210437835054e-01 1.742929912207309098e+04
5.079971139279585435e-01 1.820151165907814720e+04
5.100291023836703852e-01 1.927624757244912325e+04
5.120692187932051054e-01 2.017604169693531003e+04
5.141174956683780550e-01 2.103659216451484826e+04
5.161739656510514473e-01 2.211536390642479819e+04
5.182386615136556074e-01 2.325951625828884426e+04
5.203116161597103329e-01 2.422866441860454506e+04
5.223928626243490303e-01 2.517137742354925285e+04
5.244824340748465152e-01 2.624188564244149165e+04
5.265803638111459239e-01 2.731834967575354676e+04
5.286866852663905103e-01 2.836627703790365558e+04
5.308014320074561088e-01 2.958542491881287788e+04
5.329246377354859288e-01 3.090203539764995367e+04
5.350563362864277916e-01 3.223882271834453059e+04
5.371965616315735881e-01 3.377712762635982654e+04
5.393453478780998456e-01 3.536950370938584820e+04
5.415027292696121819e-01 3.696643962448507955e+04
5.436687401866906466e-01 3.889389070371024718e+04
5.458434151474373941e-01 4.088689758509753301e+04
5.480267888080271321e-01 4.297244838154386525e+04
5.502188959632591247e-01 4.528524097510670254e+04
5.524197715471121928e-01 4.777133574253183178e+04
5.546294506333006025e-01 5.035195481573494908e+04
5.568479684358338400e-01 5.316994961245469312e+04
5.590753603095770519e-01 5.620361317343034898e+04
5.613116617508153716e-01 5.933150194699881104e+04
5.635569083978186899e-01 6.279877598577737808e+04
5.658111360314097560e-01 6.632344653916626703e+04
5.680743805755354980e-01 6.910152550302071904e+04
5.703466780978375672e-01 7.390340795482948306e+04
5.726280648102289872e-01 7.833700723180982459e+04
5.749185770694699160e-01 8.297707625782011019e+04
5.772182513777477375e-01 8.816727811742873746e+04
5.795271243832587071e-01 9.378487651314907998e+04
5.818452328807918184e-01 9.993653298349252145e+04
5.841726138123150003e-01 1.066140479292972013e+05
5.865093042675643131e-01 1.125574498847471405e+05
5.888553414846344758e-01 1.172741321623646800e+05
5.912107628505729462e-01 1.268389165158455435e+05
5.935756059019753339e-01 1.421426821913672029e+05
5.959499083255832552e-01 1.561745648959218233e+05
5.983337079588855190e-01 1.721548898183582351e+05
6.007270427907210886e-01 1.907193936976530240e+05
6.031299509618840426e-01 2.124558286834964238e+05
6.055424707657315331e-01 2.359397140549685282e+05
6.079646406487945187e-01 2.621203597983815125e+05
6.103964992113897203e-01 2.912085381100514787e+05
6.128380852082353503e-01 3.236392084519573837e+05
6.152894375490681744e-01 3.599596249084312585e+05
6.177505952992645710e-01 4.002939719067912083e+05
6.202215976804615893e-01 4.452439906223065336e+05
6.227024840711834486e-01 4.954278283399278298e+05
6.251932940074681477e-01 5.508419737691141199e+05
6.276940671834980723e-01 6.122211900992551818e+05
6.302048434522321552e-01 6.863331004078298574e+05
6.327256628260409244e-01 7.648931518870429136e+05
6.352565654773452142e-01 8.553869648103622021e+05
6.377975917392545435e-01 9.540570377186929109e+05
6.403487821062116003e-01 1.065121633822846459e+06
6.429101772346363930e-01 1.186940139553888468e+06
6.454818179435749537e-01 1.300075148642267799e+06
6.480637452153492628e-01 1.446105259281885577e+06
6.506560001962106154e-01 1.640307283162449487e+06
6.532586241969955410e-01 1.842333240052800160e+06
6.558716586937833881e-01 2.060529694433686323e+06
6.584951453285585732e-01 2.317096347162507474e+06
6.611291259098727169e-01 2.618531837433261331e+06
6.637736424135122215e-01 2.958294224346444942e+06
6.664287369831662922e-01 3.341588245347701944e+06
6.690944519310989547e-01 3.768433944970235229e+06
6.717708297388232941e-01 4.247986581300515682e+06
6.744579130577786907e-01 4.786244640292431228e+06
6.771557447100098326e-01 5.379181494219085202e+06
6.798643676888498355e-01 6.028611430105562322e+06
6.825838251596052508e-01 6.739782999931469560e+06
6.853141604602436265e-01 7.530033669281844981e+06
6.880554171020846210e-01 8.377436741455482319e+06
6.908076387704928933e-01 9.086038069298893213e+06
6.935708693255748791e-01 9.360781070352910087e+06
6.963451528028771209e-01 1.114730690494964831e+07
6.991305334140887062e-01 1.240315796425252408e+07
7.019270555477450380e-01 1.353666327226706408e+07
7.047347637699360456e-01 1.521443803933387250e+07
7.075537028250157290e-01 1.695514029511073977e+07
7.103839176363159202e-01 1.878048672352192178e+07
7.132254533068611568e-01 2.071877337236536294e+07
7.160783551200886610e-01 2.054349413436819986e+07
7.189426685405689854e-01 2.208874636414797232e+07
7.218184392147313222e-01 2.551261336111913249e+07
7.247057129715901436e-01 2.692269180070035160e+07
7.276045358234763949e-01 3.025758577064248174e+07
7.305149539667704639e-01 3.077176276898290217e+07
7.334370137826373703e-01 3.589961610794247687e+07
7.363707618377679509e-01 3.794791788328058273e+07
7.393162448851190449e-01 4.133929650005908310e+07
7.422735098646596752e-01 4.488802879989482462e+07
7.452426039041182282e-01 4.812459275667790323e+07
7.482235743197346300e-01 5.154317456898275018e+07
7.512164686170136330e-01 5.397745652681958675e+07
7.542213344914817652e-01 5.607537208957713097e+07
7.572382198294477229e-01 5.720951494849813730e+07
7.602671727087656484e-01 5.459609739956881106e+07
7.633082413996006288e-01 3.690819505710016936e+07
7.663614743651989691e-01 7.332556425112748519e+06
7.694269202626597970e-01 9.639313928069641814e+06
7.725046279437104424e-01 3.231436523801263422e+07
7.755946464554852593e-01 6.124559803766218573e+07
7.786970250413072225e-01 8.391955838521137834e+07
7.818118131414724115e-01 1.006999449660539627e+08
7.849390603940383793e-01 1.148431378694972992e+08
7.880788166356144098e-01 1.291406602125310451e+08
7.912311319021569922e-01 1.462465925354349911e+08
7.943960564297655180e-01 1.647033260168024898e+08
7.975736406554845281e-01 1.785925830954485238e+08
8.007639352181065151e-01 1.970454634919928610e+08
8.039669909589789443e-01 2.155998046513882577e+08
8.071828589228148276e-01 2.268405963951351345e+08
8.104115903585061842e-01 2.205793837110861838e+08
8.136532367199402760e-01 2.183802508172332644e+08
8.169078496668199518e-01 2.549878304504767060e+08
8.201754810654874328e-01 2.596175634324824810e+08
8.234561829897493190e-01 2.969262854171863198e+08
8.267500077217083687e-01 3.715354779816120863e+08
8.300570077525952772e-01 3.838389118803919554e+08
8.333772357836056743e-01 4.040353661254667044e+08
8.367107447267401188e-01 3.812903266138520241e+08
8.400575877056470908e-01 4.228838942865318656e+08
8.434178180564695371e-01 4.681506271918917894e+08
8.467914893286955236e-01 5.227925798669983149e+08
8.501786552860102208e-01 5.703398007721916437e+08
8.535793699071543283e-01 6.367862886261456013e+08
8.569936873867830540e-01 7.079665472990082502e+08
8.604216621363300899e-01 7.681553425655722618e+08
8.638633487848753623e-01 8.184686693929965496e+08
8.673188021800150027e-01 8.423276653098262548e+08
8.707880773887352044e-01 8.471906706708953381e+08
8.742712296982900755e-01 8.956032285910315514e+08
8.777683146170831563e-01 9.371728063016601801e+08
8.812793878755513788e-01 8.818158542115586996e+08
8.848045054270535781e-01 7.275568575559545755e+08
8.883437234487617795e-01 2.862795157032937407e+08
8.918970983425568155e-01 1.315632357083580792e+08
8.954646867359271623e-01 3.433286043125423193e+08
8.990465454828707736e-01 1.757912579623761475e+08
9.026427316648023558e-01 3.474826857856628299e+08
9.062533025914615292e-01 5.829419410478972197e+08
9.098783158018273198e-01 6.451499613045165539e+08
9.135178290650346478e-01 7.850655074927135706e+08
9.171719003812948134e-01 9.070991649346852303e+08
9.208405879828199803e-01 1.353777416679317474e+09
9.245239503347512100e-01 1.382277235467800617e+09
9.282220461360901620e-01 4.754092814198381901e+08
9.319349343206346781e-01 5.086147891822499633e+08
9.356626740579171431e-01 5.277426535900121927e+08
9.394053247541488405e-01 7.384218985675454140e+08
9.431629460531654185e-01 7.763930915182820559e+08
9.469355978373780180e-01 8.188884447926433086e+08
9.507233402287275092e-01 7.257948979210894108e+08
9.545262335896426142e-01 8.621960557174497843e+08
9.583443385240012491e-01 6.286332778042219877e+08
9.621777158780971950e-01 7.896587277083907127e+08
9.660264267416096562e-01 9.009335266113833189e+08
9.698905324485760371e-01 1.063008447147691011e+09
9.737700945783701600e-01 1.067580344772741318e+09
9.776651749566835914e-01 1.068914066881136060e+09
9.815758356565105203e-01 1.125351037669032097e+09
9.855021389991363012e-01 1.229447057024095535e+09
9.894441475551331022e-01 1.419756087110372543e+09
9.934019241453534432e-01 1.337881438729575396e+09
9.973755318419349480e-01 1.259964089358457327e+09
1.001365033969302543e+00 1.517572659425577641e+09
1.005370494105179757e+00 1.439731744238649130e+09
1.009391976081600362e+00 1.837869822590801239e+09
1.013429543985926884e+00 2.278397494234991550e+09
1.017483262161870350e+00 2.530244165604005814e+09
1.021553195210518128e+00 3.152623518887115002e+09
1.025639407991360219e+00 3.425141543609886646e+09
1.029741965623325539e+00 4.024098222607030392e+09
1.033860933485818867e+00 4.689006991348728180e+09
1.037996377219762012e+00 6.168261878452214241e+09
1.042148362728641198e+00 7.385973037752576828e+09
1.046316956179555557e+00 8.415282159248720169e+09
1.050502224004274066e+00 9.428282212170927048e+09
1.054704232900291139e+00 1.056858000242954063e+10
1.058923049831892227e+00 1.123997640778412247e+10
1.063158742031219628e+00 1.175435725649079895e+10
1.067411376999344741e+00 1.199488069766285515e+10
1.071681022507342096e+00 1.211386948388726425e+10
1.075967746597371377e+00 1.192484319756946373e+10
1.080271617583760779e+00 1.150580473401098442e+10
1.084592704054095913e+00 1.022507584879532814e+10
1.088931074870312044e+00 7.893241530849392891e+09
1.093286799169793433e+00 4.679119972386201859e+09
1.097659946366472461e+00 3.133214456432196617e+09
1.102050586151938294e+00 1.895246483877672911e+09
1.106458788496546219e+00 1.102750532315190792e+09
1.110884623650532532e+00 5.351359835708745122e+08
1.115328162145134749e+00 2.070463732607353628e+08
1.119789474793714934e+00 1.458292434555806518e+08
1.124268632692889902e+00 1.575756986310910583e+08
1.128765707223661430e+00 2.616980522767435014e+08
1.133280770052556230e+00 1.667846266512666345e+08
1.137813893132766374e+00 9.703249268256834149e+07
1.142365148705297484e+00 1.769636551782363355e+08
1.146934609300118479e+00 1.449439030262190998e+08
1.151522347737319096e+00 3.810903112610575557e+07
1.156128437128268516e+00 1.060737869395356625e+07
1.160752950876781542e+00 1.936918280024921894e+07
1.165395962680288999e+00 6.731684212671278417e+07
1.170057546531009907e+00 6.118558807566636056e+07
1.174737776717134086e+00 5.090170488660241477e+06
1.179436727824002773e+00 4.965557060481192172e+07
1.184154474735298557e+00 1.175375117008476853e+08
1.188891092634239977e+00 1.796652217335411906e+08
1.193646657004777012e+00 2.342740091200447381e+08
1.198421243632796118e+00 4.421045321571652293e+08
1.203214928607327261e+00 8.895708518552429676e+08
1.208027788321756724e+00 1.766679021298331022e+09
1.212859899475043468e+00 3.170747596517272949e+09
1.217711339072943710e+00 4.979581816194979668e+09
1.222582184429235275e+00 7.596786068335648537e+09
1.227472513166952384e+00 1.170023047190512848e+10
1.232382403219620226e+00 1.434697828348058319e+10
1.237311932832498407e+00 1.654752186070412445e+10
1.242261180563828615e+00 1.753778718770747375e+10
1.247230225286083849e+00 2.560196637531191635e+10
1.252219146187228072e+00 1.978644858211770248e+10
1.257228022771976983e+00 3.237030581189908981e+10
1.262256934863064783e+00 3.346983381847440338e+10
1.267305962602517155e+00 3.160407995401731873e+10
1.272375186452927354e+00 2.714646068685597229e+10
1.277464687198738957e+00 2.459627107287425995e+10
1.282574545947533950e+00 1.874546352979732895e+10
1.287704844131324133e+00 1.372733895873277092e+10
1.292855663507849417e+00 1.020667670609942245e+10
1.298027086161880783e+00 7.559720415409420967e+09
1.303219194506528344e+00 4.987315037547231674e+09
1.308432071284554521e+00 3.364909529073047161e+09
1.313665799569692760e+00 2.241308347199440956e+09
1.318920462767971591e+00 1.559379456894402027e+09
1.324196144619043336e+00 1.081297499888754606e+09
1.329492929197519491e+00 3.246823491181113720e+08
1.334810900914309650e+00 1.066141993762171715e+08
1.340150144517967101e+00 7.268838953171691298e+07
1.345510745096038852e+00 3.421891666644403338e+07
1.350892788076423212e+00 1.752910327763863280e+07
1.356296359228728932e+00 6.763022730086818337e+06
1.361721544665643879e+00 3.627671233695584815e+06
1.367168430844306393e+00 1.306515794464868307e+07
1.372637104567683730e+00 6.244796691173328087e+06
1.378127652985954299e+00 6.992238934235950932e+06
1.383640163597898098e+00 3.662476091635196470e+06
1.389174724252289828e+00 5.599798357902414165e+06
1.394731423149298877e+00 3.763116765591999050e+06
1.400310348841896202e+00 4.234541362680071965e+06
1.405911590237263642e+00 7.373726726036291569e+06
1.411535236598212784e+00 1.020041221422964893e+07
1.417181377544605603e+00 1.319059164365799911e+07
1.422850103054784210e+00 1.589411886690535210e+07
1.428541503467003038e+00 3.069850303048416600e+07
1.434255669480871243e+00 3.749854359926526994e+07
1.439992692158794885e+00 5.164625730868757516e+07
1.445752662927429988e+00 8.340633697388997674e+07
1.451535673579139596e+00 1.435260846590399444e+08
1.457341816273456159e+00 2.286543892140909135e+08
1.463171183538549913e+00 2.110232355577324331e+08
1.469023868272704147e+00 2.117737052893542945e+08
1.474899963745795128e+00 2.378063867442834079e+08
1.480799563600778246e+00 3.700676609464106560e+08
1.486722761855181485e+00 4.102637568160455823e+08
1.492669652902602007e+00 5.877854775189232826e+08
1.498640331514212276e+00 7.849523341398789883e+08
1.504634892840269300e+00 8.606402664078617096e+08
1.510653432411630304e+00 1.071398245389043093e+09
1.516696046141276843e+00 1.369124198353226900e+09
1.522762830325842032e+00 1.865568669613741159e+09
1.528853881647145307e+00 2.433407509895478249e+09
1.534969297173733649e+00 2.966732020883246422e+09
1.541109174362428780e+00 3.817814913187786102e+09
1.547273611059878373e+00 4.981793056412838936e+09
1.553462705504118135e+00 5.266480699288497925e+09
1.559676556326134556e+00 5.504260137423307419e+09
1.565915262551438980e+00 6.120290605362174034e+09
1.572178923601644795e+00 6.639288300885943413e+09
1.578467639296051495e+00 6.254874688769802094e+09
1.584781509853235626e+00 5.843103987672470093e+09
1.591120635892648405e+00 4.077423290707672596e+09
1.597485118436219098e+00 2.572636596966419697e+09
1.603875058909963958e+00 1.095335708372315884e+09
1.610290559145603595e+00 5.005970704843524098e+08
1.616731721382186127e+00 2.445027934253477156e+08
1.623198648267714761e+00 1.270410018650294393e+08
1.629691442860785600e+00 7.318000494792619348e+07
1.636210208632228769e+00 7.963094007462629676e+07
1.642755049466757766e+00 9.639114055807574093e+07
1.649326069664624805e+00 8.496785403773878515e+07
1.655923373943283039e+00 8.466576008492942154e+07
1.662547067439056336e+00 1.091717002167223394e+08
1.669197255708812611e+00 1.269432634910707921e+07
1.675874044731648027e+00 3.384238648254974186e+07
1.682577540910574321e+00 6.925478596860085428e+07
1.689307851074216771e+00 4.826797417605559528e+07
1.696065082478513508e+00 2.232001857424476370e+07
1.702849342808427480e+00 1.968818009608101100e+07
1.709660740179661298e+00 4.113513445108988881e+07
1.716499383140379864e+00 3.306026244158966094e+07
1.723365380672941427e+00 7.787030962862348557e+07
1.730258842195633306e+00 3.092308838048072532e+07
1.737179877564415831e+00 3.692818825495849550e+07
1.744128597074673603e+00 6.903686573286847770e+07
1.751105111462972097e+00 9.415965236241973937e+07
1.758109531908824241e+00 7.984561624191813171e+07
1.765141970036459451e+00 6.443554557389350981e+07
1.772202537916605314e+00 4.656526252160049975e+07
1.779291348068271716e+00 9.259650665875191987e+07
1.786408513460544745e+00 6.406972835925973207e+07
1.793554147514387020e+00 3.169429308940406144e+07
1.800728364104444257e+00 6.146327753191790730e+07
1.807931277560862249e+00 6.995589079669547081e+07
1.815163002671105641e+00 8.666779720954170823e+07
1.822423654681789795e+00 9.648476205836075544e+07
1.829713349300517100e+00 6.683124751086761802e+07
1.837032202697718830e+00 4.939419335287739336e+07
1.844380331508509885e+00 1.036030137713055164e+08
1.851757852834543527e+00 1.052455396611433178e+08
1.859164884245881888e+00 9.555455362958849967e+07
1.866601543782865358e+00 7.099040106846441329e+07
1.874067949957996859e+00 9.628954638620732725e+07
1.881564221757828781e+00 3.029078262190498710e+08
1.889090478644860127e+00 3.076671236858831048e+08
1.896646840559439662e+00 4.070042000723536611e+08
1.904233427921677269e+00 2.744642359385982752e+08
1.911850361633363971e+00 2.929175111956771016e+08
1.919497763079897279e+00 3.061358296483696103e+08
1.927175754132217200e+00 2.041723214900661409e+08
1.934884457148745796e+00 1.533174078093225360e+08
1.942623994977340729e+00 1.655302043291872144e+08
1.950394490957250149e+00 2.548018961779291630e+08
1.958196068921079336e+00 2.419572405470687747e+08
1.966028853196763793e+00 3.861300754587684274e+08
1.973892968609550991e+00 4.015332276933224201e+08
1.981788540483989447e+00 5.256055588793186545e+08
1.989715694645925126e+00 6.908068489590109587e+08
1.997674557424508723e+00 1.089908852862899065e+09
2.005665255654207169e+00 1.119129162941662312e+09
2.013687916676823786e+00 1.385084503468941450e+09
2.021742668343530891e+00 1.696962826516611814e+09
2.029829639016905052e+00 1.838395986280661345e+09
2.037948957572972564e+00 2.330433516608521938e+09
2.046100753403264694e+00 2.790460188329605103e+09
2.054285156416877811e+00 3.020543480811604023e+09
2.062502297042545507e+00 3.335761237720063686e+09
2.070752306230715600e+00 3.458330768157506466e+09
2.079035315455638244e+00 3.088912214057228088e+09
2.087351456717461140e+00 3.009767676275508404e+09
2.095700862544330967e+00 2.510159118482303619e+09
2.104083665994508134e+00 2.209277517000600815e+09
2.112500000658485977e+00 1.790685656365897655e+09
2.120950000661120161e+00 1.409316570057763577e+09
2.129433800663764753e+00 1.052065557170426130e+09
2.137951535866419839e+00 8.866107569475195408e+08
2.146503342009885351e+00 6.098580632069540024e+08
2.155089355377924676e+00 4.983090250575159192e+08
2.163709712799436691e+00 2.860339163819424510e+08
2.172364551650634468e+00 2.782508493628550768e+08
2.181054009857236853e+00 2.124094371825217009e+08
2.189778225896665376e+00 1.216732610881245136e+08
2.198537338800252705e+00 2.852772814196245372e+07
2.207331488155453325e+00 1.640845506111309119e+07
2.216160814108075083e+00 4.333700676332851499e+07
2.225025457364507631e+00 3.173771432892552391e+07
2.233925559193965515e+00 2.242781333580618352e+07
2.242861261430741493e+00 1.300207373067709059e+07
2.251832706476463830e+00 9.058187776815466583e+06
2.260840037302370042e+00 7.305285367881894112e+06
2.269883397451579299e+00 8.979990450175229460e+06
2.278962931041386142e+00 7.499592442452399991e+06
2.288078782765551100e+00 5.057609649453116581e+06
2.297231097896613505e+00 5.054230769170471467e+06
2.306420022288200311e+00 1.268604924773742445e+07
2.315645702377353121e+00 2.029762509059050679e+07
2.324908285186861878e+00 4.679774527389109135e+06
2.334207918327609654e+00 5.713820481715377420e+06
2.343544750000919663e+00 5.553407793659321032e+06
2.352918929000923143e+00 7.316963305628744885e+06
2.362330604716927240e+00 1.360767937972898036e+07
2.371779927135795329e+00 6.928315507518136874e+06
2.381267046844337987e+00 9.158780820161949843e+06
2.390792115031715070e+00 1.736136684624631703e+07
2.400355283491842240e+00 2.518240376590360701e+07
2.409956704625809465e+00 3.859969413841287792e+07
2.419596531444312859e+00 3.410073355735024810e+07
2.429274917570089620e+00 3.548992196944152564e+07
2.438992017240370291e+00 4.743628653550616652e+07
2.448747985309331465e+00 6.757986208585008979e+07
2.458542977250568917e+00 9.173812529226277769e+07
2.468377149159570738e+00 1.036829554855143875e+08
2.478250657756209563e+00 1.021865562221257389e+08
2.488163660387234355e+00 1.113482216072511524e+08
2.498116315028783063e+00 1.416493438323250711e+08
2.508108780288898387e+00 1.255295601779698431e+08
2.518141215410053757e+00 1.092217163201360554e+08
2.528213780271693967e+00 8.562986825122703612e+07
2.538326635392781139e+00 9.496779039126148820e+07
2.548479941934351789e+00 5.007318704737667739e+07
2.558673861702089436e+00 5.368641785723024607e+07
2.568908557148898097e+00 3.983480100977973640e+07
2.579184191377493551e+00 3.842274185551173985e+07
2.589500928143003478e+00 2.336811747247106954e+07
2.599858931855575594e+00 4.048145772778142989e+07
2.610258367582998229e+00 4.712350143478212506e+07
2.620699401053329769e+00 6.703366087688424438e+07
2.631182198657543214e+00 8.158308380471150577e+07
2.641706927452173392e+00 2.004340131741885245e+08
2.652273755161981938e+00 1.633399372569840252e+08
2.662882850182629824e+00 6.108815958752655983e+07
2.673534381583360542e+00 1.990652889102710411e+07
2.684228519109693956e+00 3.745203627026042342e+07
2.694965433186132575e+00 8.235538558296005428e+07
2.705745294918877164e+00 7.741522176775839925e+07
2.716568276098552559e+00 8.728598556121981144e+07
2.727434549202946812e+00 1.996087767258639336e+08
2.738344287399758326e+00 8.113296545855495334e+07
2.749297664549357201e+00 1.958251196889139414e+08
2.760294855207554576e+00 8.261696034365907311e+07
2.771336034628385292e+00 9.363007969791293144e+07
2.782421378766898545e+00 6.152383554243963957e+07
2.793551064281966312e+00 1.279541654633506685e+08
2.804725268539093985e+00 7.508717059001927078e+07
2.815944169613250558e+00 1.189924678942586631e+08
2.827207946291703244e+00 1.803880982150816917e+08
2.838516778076869862e+00 9.748872454026946425e+07
2.849870845189177437e+00 1.300413518842289150e+08
2.861270328569933685e+00 1.773787167118897140e+08
2.872715409884213589e+00 2.185314815742675066e+08
2.884206271523750420e+00 1.839686297435192168e+08
2.895743096609845413e+00 2.477144581867380738e+08
2.907326068996284985e+00 2.259911417416599095e+08
2.918955373272270393e+00 2.583400658102221191e+08
2.930631194765359826e+00 4.286630091865506172e+08
2.942353719544420709e+00 3.814920215672683120e+08
2.954123134422598440e+00 3.420043922583548427e+08
2.965939626960289122e+00 3.920252836724851131e+08
2.977803385468130504e+00 4.162789916780868769e+08
2.989714599010003138e+00 4.841668242969676256e+08
3.001673457406043077e+00 1.061288767480572760e+08
3.013680151235667015e+00 2.879489212353466749e+08
3.025734871840609408e+00 4.153416223225200772e+08
3.037837811327972037e+00 3.843128635684926510e+08
3.049989162573283785e+00 2.804762071281697154e+08
3.062189119223576395e+00 3.119761686741816401e+08
3.074437875700470890e+00 2.478758855672673285e+08
3.086735627203272880e+00 2.042080306780947149e+08
3.099082569712085622e+00 1.615308926675874293e+08
3.111478899990933744e+00 1.314760156447030157e+08
3.123924815590897186e+00 1.433202709658063948e+08
3.136420514853261121e+00 9.805292074866902828e+07
3.148966196912674320e+00 7.753030532878124714e+07
3.161562061700325277e+00 5.843761843674779683e+07
3.174208309947126327e+00 5.183834129878164083e+07
3.186905143186915090e+00 3.713493423810087889e+07
3.199652763759662566e+00 3.345930774070836231e+07
3.212451374814701222e+00 3.368337278956902772e+07
3.225301180313960625e+00 2.973907208439996094e+07
3.238202385035215958e+00 2.994581819597704336e+07
3.251155194575356955e+00 2.914517291068103164e+07
3.264159815353658622e+00 4.259645948828249425e+07
3.277216454615073271e+00 6.396391043181515485e+07
3.290325320433533207e+00 8.002973392058658600e+07
3.303486621715267635e+00 6.927907868637281656e+07
3.316700568202128441e+00 2.370736588757021818e+06
3.329967370474937294e+00 3.328844421565510798e+06
3.343287239956836743e+00 2.354137131817862764e+07
3.356660388916663962e+00 4.319426828538618237e+07
3.370087030472330714e+00 4.816024799166657031e+07
3.383567378594220187e+00 4.373546007620765269e+07
3.397101648108596716e+00 4.130631048323691636e+07
3.410690054701031482e+00 4.020129706692431122e+07
3.424332814919834878e+00 4.279316434476236999e+07
3.438030146179514634e+00 4.348313768852271885e+07
3.451782266764232610e+00 3.972171985118586570e+07
3.465589395831289998e+00 5.163240072141668200e+07
3.479451753414614767e+00 4.746914091808628291e+07
3.493369560428273068e+00 6.097749701251423359e+07
3.507343038669985980e+00 8.907877101678065956e+07
3.521372410824665788e+00 8.807147694831137359e+07
3.535457900467964709e+00 8.441201681150305271e+07
3.549599732069836477e+00 1.104962967204542905e+08
3.563798130998116154e+00 1.210881449210181385e+08
3.578053323522108364e+00 1.428135983154402077e+08
3.592365536816196858e+00 1.304839350206561387e+08
3.606734998963461614e+00 1.119272321205107719e+08
3.621161938959315041e+00 1.440998110284969211e+08
3.635646586715152839e+00 1.966514176067563295e+08
3.650189173062013293e+00 2.442851145923513770e+08
3.664789929754260545e+00 2.872062350464476347e+08
3.679449089473277645e+00 3.360084896616069674e+08
3.694166885831170699e+00 3.153458601986565590e+08
3.708943553374495661e+00 3.732088300280387402e+08
3.723779327587993571e+00 3.683940498363934159e+08
3.738674444898345328e+00 4.439818518105929494e+08
3.753629142677938901e+00 5.002251347364760041e+08
3.768643659248651190e+00 4.620516294863160849e+08
3.783718233885645432e+00 3.844387480444636941e+08
3.798853106821188153e+00 5.254538170222561359e+08
3.814048519248473657e+00 6.909651025839397907e+08
3.829304713325467180e+00 8.650074715042259693e+08
3.844621932178768908e+00 5.090758532319164276e+08
3.860000419907484215e+00 6.201071591857271194e+08
3.875440421587113882e+00 5.914173738486868143e+08
3.890942183273462529e+00 7.584994197756060362e+08
3.906505952006555926e+00 7.437374519597831964e+08
3.922131975814582727e+00 8.008412435501172543e+08
3.937820503717840648e+00 9.610368035932006836e+08
3.953571785732711508e+00 9.114143850966364145e+08
3.969386072875642490e+00 1.027530373598460793e+09
3.985263617167145167e+00 1.181625127408200741e+09
4.001204671635814059e+00 1.144762436799402237e+09
4.017209490322357190e+00 1.239290303314967871e+09
4.033278328283646630e+00 1.265603992427433968e+09
4.049411441596781458e+00 1.263080569279599190e+09
4.065609087363168506e+00 1.206951053961062193e+09
4.081871523712622185e+00 1.131803946110090256e+09
4.098199009807472315e+00 1.187658656839261770e+09
4.114591805846702144e+00 1.106055714815811634e+09
4.131050173070089038e+00 1.106563196299146414e+09
4.147574373762369149e+00 1.147106061546343327e+09
4.164164671257418959e+00 1.225751886121618271e+09
4.180821329942449260e+00 1.220576587174070120e+09
4.197544615262219558e+00 1.300045957165290356e+09
4.214334793723269357e+00 1.454158122464483023e+09
4.231192132898162761e+00 1.483945917605636358e+09
4.248116901429755288e+00 1.689026298769778967e+09
4.265109369035473996e+00 1.768931053245378733e+09
4.282169806511615384e+00 1.325823929673216343e+09
4.299298485737661935e+00 4.847368398798825741e+08
4.316495679680612874e+00 4.175782040996209383e+08
4.333761662399335357e+00 8.905053061958340406e+08
4.351096709048932532e+00 1.210313359279151917e+09
4.368501095885127583e+00 1.836412731931346416e+09
4.385975100268668214e+00 1.726352325425538778e+09
4.403519000669743555e+00 1.727896006142144918e+09
4.421133076672422391e+00 1.737387031700977087e+09
4.438817608979111817e+00 1.407957822056178570e+09
4.456572879415028332e+00 1.709385719506975889e+09
4.474399170932688463e+00 1.358815755847953081e+09
4.492296767616419828e+00 1.601105611038453817e+09
4.510265954686884626e+00 1.664538248774209976e+09
4.528307018505633330e+00 1.309337641188799381e+09
4.546420246579655711e+00 2.003435784320572853e+09
4.564605927565974497e+00 1.747177784699206591e+09
4.582864351276237258e+00 2.035364714570519924e+09
4.601195808681342925e+00 2.161957028331666470e+09
4.619600591916067422e+00 1.817621909819745302e+09
4.638078994283731937e+00 2.132999271670150995e+09
4.656631310260867629e+00 2.115119522281687498e+09
4.675257835501911430e+00 1.903663669184784174e+09
4.693958866843916944e+00 2.677131083045654297e+09
4.712734702311292878e+00 2.140791550050420523e+09
4.731585641120538810e+00 2.159613372474817753e+09
4.750511983685020923e+00 2.729615377084650517e+09
4.769514031619761063e+00 2.113099055849201441e+09
4.788592087746240011e+00 1.858762343932318926e+09
4.807746456097224730e+00 2.447300766467378616e+09
4.826977441921613377e+00 2.288116770432434559e+09
4.846285351689299858e+00 1.789344690343291759e+09
4.865670493096057925e+00 2.227803227424646378e+09
4.885133175068442135e+00 2.153606578031839848e+09
4.904673707768715474e+00 1.859111321990302563e+09
4.924292402599791174e+00 2.183462636691443443e+09
4.943989572210189642e+00 1.509264986100261927e+09
4.963765530499030021e+00 1.383792075336686611e+09
4.983620592621027079e+00 1.776531785711370468e+09
5.003555074991511198e+00 1.704804600539201021e+09
5.023569295291476777e+00 9.911473812381485701e+08
5.043663572472643075e+00 1.633633358770694971e+09
5.063838226762532813e+00 1.598398091339713573e+09
5.084093579669583640e+00 1.206062794594715118e+09
5.104429953988261381e+00 1.212599664871796846e+09
5.124847673804215020e+00 1.409842079618378639e+09
5.145347064499431688e+00 7.230100491855602264e+08
5.165928452757428957e+00 1.029964217335907578e+09
5.186592166568458673e+00 1.195773006543697596e+09
5.207338535234733001e+00 5.824153268677595854e+08
5.228167889375671784e+00 8.645294577781145573e+08
5.249080560933174766e+00 9.697478211083229780e+08
5.270076883176907145e+00 7.829110962183312178e+08
5.291157190709615321e+00 7.573928742154268026e+08
5.312321819472453299e+00 8.144751008669418097e+08
5.333571106750343738e+00 8.866252646937081814e+08
5.354905391177344320e+00 4.369945241415886879e+08
5.376325012742054099e+00 5.890133975927062035e+08
5.397830312793021612e+00 6.858484077702112198e+08
5.419421634044193858e+00 2.854196795121547580e+08
5.441099320580370602e+00 5.393705897509714365e+08
5.462863717862692425e+00 4.270355910609716177e+08
5.484715172734142996e+00 4.752906275822685361e+08
5.506654033425078865e+00 4.454496208221170306e+08
5.528680649558780580e+00 3.871815758947714567e+08
5.550795372157015350e+00 3.177083818606340885e+08
5.572998553645643227e+00 2.734988007383323908e+08
5.595290547860225949e+00 3.030796480615475178e+08
5.617671710051667766e+00 3.015621796688386202e+08
5.640142396891874021e+00 2.286823632442173064e+08
5.662702966479441713e+00 2.609298297639193237e+08
5.685353778345359821e+00 2.341946293430184424e+08
5.708095193458740724e+00 2.420443193310882151e+08
5.730927574232576482e+00 1.992562139887303114e+08
5.753851284529505783e+00 1.814571723569017351e+08
5.776866689667624399e+00 2.495727304272113144e+08
5.799974156426294769e+00 2.717421906591111422e+08
5.823174053051999977e+00 1.503025022276208997e+08
5.846466749264207508e+00 2.071504450126954317e+08
5.869852616261264977e+00 1.566707791928100586e+08
5.893332026726310069e+00 1.582005452576179206e+08
5.916905354833215114e+00 2.228151076920334399e+08
5.940572976252548543e+00 1.549576906765193045e+08
5.964335268157558545e+00 1.947781925995460153e+08
5.988192609230189589e+00 1.902603240921292007e+08
6.012145379667110490e+00 2.251914027744921148e+08
6.036193961185778889e+00 1.826662041674159169e+08
6.060338737030522616e+00 1.310277782704381049e+08
6.084580091978644134e+00 1.772488972027234435e+08
6.108918412346558746e+00 1.386665951203541458e+08
6.133354085995945226e+00 1.456506293557354212e+08
6.157887502339929320e+00 1.084507369881251454e+08
6.182519052349287669e+00 1.331741586053217351e+08
6.207249128558685491e+00 1.727220682778557241e+08
6.232078125072920471e+00 2.169209216763288677e+08
6.257006437573212843e+00 2.068258942918424010e+08
6.282034463323505236e+00 2.459820702300878465e+08
6.307162601176800720e+00 3.065830262841472030e+08
6.332391251581507063e+00 2.006733969877828360e+08
6.357720816587833390e+00 2.133626527212985754e+08
6.383151699854184180e+00 1.839127306529283226e+08
6.408684306653601226e+00 1.180798303996651620e+08
6.434319043880215361e+00 1.456410124881240427e+08
6.460056320055736379e+00 1.260151160173953474e+08
6.485896545335958052e+00 7.567308801252683997e+07
6.511840131517302233e+00 1.101167799635709971e+08
6.537887492043371829e+00 1.529218413454176188e+08
6.564039042011545533e+00 1.159546399371981323e+08
6.590295198179591196e+00 1.156229488883216679e+08
6.616656378972309405e+00 1.407074352759958506e+08
6.643123004488199257e+00 1.422303799498227537e+08
6.669695496506150789e+00 1.542243580469138622e+08
6.696374278492176479e+00 1.907988833685971200e+08
6.723159775606144528e+00 1.573216227873685360e+08
6.750052414708568094e+00 1.881923226931321025e+08
6.777052624367403411e+00 1.731548331636009514e+08
6.804160834864871887e+00 1.564021086132043600e+08
6.831377478204331055e+00 2.057740089919582009e+08
6.858702988117148180e+00 1.435977282732045352e+08
6.886137800069615622e+00 1.879366148705136478e+08
6.913682351269895499e+00 2.299924615293632746e+08
6.941337080674975013e+00 2.347705688023086488e+08
6.969102428997675069e+00 1.793448074404090345e+08
6.996978838713665994e+00 2.236862811278802752e+08
7.024966754068519670e+00 2.031047907352366447e+08
7.053066621084793653e+00 1.592032148400843740e+08
7.081278887569133929e+00 1.998078690006048977e+08
7.109604003119409654e+00 1.806473449627791643e+08
7.138042419131887861e+00 1.943277442071589231e+08
7.166594588808414379e+00 1.561876283133778870e+08
7.195260967163648047e+00 1.612690501534449160e+08
7.224042011032302923e+00 1.725803972769930065e+08
7.252938179076432235e+00 1.536566372872656584e+08
7.281949931792737196e+00 1.293908957783637792e+08
7.311077731519908696e+00 1.309934233342198431e+08
7.340322042445988515e+00 9.829356331536239386e+07
7.369683330615771411e+00 1.036732284147155583e+08
7.399162063938235612e+00 1.048192572283030599e+08
7.428758712193988423e+00 9.916786166341736913e+07
7.458473747042765112e+00 9.196276557128851116e+07
7.488307642030935796e+00 1.092454863474818319e+08
7.518260872599060285e+00 1.266537513752167821e+08
7.548333916089456253e+00 1.409337305347370207e+08
7.578527251753813587e+00 1.555712829542233646e+08
7.608841360760829176e+00 1.642795437643344402e+08
7.639276726203872769e+00 2.082723568209922016e+08
7.669833833108687493e+00 3.984943517243018746e+07
7.700513168441122325e+00 5.896087950422034413e+07
7.731315221114887670e+00 6.690170849805659056e+07
7.762240481999347352e+00 8.123849944312772155e+07
7.793289443927344351e+00 9.956050252924518287e+07
7.824462601703054077e+00 1.150889553864515424e+08
7.855760452109866065e+00 1.241649942170963287e+08
7.887183493918306532e+00 1.202094309013714641e+08
7.918732227893980458e+00 1.101529149094360024e+08
7.950407156805555431e+00 1.474046739821104109e+08
7.982208785432777454e+00 1.483842193865011036e+08
8.014137620574508958e+00 1.239131320593397617e+08
8.046194171056805899e+00 1.381299678343138397e+08
8.078378947741034821e+00 1.321551858973786980e+08
8.110692463531997021e+00 1.901235689957429767e+08
8.143135233386125549e+00 1.553592217981384993e+08
8.175707774319670662e+00 1.593061256343887448e+08
8.208410605416949224e+00 1.630546265004850626e+08
8.241244247838615422e+00 1.794205725568423569e+08
8.274209224829968790e+00 2.099020595207797289e+08
8.307306061729288871e+00 1.969659708585262299e+08
8.340535285976207192e+00 2.088571230559961498e+08
8.373897427120111203e+00 1.749959203893260360e+08
8.407393016828594412e+00 2.119827002149193883e+08
8.441022588895906509e+00 2.623101478614267409e+08
8.474786679251490540e+00 2.528300883483670652e+08
8.508685825968495209e+00 2.086721860969527662e+08
8.542720569272368891e+00 2.348502170946064591e+08
8.576891451549458978e+00 2.999808738125654459e+08
8.611199017355655627e+00 2.615983814663907886e+08
8.645643813425078150e+00 2.131180127888805568e+08
8.680226388678779159e+00 2.646198086492921412e+08
8.714947294233493125e+00 3.083973205721972585e+08
8.749807083410427566e+00 3.040316489513239861e+08
8.784806311744070229e+00 2.261851816719797254e+08
8.819945536991047774e+00 2.832382566746796966e+08
8.855225319139009343e+00 3.347502208249737024e+08
8.890646220415566958e+00 3.197066185970926285e+08
8.926208805297228821e+00 2.322620994883929491e+08
8.961913640518417878e+00 2.117186951720336974e+08
8.997761295080492161e+00 3.133058883951454759e+08
9.033752340260813085e+00 3.382558032096419334e+08
9.069887349621856387e+00 2.795115426027711630e+08
9.106166899020346150e+00 3.114709615844314694e+08
9.142591566616424359e+00 2.826294051200714111e+08
9.179161932882891506e+00 3.115202663240372539e+08
9.215878580614422333e+00 2.446604410558822155e+08
9.252742094936881045e+00 3.801187847105293274e+08
9.289753063316627646e+00 2.513646109307521880e+08
9.326912075569895322e+00 2.502536444874406457e+08
9.364219723872173162e+00 3.166801017734322548e+08
9.401676602767663482e+00 3.487765195909655690e+08
9.439283309178733816e+00 3.250169392146850824e+08
9.477040442415447075e+00 2.583995039504606128e+08
9.514948604185111236e+00 2.843234638201427460e+08
9.553008398601852136e+00 2.955692632160120010e+08
9.591220432196260859e+00 4.050952162026188374e+08
9.629585313925044687e+00 3.380771458968938589e+08
9.668103655180747324e+00 2.617666711649230123e+08
9.706776069801470896e+00 3.314629232517735958e+08
9.745603174080676112e+00 3.564559075660224557e+08
9.784585586776998412e+00 4.330747339570690989e+08
9.823723929124106746e+00 4.137775673113787770e+08
9.863018824840601440e+00 3.445259514128484726e+08
9.902470900139965337e+00 3.190884844723590612e+08
9.942080783740523842e+00 4.037476029210743308e+08
9.981849106875488431e+00 5.220981746388934255e+08
1.002177650330298952e+01 4.892661757389461994e+08
1.006186360931619994e+01 2.889605592630575299e+08
1.010211106375346723e+01 3.041390871328141093e+08
1.014251950800847979e+01 4.009021443013844490e+08
1.018308958604051284e+01 4.212923404267231822e+08
1.022382194438467451e+01 4.030187129544891715e+08
1.026471723216221399e+01 3.612046356040526032e+08
1.030577610109086173e+01 2.921905772315286398e+08
1.034699920549522467e+01 4.928547878867394477e+07
1.038838720231720458e+01 5.467543121105531603e+07
1.042994075112647501e+01 9.054032372446314991e+07
1.047166051413097954e+01 1.231685774196430445e+08
1.051354715618750468e+01 1.148931637511325032e+08
1.055560134481225454e+01 1.623104660293570161e+08
1.059782375019150358e+01 1.995718064463573992e+08
1.064021504519226902e+01 1.660742323060539961e+08
1.068277590537303823e+01 1.113275202941780388e+08
1.072550700899452991e+01 5.225003124337319285e+07
1.076840903703050856e+01 5.708822007642242312e+07
1.081148267317863088e+01 1.001125388975854069e+08
1.085472860387134553e+01 1.541633626812211275e+08
1.089814751828683015e+01 1.696910618326646090e+08
1.094174010835997635e+01 1.530838932820064723e+08
1.098550706879341909e+01 1.720355775564568341e+08
1.102944909706859100e+01 1.754596337843779922e+08
1.107356689345686540e+01 2.877532058345584273e+08
1.111786116103069233e+01 2.693488963375051022e+08
1.116233260567481622e+01 3.287582619629548192e+08
1.120698193609751492e+01 2.485383579194302857e+08
1.125180986384190440e+01 1.596778558387385607e+08
1.129681710329727373e+01 3.411905495728429556e+08
1.134200437171046083e+01 3.316656793610852361e+08
1.138737238919730466e+01 2.980509877260887623e+08
1.143292187875409383e+01 3.629913323568059206e+08
1.147865356626910938e+01 2.492525052501269281e+08
1.152456818053418530e+01 1.809105242322044671e+08
1.157066645325632237e+01 2.713997843173549175e+08
1.161694911906934635e+01 3.168904496308665276e+08
1.166341691554562487e+01 2.536839794369791448e+08
1.171007058320780736e+01 1.317643135909708738e+08
1.175691086554063958e+01 1.804487647116819322e+08
1.180393850900279951e+01 1.782486747303788364e+08
1.185115426303881137e+01 2.438227648807621896e+08
1.189855888009096674e+01 2.649429778590772152e+08
1.194615311561133097e+01 2.412665859702537656e+08
1.199393772807377623e+01 1.305816160486217141e+08
1.204191347898607134e+01 2.042068468736576140e+08
1.209008113290201614e+01 1.149950377957961410e+08
1.213844145743362368e+01 2.321627844634816647e+08
1.218699522326335938e+01 2.845795965284441710e+08
1.223574320415641381e+01 1.653891428054947853e+08
1.228468617697303777e+01 1.383424961177761555e+08
1.233382492168093059e+01 2.052511133017862737e+08
1.238316022136765504e+01 1.034501419416196346e+08
1.243269286225312520e+01 1.715006837639051378e+08
1.248242363370213859e+01 2.160272987008076310e+08
1.253235332823694748e+01 1.196038224610685855e+08
1.258248274154989410e+01 1.264161154190163314e+08
1.263281267251609385e+01 1.790069295515083671e+08
1.268334392320615756e+01 1.477374048945541978e+08
1.273407729889898299e+01 1.266803280560065806e+08
1.278501360809457665e+01 1.857349931577282548e+08
1.283615366252695544e+01 1.194632083621379435e+08
1.288749827717706253e+01 1.471108574161183536e+08
1.293904827028577031e+01 1.525099339204370677e+08
1.299080446336691352e+01 1.659778884228100777e+08
1.304276768122038099e+01 1.016706281531905532e+08
1.309493875194526424e+01 1.669955847208422124e+08
1.314731850695304693e+01 1.397720581028729677e+08
1.319990778098085649e+01 1.611051661809352338e+08
1.325270741210477965e+01 1.231918829864438474e+08
1.330571824175319939e+01 1.284026728391966075e+08
1.335894111472021173e+01 1.192180801697462499e+08
1.341237687917909227e+01 1.015441985529656410e+08
1.346602638669580898e+01 1.139791586930948347e+08
1.351989049224258999e+01 1.570852694411524534e+08
1.357397005421156067e+01 1.334884260471061170e+08
1.362826593442840917e+01 1.376669906493971646e+08
1.368277899816612297e+01 1.364603019399286211e+08
1.373751011415878942e+01 1.034190372545558512e+08
1.379246015461542463e+01 1.228118779304946810e+08
1.384762999523388416e+01 1.362703008706161380e+08
1.390302051521481808e+01 1.562731205682644248e+08
1.395863259727567751e+01 1.590571505761191845e+08
1.401446712766477987e+01 1.152328708265614063e+08
1.407052499617543972e+01 1.040490032216411680e+08
1.412680709616014063e+01 1.172849627162374705e+08
1.418331432454478147e+01 9.670303612261366844e+07
1.424004758184296193e+01 1.159476516210981607e+08
1.429700777217033369e+01 1.321481852296723127e+08
1.435419580325901379e+01 9.833860011169710755e+07
1.441161258647204946e+01 1.031301594090385288e+08
1.446925903681793812e+01 8.086345393883123994e+07
1.452713607296521126e+01 8.522681548289039731e+07
1.458524461725707155e+01 1.214509914651772827e+08
1.464358559572609764e+01 1.258532328187922090e+08
1.470215993810900557e+01 1.155596033187173605e+08
1.476096857786143879e+01 1.196895016185475141e+08
1.482001245217288599e+01 1.130101932100780308e+08
1.487929250198157760e+01 9.413975277533486485e+07
1.493880967198950316e+01 9.049866188215084374e+07
1.499856491067746056e+01 1.077378129637143612e+08
1.505855917032016933e+01 9.951481365090985596e+07
1.511879340700144958e+01 1.132421371275061518e+08
1.517926858062945605e+01 8.729354356103739142e+07
1.523998565495197433e+01 1.100732173327206671e+08
1.530094559757178274e+01 1.055271518064089119e+08
1.536214937996206764e+01 8.992387804380083084e+07
1.542359797748191674e+01 9.584454418731591105e+07
1.548529236939184450e+01 8.592444257244227827e+07
1.554723353886941339e+01 7.394721040389156342e+07
1.560942247302489072e+01 7.365973443217526376e+07
1.567186016291699069e+01 7.900496836445054412e+07
1.573454760356865556e+01 6.552104674814102054e+07
1.579748579398293096e+01 5.945597783571622521e+07
1.586067573715886247e+01 6.548781186836094409e+07
1.592411844010749888e+01 6.209936523408818245e+07
1.598781491386792730e+01 5.606999480653082579e+07
1.605176617352340074e+01 7.986583242567627132e+07
1.611597323821749228e+01 6.918094455834162235e+07
1.618043713117036120e+01 7.893990363139702380e+07
1.624515887969504391e+01 6.129400892943064123e+07
1.631013951521382310e+01 7.209286595975974202e+07
1.637538007327468037e+01 7.998461664149014652e+07
1.644088159356778078e+01 7.802058116029429436e+07
1.650664511994205341e+01 7.655781945343302190e+07
1.657267170042182158e+01 6.720489041217811406e+07
1.663896238722350418e+01 5.954386877287009358e+07
1.670551823677240222e+01 6.713848969919836521e+07
1.677234030971949608e+01 7.610372309218826890e+07
1.683942967095837062e+01 6.761614369624422491e+07
1.690678738964220429e+01 5.504589478723938018e+07
1.697441453920077237e+01 6.878451053051868081e+07
1.704231219735757108e+01 8.255933823028878868e+07
1.711048144614700561e+01 5.641677244853052497e+07
1.717892337193159236e+01 6.046696638104378432e+07
1.724763906541932101e+01 6.278024478805396706e+07
1.731662962168099895e+01 6.191818145948596299e+07
1.738589614016772344e+01 5.097773492529390007e+07
1.745543972472839300e+01 6.924898577227579057e+07
1.752526148362730751e+01 5.222862065880804509e+07
1.759536252956181812e+01 5.823974650503581762e+07
1.766574397968006238e+01 5.892264175555516034e+07
1.773640695559878466e+01 5.820203827586754411e+07
1.780735258342117433e+01 6.497877826796732843e+07
1.787858199375486024e+01 6.332320017950517684e+07
1.795009632172988034e+01 5.010188904110080004e+07
1.802189670701679702e+01 5.374188054044641554e+07
1.809398429384486562e+01 5.447984496391252428e+07
1.816636023102024211e+01 4.386938711746542901e+07
1.823902567194432578e+01 4.599865130513674021e+07
1.831198177463210186e+01 4.839015838955233246e+07
1.838522970173062987e+01 5.425170873042456806e+07
1.845877062053754969e+01 5.666390247557251155e+07
1.853260570301970134e+01 4.757839862686522305e+07
1.860673612583178027e+01 4.265984013581013680e+07
1.868116307033510637e+01 4.403285811563279480e+07
1.875588772261644976e+01 4.731022805837726593e+07
1.883091127350691352e+01 5.892184611597403139e+07
1.890623491860094063e+01 5.000536389828738570e+07
1.898185985827534594e+01 3.911000492222732306e+07
1.905778729770844748e+01 4.754614559547023475e+07
1.913401844689928311e+01 4.872014688439615816e+07
1.921055452068688041e+01 3.611270488400276005e+07
1.928739673876962968e+01 3.378135619915843755e+07
1.936454632572470658e+01 3.439187656966271996e+07
1.944200451102760141e+01 3.093007227823383361e+07
1.951977252907171589e+01 3.884167146230610460e+07
1.959785161918800256e+01 3.381037071814722568e+07
1.967624302566475691e+01 3.645071247748606652e+07
1.991079942767366973e+01 3.056853411399808154e+07
2.030901541622714390e+01 3.055081733453783393e+07
2.071519572455168756e+01 3.162168608099230379e+07
2.112949963904272010e+01 2.610453485738343745e+07
2.155208963182357707e+01 2.590392745735032856e+07
2.198313142446004420e+01 2.320633917425991222e+07
2.242279405294924643e+01 2.093117113698798418e+07
2.287124993400822959e+01 2.256332774930403009e+07
2.332867493268839709e+01 2.167368788416696340e+07
2.379524843134216638e+01 1.486303036243191175e+07
2.427115339996900900e+01 2.060100665844237059e+07
2.475657646796839018e+01 1.754626764342017844e+07
2.525170799732775961e+01 1.180031881131505221e+07
2.575674215727431715e+01 1.518837978343542665e+07
2.627187700041980278e+01 1.326433173249179497e+07
2.679731454042819649e+01 9.877291059648023918e+06
2.733326083123676042e+01 1.287829776653760299e+07
2.787992604786149542e+01 9.887044647965406999e+06
2.843752456881871993e+01 6.854768626541048288e+06
2.900627506019509738e+01 8.812772982798110694e+06
2.958640056139899599e+01 7.883348246804923750e+06
3.017812857262697435e+01 7.518707469300547615e+06
3.078169114407952023e+01 5.591470941748714074e+06
3.139732496696110431e+01 7.209829256434128620e+06
3.202527146630033172e+01 5.939816734525844455e+06
3.266577689562632969e+01 5.236667898965396918e+06
3.331909243353885586e+01 4.425596820216365159e+06
3.398547428220963695e+01 5.188544248794849031e+06
3.466518376785383282e+01 3.765835918658493087e+06
3.535848744321090464e+01 3.374841385461471044e+06
3.606565719207512188e+01 3.111017399028572720e+06
3.678697033591662802e+01 3.334828732891988475e+06
3.752270974263496583e+01 3.244711927945162635e+06
3.827316393748766643e+01 3.698220935972909909e+06
3.903862721623740839e+01 2.401618779855507426e+06
3.981939976056215613e+01 2.155360897889218293e+06
4.061578775577340394e+01 1.915524246671159053e+06
4.142810351088887444e+01 2.740802815698204562e+06
4.225666558110664539e+01 2.093529935959252296e+06
4.310179889272878029e+01 1.635926025691561401e+06
4.396383487058335504e+01 1.486292782210745849e+06
4.484311156799503095e+01 1.473127502748811850e+06
4.573997379935492091e+01 1.534675882991262246e+06
4.665477327534202345e+01 1.110483519046343397e+06
4.758786874084886165e+01 1.250119494472919498e+06
4.853962611566583973e+01 1.246423491124607855e+06
4.951041863797915710e+01 9.429279350720488001e+05
5.050062701073873939e+01 9.083893113303089049e+05
5.151063955095351332e+01 8.260891724388139555e+05
5.254085234197258103e+01 1.032864566372288857e+06
5.359166938881203635e+01 8.975095872766756220e+05
5.466350277658827395e+01 8.211234902464520419e+05
5.575677283212004198e+01 6.205640690883981297e+05
5.687190828876244098e+01 5.440995448806839995e+05
5.800934645453768468e+01 5.853163027020461159e+05
5.916953338362844050e+01 5.577905692132662516e+05
6.035292405130100946e+01 5.515930646039460553e+05
6.155998253232701956e+01 5.866885320829576813e+05
6.279118218297357146e+01 3.846413099665451446e+05
6.404700582663303976e+01 3.640603435770875658e+05
6.532794594316570169e+01 3.540113494856646284e+05
6.663450486202900436e+01 2.896219710241441499e+05
6.796719495926959098e+01 3.625239422284141765e+05
6.932653885845499531e+01 3.724565401034245151e+05
7.071306963562409464e+01 2.834950298260241980e+05
7.212733102833657028e+01 2.083977887371226097e+05
7.356987764890331505e+01 2.577130208652349829e+05
7.504127520188137623e+01 2.098312472210601845e+05
7.654210070591901172e+01 2.222365401928671636e+05
7.807294272003738911e+01 1.871921065877934161e+05
7.963440157443814371e+01 1.877312710533381905e+05
8.122708960592690630e+01 1.617465001182855340e+05
8.285163139804545551e+01 1.407218925928464741e+05
8.450866402600635752e+01 1.306427127202867414e+05
8.619883730652648524e+01 1.585555564743643336e+05
8.792281405265701721e+01 1.673844547871848627e+05
8.968127033371015955e+01 1.240050630979643174e+05
9.147489574038435478e+01 1.171507127352512616e+05
9.330439365519204387e+01 9.977197095863937284e+04
9.517048152829590890e+01 8.166928075311954308e+04
9.707389115886181230e+01 9.411646010811149608e+04
9.901536898203904968e+01 7.023793161627692461e+04
