# Wavelength [um]       Fp [W/m2/m]  
1.000553076518779783e-01 9.723271584642920859e-06
1.004555288824854897e-01 3.464399318567675292e-47
1.008573509980154326e-01 8.080905151203777305e-45
1.012607804020075053e-01 1.556520282426806234e-44
1.016658235236155422e-01 4.704397777541502736e-47
1.020724868177099870e-01 2.286401094584237068e-30
1.024807767649808382e-01 3.557519917965288791e-33
1.028906998720407612e-01 2.190144972263894345e-43
1.033022626715289355e-01 6.867986631199235469e-28
1.037154717222150413e-01 2.620634194797356934e-45
1.041303336091038839e-01 2.576558555984803896e-41
1.045468549435403099e-01 2.357009959780638668e-38
1.049650423633144702e-01 1.751254327482802813e-46
1.053849025327677214e-01 1.080151347462577195e-32
1.058064421428987906e-01 6.909945637233331689e-43
1.062296679114703990e-01 3.686069675168873716e-32
1.066545865831162732e-01 1.100715055952498201e-36
1.070812049294487533e-01 1.290142272639176608e-38
1.075095297491665408e-01 2.660365226554487475e-28
1.079395678681632220e-01 8.550133306624988176e-39
1.083713261396358624e-01 7.335365490972516573e-27
1.088048114441943909e-01 1.620124279095649542e-29
1.092400306899711654e-01 1.645535305599882412e-18
1.096769908127310511e-01 1.015204067265454984e-28
1.101156987759819850e-01 6.191755623783412597e-30
1.105561615710859147e-01 8.869626105164759612e-19
1.109983862173702651e-01 4.147965839864851513e-22
1.114423797622397516e-01 1.163623027393229106e-25
1.118881492812886930e-01 3.996255451395883972e-29
1.123357018784138517e-01 1.088083853314220612e-25
1.127850446859275102e-01 9.241013404883176438e-16
1.132361848646712132e-01 1.782874964140047713e-17
1.136891296041298988e-01 4.483965349214113413e-17
1.141438861225464035e-01 9.844666649919696768e-17
1.146004616670366072e-01 2.665050429883795669e-16
1.150588635137047705e-01 5.593652564551408101e-17
1.155190989677595953e-01 2.684388563195470753e-17
1.159811753636306314e-01 4.788212783362085711e-17
1.164451000650851553e-01 2.190317639558774263e-19
1.169108804653455069e-01 1.388066577784915605e-19
1.173785239872068981e-01 2.530431152737125449e-20
1.178480380831557206e-01 1.289616364482031426e-20
1.183194302354883543e-01 2.035172588948409510e-19
1.187927079564302935e-01 1.925474169634259969e-22
1.192678787882560099e-01 9.806368067513990366e-22
1.197449503034090645e-01 1.461457412073911654e-21
1.202239301046226783e-01 8.016561115014070475e-24
1.207048258250411760e-01 1.412302914512515834e-20
1.211876451283413342e-01 4.225012601623063202e-22
1.216723957088547137e-01 4.394694521592310252e-22
1.221590852916901310e-01 6.669401120514963874e-20
1.226477216328568792e-01 3.265948223531826550e-18
1.231383125193883099e-01 1.544134798183586885e-21
1.236308657694658586e-01 3.421257053958146821e-19
1.241253892325437369e-01 3.704991526963706043e-19
1.246218907894739159e-01 1.139300389254015855e-21
1.251203783526317892e-01 2.163978541957955748e-21
1.256208598660423226e-01 2.469446809796636866e-17
1.261233433055065078e-01 1.191009001552553581e-17
1.266278366787285392e-01 1.030373219860238042e-22
1.271343480254434610e-01 9.100943948035478778e-18
1.276428854175452321e-01 7.121218050716364461e-18
1.281534569592154005e-01 1.448134847511593052e-20
1.286660707870522780e-01 6.809986776884705986e-19
1.291807350702004475e-01 2.388109518910331658e-17
1.296974580104812425e-01 5.097453517182809932e-18
1.302162478425231973e-01 3.115822741339711342e-18
1.307371128338932764e-01 2.755896686405433977e-16
1.312600612852288795e-01 1.628465966795091447e-16
1.317851015303697915e-01 3.407924050758090623e-16
1.323122419364912705e-01 2.091346677575289437e-15
1.328414909042372472e-01 5.651216974750416347e-15
1.333728568678542170e-01 4.132242306091652394e-15
1.339063482953256612e-01 4.213025364301081361e-16
1.344419736885069383e-01 4.100240650100271739e-15
1.349797415832609815e-01 2.715321972147202464e-14
1.355196605495940232e-01 2.170611344651763405e-14
1.360617391917924301e-01 5.652407058455648362e-14
1.366059861485595939e-01 1.735738082113111875e-14
1.371524100931538481e-01 1.506151548562242966e-15
1.377010197335264696e-01 1.257573801368203576e-14
1.382518238124605670e-01 4.608251005441625280e-13
1.388048311077104136e-01 1.855593205206111805e-13
1.393600504321412248e-01 3.702153260840314024e-14
1.399174906338697677e-01 2.361726893050746700e-14
1.404771605964052761e-01 9.113821752992719095e-13
1.410390692387908651e-01 2.128631040984383403e-13
1.416032255157460562e-01 2.091633816205934564e-12
1.421696384178090522e-01 3.871094060292721448e-15
1.427383169714803168e-01 1.142976749431916129e-12
1.433092702393662099e-01 2.151117348107901000e-11
1.438825073203236771e-01 2.721292708618888317e-12
1.444580373496049674e-01 2.641400617126837082e-11
1.450358694990033503e-01 4.156039787428063164e-12
1.456160129769993872e-01 2.606995810702408680e-11
1.461984770289073976e-01 1.121743093268130871e-10
1.467832709370230082e-01 1.328644053934639717e-11
1.473704040207710897e-01 8.693198062863491523e-11
1.479598856368541382e-01 2.949735633600619112e-12
1.485517251794015725e-01 3.949569030349664379e-11
1.491459320801191979e-01 1.057076950566379321e-10
1.497425158084396690e-01 2.948153754295261688e-11
1.503414858716734248e-01 4.407980196144995039e-09
1.509428518151600951e-01 1.198355720566694454e-10
1.515466232224207677e-01 5.536977118922601346e-11
1.521528097153104220e-01 9.236053625665231973e-09
1.527614209541716672e-01 3.642194586397760148e-10
1.533724666379883694e-01 6.471173553906383597e-10
1.539859565045403056e-01 1.479794520507054052e-09
1.546019003305584838e-01 8.460309014748940266e-12
1.552203079318807133e-01 1.039131311163309748e-09
1.558411891636082569e-01 1.307550852794058490e-09
1.564645539202626778e-01 1.095005037867825914e-09
1.570904121359437411e-01 2.070977164695993241e-09
1.577187737844875093e-01 1.582120719687008726e-09
1.583496488796254653e-01 2.868670781970087318e-09
1.589830474751439959e-01 6.267160943003418510e-09
1.596189796650445414e-01 2.393882829006584210e-09
1.602574555837047166e-01 4.713553747158896894e-09
1.608984854060395708e-01 8.352055415000216050e-09
1.615420793476636807e-01 4.304985295068157065e-09
1.621882476650543525e-01 1.522179511560966391e-08
1.628370006557145755e-01 1.183488358603029990e-08
1.634883486583374457e-01 1.872066841665755756e-08
1.641423020529707844e-01 3.293342502090215360e-08
1.647988712611826723e-01 2.618155390861759495e-08
1.654580667462274002e-01 1.010663102670793543e-08
1.661198990132123077e-01 5.245650033698946129e-08
1.667843786092651215e-01 4.605256859309438553e-08
1.674515161237022098e-01 8.573906612930830005e-08
1.681213221881969755e-01 1.645420446854072747e-07
1.687938074769497754e-01 1.779586733657329089e-07
1.694689827068575905e-01 7.128142167257921276e-07
1.701468586376850278e-01 4.120001562644869577e-07
1.708274460722357391e-01 3.808754817598867818e-07
1.715107558565246715e-01 5.836045287552834225e-07
1.721967988799507909e-01 5.149471364726064027e-07
1.728855860754705820e-01 8.335650898068616076e-07
1.735771284197724640e-01 9.461631358535541879e-07
1.742714369334515678e-01 1.351351592950721048e-06
1.749685226811853456e-01 2.660217188293741759e-06
1.756683967719100681e-01 4.811113741339213148e-06
1.763710703589977391e-01 1.067614029936226065e-05
1.770765546404337309e-01 6.084555161514039335e-06
1.777848608589954471e-01 4.180304613136640101e-06
1.784960003024314568e-01 9.425968980018522669e-06
1.792099843036411844e-01 6.241649673135431854e-06
1.799268242408557650e-01 1.710494283659994526e-05
1.806465315378191772e-01 1.891921829380280621e-05
1.813691176639704306e-01 1.957209906145141950e-05
1.820945941346263086e-01 4.060515072195843462e-05
1.828229725111648329e-01 6.812048248990655369e-05
1.835542644012094771e-01 3.115253345393918718e-05
1.842884814588143239e-01 7.588869599645280194e-05
1.850256353846495561e-01 1.193908240365382852e-04
1.857657379261881403e-01 8.463257332724669285e-05
1.865088008778928996e-01 2.137194560035356227e-04
1.872548360814044743e-01 2.302145699971488340e-04
1.880038554257300876e-01 1.589690579179979415e-04
1.887558708474330049e-01 4.095637643576004834e-04
1.895108943308226879e-01 3.834211321075392098e-04
1.902689379081460019e-01 3.512731280767432580e-04
1.910300136597785636e-01 8.390103862744826202e-04
1.917941337144176972e-01 7.554088241979690444e-04
1.925613102492753359e-01 8.505810059208804242e-04
1.933315554902724498e-01 1.584149992582858111e-03
1.941048817122335568e-01 1.647734800620499025e-03
1.948813012390824828e-01 1.717577112845121131e-03
1.956608264440388156e-01 3.037415643499520070e-03
1.964434697498149418e-01 2.697166998873895896e-03
1.972292436288141937e-01 3.227201694135390514e-03
1.980181606033294406e-01 5.249009868504823408e-03
1.988102332457427346e-01 5.316854482017772249e-03
1.996054741787257336e-01 5.316050159073844490e-03
2.004038960754406518e-01 7.740061545156791574e-03
2.012055116597424309e-01 8.768782435344088175e-03
2.020103337063813842e-01 9.780216721696780025e-03
2.028183750412069219e-01 1.317281279921146339e-02
2.036296485413717494e-01 1.404712129660646951e-02
2.044441671355372303e-01 1.397761828680379667e-02
2.052619438040793887e-01 1.908328393772267678e-02
2.060829915792957157e-01 2.125394129498998572e-02
2.069073235456129201e-01 2.346256285568104963e-02
2.077349528397953449e-01 2.590214702878874259e-02
2.085658926511545219e-01 3.226243750858169557e-02
2.094001562217591150e-01 3.584523440921132814e-02
2.102377568466461677e-01 4.014160464245310894e-02
2.110787078740327671e-01 3.721531742460365555e-02
2.119230227055288740e-01 5.056757781377978211e-02
2.127707147963510126e-01 5.715558299934749009e-02
2.136217976555363773e-01 6.923798801398109437e-02
2.144762848461585492e-01 5.287891713370505148e-02
2.153341899855431840e-01 8.041736335795938995e-02
2.161955267454853669e-01 1.015440029787319093e-01
2.170603088524672986e-01 1.187153056921775585e-01
2.179285500878772042e-01 9.666999665809569708e-02
2.188002642882286852e-01 1.201552826706030336e-01
2.196754653453815986e-01 1.842987177651906061e-01
2.205541672067631020e-01 1.866514013463090038e-01
2.214363838755901703e-01 2.744032098105990136e-01
2.223221294110925284e-01 1.797505353676472628e-01
2.232114179287369160e-01 4.544675517861967440e-01
2.241042636004518529e-01 3.423819807761004363e-01
2.250006806548536520e-01 7.200189406875375786e-01
2.259006833774730438e-01 4.431176138176923240e-01
2.268042861109829667e-01 7.693065209779249569e-01
2.277115032554268836e-01 9.253186319127733039e-01
2.286223492684485714e-01 1.148905717517723968e+00
2.295368386655223802e-01 1.918004300773738180e+00
2.304549860201844658e-01 8.728885092970460891e-01
2.313768059642651864e-01 2.216199567011753579e+00
2.323023131881222503e-01 2.529441383903554108e+00
2.332315224408747223e-01 3.874180733252102105e+00
2.341644485306381973e-01 3.598368929763103186e+00
2.351011063247607502e-01 1.867125911077742284e+00
2.360415107500598020e-01 4.333766089793201992e+00
2.369856767930600405e-01 2.448867302228262766e+00
2.379336195002322851e-01 6.181731082515203646e+00
2.388853539782332114e-01 5.819266263060139721e+00
2.398408953941461863e-01 1.029685439640003963e+01
2.408002589757227141e-01 1.332415749852315123e+01
2.417634600116256582e-01 7.161267696976951314e+00
2.427305138516721306e-01 1.637387144553798279e+01
2.437014359070788505e-01 2.023359691361897461e+01
2.446762416507071713e-01 3.112384020412084595e+01
2.456549466173099938e-01 2.763210771486185280e+01
2.466375664037792625e-01 3.417801766869256141e+01
2.476241166693943785e-01 4.456307145417333260e+01
2.486146131360719436e-01 2.351876780452385063e+01
2.496090715886161993e-01 4.063420305946640809e+01
2.506075078749706586e-01 4.605272969846429021e+01
2.516099379064705155e-01 5.897701332830605025e+01
2.526163776580964138e-01 8.888852582712874550e+01
2.536268431687287994e-01 1.149686662010503682e+02
2.546413505414037437e-01 1.368154189328213590e+02
2.556599159435693491e-01 1.253600947023646768e+02
2.566825556073435988e-01 1.084449318597514633e+02
2.577092858297729827e-01 1.473778196954659165e+02
2.587401229730920682e-01 1.527385465703582952e+02
2.597750834649844576e-01 2.067283514575341314e+02
2.608141837988444123e-01 2.486895634868842251e+02
2.618574405340398092e-01 2.991699548009804630e+02
2.629048702961759298e-01 3.505070747568376532e+02
2.639564897773606367e-01 3.712935716436122107e+02
2.650123157364701054e-01 4.029371640959205365e+02
2.660723649994159445e-01 4.656523804852097328e+02
2.671366544594135917e-01 5.087262254295819162e+02
2.682052010772512096e-01 6.101377593914824047e+02
2.692780218815602478e-01 6.877834701156668871e+02
2.703551339690865030e-01 7.936749438564029333e+02
2.714365545049627904e-01 8.967451277230634332e+02
2.725223007229827243e-01 1.001959648633028451e+03
2.736123899258746106e-01 1.118912836558833078e+03
2.747068394855781692e-01 1.264092284555324795e+03
2.758056668435204806e-01 1.405076745097817138e+03
2.769088895108945403e-01 1.590659529261162788e+03
2.780165250689380918e-01 1.778318729738417233e+03
2.791285911692138466e-01 2.001120823520883505e+03
2.802451055338907038e-01 2.243382576671925108e+03
2.813660859560263017e-01 2.512050628584547667e+03
2.824915502998503469e-01 2.811325906735430181e+03
2.836215165010497197e-01 3.148819968321203305e+03
2.847560025670539119e-01 3.517437356328747228e+03
2.858950265773221866e-01 3.940522738858128832e+03
2.870386066836315142e-01 4.402976931712980331e+03
2.881867611103660631e-01 4.925219578013569844e+03
2.893395081548075787e-01 5.506616327330111744e+03
2.904968661874267610e-01 6.151761138509268676e+03
2.916588536521764197e-01 6.873986434941606603e+03
2.928254890667851273e-01 7.675538057725601902e+03
2.939967910230522619e-01 8.568101145755847028e+03
2.951727781871444911e-01 9.562576345192435838e+03
2.963534692998930908e-01 1.066749621384992497e+04
2.975388831770926501e-01 1.189558454056822848e+04
2.987290387098009981e-01 1.326273825712615690e+04
2.999239548646402409e-01 1.477707856222008013e+04
3.011236506840988536e-01 1.496637032765228469e+04
3.023281452868351593e-01 1.658347933782036125e+04
3.035374578679824742e-01 1.282508373333295640e+04
3.047516076994544187e-01 2.042306964127907122e+04
3.059706141302522830e-01 2.291252736442369860e+04
3.071944965867733357e-01 2.525951210424205783e+04
3.084232745731204095e-01 2.737881963440262552e+04
3.096569676714128194e-01 2.043948573355309418e+04
3.108955955420985018e-01 2.232143945346408873e+04
3.121391779242668751e-01 3.614178096597804688e+04
3.133877346359639215e-01 4.005879200206602400e+04
3.146412855745078230e-01 4.353993877473445173e+04
3.158998507168058190e-01 4.683551018519524223e+04
3.171634501196730627e-01 4.979017117120673356e+04
3.184321039201517545e-01 5.200023004426080297e+04
3.197058323358323295e-01 5.221003700458813546e+04
3.209846556651756444e-01 3.835006327529122063e+04
3.222685942878363852e-01 2.247093814313841722e+04
3.235576686649877520e-01 4.320368899934693036e+04
3.248518993396476984e-01 3.351513583557170205e+04
3.261513069370062801e-01 1.837681955122328145e+04
3.274559121647543369e-01 4.837832831992314823e+03
3.287657358134133401e-01 2.233115463453939640e+02
3.300807987566670154e-01 2.172153722036787304e-01
3.314011219516936890e-01 2.842263120723741210e+01
3.327267264395004642e-01 2.492266172875765278e+03
3.340576333452584534e-01 1.963679231766342855e+04
3.353938638786395088e-01 5.515849958534923644e+04
3.367354393341540630e-01 9.935108574815628526e+04
3.380823810914907468e-01 1.450956347618709842e+05
3.394347106158566718e-01 1.896081431150240242e+05
3.407924494583201014e-01 2.310017529969873140e+05
3.421556192561533982e-01 2.613777345378921891e+05
3.435242417331779707e-01 2.130125039941717696e+05
3.448983387001106626e-01 3.804079832259684190e+04
3.462779320549111417e-01 3.174161758011652855e+05
3.476630437831307319e-01 4.501352592040291056e+05
3.490536959582632992e-01 5.255987445940093603e+05
3.504499107420963600e-01 5.939285917914226884e+05
3.518517103850647421e-01 6.632847042690278031e+05
3.532591172266050239e-01 7.360327415250043850e+05
3.546721536955114717e-01 8.134990169857100118e+05
3.560908423102934761e-01 8.965538134583821520e+05
3.575152056795346533e-01 9.857325322654071497e+05
3.589452665022527800e-01 1.081881278763055801e+06
3.603810475682617254e-01 1.185426214105428196e+06
3.618225717585348278e-01 1.297124166031583212e+06
3.632698620455689364e-01 1.417573529399308376e+06
3.647229414937512293e-01 1.547561745130704716e+06
3.661818332597261971e-01 1.687836242896408308e+06
3.676465605927651259e-01 1.838692942962218076e+06
3.691171468351361895e-01 2.001566728253146168e+06
3.705936154224767076e-01 2.177397106041155756e+06
3.720759898841666247e-01 2.366287116349464748e+06
3.735642938437032656e-01 2.570461360909505747e+06
3.750585510190780902e-01 2.789939571341277100e+06
3.765587852231543908e-01 3.025221187075537164e+06
3.780650203640470441e-01 3.277540139599757735e+06
3.795772804455032068e-01 3.550197490274687298e+06
3.810955895672852312e-01 3.841545835158403032e+06
3.826199719255543585e-01 4.147136699577889405e+06
3.841504518132565771e-01 4.479586420127439313e+06
3.856870536205096456e-01 4.846391949440680444e+06
3.872298018349916715e-01 5.222490816793881357e+06
3.887787210423316320e-01 5.625590828543474898e+06
3.903338359265008939e-01 6.051247001349848695e+06
3.918951712702069545e-01 6.500927049984081648e+06
3.934627519552877928e-01 6.960421071668007411e+06
3.950366029631089404e-01 7.423031075591967441e+06
3.966167493749613859e-01 7.852765240560501814e+06
3.982032163724612550e-01 8.165848620448159054e+06
3.997960292379510450e-01 8.183218172352316789e+06
4.013952133549028578e-01 7.210810619819136336e+06
4.030007942083224659e-01 3.267437125681010075e+06
4.046127973851557647e-01 6.362643765521210298e+04
4.062312485746963908e-01 3.581622848558142316e+06
4.078561735689951728e-01 9.438715187545912340e+06
4.094875982632711353e-01 1.245923518205897883e+07
4.111255486563242245e-01 1.439828397547730803e+07
4.127700508509495880e-01 1.601179799165934697e+07
4.144211310543532978e-01 1.749551359514278546e+07
4.160788155785707931e-01 1.896489659714041278e+07
4.177431308408850463e-01 2.047222676755366847e+07
4.194141033642486138e-01 2.204271758262295276e+07
4.210917597777056320e-01 2.365595006825969741e+07
4.227761268168164221e-01 2.534694085937498137e+07
4.244672313240837602e-01 2.649828224811222777e+07
4.261651002493800910e-01 2.810675650921328366e+07
4.278697606503775730e-01 3.059122712851760164e+07
4.295812396929790666e-01 3.295916867342362553e+07
4.312995646517510107e-01 3.544558423936506361e+07
4.330247629103580187e-01 3.785623776681917161e+07
4.347568619619994745e-01 4.026048657232835144e+07
4.364958894098474596e-01 4.262169911421367526e+07
4.382418729674867897e-01 4.574627533071982116e+07
4.399948404593567730e-01 4.886469674901645631e+07
4.417548198211941890e-01 5.220482660840483755e+07
4.435218391004789873e-01 5.559552670567991585e+07
4.452959264568808750e-01 5.927151213271491975e+07
4.470771101627084021e-01 6.306727907085972279e+07
4.488654186033592119e-01 6.679207607958651334e+07
4.506608802777726241e-01 7.113788673759704828e+07
4.524635237988837710e-01 7.568006125605328381e+07
4.542733778940792333e-01 8.019895003022624552e+07
4.560904714056555065e-01 8.197003651804184914e+07
4.579148332912781894e-01 8.371607216658537090e+07
4.597464926244433370e-01 9.379079723148232698e+07
4.615854785949410899e-01 9.905571416416881979e+07
4.634318205093208576e-01 1.040895369917215258e+08
4.652855477913582227e-01 1.092528967565762103e+08
4.671466899825236219e-01 1.141157609583247453e+08
4.690152767424536906e-01 1.195911277040244341e+08
4.708913378494234969e-01 1.225043348377864957e+08
4.727749032008212171e-01 1.221570779628426731e+08
4.746660028136244769e-01 1.172148033030121326e+08
4.765646668248789131e-01 1.070497389513364285e+08
4.784709254921784560e-01 8.744064485621774197e+07
4.803848091941470555e-01 7.079171804081732035e+07
4.823063484309236815e-01 5.298760736615793407e+07
4.842355738246474361e-01 3.745759310700737685e+07
4.861725161199459966e-01 2.684266699801016226e+07
4.881172061844257226e-01 1.960901839384451509e+07
4.900696750091634302e-01 1.479230309887833893e+07
4.920299537092001074e-01 1.072074404335846007e+07
4.939980735240369625e-01 7.249755310559116304e+06
4.959740658181330253e-01 4.542844935639359057e+06
4.979579620814056362e-01 2.611361400895150844e+06
4.999497939297311566e-01 1.419851438693844248e+06
5.019495931054501758e-01 7.796583511496699648e+05
5.039573914778719965e-01 4.942356228348037112e+05
5.059732210437835054e-01 3.912712025422245497e+05
5.079971139279585435e-01 3.694579687394161010e+05
5.100291023836703852e-01 3.638455095768572064e+05
5.120692187932051054e-01 3.444613508371917997e+05
5.141174956683780550e-01 3.215525711118846084e+05
5.161739656510514473e-01 3.085421119051088463e+05
5.182386615136556074e-01 2.963304424532952835e+05
5.203116161597103329e-01 2.750778263860694133e+05
5.223928626243490303e-01 2.526669420916726231e+05
5.244824340748465152e-01 2.347455305473885383e+05
5.265803638111459239e-01 2.154049116882451926e+05
5.286866852663905103e-01 1.955972469719832879e+05
5.308014320074561088e-01 1.804667851453208714e+05
5.329246377354859288e-01 1.667467980187826324e+05
5.350563362864277916e-01 1.528018096414115571e+05
5.371965616315735881e-01 1.421900874051970313e+05
5.393453478780998456e-01 1.323887025514088455e+05
5.415027292696121819e-01 1.216926015153133631e+05
5.436687401866906466e-01 1.132027085045171552e+05
5.458434151474373941e-01 1.047187646719244367e+05
5.480267888080271321e-01 9.550000621063169092e+04
5.502188959632591247e-01 8.788499399157501466e+04
5.524197715471121928e-01 8.052513607913443411e+04
5.546294506333006025e-01 7.293138694501649297e+04
5.568479684358338400e-01 6.619160624124019523e+04
5.590753603095770519e-01 6.021722299967596337e+04
5.613116617508153716e-01 5.404308379932983371e+04
5.635569083978186899e-01 4.917288921853849024e+04
5.658111360314097560e-01 4.415991994852849166e+04
5.680743805755354980e-01 4.005530239841094590e+04
5.703466780978375672e-01 3.640911292536744440e+04
5.726280648102289872e-01 3.327727711536944116e+04
5.749185770694699160e-01 3.030332001747336835e+04
5.772182513777477375e-01 2.740165980175135337e+04
5.795271243832587071e-01 2.444684396860976995e+04
5.818452328807918184e-01 2.142937318655177660e+04
5.841726138123150003e-01 1.839293040874962026e+04
5.865093042675643131e-01 1.253888167023384085e+04
5.888553414846344758e-01 7.692555609385784919e+03
5.912107628505729462e-01 1.090052148429327281e+04
5.935756059019753339e-01 2.195651688682350141e+04
5.959499083255832552e-01 3.414118562277749879e+04
5.983337079588855190e-01 4.805872545386242564e+04
6.007270427907210886e-01 6.649096396684173669e+04
6.031299509618840426e-01 9.236466395180934342e+04
6.055424707657315331e-01 1.272621612656537618e+05
6.079646406487945187e-01 1.754468738376410038e+05
6.103964992113897203e-01 2.441270575488452741e+05
6.128380852082353503e-01 3.401652213647622266e+05
6.152894375490681744e-01 4.716561398721686564e+05
6.177505952992645710e-01 6.442387200825242326e+05
6.202215976804615893e-01 8.671347947374731302e+05
6.227024840711834486e-01 1.154598233799367910e+06
6.251932940074681477e-01 1.526186641527070664e+06
6.276940671834980723e-01 2.001636928908931091e+06
6.302048434522321552e-01 2.620505702816868201e+06
6.327256628260409244e-01 3.406759015728710685e+06
6.352565654773452142e-01 4.385416457922108471e+06
6.377975917392545435e-01 5.613666426586525515e+06
6.403487821062116003e-01 7.137394995521410368e+06
6.429101772346363930e-01 9.014680657336998731e+06
6.454818179435749537e-01 1.134153328626650944e+07
6.480637452153492628e-01 1.423264685764672607e+07
6.506560001962106154e-01 1.783000633334564790e+07
6.532586241969955410e-01 2.230526840412694961e+07
6.558716586937833881e-01 2.784646020421862602e+07
6.584951453285585732e-01 3.466164642497050017e+07
6.611291259098727169e-01 4.306607442209573090e+07
6.637736424135122215e-01 5.340552923760895431e+07
6.664287369831662922e-01 6.587161205723163486e+07
6.690944519310989547e-01 8.066705174449884892e+07
6.717708297388232941e-01 9.830043119498430192e+07
6.744579130577786907e-01 1.189264189684334695e+08
6.771557447100098326e-01 1.417228435193791687e+08
6.798643676888498355e-01 1.647811033289687634e+08
6.825838251596052508e-01 1.855754283607418835e+08
6.853141604602436265e-01 2.013202983220784068e+08
6.880554171020846210e-01 2.094141986400650442e+08
6.908076387704928933e-01 2.101251360608412027e+08
6.935708693255748791e-01 2.073037693628759980e+08
6.963451528028771209e-01 2.112422425985935926e+08
6.991305334140887062e-01 2.191352065758575797e+08
7.019270555477450380e-01 2.332502989712999463e+08
7.047347637699360456e-01 2.527263263907074034e+08
7.075537028250157290e-01 2.738713115150228739e+08
7.103839176363159202e-01 2.944874961674506068e+08
7.132254533068611568e-01 3.146635165213958025e+08
7.160783551200886610e-01 3.276025182724539638e+08
7.189426685405689854e-01 3.396156394042263031e+08
7.218184392147313222e-01 3.492316729124003053e+08
7.247057129715901436e-01 3.466487527908630371e+08
7.276045358234763949e-01 3.437021482663743496e+08
7.305149539667704639e-01 3.310455614453805089e+08
7.334370137826373703e-01 3.214855862286695838e+08
7.363707618377679509e-01 3.091942951714341640e+08
7.393162448851190449e-01 2.965414529746041894e+08
7.422735098646596752e-01 2.809086685982828140e+08
7.452426039041182282e-01 2.653975087850708663e+08
7.482235743197346300e-01 2.482894335728761554e+08
7.512164686170136330e-01 2.255809867830768228e+08
7.542213344914817652e-01 2.055322719010191560e+08
7.572382198294477229e-01 1.833051971573541462e+08
7.602671727087656484e-01 1.466579031008115709e+08
7.633082413996006288e-01 7.214907381893262267e+07
7.663614743651989691e-01 8.724737628822967410e+06
7.694269202626597970e-01 1.215816854941953532e+07
7.725046279437104424e-01 5.368376763123860955e+07
7.755946464554852593e-01 1.236448284319153726e+08
7.786970250413072225e-01 2.110946402973662317e+08
7.818118131414724115e-01 2.938803433800043464e+08
7.849390603940383793e-01 3.744091633580112457e+08
7.880788166356144098e-01 4.650644952977865934e+08
7.912311319021569922e-01 5.685634482877739668e+08
7.943960564297655180e-01 6.889371395472446680e+08
7.975736406554845281e-01 8.273148393179830313e+08
8.007639352181065151e-01 9.828199747948298454e+08
8.039669909589789443e-01 1.151860527196588039e+09
8.071828589228148276e-01 1.337595293930620670e+09
8.104115903585061842e-01 1.531295664609803677e+09
8.136532367199402760e-01 1.736132476044310808e+09
8.169078496668199518e-01 1.977671768629211903e+09
8.201754810654874328e-01 2.123596937181057692e+09
8.234561829897493190e-01 2.575222251406961918e+09
8.267500077217083687e-01 3.011738987658797264e+09
8.300570077525952772e-01 3.355508554772163868e+09
8.333772357836056743e-01 3.758717349734072208e+09
8.367107447267401188e-01 4.151557765552625656e+09
8.400575877056470908e-01 4.661356638944766045e+09
8.434178180564695371e-01 5.213763176728913307e+09
8.467914893286955236e-01 5.820099816015238762e+09
8.501786552860102208e-01 6.441398652775448799e+09
8.535793699071543283e-01 7.119007897465859413e+09
8.569936873867830540e-01 7.834487187672186852e+09
8.604216621363300899e-01 7.899805273146386147e+09
8.638633487848753623e-01 6.332683347521429062e+09
8.673188021800150027e-01 7.806052254517569542e+09
8.707880773887352044e-01 8.181017234453489304e+09
8.742712296982900755e-01 9.029492597013322830e+09
8.777683146170831563e-01 9.901013285110607147e+09
8.812793878755513788e-01 1.095958320628739357e+10
8.848045054270535781e-01 1.204140523480906105e+10
8.883437234487617795e-01 1.223951619706696129e+10
8.918970983425568155e-01 1.263978829636074257e+10
8.954646867359271623e-01 1.368935043773972130e+10
8.990465454828707736e-01 1.388691930183841705e+10
9.026427316648023558e-01 1.624807037643648148e+10
9.062533025914615292e-01 1.784940868184017944e+10
9.098783158018273198e-01 1.904542297604075623e+10
9.135178290650346478e-01 2.016187475319613647e+10
9.171719003812948134e-01 2.080086379460614014e+10
9.208405879828199803e-01 2.280158852386973190e+10
9.245239503347512100e-01 2.337570668317781448e+10
9.282220461360901620e-01 1.542409992042615700e+10
9.319349343206346781e-01 1.605962866836045456e+10
9.356626740579171431e-01 1.813399251928913879e+10
9.394053247541488405e-01 2.249785033737474823e+10
9.431629460531654185e-01 2.269358744781304550e+10
9.469355978373780180e-01 2.277713830445036316e+10
9.507233402287275092e-01 2.267130299614694977e+10
9.545262335896426142e-01 2.416059932911686707e+10
9.583443385240012491e-01 2.265043700267892456e+10
9.621777158780971950e-01 2.429554735698524475e+10
9.660264267416096562e-01 2.661880579015665817e+10
9.698905324485760371e-01 2.932992529167881012e+10
9.737700945783701600e-01 2.984468793137354279e+10
9.776651749566835914e-01 3.170707670623106003e+10
9.815758356565105203e-01 3.340279364608781052e+10
9.855021389991363012e-01 3.516204449330635071e+10
9.894441475551331022e-01 3.755199481757259369e+10
9.934019241453534432e-01 3.873083295966327667e+10
9.973755318419349480e-01 3.532350780700756836e+10
1.001365033969302543e+00 3.061061644651284027e+10
1.005370494105179757e+00 3.488221585839260101e+10
1.009391976081600362e+00 3.751315950994721985e+10
1.013429543985926884e+00 4.099787094950524139e+10
1.017483262161870350e+00 4.376538255026569366e+10
1.021553195210518128e+00 4.560642932265068054e+10
1.025639407991360219e+00 4.818595378399961853e+10
1.029741965623325539e+00 5.037688781733094025e+10
1.033860933485818867e+00 5.221935683708482361e+10
1.037996377219762012e+00 5.425507543296194458e+10
1.042148362728641198e+00 5.599598355954404449e+10
1.046316956179555557e+00 5.760311968009691620e+10
1.050502224004274066e+00 5.935256310335136414e+10
1.054704232900291139e+00 6.063297321192601013e+10
1.058923049831892227e+00 6.158568011217096710e+10
1.063158742031219628e+00 6.287647916988083649e+10
1.067411376999344741e+00 6.361386796980941772e+10
1.071681022507342096e+00 6.433209954221704865e+10
1.075967746597371377e+00 6.481576038886223602e+10
1.080271617583760779e+00 6.541845856038468933e+10
1.084592704054095913e+00 6.498760806412583923e+10
1.088931074870312044e+00 6.247671471588461304e+10
1.093286799169793433e+00 5.561780338585398102e+10
1.097659946366472461e+00 4.890951296753279877e+10
1.102050586151938294e+00 4.072604017214723206e+10
1.106458788496546219e+00 3.406909616839763260e+10
1.110884623650532532e+00 2.757028036021147537e+10
1.115328162145134749e+00 2.259096410593229675e+10
1.119789474793714934e+00 2.596922504054010010e+10
1.124268632692889902e+00 2.830436667307747269e+10
1.128765707223661430e+00 3.269408466922161102e+10
1.133280770052556230e+00 1.956545655844398117e+10
1.137813893132766374e+00 2.797477326539999390e+10
1.142365148705297484e+00 2.963377389799432373e+10
1.146934609300118479e+00 3.122192881313618469e+10
1.151522347737319096e+00 2.494684744021354294e+10
1.156128437128268516e+00 2.127703458406111145e+10
1.160752950876781542e+00 2.202490398319156265e+10
1.165395962680288999e+00 2.759806912868587494e+10
1.170057546531009907e+00 2.503876253241137314e+10
1.174737776717134086e+00 1.939335667942113876e+10
1.179436727824002773e+00 2.530600828846049500e+10
1.184154474735298557e+00 3.642213122518486786e+10
1.188891092634239977e+00 4.366504003600199127e+10
1.193646657004777012e+00 4.830390940318230438e+10
1.198421243632796118e+00 5.444918330782542419e+10
1.203214928607327261e+00 6.018641574400201416e+10
1.208027788321756724e+00 6.629276570629804993e+10
1.212859899475043468e+00 7.053497946038018799e+10
1.217711339072943710e+00 7.565273148375880432e+10
1.222582184429235275e+00 7.925703474382711792e+10
1.227472513166952384e+00 8.324248475071763611e+10
1.232382403219620226e+00 8.640939403282929993e+10
1.237311932832498407e+00 8.883467259463496399e+10
1.242261180563828615e+00 8.703735138361293030e+10
1.247230225286083849e+00 9.416115228971968079e+10
1.252219146187228072e+00 8.767833535689814758e+10
1.257228022771976983e+00 9.839067045366854858e+10
1.262256934863064783e+00 9.896191927077806091e+10
1.267305962602517155e+00 9.884666123804270935e+10
1.272375186452927354e+00 9.709589678751759338e+10
1.277464687198738957e+00 9.668585065007090759e+10
1.282574545947533950e+00 9.291770571921253967e+10
1.287704844131324133e+00 8.958970977549511719e+10
1.292855663507849417e+00 8.677070064503851318e+10
1.298027086161880783e+00 8.353395945948297119e+10
1.303219194506528344e+00 8.122885103901562500e+10
1.308432071284554521e+00 7.828852998673475647e+10
1.313665799569692760e+00 7.372734842609068298e+10
1.318920462767971591e+00 7.114487114190321350e+10
1.324196144619043336e+00 6.147966801528561401e+10
1.329492929197519491e+00 4.105736430569480896e+10
1.334810900914309650e+00 1.522471972258369255e+10
1.340150144517967101e+00 6.440060968240714073e+09
1.345510745096038852e+00 4.220818168128118038e+09
1.350892788076423212e+00 3.264473199406497002e+09
1.356296359228728932e+00 1.854119760737830162e+09
1.361721544665643879e+00 2.282237704887178898e+09
1.367168430844306393e+00 3.521021376704662323e+09
1.372637104567683730e+00 3.075797630889975548e+09
1.378127652985954299e+00 5.021901062671791077e+09
1.383640163597898098e+00 3.379760273563197136e+09
1.389174724252289828e+00 3.658170366732156754e+09
1.394731423149298877e+00 2.887057103940051556e+09
1.400310348841896202e+00 2.953689290906301975e+09
1.405911590237263642e+00 3.585820329782740593e+09
1.411535236598212784e+00 2.898673755645384789e+09
1.417181377544605603e+00 3.204954847298021317e+09
1.422850103054784210e+00 3.423992555222423553e+09
1.428541503467003038e+00 4.891869323903343201e+09
1.434255669480871243e+00 4.374126102638794899e+09
1.439992692158794885e+00 5.146529389786972046e+09
1.445752662927429988e+00 7.086109162703846931e+09
1.451535673579139596e+00 1.014963065977348137e+10
1.457341816273456159e+00 1.294776335944388771e+10
1.463171183538549913e+00 1.190545810810507965e+10
1.469023868272704147e+00 1.156371936276060677e+10
1.474899963745795128e+00 1.449452140122863960e+10
1.480799563600778246e+00 1.690024709002138519e+10
1.486722761855181485e+00 1.747735528566274261e+10
1.492669652902602007e+00 2.042057999578136826e+10
1.498640331514212276e+00 2.302306390546165085e+10
1.504634892840269300e+00 2.531264970137705994e+10
1.510653432411630304e+00 2.834668035957220840e+10
1.516696046141276843e+00 3.304686230419441605e+10
1.522762830325842032e+00 3.808813543853009796e+10
1.528853881647145307e+00 4.222212203360942841e+10
1.534969297173733649e+00 4.632124056061550140e+10
1.541109174362428780e+00 5.096678391774071503e+10
1.547273611059878373e+00 5.864439696112106323e+10
1.553462705504118135e+00 5.971795467065045166e+10
1.559676556326134556e+00 6.239367890146189117e+10
1.565915262551438980e+00 6.504327629317481995e+10
1.572178923601644795e+00 6.672806855684249878e+10
1.578467639296051495e+00 6.699984726453872681e+10
1.584781509853235626e+00 6.722588848969954681e+10
1.591120635892648405e+00 6.270814179383615112e+10
1.597485118436219098e+00 5.598352981809542084e+10
1.603875058909963958e+00 4.521184079148551941e+10
1.610290559145603595e+00 3.367424192377730942e+10
1.616731721382186127e+00 2.528457300221950150e+10
1.623198648267714761e+00 1.978975243117031479e+10
1.629691442860785600e+00 1.711271982464780426e+10
1.636210208632228769e+00 1.859133654653586197e+10
1.642755049466757766e+00 2.142464553971299744e+10
1.649326069664624805e+00 2.283916363493790817e+10
1.655923373943283039e+00 2.166254941403186035e+10
1.662547067439056336e+00 2.203962693341386414e+10
1.669197255708812611e+00 8.492109173286975861e+09
1.675874044731648027e+00 1.248718847825887680e+10
1.682577540910574321e+00 1.669216580710428619e+10
1.689307851074216771e+00 1.495246977404659843e+10
1.696065082478513508e+00 1.248872375859365082e+10
1.702849342808427480e+00 1.227653248264673805e+10
1.709660740179661298e+00 1.566801369888292313e+10
1.716499383140379864e+00 1.452005108024132347e+10
1.723365380672941427e+00 1.659135906933329773e+10
1.730258842195633306e+00 1.303183872499415207e+10
1.737179877564415831e+00 1.203498321584883690e+10
1.744128597074673603e+00 1.205972501564892006e+10
1.751105111462972097e+00 1.255853246028963089e+10
1.758109531908824241e+00 1.062370667124930000e+10
1.765141970036459451e+00 9.205099781642469406e+09
1.772202537916605314e+00 8.009975374146387100e+09
1.779291348068271716e+00 7.404614288441229820e+09
1.786408513460544745e+00 6.370915603061276436e+09
1.793554147514387020e+00 4.430275221445033073e+09
1.800728364104444257e+00 5.279794045096826553e+09
1.807931277560862249e+00 4.387027268548060417e+09
1.815163002671105641e+00 5.425177140232278824e+09
1.822423654681789795e+00 5.708049196259534836e+09
1.829713349300517100e+00 3.972878906399241447e+09
1.837032202697718830e+00 3.982663618416402817e+09
1.844380331508509885e+00 4.732614161582341194e+09
1.851757852834543527e+00 4.306330144633730888e+09
1.859164884245881888e+00 3.134197657205232620e+09
1.866601543782865358e+00 2.758634191831257820e+09
1.874067949957996859e+00 3.587848403207760334e+09
1.881564221757828781e+00 6.535206327965130806e+09
1.889090478644860127e+00 6.557824907414056778e+09
1.896646840559439662e+00 8.349282816224730492e+09
1.904233427921677269e+00 6.564707655380877495e+09
1.911850361633363971e+00 7.339537085789661407e+09
1.919497763079897279e+00 6.863483070482445717e+09
1.927175754132217200e+00 5.442009115018371582e+09
1.934884457148745796e+00 4.691038388122409821e+09
1.942623994977340729e+00 4.109294077756501675e+09
1.950394490957250149e+00 5.485345434857605934e+09
1.958196068921079336e+00 4.826240319891971588e+09
1.966028853196763793e+00 6.391659106338432312e+09
1.973892968609550991e+00 6.289974589427215576e+09
1.981788540483989447e+00 7.432172806825416565e+09
1.989715694645925126e+00 8.000849973098649025e+09
1.997674557424508723e+00 9.423215359032888412e+09
2.005665255654207169e+00 1.022447439979872704e+10
2.013687916676823786e+00 1.111778728502907181e+10
2.021742668343530891e+00 1.255391239871200752e+10
2.029829639016905052e+00 1.248444657355759239e+10
2.037948957572972564e+00 1.376667328136188889e+10
2.046100753403264694e+00 1.476321895447525406e+10
2.054285156416877811e+00 1.511532599954917908e+10
2.062502297042545507e+00 1.562724439096417427e+10
2.070752306230715600e+00 1.590328439437331772e+10
2.079035315455638244e+00 1.549471719731667328e+10
2.087351456717461140e+00 1.560430608615826988e+10
2.095700862544330967e+00 1.509753143136537933e+10
2.104083665994508134e+00 1.465069400106968689e+10
2.112500000658485977e+00 1.412904455097075462e+10
2.120950000661120161e+00 1.332280611045232201e+10
2.129433800663764753e+00 1.264537290135122299e+10
2.137951535866419839e+00 1.199817583836862183e+10
2.146503342009885351e+00 1.114595524210262108e+10
2.155089355377924676e+00 1.036390816697820282e+10
2.163709712799436691e+00 9.052608147386638641e+09
2.172364551650634468e+00 8.758903967591285706e+09
2.181054009857236853e+00 7.683727430317330360e+09
2.189778225896665376e+00 6.111318203106564522e+09
2.198537338800252705e+00 3.096258631359637260e+09
2.207331488155453325e+00 2.398945410999233246e+09
2.216160814108075083e+00 3.637305913760616302e+09
2.225025457364507631e+00 3.268223403999517441e+09
2.233925559193965515e+00 2.655740279219974518e+09
2.242861261430741493e+00 2.132281547359421730e+09
2.251832706476463830e+00 1.872717482117292166e+09
2.260840037302370042e+00 1.634660244720022678e+09
2.269883397451579299e+00 1.824115866377984285e+09
2.278962931041386142e+00 1.587144478414577961e+09
2.288078782765551100e+00 1.334005767843324900e+09
2.297231097896613505e+00 1.330247895621328592e+09
2.306420022288200311e+00 2.182257628331614494e+09
2.315645702377353121e+00 2.308822817455029488e+09
2.324908285186861878e+00 1.193768398348859310e+09
2.334207918327609654e+00 1.100618398556418657e+09
2.343544750000919663e+00 1.076081205285138369e+09
2.352918929000923143e+00 1.339911503983785391e+09
2.362330604716927240e+00 1.814253940233557463e+09
2.371779927135795329e+00 1.188296723313138723e+09
2.381267046844337987e+00 1.220229539078180075e+09
2.390792115031715070e+00 1.871097759681704760e+09
2.400355283491842240e+00 2.224591200343549728e+09
2.409956704625809465e+00 2.529809615270144939e+09
2.419596531444312859e+00 2.406356616714256287e+09
2.429274917570089620e+00 2.590007071987966061e+09
2.438992017240370291e+00 2.588496432909947395e+09
2.448747985309331465e+00 2.639623046031693459e+09
2.458542977250568917e+00 3.045430523238492966e+09
2.468377149159570738e+00 3.088113834246163845e+09
2.478250657756209563e+00 2.914226189060955524e+09
2.488163660387234355e+00 3.116078864490245342e+09
2.498116315028783063e+00 3.202805289051884174e+09
2.508108780288898387e+00 2.479479533515111923e+09
2.518141215410053757e+00 2.347933610255525112e+09
2.528213780271693967e+00 1.826568484831617117e+09
2.538326635392781139e+00 1.911460084824823618e+09
2.548479941934351789e+00 1.435746682921478987e+09
2.558673861702089436e+00 1.780813318552804232e+09
2.568908557148898097e+00 1.526496265392164707e+09
2.579184191377493551e+00 1.528459547150741339e+09
2.589500928143003478e+00 1.365569928043229580e+09
2.599858931855575594e+00 1.688488693434743881e+09
2.610258367582998229e+00 2.176379862268891811e+09
2.620699401053329769e+00 2.495408839036810875e+09
2.631182198657543214e+00 2.367690758873483181e+09
2.641706927452173392e+00 3.750597184606279850e+09
2.652273755161981938e+00 3.189539910013516903e+09
2.662882850182629824e+00 2.090635153442275286e+09
2.673534381583360542e+00 1.025369596787189603e+09
2.684228519109693956e+00 1.125394325112454653e+09
2.694965433186132575e+00 1.618123125041332245e+09
2.705745294918877164e+00 1.567668039481818199e+09
2.716568276098552559e+00 1.725818550182247162e+09
2.727434549202946812e+00 2.862056092003840446e+09
2.738344287399758326e+00 1.809635190087981224e+09
2.749297664549357201e+00 3.204982212749640942e+09
2.760294855207554576e+00 1.946503802693985939e+09
2.771336034628385292e+00 1.968407540364191532e+09
2.782421378766898545e+00 1.508919236645744085e+09
2.793551064281966312e+00 2.635640347972439766e+09
2.804725268539093985e+00 1.648566853102854252e+09
2.815944169613250558e+00 2.282176313704506874e+09
2.827207946291703244e+00 3.334694664773174286e+09
2.838516778076869862e+00 2.146975664544592619e+09
2.849870845189177437e+00 2.473010838842817307e+09
2.861270328569933685e+00 3.146510498905669212e+09
2.872715409884213589e+00 3.015821946463300705e+09
2.884206271523750420e+00 3.274420816104382515e+09
2.895743096609845413e+00 3.631454789862378597e+09
2.907326068996284985e+00 3.553447671749693871e+09
2.918955373272270393e+00 4.157245795991075516e+09
2.930631194765359826e+00 5.104964436318261147e+09
2.942353719544420709e+00 4.779958874490591049e+09
2.954123134422598440e+00 4.736910866189613342e+09
2.965939626960289122e+00 4.941114164690044403e+09
2.977803385468130504e+00 5.370767160610205650e+09
2.989714599010003138e+00 6.073206541492983818e+09
3.001673457406043077e+00 4.442768985281724930e+09
3.013680151235667015e+00 5.962580677185634613e+09
3.025734871840609408e+00 5.877216818242967606e+09
3.037837811327972037e+00 5.699514371526616096e+09
3.049989162573283785e+00 4.423697353419406891e+09
3.062189119223576395e+00 4.472175409705590248e+09
3.074437875700470890e+00 3.640396785303734779e+09
3.086735627203272880e+00 3.267864905740528107e+09
3.099082569712085622e+00 2.870221769137484550e+09
3.111478899990933744e+00 2.498448609444367886e+09
3.123924815590897186e+00 2.385736886681495190e+09
3.136420514853261121e+00 1.767330737730334997e+09
3.148966196912674320e+00 1.520079718575560331e+09
3.161562061700325277e+00 1.206407125806936026e+09
3.174208309947126327e+00 1.158726391017481804e+09
3.186905143186915090e+00 9.935798538698130846e+08
3.199652763759662566e+00 9.321913240611472130e+08
3.212451374814701222e+00 9.874229640391533375e+08
3.225301180313960625e+00 9.476075432496680021e+08
3.238202385035215958e+00 1.019615271847363949e+09
3.251155194575356955e+00 1.101486342880579710e+09
3.264159815353658622e+00 1.337899556858147144e+09
3.277216454615073271e+00 1.671615486248787880e+09
3.290325320433533207e+00 1.849430995852982521e+09
3.303486621715267635e+00 1.672659315011999846e+09
3.316700568202128441e+00 3.060639900632248521e+08
3.329967370474937294e+00 2.306820557260528803e+08
3.343287239956836743e+00 6.067528216686687469e+08
3.356660388916663962e+00 1.074907213925232649e+09
3.370087030472330714e+00 1.341429245945151329e+09
3.383567378594220187e+00 1.344696604612847567e+09
3.397101648108596716e+00 1.239934264345151186e+09
3.410690054701031482e+00 1.200289582631634474e+09
3.424332814919834878e+00 1.152376537265052080e+09
3.438030146179514634e+00 1.117268381245369673e+09
3.451782266764232610e+00 1.098490215509447575e+09
3.465589395831289998e+00 1.215834261052377939e+09
3.479451753414614767e+00 1.191687519801131248e+09
3.493369560428273068e+00 1.363862899297447681e+09
3.507343038669985980e+00 1.606911636437841654e+09
3.521372410824665788e+00 1.667342026774270058e+09
3.535457900467964709e+00 1.641675085094993353e+09
3.549599732069836477e+00 1.835854326034453154e+09
3.563798130998116154e+00 1.984208134424532413e+09
3.578053323522108364e+00 2.251599942797666073e+09
3.592365536816196858e+00 2.460099590501145840e+09
3.606734998963461614e+00 2.432654437736359596e+09
3.621161938959315041e+00 2.836748653769735813e+09
3.635646586715152839e+00 3.316721752625044823e+09
3.650189173062013293e+00 3.680860314693374157e+09
3.664789929754260545e+00 4.143144835965559483e+09
3.679449089473277645e+00 4.696519757101708412e+09
3.694166885831170699e+00 4.727763079341237068e+09
3.708943553374495661e+00 5.176293730207057953e+09
3.723779327587993571e+00 5.322877614878117561e+09
3.738674444898345328e+00 6.023915537767039299e+09
3.753629142677938901e+00 6.399724159256777763e+09
3.768643659248651190e+00 6.272692164659473419e+09
3.783718233885645432e+00 6.119705880874124527e+09
3.798853106821188153e+00 6.809244965000929832e+09
3.814048519248473657e+00 7.731299738080274582e+09
3.829304713325467180e+00 8.663743845382646561e+09
3.844621932178768908e+00 7.301893182666672707e+09
3.860000419907484215e+00 8.305471983520766258e+09
3.875440421587113882e+00 8.543189477300139427e+09
3.890942183273462529e+00 9.156110128758844376e+09
3.906505952006555926e+00 9.254745466122470856e+09
3.922131975814582727e+00 9.391473836774250031e+09
3.937820503717840648e+00 1.025932577547599792e+10
3.953571785732711508e+00 1.008570704089497375e+10
3.969386072875642490e+00 1.060446848663713837e+10
3.985263617167145167e+00 1.117386951485277176e+10
4.001204671635814059e+00 1.128002589550399590e+10
4.017209490322357190e+00 1.166670013547881317e+10
4.033278328283646630e+00 1.160527890961459351e+10
4.049411441596781458e+00 1.175051841236445045e+10
4.065609087363168506e+00 1.175486178022554970e+10
4.081871523712622185e+00 1.105336842762359047e+10
4.098199009807472315e+00 1.133440349468812752e+10
4.114591805846702144e+00 1.088632791608970451e+10
4.131050173070089038e+00 1.040810127670923233e+10
4.147574373762369149e+00 1.083839101547998810e+10
4.164164671257418959e+00 1.038174929279204369e+10
4.180821329942449260e+00 1.009089563270007133e+10
4.197544615262219558e+00 1.062157216592706299e+10
4.214334793723269357e+00 1.053096587476168633e+10
4.231192132898162761e+00 1.057221448418641281e+10
4.248116901429755288e+00 9.648068194916486740e+09
4.265109369035473996e+00 1.014403701213715172e+10
4.282169806511615384e+00 9.611555097816709518e+09
4.299298485737661935e+00 6.825729783087780952e+09
4.316495679680612874e+00 6.456379899487438202e+09
4.333761662399335357e+00 7.989489296660988808e+09
4.351096709048932532e+00 8.167323207557017326e+09
4.368501095885127583e+00 9.358273308565105438e+09
4.385975100268668214e+00 8.933392270343667984e+09
4.403519000669743555e+00 8.537028909958505630e+09
4.421133076672422391e+00 8.916978640570871353e+09
4.438817608979111817e+00 7.550623816948481560e+09
4.456572879415028332e+00 8.687276747577434540e+09
4.474399170932688463e+00 7.297396846060560226e+09
4.492296767616419828e+00 7.886429644515927315e+09
4.510265954686884626e+00 8.050705630143098831e+09
4.528307018505633330e+00 6.701183985782187462e+09
4.546420246579655711e+00 7.991955812715855598e+09
4.564605927565974497e+00 7.465390733926548004e+09
4.582864351276237258e+00 8.100017170536015511e+09
4.601195808681342925e+00 7.789075565445567131e+09
4.619600591916067422e+00 6.902421003683550835e+09
4.638078994283731937e+00 7.643434321443881035e+09
4.656631310260867629e+00 7.263970461540181160e+09
4.675257835501911430e+00 6.726950902141994476e+09
4.693958866843916944e+00 8.460329959892708778e+09
4.712734702311292878e+00 6.945589102701154709e+09
4.731585641120538810e+00 6.855704758415917397e+09
4.750511983685020923e+00 7.756877904938336372e+09
4.769514031619761063e+00 6.404703853653468132e+09
4.788592087746240011e+00 5.849902222504959106e+09
4.807746456097224730e+00 6.812326520367507935e+09
4.826977441921613377e+00 6.619714887923337936e+09
4.846285351689299858e+00 5.625480696775137901e+09
4.865670493096057925e+00 6.447523707913845062e+09
4.885133175068442135e+00 6.026257179641052246e+09
4.904673707768715474e+00 5.807487355293581009e+09
4.924292402599791174e+00 5.997964789118009567e+09
4.943989572210189642e+00 5.103720015369099617e+09
4.963765530499030021e+00 4.534392086278212547e+09
4.983620592621027079e+00 5.915422635622139931e+09
5.003555074991511198e+00 5.237619784237362862e+09
5.023569295291476777e+00 3.825972689243584633e+09
5.043663572472643075e+00 5.156202953881969452e+09
5.063838226762532813e+00 5.260102748928195000e+09
5.084093579669583640e+00 4.097818630320056438e+09
5.104429953988261381e+00 4.407183696920674324e+09
5.124847673804215020e+00 4.697670129118119240e+09
5.145347064499431688e+00 3.051433532862503529e+09
5.165928452757428957e+00 3.521288865504976273e+09
5.186592166568458673e+00 4.445951391007357597e+09
5.207338535234733001e+00 2.681605615213701248e+09
5.228167889375671784e+00 3.654120892520218372e+09
5.249080560933174766e+00 3.653281759003800392e+09
5.270076883176907145e+00 3.206100744660473347e+09
5.291157190709615321e+00 3.166158295275822163e+09
5.312321819472453299e+00 3.372067996437979698e+09
5.333571106750343738e+00 3.887955474382328987e+09
5.354905391177344320e+00 2.295362092605342388e+09
5.376325012742054099e+00 2.671750237359138489e+09
5.397830312793021612e+00 2.993081719934305668e+09
5.419421634044193858e+00 1.665565363075033188e+09
5.441099320580370602e+00 2.829842336575150013e+09
5.462863717862692425e+00 2.281377209821315765e+09
5.484715172734142996e+00 2.553474608194676399e+09
5.506654033425078865e+00 2.505728152020766735e+09
5.528680649558780580e+00 2.122118001690451860e+09
5.550795372157015350e+00 1.974279623371309280e+09
5.572998553645643227e+00 1.790242128266364336e+09
5.595290547860225949e+00 2.167878914625349045e+09
5.617671710051667766e+00 2.066601930623981953e+09
5.640142396891874021e+00 1.905102369293702602e+09
5.662702966479441713e+00 2.010774197661210537e+09
5.685353778345359821e+00 1.740330338390495300e+09
5.708095193458740724e+00 1.687826427422858715e+09
5.730927574232576482e+00 1.593050030967148304e+09
5.753851284529505783e+00 1.853158206154694796e+09
5.776866689667624399e+00 1.553139075214783907e+09
5.799974156426294769e+00 2.042509912329924107e+09
5.823174053051999977e+00 1.262861482523800135e+09
5.846466749264207508e+00 1.697662092369717836e+09
5.869852616261264977e+00 1.352728859882299662e+09
5.893332026726310069e+00 1.348700729741883039e+09
5.916905354833215114e+00 1.872662735781445980e+09
5.940572976252548543e+00 1.264234486061985731e+09
5.964335268157558545e+00 1.704850533637787104e+09
5.988192609230189589e+00 1.698074989759908438e+09
6.012145379667110490e+00 1.883794978097483635e+09
6.036193961185778889e+00 1.585763485486008167e+09
6.060338737030522616e+00 1.329652442078018665e+09
6.084580091978644134e+00 1.831934533731571198e+09
6.108918412346558746e+00 1.515564887784674644e+09
6.133354085995945226e+00 1.863381519056895733e+09
6.157887502339929320e+00 1.443754523304866314e+09
6.182519052349287669e+00 1.587499120093455791e+09
6.207249128558685491e+00 1.842774682393153906e+09
6.232078125072920471e+00 1.868249388310528278e+09
6.257006437573212843e+00 2.005351050952932119e+09
6.282034463323505236e+00 1.981705147125037432e+09
6.307162601176800720e+00 2.083798123658800364e+09
6.332391251581507063e+00 1.854687918760066032e+09
6.357720816587833390e+00 1.737408184547039986e+09
6.383151699854184180e+00 1.539374180470329046e+09
6.408684306653601226e+00 1.138621127896373987e+09
6.434319043880215361e+00 1.203550571272305012e+09
6.460056320055736379e+00 1.090587985689363241e+09
6.485896545335958052e+00 8.174436522903330326e+08
6.511840131517302233e+00 1.005901073381185055e+09
6.537887492043371829e+00 1.189925851087802172e+09
6.564039042011545533e+00 9.708087952157407999e+08
6.590295198179591196e+00 9.112133170756272078e+08
6.616656378972309405e+00 9.609031026960891485e+08
6.643123004488199257e+00 1.018361095970256090e+09
6.669695496506150789e+00 1.144442545965256929e+09
6.696374278492176479e+00 1.311878204225444794e+09
6.723159775606144528e+00 1.054275807585355759e+09
6.750052414708568094e+00 1.323822526091270924e+09
6.777052624367403411e+00 1.044057473729282498e+09
6.804160834864871887e+00 1.101221227694516420e+09
6.831377478204331055e+00 1.075992587353499651e+09
6.858702988117148180e+00 9.048074394778093100e+08
6.886137800069615622e+00 1.295878850987732649e+09
6.913682351269895499e+00 1.292216276412884474e+09
6.941337080674975013e+00 1.321431148893282652e+09
6.969102428997675069e+00 1.046307764125038147e+09
6.996978838713665994e+00 1.185036458306539536e+09
7.024966754068519670e+00 1.072989153128246069e+09
7.053066621084793653e+00 9.104615917520400286e+08
7.081278887569133929e+00 1.001265943895447016e+09
7.109604003119409654e+00 9.144084993816983700e+08
7.138042419131887861e+00 9.066441158787293434e+08
7.166594588808414379e+00 8.059206279804762602e+08
7.195260967163648047e+00 7.879847151453582048e+08
7.224042011032302923e+00 7.885618111110800505e+08
7.252938179076432235e+00 7.451897774139436483e+08
7.281949931792737196e+00 6.876850546269495487e+08
7.311077731519908696e+00 7.036636829613274336e+08
7.340322042445988515e+00 5.970490830515599251e+08
7.369683330615771411e+00 6.369788241196197271e+08
7.399162063938235612e+00 6.454849289014406204e+08
7.428758712193988423e+00 6.292026754286754131e+08
7.458473747042765112e+00 5.715468680772904158e+08
7.488307642030935796e+00 6.504339767276859283e+08
7.518260872599060285e+00 7.190003199827286005e+08
7.548333916089456253e+00 7.334986497154264450e+08
7.578527251753813587e+00 7.212295005786657333e+08
7.608841360760829176e+00 7.383785913031057119e+08
7.639276726203872769e+00 9.040779043229868412e+08
7.669833833108687493e+00 4.273149391475099325e+08
7.700513168441122325e+00 4.472780454541346431e+08
7.731315221114887670e+00 4.500257855386790037e+08
7.762240481999347352e+00 4.984380534934937358e+08
7.793289443927344351e+00 5.507763703092143536e+08
7.824462601703054077e+00 5.785370330860561132e+08
7.855760452109866065e+00 6.273222649196497202e+08
7.887183493918306532e+00 6.007149391309996843e+08
7.918732227893980458e+00 6.176699773360009193e+08
7.950407156805555431e+00 6.877039137848339081e+08
7.982208785432777454e+00 7.003528348438149691e+08
8.014137620574508958e+00 6.474102379484633207e+08
8.046194171056805899e+00 6.513958571832422018e+08
8.078378947741034821e+00 6.459286637256288528e+08
8.110692463531997021e+00 7.629074336064474583e+08
8.143135233386125549e+00 6.741492036543436050e+08
8.175707774319670662e+00 6.644293716131926775e+08
8.208410605416949224e+00 6.785843129028370380e+08
8.241244247838615422e+00 7.234134917748162746e+08
8.274209224829968790e+00 7.497127504724161625e+08
8.307306061729288871e+00 7.215214987743057013e+08
8.340535285976207192e+00 7.274252347808239460e+08
8.373897427120111203e+00 7.342488507966266870e+08
8.407393016828594412e+00 7.535319476628254652e+08
8.441022588895906509e+00 8.036939745527800322e+08
8.474786679251490540e+00 8.205672925290277004e+08
8.508685825968495209e+00 7.899769535513919592e+08
8.542720569272368891e+00 8.417266185111920834e+08
8.576891451549458978e+00 8.753875803067940474e+08
8.611199017355655627e+00 8.685544836844692230e+08
8.645643813425078150e+00 8.272770259428462982e+08
8.680226388678779159e+00 9.262205343910952806e+08
8.714947294233493125e+00 9.570246123764506578e+08
8.749807083410427566e+00 9.440393646846851110e+08
8.784806311744070229e+00 8.601016463549498320e+08
8.819945536991047774e+00 9.388244907470546961e+08
8.855225319139009343e+00 1.023027977200235367e+09
8.890646220415566958e+00 1.020624902487262487e+09
8.926208805297228821e+00 9.026085207046908140e+08
8.961913640518417878e+00 8.883819727386403084e+08
8.997761295080492161e+00 1.023892520679200172e+09
9.033752340260813085e+00 1.007137394400742054e+09
9.069887349621856387e+00 9.690413121004465818e+08
9.106166899020346150e+00 1.005742035677956223e+09
9.142591566616424359e+00 1.019534715900423646e+09
9.179161932882891506e+00 1.004926076996845126e+09
9.215878580614422333e+00 1.008899924186267138e+09
9.252742094936881045e+00 1.068588789371724367e+09
9.289753063316627646e+00 9.558660281330171824e+08
9.326912075569895322e+00 1.008009109747929454e+09
9.364219723872173162e+00 1.053262360048156977e+09
9.401676602767663482e+00 1.020985869911168456e+09
9.439283309178733816e+00 9.484910808125913143e+08
9.477040442415447075e+00 9.660919783878431320e+08
9.514948604185111236e+00 1.002617326173974633e+09
9.553008398601852136e+00 1.062312009890647173e+09
9.591220432196260859e+00 1.039013913885717392e+09
9.629585313925044687e+00 9.747289144762685299e+08
9.668103655180747324e+00 9.629736106467833519e+08
9.706776069801470896e+00 9.955194387624225616e+08
9.745603174080676112e+00 1.023121528524283648e+09
9.784585586776998412e+00 1.063987534052697301e+09
9.823723929124106746e+00 9.372255437505133152e+08
9.863018824840601440e+00 9.619844100289748907e+08
9.902470900139965337e+00 8.365599222779930830e+08
9.942080783740523842e+00 9.843935607732522488e+08
9.981849106875488431e+00 1.021714440800513983e+09
1.002177650330298952e+01 9.818293572602795362e+08
1.006186360931619994e+01 8.912341787015476227e+08
1.010211106375346723e+01 8.908381597593818903e+08
1.014251950800847979e+01 9.674927376301159859e+08
1.018308958604051284e+01 9.608308175342694521e+08
1.022382194438467451e+01 9.529677463904756308e+08
1.026471723216221399e+01 8.696928438594994545e+08
1.030577610109086173e+01 8.271824142669563293e+08
1.034699920549522467e+01 5.088905220062823892e+08
1.038838720231720458e+01 4.925408403762852550e+08
1.042994075112647501e+01 5.460328227057721615e+08
1.047166051413097954e+01 5.814912262964462042e+08
1.051354715618750468e+01 6.020186282152550220e+08
1.055560134481225454e+01 6.673047223380931616e+08
1.059782375019150358e+01 6.757586536446766853e+08
1.064021504519226902e+01 6.488456761396954060e+08
1.068277590537303823e+01 6.137606718174540997e+08
1.072550700899452991e+01 4.775633440505464673e+08
1.076840903703050856e+01 5.131635441334670186e+08
1.081148267317863088e+01 6.096147476036447287e+08
1.085472860387134553e+01 6.143086946990212202e+08
1.089814751828683015e+01 6.271382316670149565e+08
1.094174010835997635e+01 5.829358505401201248e+08
1.098550706879341909e+01 5.298194876354039907e+08
1.102944909706859100e+01 5.359819079459667206e+08
1.107356689345686540e+01 6.556439628491659164e+08
1.111786116103069233e+01 6.706291435967050791e+08
1.116233260567481622e+01 6.705471820590043068e+08
1.120698193609751492e+01 6.687498844083924294e+08
1.125180986384190440e+01 5.397243453634138107e+08
1.129681710329727373e+01 6.720161092733781338e+08
1.134200437171046083e+01 6.501097151807581186e+08
1.138737238919730466e+01 6.330946725807727575e+08
1.143292187875409383e+01 6.661384631524755955e+08
1.147865356626910938e+01 6.221083642972967625e+08
1.152456818053418530e+01 5.725991502768689394e+08
1.157066645325632237e+01 5.610185964706026316e+08
1.161694911906934635e+01 5.680684351949656010e+08
1.166341691554562487e+01 5.517826058234940767e+08
1.171007058320780736e+01 4.306525493683829308e+08
1.175691086554063958e+01 4.736117031399973631e+08
1.180393850900279951e+01 5.083046736335186958e+08
1.185115426303881137e+01 5.599032716662317514e+08
1.189855888009096674e+01 5.184454154913652539e+08
1.194615311561133097e+01 5.241356685662022233e+08
1.199393772807377623e+01 4.925211585288707018e+08
1.204191347898607134e+01 5.374705958176691532e+08
1.209008113290201614e+01 4.062163995551718473e+08
1.213844145743362368e+01 5.147807330969251990e+08
1.218699522326335938e+01 5.548001378219479322e+08
1.223574320415641381e+01 4.578781325505330563e+08
1.228468617697303777e+01 4.130000145738150477e+08
1.233382492168093059e+01 4.886867007437449694e+08
1.238316022136765504e+01 3.433954855831992626e+08
1.243269286225312520e+01 3.998915146547979116e+08
1.248242363370213859e+01 4.536726558969029784e+08
1.253235332823694748e+01 3.567749865646836758e+08
1.258248274154989410e+01 3.618976185994895697e+08
1.263281267251609385e+01 4.237088116289576292e+08
1.268334392320615756e+01 4.046301516274616122e+08
1.273407729889898299e+01 3.601994492252865434e+08
1.278501360809457665e+01 4.145191241642050743e+08
1.283615366252695544e+01 3.677729752271691561e+08
1.288749827717706253e+01 3.734449334600897431e+08
1.293904827028577031e+01 3.815512723208306432e+08
1.299080446336691352e+01 3.809359759563724399e+08
1.304276768122038099e+01 3.185225399159554839e+08
1.309493875194526424e+01 3.884853400669546723e+08
1.314731850695304693e+01 3.324945116988151073e+08
1.319990778098085649e+01 3.660956175067866445e+08
1.325270741210477965e+01 3.040005119833251834e+08
1.330571824175319939e+01 2.888198745736680031e+08
1.335894111472021173e+01 3.338617075911043286e+08
1.341237687917909227e+01 2.912438842246036530e+08
1.346602638669580898e+01 2.694819136624300480e+08
1.351989049224258999e+01 3.202596458107964396e+08
1.357397005421156067e+01 3.101806452905390859e+08
1.362826593442840917e+01 3.015279415096291900e+08
1.368277899816612297e+01 2.923471456053866744e+08
1.373751011415878942e+01 2.776518150652636290e+08
1.379246015461542463e+01 3.036524448126508594e+08
1.384762999523388416e+01 2.746533622732703686e+08
1.390302051521481808e+01 2.953253931566804051e+08
1.395863259727567751e+01 3.035262079866972566e+08
1.401446712766477987e+01 2.484404913936370015e+08
1.407052499617543972e+01 2.816602595032202005e+08
1.412680709616014063e+01 2.606558802184970081e+08
1.418331432454478147e+01 2.205212137271508873e+08
1.424004758184296193e+01 2.455036284167558849e+08
1.429700777217033369e+01 2.749458807834835649e+08
1.435419580325901379e+01 2.204022388393616378e+08
1.441161258647204946e+01 2.139492316103727818e+08
1.446925903681793812e+01 2.123449527637945116e+08
1.452713607296521126e+01 1.981928236215360761e+08
1.458524461725707155e+01 2.458725750025465190e+08
1.464358559572609764e+01 2.369524284408918917e+08
1.470215993810900557e+01 2.293875189366776943e+08
1.476096857786143879e+01 2.411731621447972357e+08
1.482001245217288599e+01 2.161577305990059078e+08
1.487929250198157760e+01 1.879363109643187225e+08
1.493880967198950316e+01 1.982200348388167322e+08
1.499856491067746056e+01 2.050678220799428821e+08
1.505855917032016933e+01 2.025177576568832397e+08
1.511879340700144958e+01 2.115906265657632053e+08
1.517926858062945605e+01 1.807885414205918908e+08
1.523998565495197433e+01 2.198081505473279953e+08
1.530094559757178274e+01 2.108059200492485166e+08
1.536214937996206764e+01 1.846617917960689068e+08
1.542359797748191674e+01 1.828151690018572211e+08
1.548529236939184450e+01 1.776827100482690334e+08
1.554723353886941339e+01 1.553083716420797706e+08
1.560942247302489072e+01 1.618133178877890706e+08
1.567186016291699069e+01 1.727723098564908504e+08
1.573454760356865556e+01 1.419295687393202782e+08
1.579748579398293096e+01 1.491855801813904047e+08
1.586067573715886247e+01 1.633506308073420525e+08
1.592411844010749888e+01 1.706706990640482306e+08
1.598781491386792730e+01 1.273840733667599261e+08
1.605176617352340074e+01 1.608416213339233696e+08
1.611597323821749228e+01 1.422109723065637350e+08
1.618043713117036120e+01 1.603108926169341505e+08
1.624515887969504391e+01 1.300178316650779694e+08
1.631013951521382310e+01 1.432215962184550464e+08
1.637538007327468037e+01 1.498345807264214754e+08
1.644088159356778078e+01 1.437607036889669597e+08
1.650664511994205341e+01 1.359277327394236922e+08
1.657267170042182158e+01 1.341638199664318413e+08
1.663896238722350418e+01 1.100803398543830663e+08
1.670551823677240222e+01 1.275113056154191196e+08
1.677234030971949608e+01 1.468302195648390949e+08
1.683942967095837062e+01 1.339294954577705413e+08
1.690678738964220429e+01 1.123581175339230001e+08
1.697441453920077237e+01 1.227296095545672029e+08
1.704231219735757108e+01 1.413304686548944116e+08
1.711048144614700561e+01 9.924642580636224151e+07
1.717892337193159236e+01 1.195536995334469527e+08
1.724763906541932101e+01 1.095210588127534539e+08
1.731662962168099895e+01 1.127543700205241293e+08
1.738589614016772344e+01 8.974339944379898906e+07
1.745543972472839300e+01 1.172297248064924777e+08
1.752526148362730751e+01 1.058655790478034019e+08
1.759536252956181812e+01 1.058552025457431674e+08
1.766574397968006238e+01 1.079324777168474495e+08
1.773640695559878466e+01 9.931538468477296829e+07
1.780735258342117433e+01 1.038019341408766508e+08
1.787858199375486024e+01 1.104773067307621837e+08
1.795009632172988034e+01 9.095149104300972819e+07
1.802189670701679702e+01 1.021653629292463809e+08
1.809398429384486562e+01 1.011773875901208967e+08
1.816636023102024211e+01 7.773341521288116276e+07
1.823902567194432578e+01 9.228813375112125278e+07
1.831198177463210186e+01 9.305219089943647385e+07
1.838522970173062987e+01 9.146309802882072330e+07
1.845877062053754969e+01 9.198538430102574825e+07
1.853260570301970134e+01 7.791154965055249631e+07
1.860673612583178027e+01 7.226329549255745113e+07
1.868116307033510637e+01 8.171097775365047157e+07
1.875588772261644976e+01 7.958755025221768022e+07
1.883091127350691352e+01 1.015556923249261230e+08
1.890623491860094063e+01 8.727334319782628119e+07
1.898185985827534594e+01 6.955656293359012902e+07
1.905778729770844748e+01 8.657783440207993984e+07
1.913401844689928311e+01 8.455270695823061466e+07
1.921055452068688041e+01 7.332053146987323463e+07
1.928739673876962968e+01 6.486176376131279767e+07
1.936454632572470658e+01 6.662988045115188509e+07
1.944200451102760141e+01 5.500867518535314500e+07
1.951977252907171589e+01 7.276737214656917751e+07
1.959785161918800256e+01 6.129985059443707764e+07
1.967624302566475691e+01 6.691038851880454272e+07
1.991079942767366973e+01 6.417734556734304875e+07
2.030901541622714390e+01 5.792055062267294526e+07
2.071519572455168756e+01 5.713506389693064988e+07
2.112949963904272010e+01 4.710986433556825668e+07
2.155208963182357707e+01 4.597638429303672910e+07
2.198313142446004420e+01 4.262042760464509577e+07
2.242279405294924643e+01 3.797766755707309395e+07
2.287124993400822959e+01 3.970509342857177556e+07
2.332867493268839709e+01 3.846463947201152146e+07
2.379524843134216638e+01 2.871184893135784939e+07
2.427115339996900900e+01 3.540004068191785365e+07
2.475657646796839018e+01 2.975420657172211260e+07
2.525170799732775961e+01 2.305198054618134350e+07
2.575674215727431715e+01 2.650327177724153176e+07
2.627187700041980278e+01 2.377859448546107858e+07
2.679731454042819649e+01 1.885092166847607493e+07
2.733326083123676042e+01 2.279029330302995443e+07
2.787992604786149542e+01 1.829784315396569297e+07
2.843752456881871993e+01 1.390702080587214231e+07
2.900627506019509738e+01 1.646183609595362283e+07
2.958640056139899599e+01 1.440630931884600222e+07
3.017812857262697435e+01 1.382493143636000156e+07
3.078169114407952023e+01 1.106162851520178281e+07
3.139732496696110431e+01 1.249118303649754822e+07
3.202527146630033172e+01 1.117501503967645206e+07
3.266577689562632969e+01 1.010235641789996438e+07
3.331909243353885586e+01 8.390685455438517034e+06
3.398547428220963695e+01 9.757662621986333281e+06
3.466518376785383282e+01 7.555500418591069058e+06
3.535848744321090464e+01 6.541658642077400349e+06
3.606565719207512188e+01 6.269223640636960976e+06
3.678697033591662802e+01 6.616660621099228039e+06
3.752270974263496583e+01 5.700801878323159181e+06
3.827316393748766643e+01 6.336102526160904206e+06
3.903862721623740839e+01 4.929504149133394472e+06
3.981939976056215613e+01 4.477978227132766508e+06
4.061578775577340394e+01 3.807755780300647952e+06
4.142810351088887444e+01 4.607654508255512454e+06
4.225666558110664539e+01 4.048135628084684256e+06
4.310179889272878029e+01 3.229725368719155435e+06
4.396383487058335504e+01 2.980090669667606242e+06
4.484311156799503095e+01 2.826188232901548501e+06
4.573997379935492091e+01 2.831712513677367009e+06
4.665477327534202345e+01 2.345589201410739217e+06
4.758786874084886165e+01 2.352744882200857159e+06
4.853962611566583973e+01 2.307130368832906242e+06
4.951041863797915710e+01 1.854982223657095572e+06
5.050062701073873939e+01 1.831857249871094013e+06
5.151063955095351332e+01 1.613180206674525514e+06
5.254085234197258103e+01 1.854266726615029154e+06
5.359166938881203635e+01 1.594680415048148250e+06
5.466350277658827395e+01 1.469390370014599292e+06
5.575677283212004198e+01 1.213163823311525164e+06
5.687190828876244098e+01 1.130529982917715097e+06
5.800934645453768468e+01 1.101962230121778557e+06
5.916953338362844050e+01 1.041579046430840506e+06
6.035292405130100946e+01 9.600500020935939392e+05
6.155998253232701956e+01 1.000730692090746830e+06
6.279118218297357146e+01 7.847602206279058009e+05
6.404700582663303976e+01 7.156782267190089915e+05
6.532794594316570169e+01 6.524884213819764555e+05
6.663450486202900436e+01 5.821292677880111150e+05
6.796719495926959098e+01 6.506054538896998856e+05
6.932653885845499531e+01 6.396484337754119188e+05
7.071306963562409464e+01 5.116482970897677587e+05
7.212733102833657028e+01 4.411536866007832577e+05
7.356987764890331505e+01 4.545901155940645840e+05
7.504127520188137623e+01 3.855976028638467542e+05
7.654210070591901172e+01 3.973513838216669974e+05
7.807294272003738911e+01 3.452116218198456918e+05
7.963440157443814371e+01 3.367933325530992588e+05
8.122708960592690630e+01 2.873360356747000478e+05
8.285163139804545551e+01 2.634338342863815487e+05
8.450866402600635752e+01 2.557497944350624457e+05
8.619883730652648524e+01 2.660177068454950931e+05
8.792281405265701721e+01 2.920747590181115665e+05
8.968127033371015955e+01 2.219038049440902541e+05
9.147489574038435478e+01 2.053497896314294194e+05
9.330439365519204387e+01 1.768575941468267411e+05
9.517048152829590890e+01 1.508863645325624384e+05
9.707389115886181230e+01 1.724084892393825285e+05
9.901536898203904968e+01 1.293370939503208356e+05
