# Wavelength [um]       Fp [W/m2/m]  
1.000553076518779783e-01 4.282936134642774318e-14
1.004555288824854897e-01 6.694039638345880178e-82
1.008573509980154326e-01 2.138280252255349254e-77
1.012607804020075053e-01 5.973838702709153213e-77
1.016658235236155422e-01 6.336457574036839757e-82
1.020724868177099870e-01 5.827493180963778485e-54
1.024807767649808382e-01 1.147120130826006570e-58
1.028906998720407612e-01 3.776784330837313199e-75
1.033022626715289355e-01 2.409728966628619839e-49
1.037154717222150413e-01 4.587373067582464896e-79
1.041303336091038839e-01 7.118437020735011657e-72
1.045468549435403099e-01 1.107533465940781462e-67
1.049650423633144702e-01 4.504209686406149879e-81
1.053849025327677214e-01 9.851578370797934141e-58
1.058064421428987906e-01 7.718183820051290494e-75
1.062296679114703990e-01 5.826786859229793766e-57
1.066545865831162732e-01 5.975972557775433785e-65
1.070812049294487533e-01 5.683213932571616326e-68
1.075095297491665408e-01 5.335462015391134049e-51
1.079395678681632220e-01 4.107067860224840512e-68
1.083713261396358624e-01 2.589541517349138595e-48
1.088048114441943909e-01 2.887261331950459680e-53
1.092400306899711654e-01 6.238501825667173810e-32
1.096769908127310511e-01 4.773279175195047659e-52
1.101156987759819850e-01 1.005231256051713462e-53
1.105561615710859147e-01 3.840560958060227045e-33
1.109983862173702651e-01 4.963694824200792262e-40
1.114423797622397516e-01 1.613935804799385911e-46
1.118881492812886930e-01 1.615448260476262062e-52
1.123357018784138517e-01 9.759521154357223963e-47
1.127850446859275102e-01 2.905406351351298906e-24
1.132361848646712132e-01 9.082658214059594141e-31
1.136891296041298988e-01 1.226966558487606252e-29
1.141438861225464035e-01 1.283029739335280115e-28
1.146004616670366072e-01 2.331906882451132889e-27
1.150588635137047705e-01 6.693823401127947473e-29
1.155190989677595953e-01 8.779282344984679352e-31
1.159811753636306314e-01 3.107495455274774312e-27
1.164451000650851553e-01 3.190362622493961516e-31
1.169108804653455069e-01 6.286391897553412440e-33
1.173785239872068981e-01 5.032474144803962031e-25
1.178480380831557206e-01 2.863769276671854699e-23
1.183194302354883543e-01 7.921686661223248807e-24
1.187927079564302935e-01 2.313217628101876759e-26
1.192678787882560099e-01 1.777403799653266534e-22
1.197449503034090645e-01 5.916212871179620024e-21
1.202239301046226783e-01 5.032814915369570330e-30
1.207048258250411760e-01 4.026057814802428470e-21
1.211876451283413342e-01 1.292886171038252027e-22
1.216723957088547137e-01 1.768759266934292319e-20
1.221590852916901310e-01 6.215798219342329902e-19
1.226477216328568792e-01 2.454950546033798174e-18
1.231383125193883099e-01 1.275206664705077181e-19
1.236308657694658586e-01 1.477706442510328782e-18
1.241253892325437369e-01 9.880451053693812472e-19
1.246218907894739159e-01 1.707866461879338394e-20
1.251203783526317892e-01 2.114105332326843543e-19
1.256208598660423226e-01 9.311860997766658455e-20
1.261233433055065078e-01 3.262753672684692866e-18
1.266278366787285392e-01 7.449821773218310182e-22
1.271343480254434610e-01 1.037299671215253209e-17
1.276428854175452321e-01 2.504423101770017736e-18
1.281534569592154005e-01 3.756314577826946674e-19
1.286660707870522780e-01 1.364555853547677990e-19
1.291807350702004475e-01 4.446399506902356756e-17
1.296974580104812425e-01 4.141360376723380258e-17
1.302162478425231973e-01 1.048158878802390784e-17
1.307371128338932764e-01 5.332865524555838902e-17
1.312600612852288795e-01 7.126842770369243704e-17
1.317851015303697915e-01 1.671845546654232398e-16
1.323122419364912705e-01 1.825049327524579296e-16
1.328414909042372472e-01 4.322912475091220836e-16
1.333728568678542170e-01 1.201125853301274433e-15
1.339063482953256612e-01 3.813450084466725152e-16
1.344419736885069383e-01 5.979640020866317846e-16
1.349797415832609815e-01 7.987092324478925383e-16
1.355196605495940232e-01 2.422722625186946597e-15
1.360617391917924301e-01 1.874277378416340272e-15
1.366059861485595939e-01 1.302660794319097673e-15
1.371524100931538481e-01 1.484478542767672812e-15
1.377010197335264696e-01 3.074159208791906448e-15
1.382518238124605670e-01 1.165796719233762768e-14
1.388048311077104136e-01 1.338142053615476725e-14
1.393600504321412248e-01 1.214146424220779833e-14
1.399174906338697677e-01 4.134292428537447869e-15
1.404771605964052761e-01 2.186356138954599356e-14
1.410390692387908651e-01 2.934449180308634272e-14
1.416032255157460562e-01 7.622112453688563265e-14
1.421696384178090522e-01 5.349302201312974380e-14
1.427383169714803168e-01 4.820638448283379483e-14
1.433092702393662099e-01 2.627808366865388987e-13
1.438825073203236771e-01 1.299874818608851957e-13
1.444580373496049674e-01 4.381275354526600932e-13
1.450358694990033503e-01 4.792025722029743746e-13
1.456160129769993872e-01 6.838390566946120054e-13
1.461984770289073976e-01 9.205056032048446071e-13
1.467832709370230082e-01 8.365253536857543547e-13
1.473704040207710897e-01 1.238031875985332253e-12
1.479598856368541382e-01 1.636254064322396567e-12
1.485517251794015725e-01 1.702196907647557176e-12
1.491459320801191979e-01 4.197178699974662496e-12
1.497425158084396690e-01 3.020448694062117270e-12
1.503414858716734248e-01 7.203966271746834683e-12
1.509428518151600951e-01 7.428423653086147911e-12
1.515466232224207677e-01 5.428600953280427314e-12
1.521528097153104220e-01 1.200471976696966320e-11
1.527614209541716672e-01 6.951228640445524405e-12
1.533724666379883694e-01 1.122282984282308502e-11
1.539859565045403056e-01 1.567425521277981117e-11
1.546019003305584838e-01 1.956312479580384189e-12
1.552203079318807133e-01 6.483191653116893801e-12
1.558411891636082569e-01 8.576875966841615968e-12
1.564645539202626778e-01 7.890789221261019737e-12
1.570904121359437411e-01 8.611252049837735738e-12
1.577187737844875093e-01 8.768519631472011430e-12
1.583496488796254653e-01 9.345078785731824001e-12
1.589830474751439959e-01 1.227603715962297681e-11
1.596189796650445414e-01 9.555641432822521722e-12
1.602574555837047166e-01 1.268704377372582903e-11
1.608984854060395708e-01 1.561200184761672663e-11
1.615420793476636807e-01 1.609782928505901654e-11
1.621882476650543525e-01 1.846904248002391623e-11
1.628370006557145755e-01 1.808024944906022984e-11
1.634883486583374457e-01 2.379058987866975593e-11
1.641423020529707844e-01 3.318441847719935128e-11
1.647988712611826723e-01 4.200387768077498771e-11
1.654580667462274002e-01 4.026909025582973971e-11
1.661198990132123077e-01 8.585686777465784469e-11
1.667843786092651215e-01 9.933054512668553386e-11
1.674515161237022098e-01 1.715476381385157992e-10
1.681213221881969755e-01 2.370229772378669833e-10
1.687938074769497754e-01 2.743040228465568344e-10
1.694689827068575905e-01 7.957239330146302225e-10
1.701468586376850278e-01 6.436683746761748275e-10
1.708274460722357391e-01 3.890803485884400377e-10
1.715107558565246715e-01 1.333304340875766136e-09
1.721967988799507909e-01 1.400396354961902376e-09
1.728855860754705820e-01 2.562256279170826889e-09
1.735771284197724640e-01 1.986913015515473322e-09
1.742714369334515678e-01 1.752121979076637178e-09
1.749685226811853456e-01 1.649565801483995341e-09
1.756683967719100681e-01 3.392114077306269546e-09
1.763710703589977391e-01 8.819443905900375572e-09
1.770765546404337309e-01 1.167038378351572922e-08
1.777848608589954471e-01 6.566652768540510945e-09
1.784960003024314568e-01 1.988838496417228588e-08
1.792099843036411844e-01 1.675358603490545621e-08
1.799268242408557650e-01 1.868301667879482097e-08
1.806465315378191772e-01 3.048493750083129958e-08
1.813691176639704306e-01 1.399787023662099533e-08
1.820945941346263086e-01 1.565010284953296560e-08
1.828229725111648329e-01 1.123012682082613079e-08
1.835542644012094771e-01 1.819647775375186184e-08
1.842884814588143239e-01 5.344848342229157962e-08
1.850256353846495561e-01 1.066288079091491120e-07
1.857657379261881403e-01 7.305189518790893980e-08
1.865088008778928996e-01 2.071096791019037611e-07
1.872548360814044743e-01 2.254433621141871141e-07
1.880038554257300876e-01 1.424055865524525090e-07
1.887558708474330049e-01 4.457306691933954094e-07
1.895108943308226879e-01 3.822989095279813002e-07
1.902689379081460019e-01 3.215389659610053698e-07
1.910300136597785636e-01 9.537203687811399823e-07
1.917941337144176972e-01 7.197761385991195560e-07
1.925613102492753359e-01 9.123780903741996491e-07
1.933315554902724498e-01 1.744544808990321170e-06
1.941048817122335568e-01 1.663122474313660331e-06
1.948813012390824828e-01 1.649797535116404053e-06
1.956608264440388156e-01 3.022856754605956711e-06
1.964434697498149418e-01 2.241871326802821258e-06
1.972292436288141937e-01 2.729176638199979203e-06
1.980181606033294406e-01 4.104448848517167182e-06
1.988102332457427346e-01 3.613735413741508996e-06
1.996054741787257336e-01 3.235402703342123104e-06
2.004038960754406518e-01 3.682073333725334651e-06
2.012055116597424309e-01 3.155260389612030730e-06
2.020103337063813842e-01 2.607127829007253182e-06
2.028183750412069219e-01 2.841649407818202703e-06
2.036296485413717494e-01 4.763507388840041026e-06
2.044441671355372303e-01 7.304623648821342156e-06
2.052619438040793887e-01 1.138887431993373359e-05
2.060829915792957157e-01 1.468287509971024988e-05
2.069073235456129201e-01 1.808741871768658612e-05
2.077349528397953449e-01 2.188418715891522656e-05
2.085658926511545219e-01 2.873313366751974161e-05
2.094001562217591150e-01 3.440905575912323218e-05
2.102377568466461677e-01 3.974590413592148580e-05
2.110787078740327671e-01 3.980940239074641301e-05
2.119230227055288740e-01 5.507967195110747335e-05
2.127707147963510126e-01 6.589402126566436268e-05
2.136217976555363773e-01 8.276246479275657425e-05
2.144762848461585492e-01 6.908562962616758910e-05
2.153341899855431840e-01 1.065540187605257358e-04
2.161955267454853669e-01 1.425707882103483752e-04
2.170603088524672986e-01 1.718889035527188425e-04
2.179285500878772042e-01 1.530168756611299374e-04
2.188002642882286852e-01 1.841068764688926504e-04
2.196754653453815986e-01 2.911950258087220278e-04
2.205541672067631020e-01 2.925844431048495544e-04
2.214363838755901703e-01 5.219866381456396290e-04
2.223221294110925284e-01 3.528498918427673569e-04
2.232114179287369160e-01 8.970532212942596961e-04
2.241042636004518529e-01 6.904875525758073134e-04
2.250006806548536520e-01 1.489860177016345127e-03
2.259006833774730438e-01 1.044613327436039662e-03
2.268042861109829667e-01 1.571562591497048262e-03
2.277115032554268836e-01 1.930632056863853304e-03
2.286223492684485714e-01 2.307670749540472604e-03
2.295368386655223802e-01 4.387602068018600296e-03
2.304549860201844658e-01 1.846503162579913931e-03
2.313768059642651864e-01 5.052807341695129094e-03
2.323023131881222503e-01 4.923487831807819501e-03
2.332315224408747223e-01 8.392036286062267911e-03
2.341644485306381973e-01 9.470244629205320716e-03
2.351011063247607502e-01 4.948350081110790624e-03
2.360415107500598020e-01 1.119586578642523325e-02
2.369856767930600405e-01 6.367567177718470341e-03
2.379336195002322851e-01 1.597917300828387635e-02
2.388853539782332114e-01 1.478126050410094074e-02
2.398408953941461863e-01 2.723668853692648439e-02
2.408002589757227141e-01 3.387946656944285095e-02
2.417634600116256582e-01 2.073400131642527330e-02
2.427305138516721306e-01 4.992026029148855654e-02
2.437014359070788505e-01 5.202238526223427334e-02
2.446762416507071713e-01 9.734177040378645673e-02
2.456549466173099938e-01 6.852205465575511578e-02
2.466375664037792625e-01 9.096296554729574324e-02
2.476241166693943785e-01 1.210187653853311285e-01
2.486146131360719436e-01 6.266462302089145786e-02
2.496090715886161993e-01 1.177163258090401371e-01
2.506075078749706586e-01 1.156892374054218353e-01
2.516099379064705155e-01 1.509289041930381714e-01
2.526163776580964138e-01 2.514121502043650258e-01
2.536268431687287994e-01 3.353550436604720852e-01
2.546413505414037437e-01 4.047815277075791363e-01
2.556599159435693491e-01 3.310601275743352279e-01
2.566825556073435988e-01 2.847392384877573401e-01
2.577092858297729827e-01 3.706435564744166578e-01
2.587401229730920682e-01 3.523893001238009859e-01
2.597750834649844576e-01 4.936474018185642021e-01
2.608141837988444123e-01 5.716788095554178328e-01
2.618574405340398092e-01 7.048704142822004304e-01
2.629048702961759298e-01 8.323470944619357770e-01
2.639564897773606367e-01 8.351583704787475249e-01
2.650123157364701054e-01 8.721229572183036849e-01
2.660723649994159445e-01 9.729053984319618875e-01
2.671366544594135917e-01 1.026441085813590615e+00
2.682052010772512096e-01 1.206880632145151955e+00
2.692780218815602478e-01 1.313224751394798107e+00
2.703551339690865030e-01 1.467731332452465898e+00
2.714365545049627904e-01 1.595362833064492447e+00
2.725223007229827243e-01 1.720961700986128218e+00
2.736123899258746106e-01 1.863662410506082390e+00
2.747068394855781692e-01 2.038946054994812851e+00
2.758056668435204806e-01 2.218894242809632100e+00
2.769088895108945403e-01 2.441321508803611096e+00
2.780165250689380918e-01 2.684416180352614312e+00
2.791285911692138466e-01 2.970960416722165487e+00
2.802451055338907038e-01 3.307919242219409028e+00
2.813660859560263017e-01 3.708012030911862933e+00
2.824915502998503469e-01 4.185110787110055242e+00
2.836215165010497197e-01 4.755972103566239895e+00
2.847560025670539119e-01 5.440602607241116218e+00
2.858950265773221866e-01 6.262912696202718621e+00
2.870386066836315142e-01 7.251220744875963575e+00
2.881867611103660631e-01 8.439153935921829941e+00
2.893395081548075787e-01 9.866428328982665974e+00
2.904968661874267610e-01 1.157982097948683631e+01
2.916588536521764197e-01 1.363442800196942173e+01
2.928254890667851273e-01 1.609467644914719386e+01
2.939967910230522619e-01 1.903618092038826859e+01
2.951727781871444911e-01 2.254753198284484839e+01
2.963534692998930908e-01 2.673084585743145780e+01
2.975388831770926501e-01 3.170624373331731505e+01
2.987290387098009981e-01 3.761358619062092856e+01
2.999239548646402409e-01 4.460964669777069957e+01
3.011236506840988536e-01 5.159629418935816147e+01
3.023281452868351593e-01 6.103999652385893171e+01
3.035374578679824742e-01 6.276701791690442178e+01
3.047516076994544187e-01 8.529334900896699878e+01
3.059706141302522830e-01 1.009713876726522273e+02
3.071944965867733357e-01 1.188384995325553604e+02
3.084232745731204095e-01 1.390806834293732948e+02
3.096569676714128194e-01 1.356319789259803770e+02
3.108955955420985018e-01 1.582018811214229288e+02
3.121391779242668751e-01 2.233931565486675197e+02
3.133877346359639215e-01 2.616905065190784399e+02
3.146412855745078230e-01 3.045437112838949361e+02
3.158998507168058190e-01 3.529698495048203881e+02
3.171634501196730627e-01 4.072822039218413011e+02
3.184321039201517545e-01 4.670995921401178066e+02
3.197058323358323295e-01 5.292989448763066775e+02
3.209846556651756444e-01 5.354174072283710757e+02
3.222685942878363852e-01 4.202153441984947335e+02
3.235576686649877520e-01 7.217585606757265850e+02
3.248518993396476984e-01 7.547340280428268215e+02
3.261513069370062801e-01 7.045967841725121161e+02
3.274559121647543369e-01 4.943808475572259908e+02
3.287657358134133401e-01 1.347022527655388728e+02
3.300807987566670154e-01 8.685196752357352556e-01
3.314011219516936890e-01 4.757774637740992318e+01
3.327267264395004642e-01 5.681366446882534547e+02
3.340576333452584534e-01 1.391633160446237071e+03
3.353938638786395088e-01 2.149730187388396189e+03
3.367354393341540630e-01 2.836962594569068642e+03
3.380823810914907468e-01 3.503898793518992989e+03
3.394347106158566718e-01 4.185829325255906042e+03
3.407924494583201014e-01 4.899616796959599014e+03
3.421556192561533982e-01 5.618270332324487754e+03
3.435242417331779707e-01 5.820889357057219058e+03
3.448983387001106626e-01 2.566375090321858806e+03
3.462779320549111417e-01 8.030689476856758120e+03
3.476630437831307319e-01 9.753893301401798453e+03
3.490536959582632992e-01 1.121917636758017215e+04
3.504499107420963600e-01 1.278797776444989177e+04
3.518517103850647421e-01 1.452019469634885354e+04
3.532591172266050239e-01 1.644772334054752355e+04
3.546721536955114717e-01 1.859842512422674918e+04
3.560908423102934761e-01 2.099987386349627195e+04
3.575152056795346533e-01 2.367539340635133703e+04
3.589452665022527800e-01 2.666299208295097924e+04
3.603810475682617254e-01 2.998781758994523261e+04
3.618225717585348278e-01 3.369092738041727716e+04
3.632698620455689364e-01 3.781037085712206317e+04
3.647229414937512293e-01 4.239363922731097409e+04
3.661818332597261971e-01 4.748627915152483183e+04
3.676465605927651259e-01 5.312486555854868493e+04
3.691171468351361895e-01 5.938898738245981804e+04
3.705936154224767076e-01 6.634783225044458231e+04
3.720759898841666247e-01 7.403021347576049448e+04
3.735642938437032656e-01 8.256562240403692704e+04
3.750585510190780902e-01 9.199256421504066384e+04
3.765587852231543908e-01 1.023756488650889514e+05
3.780650203640470441e-01 1.138266481134516798e+05
3.795772804455032068e-01 1.265282420972316031e+05
3.810955895672852312e-01 1.405062233985815838e+05
3.826199719255543585e-01 1.558604594051177264e+05
3.841504518132565771e-01 1.727878022789990646e+05
3.856870536205096456e-01 1.914408406706877868e+05
3.872298018349916715e-01 2.116645327359012736e+05
3.887787210423316320e-01 2.340337419733622519e+05
3.903338359265008939e-01 2.585324596786341572e+05
3.918951712702069545e-01 2.855040802171927062e+05
3.934627519552877928e-01 3.147629594480526284e+05
3.950366029631089404e-01 3.465451490463396767e+05
3.966167493749613859e-01 3.806355616977048339e+05
3.982032163724612550e-01 4.156628096127613680e+05
3.997960292379510450e-01 4.503598829753973987e+05
4.013952133549028578e-01 4.732814281741437735e+05
4.030007942083224659e-01 3.913982317517303163e+05
4.046127973851557647e-01 4.398174703364215384e+04
4.062312485746963908e-01 4.613318782038972131e+05
4.078561735689951728e-01 6.875109843377275392e+05
4.094875982632711353e-01 7.904545019109684508e+05
4.111255486563242245e-01 8.807302459503252758e+05
4.127700508509495880e-01 9.728650840587958228e+05
4.144211310543532978e-01 1.069588652617787244e+06
4.160788155785707931e-01 1.173638897049834253e+06
4.177431308408850463e-01 1.285744067470154259e+06
4.194141033642486138e-01 1.406992037968721474e+06
4.210917597777056320e-01 1.533893373510209844e+06
4.227761268168164221e-01 1.675581233856823761e+06
4.244672313240837602e-01 1.826850024661646690e+06
4.261651002493800910e-01 1.991786027810269268e+06
4.278697606503775730e-01 2.172930374738326296e+06
4.295812396929790666e-01 2.367403334672874771e+06
4.312995646517510107e-01 2.581117206835543271e+06
4.330247629103580187e-01 2.807513798933141865e+06
4.347568619619994745e-01 3.050629056992190890e+06
4.364958894098474596e-01 3.305773363958897069e+06
4.382418729674867897e-01 3.585055682142693084e+06
4.399948404593567730e-01 3.905232550657101441e+06
4.417548198211941890e-01 4.236171678904009052e+06
4.435218391004789873e-01 4.581815457367798313e+06
4.452959264568808750e-01 4.980623609786210582e+06
4.470771101627084021e-01 5.383727944802995771e+06
4.488654186033592119e-01 5.809621738542504609e+06
4.506608802777726241e-01 6.314602311849649064e+06
4.524635237988837710e-01 6.815656383371083997e+06
4.542733778940792333e-01 7.317788939368361607e+06
4.560904714056555065e-01 7.025933906206531450e+06
4.579148332912781894e-01 7.057011426605279557e+06
4.597464926244433370e-01 9.122458804406706244e+06
4.615854785949410899e-01 9.935412015541190282e+06
4.634318205093208576e-01 1.066959309023018181e+07
4.652855477913582227e-01 1.148415952703618072e+07
4.671466899825236219e-01 1.232369515634884685e+07
4.690152767424536906e-01 1.326216794553919509e+07
4.708913378494234969e-01 1.419462146552971750e+07
4.727749032008212171e-01 1.495127783684425615e+07
4.746660028136244769e-01 1.550496313505483046e+07
4.765646668248789131e-01 1.562014007938927971e+07
4.784709254921784560e-01 1.420516494690598547e+07
4.803848091941470555e-01 1.394678816789098084e+07
4.823063484309236815e-01 1.490574230997103825e+07
4.842355738246474361e-01 1.485124548152412660e+07
4.861725161199459966e-01 1.470131754894320853e+07
4.881172061844257226e-01 1.397002166078153066e+07
4.900696750091634302e-01 1.324809949977876432e+07
4.920299537092001074e-01 1.223628420118028112e+07
4.939980735240369625e-01 1.079825993722016364e+07
4.959740658181330253e-01 8.959507963181937113e+06
4.979579620814056362e-01 6.873088773358771577e+06
4.999497939297311566e-01 4.803448222227724269e+06
5.019495931054501758e-01 3.136981802383737639e+06
5.039573914778719965e-01 2.157174248430183157e+06
5.059732210437835054e-01 1.744586024942053016e+06
5.079971139279585435e-01 1.637377835979487747e+06
5.100291023836703852e-01 1.585932622110185213e+06
5.120692187932051054e-01 1.467682965731376084e+06
5.141174956683780550e-01 1.337650945074423915e+06
5.161739656510514473e-01 1.256358943629539572e+06
5.182386615136556074e-01 1.205168019088269677e+06
5.203116161597103329e-01 1.150128027145674219e+06
5.223928626243490303e-01 1.098844098472945159e+06
5.244824340748465152e-01 1.016039793822652660e+06
5.265803638111459239e-01 9.158617555125943618e+05
5.286866852663905103e-01 8.108352805660502054e+05
5.308014320074561088e-01 7.264557567282015225e+05
5.329246377354859288e-01 6.488336640010518022e+05
5.350563362864277916e-01 5.711137374456828693e+05
5.371965616315735881e-01 5.099918515061943908e+05
5.393453478780998456e-01 4.541338875680987258e+05
5.415027292696121819e-01 3.965950160706465831e+05
5.436687401866906466e-01 3.507632011814974248e+05
5.458434151474373941e-01 3.074908669640821754e+05
5.480267888080271321e-01 2.642201773652969860e+05
5.502188959632591247e-01 2.296397896158901858e+05
5.524197715471121928e-01 1.983976740724236006e+05
5.546294506333006025e-01 1.687173153168852441e+05
5.568479684358338400e-01 1.436776792864653398e+05
5.590753603095770519e-01 1.223757704372459266e+05
5.613116617508153716e-01 1.017144986162934219e+05
5.635569083978186899e-01 8.529495204936715891e+04
5.658111360314097560e-01 6.904213431328600564e+04
5.680743805755354980e-01 5.551731178375320451e+04
5.703466780978375672e-01 4.348949864406616689e+04
5.726280648102289872e-01 3.357195968475664995e+04
5.749185770694699160e-01 2.533101322751761836e+04
5.772182513777477375e-01 1.904234599348269330e+04
5.795271243832587071e-01 1.460041482690515295e+04
5.818452328807918184e-01 1.151851918744282193e+04
5.841726138123150003e-01 9.084016745152113799e+03
5.865093042675643131e-01 5.000106325032134009e+03
5.888553414846344758e-01 1.552072321745073623e+03
5.912107628505729462e-01 3.357510744738143330e+03
5.935756059019753339e-01 1.036293775314527920e+04
5.959499083255832552e-01 1.854614053384663930e+04
5.983337079588855190e-01 3.021745460543538138e+04
6.007270427907210886e-01 5.185707947449872881e+04
6.031299509618840426e-01 9.317872181431003264e+04
6.055424707657315331e-01 1.600474335613822623e+05
6.079646406487945187e-01 2.617175706027384440e+05
6.103964992113897203e-01 4.172037852576652076e+05
6.128380852082353503e-01 6.493687376038255170e+05
6.152894375490681744e-01 9.901804079095465131e+05
6.177505952992645710e-01 1.471129050042129587e+06
6.202215976804615893e-01 2.137519481020899955e+06
6.227024840711834486e-01 3.052536761965297628e+06
6.251932940074681477e-01 4.299912703335132450e+06
6.276940671834980723e-01 5.964830467279767618e+06
6.302048434522321552e-01 8.201000491039724089e+06
6.327256628260409244e-01 1.110424645280162431e+07
6.352565654773452142e-01 1.476144694994766265e+07
6.377975917392545435e-01 1.938300901772591472e+07
6.403487821062116003e-01 2.512074440107399970e+07
6.429101772346363930e-01 3.216696381476341188e+07
6.454818179435749537e-01 4.085850784302119166e+07
6.480637452153492628e-01 5.150023881461405009e+07
6.506560001962106154e-01 6.445379323603261262e+07
6.532586241969955410e-01 8.021330375418102741e+07
6.558716586937833881e-01 9.914828647699031234e+07
6.584951453285585732e-01 1.214946329439865053e+08
6.611291259098727169e-01 1.478328458164825141e+08
6.637736424135122215e-01 1.786291333529385030e+08
6.664287369831662922e-01 2.134084281262127757e+08
6.690944519310989547e-01 2.520060771038476229e+08
6.717708297388232941e-01 2.947842099913437366e+08
6.744579130577786907e-01 3.410210277096713781e+08
6.771557447100098326e-01 3.882537104047953486e+08
6.798643676888498355e-01 4.309691556922411323e+08
6.825838251596052508e-01 4.650970321129444838e+08
6.853141604602436265e-01 4.841574888420133591e+08
6.880554171020846210e-01 4.844546054868906736e+08
6.908076387704928933e-01 4.682900938048190475e+08
6.935708693255748791e-01 4.463599044473330379e+08
6.963451528028771209e-01 4.333874029142913222e+08
6.991305334140887062e-01 4.336669577939799428e+08
7.019270555477450380e-01 4.493673112187379003e+08
7.047347637699360456e-01 4.753907013389277458e+08
7.075537028250157290e-01 5.036709565227459073e+08
7.103839176363159202e-01 5.310694245031431317e+08
7.132254533068611568e-01 5.571504400844968557e+08
7.160783551200886610e-01 5.777363409964331388e+08
7.189426685405689854e-01 5.896334801288560629e+08
7.218184392147313222e-01 5.885266993720382452e+08
7.247057129715901436e-01 5.737922705632265806e+08
7.276045358234763949e-01 5.517677526297322512e+08
7.305149539667704639e-01 5.189952250857648253e+08
7.334370137826373703e-01 4.821957537566057444e+08
7.363707618377679509e-01 4.453559654429392815e+08
7.393162448851190449e-01 4.076684281462478638e+08
7.422735098646596752e-01 3.651522841986508369e+08
7.452426039041182282e-01 3.253302104180706143e+08
7.482235743197346300e-01 2.852942809181857705e+08
7.512164686170136330e-01 2.392119740762574673e+08
7.542213344914817652e-01 2.001998865682785809e+08
7.572382198294477229e-01 1.632922739232456684e+08
7.602671727087656484e-01 1.143876795974109024e+08
7.633082413996006288e-01 4.218682474336054176e+07
7.663614743651989691e-01 2.944491814786750823e+06
7.694269202626597970e-01 4.250644335026352666e+06
7.725046279437104424e-01 2.583838122387567908e+07
7.755946464554852593e-01 7.259878150660091639e+07
7.786970250413072225e-01 1.610071424930861294e+08
7.818118131414724115e-01 2.628757600203076005e+08
7.849390603940383793e-01 3.704452481201535463e+08
7.880788166356144098e-01 4.993025711179946065e+08
7.912311319021569922e-01 6.516005614809232950e+08
7.943960564297655180e-01 8.327580515968002081e+08
7.975736406554845281e-01 1.044025373003162503e+09
8.007639352181065151e-01 1.277966704561759710e+09
8.039669909589789443e-01 1.525540436308583260e+09
8.071828589228148276e-01 1.795060137883116007e+09
8.104115903585061842e-01 2.085861373236413479e+09
8.136532367199402760e-01 2.390888471294263840e+09
8.169078496668199518e-01 2.698602302074438095e+09
8.201754810654874328e-01 2.959873297185868740e+09
8.234561829897493190e-01 3.401022639226339340e+09
8.267500077217083687e-01 3.803876188813272953e+09
8.300570077525952772e-01 4.176013941603008270e+09
8.333772357836056743e-01 4.559448192812796593e+09
8.367107447267401188e-01 4.937147557361078262e+09
8.400575877056470908e-01 5.338625607029761314e+09
8.434178180564695371e-01 5.716736444987947464e+09
8.467914893286955236e-01 6.055647332393905640e+09
8.501786552860102208e-01 6.483208533864339828e+09
8.535793699071543283e-01 6.943720857880340576e+09
8.569936873867830540e-01 7.447643015995669365e+09
8.604216621363300899e-01 7.403215084472926140e+09
8.638633487848753623e-01 6.142204493483325005e+09
8.673188021800150027e-01 7.388965284752910614e+09
8.707880773887352044e-01 7.627092712075313568e+09
8.742712296982900755e-01 8.249690183670402527e+09
8.777683146170831563e-01 8.894267622738666534e+09
8.812793878755513788e-01 9.559384665751495361e+09
8.848045054270535781e-01 1.026725582905766678e+10
8.883437234487617795e-01 1.048332599296787262e+10
8.918970983425568155e-01 1.115041896669391823e+10
8.954646867359271623e-01 1.166398353940034676e+10
8.990465454828707736e-01 1.218787310084152985e+10
9.026427316648023558e-01 1.304946174151840591e+10
9.062533025914615292e-01 1.368793727477208710e+10
9.098783158018273198e-01 1.448013802340742111e+10
9.135178290650346478e-01 1.513415730594949341e+10
9.171719003812948134e-01 1.579456026906483078e+10
9.208405879828199803e-01 1.659154641028015900e+10
9.245239503347512100e-01 1.712803975574398422e+10
9.282220461360901620e-01 1.588402073054482460e+10
9.319349343206346781e-01 1.608507674943762970e+10
9.356626740579171431e-01 1.713655913889748955e+10
9.394053247541488405e-01 1.866357624538796997e+10
9.431629460531654185e-01 1.896533267855485153e+10
9.469355978373780180e-01 1.938719197070302582e+10
9.507233402287275092e-01 1.981335736228536987e+10
9.545262335896426142e-01 2.051115643255097198e+10
9.583443385240012491e-01 2.058657874133829498e+10
9.621777158780971950e-01 2.125785419158919525e+10
9.660264267416096562e-01 2.209674675446470642e+10
9.698905324485760371e-01 2.303975627100350952e+10
9.737700945783701600e-01 2.335022194515225220e+10
9.776651749566835914e-01 2.390473753304637909e+10
9.815758356565105203e-01 2.441436330605758667e+10
9.855021389991363012e-01 2.469355363795707321e+10
9.894441475551331022e-01 2.426912661639669800e+10
9.934019241453534432e-01 2.337782034042716217e+10
9.973755318419349480e-01 2.246881892441203690e+10
1.001365033969302543e+00 2.074383787259430695e+10
1.005370494105179757e+00 2.158567344378201675e+10
1.009391976081600362e+00 2.215731292656997681e+10
1.013429543985926884e+00 2.245809907738911438e+10
1.017483262161870350e+00 2.263119212402353668e+10
1.021553195210518128e+00 2.275735663640822601e+10
1.025639407991360219e+00 2.300482179978347778e+10
1.029741965623325539e+00 2.302494948616590881e+10
1.033860933485818867e+00 2.290532187315476608e+10
1.037996377219762012e+00 2.307235159259756088e+10
1.042148362728641198e+00 2.296783112421105576e+10
1.046316956179555557e+00 2.294365396050707626e+10
1.050502224004274066e+00 2.273478139081951141e+10
1.054704232900291139e+00 2.263595617820637131e+10
1.058923049831892227e+00 2.237794660109287262e+10
1.063158742031219628e+00 2.213592070226524734e+10
1.067411376999344741e+00 2.177796653504917526e+10
1.071681022507342096e+00 2.151416533475390625e+10
1.075967746597371377e+00 2.129117849142256546e+10
1.080271617583760779e+00 2.106215273963513565e+10
1.084592704054095913e+00 2.091936371088615036e+10
1.088931074870312044e+00 2.074252483172390747e+10
1.093286799169793433e+00 2.034077996496530151e+10
1.097659946366472461e+00 1.987405630783014679e+10
1.102050586151938294e+00 1.911674552362575150e+10
1.106458788496546219e+00 1.809962619698921585e+10
1.110884623650532532e+00 1.706249107506710625e+10
1.115328162145134749e+00 1.590970031678098488e+10
1.119789474793714934e+00 1.669657199834262657e+10
1.124268632692889902e+00 1.719950983029985428e+10
1.128765707223661430e+00 1.858353333556937027e+10
1.133280770052556230e+00 1.586140035193655205e+10
1.137813893132766374e+00 1.867148273540453720e+10
1.142365148705297484e+00 1.925628404343180466e+10
1.146934609300118479e+00 1.944356011578655243e+10
1.151522347737319096e+00 1.827189292016925049e+10
1.156128437128268516e+00 1.764512496988679123e+10
1.160752950876781542e+00 1.781508180613636780e+10
1.165395962680288999e+00 1.966730556053606033e+10
1.170057546531009907e+00 1.934908122627560043e+10
1.174737776717134086e+00 1.797023699076430893e+10
1.179436727824002773e+00 1.959780132164778137e+10
1.184154474735298557e+00 2.160825031337821960e+10
1.188891092634239977e+00 2.237484883407238770e+10
1.193646657004777012e+00 2.252548721492606354e+10
1.198421243632796118e+00 2.283305496485342407e+10
1.203214928607327261e+00 2.323348005424075699e+10
1.208027788321756724e+00 2.370148048363868332e+10
1.212859899475043468e+00 2.414441976421522903e+10
1.217711339072943710e+00 2.473379546830275726e+10
1.222582184429235275e+00 2.531072588356044769e+10
1.227472513166952384e+00 2.609831606285787964e+10
1.232382403219620226e+00 2.678324883110151291e+10
1.237311932832498407e+00 2.753961432208288193e+10
1.242261180563828615e+00 2.819115004991903687e+10
1.247230225286083849e+00 2.941871216384226608e+10
1.252219146187228072e+00 2.999659811923411942e+10
1.257228022771976983e+00 3.149728008377373123e+10
1.262256934863064783e+00 3.257978564125196457e+10
1.267305962602517155e+00 3.358558938860840225e+10
1.272375186452927354e+00 3.432690730971150589e+10
1.277464687198738957e+00 3.494368000761848450e+10
1.282574545947533950e+00 3.526607626922576904e+10
1.287704844131324133e+00 3.555916297237331390e+10
1.292855663507849417e+00 3.594541906667156219e+10
1.298027086161880783e+00 3.631251121516665649e+10
1.303219194506528344e+00 3.661721497254882812e+10
1.308432071284554521e+00 3.685892278117678070e+10
1.313665799569692760e+00 3.684992447085545349e+10
1.318920462767971591e+00 3.710019815875207520e+10
1.324196144619043336e+00 3.648981989533699799e+10
1.329492929197519491e+00 3.288578817027998734e+10
1.334810900914309650e+00 2.477387307978684616e+10
1.340150144517967101e+00 1.617437099463875580e+10
1.345510745096038852e+00 1.244245136538584900e+10
1.350892788076423212e+00 1.053857823013078499e+10
1.356296359228728932e+00 8.121368201252047539e+09
1.361721544665643879e+00 9.606649659088632584e+09
1.367168430844306393e+00 1.325294705411310577e+10
1.372637104567683730e+00 1.361127958757688904e+10
1.378127652985954299e+00 1.650567753767316437e+10
1.383640163597898098e+00 1.142907445571377182e+10
1.389174724252289828e+00 1.245319905479049492e+10
1.394731423149298877e+00 1.070610139409112740e+10
1.400310348841896202e+00 1.198352219534039497e+10
1.405911590237263642e+00 1.312540562597182465e+10
1.411535236598212784e+00 1.089062828933249283e+10
1.417181377544605603e+00 1.194301698357784081e+10
1.422850103054784210e+00 1.254300234233633232e+10
1.428541503467003038e+00 1.481795069012116241e+10
1.434255669480871243e+00 1.409325463031777954e+10
1.439992692158794885e+00 1.523676464458394051e+10
1.445752662927429988e+00 1.765397805693574905e+10
1.451535673579139596e+00 1.934973045321931076e+10
1.457341816273456159e+00 2.076712955128119659e+10
1.463171183538549913e+00 2.008689727132479477e+10
1.469023868272704147e+00 1.934095443077916336e+10
1.474899963745795128e+00 1.972541584362701035e+10
1.480799563600778246e+00 1.983800269772383499e+10
1.486722761855181485e+00 2.021730892655840683e+10
1.492669652902602007e+00 2.031533144142654800e+10
1.498640331514212276e+00 2.108533619204143906e+10
1.504634892840269300e+00 2.082324150577112198e+10
1.510653432411630304e+00 2.004641124497444916e+10
1.516696046141276843e+00 1.972710866260793686e+10
1.522762830325842032e+00 2.015250443973289108e+10
1.528853881647145307e+00 1.997079908117146683e+10
1.534969297173733649e+00 1.981703256100967789e+10
1.541109174362428780e+00 1.954993574310586166e+10
1.547273611059878373e+00 1.926750885263108063e+10
1.553462705504118135e+00 1.878243219219553375e+10
1.559676556326134556e+00 1.841661926179680634e+10
1.565915262551438980e+00 1.802077006028240967e+10
1.572178923601644795e+00 1.752362637411487961e+10
1.578467639296051495e+00 1.692274289090791512e+10
1.584781509853235626e+00 1.632493140966016579e+10
1.591120635892648405e+00 1.560232921154505920e+10
1.597485118436219098e+00 1.477213945195964622e+10
1.603875058909963958e+00 1.376276276966680717e+10
1.610290559145603595e+00 1.251787585742276955e+10
1.616731721382186127e+00 1.120269836932481956e+10
1.623198648267714761e+00 9.989863398811943054e+09
1.629691442860785600e+00 9.231811780318149567e+09
1.636210208632228769e+00 8.950124856996454239e+09
1.642755049466757766e+00 8.915749884770963669e+09
1.649326069664624805e+00 8.879602399404880524e+09
1.655923373943283039e+00 8.448112416318805695e+09
1.662547067439056336e+00 8.134498322152281761e+09
1.669197255708812611e+00 5.830799461078453064e+09
1.675874044731648027e+00 6.871425472579943657e+09
1.682577540910574321e+00 6.935116065084607124e+09
1.689307851074216771e+00 6.440501824567727089e+09
1.696065082478513508e+00 5.918733230234175682e+09
1.702849342808427480e+00 5.631323595993998528e+09
1.709660740179661298e+00 5.745776536459981918e+09
1.716499383140379864e+00 5.503953091994248390e+09
1.723365380672941427e+00 5.419652064350392342e+09
1.730258842195633306e+00 4.960699797662513733e+09
1.737179877564415831e+00 4.751301407327658653e+09
1.744128597074673603e+00 4.645457586097810745e+09
1.751105111462972097e+00 4.462052232080574989e+09
1.758109531908824241e+00 4.148645593728664875e+09
1.765141970036459451e+00 3.792238309980646133e+09
1.772202537916605314e+00 3.596279590101420879e+09
1.779291348068271716e+00 3.346077457787889957e+09
1.786408513460544745e+00 3.028041362417488575e+09
1.793554147514387020e+00 2.607728435874977589e+09
1.800728364104444257e+00 2.589607942054771900e+09
1.807931277560862249e+00 2.332492412458951473e+09
1.815163002671105641e+00 2.301854427488936901e+09
1.822423654681789795e+00 2.286849610436113358e+09
1.829713349300517100e+00 2.006427922518515348e+09
1.837032202697718830e+00 1.960071110777851105e+09
1.844380331508509885e+00 2.038020191018685579e+09
1.851757852834543527e+00 1.907161481005339861e+09
1.859164884245881888e+00 1.698200288263586760e+09
1.866601543782865358e+00 1.504224208843095064e+09
1.874067949957996859e+00 1.543293830623376608e+09
1.881564221757828781e+00 1.910429628504988909e+09
1.889090478644860127e+00 1.811251392569829226e+09
1.896646840559439662e+00 1.785837002006969690e+09
1.904233427921677269e+00 1.542261798456970453e+09
1.911850361633363971e+00 1.510033640364145279e+09
1.919497763079897279e+00 1.378332563255378962e+09
1.927175754132217200e+00 1.300478698717459440e+09
1.934884457148745796e+00 1.260633987352744579e+09
1.942623994977340729e+00 1.196763246429962397e+09
1.950394490957250149e+00 1.272429130004333735e+09
1.958196068921079336e+00 1.233522559977629185e+09
1.966028853196763793e+00 1.308297414445861340e+09
1.973892968609550991e+00 1.291266655386939764e+09
1.981788540483989447e+00 1.329786284609618902e+09
1.989715694645925126e+00 1.344570342860062838e+09
1.997674557424508723e+00 1.358271346619450331e+09
2.005665255654207169e+00 1.344651535128902197e+09
2.013687916676823786e+00 1.326702029263454914e+09
2.021742668343530891e+00 1.295974563465397596e+09
2.029829639016905052e+00 1.282987682717326641e+09
2.037948957572972564e+00 1.271364871366187572e+09
2.046100753403264694e+00 1.254609306111184597e+09
2.054285156416877811e+00 1.232818863929125309e+09
2.062502297042545507e+00 1.206164234695178270e+09
2.070752306230715600e+00 1.175592354755331278e+09
2.079035315455638244e+00 1.142807144003273726e+09
2.087351456717461140e+00 1.111207909977703810e+09
2.095700862544330967e+00 1.080354881130434275e+09
2.104083665994508134e+00 1.054579474204952955e+09
2.112500000658485977e+00 1.032729357325811505e+09
2.120950000661120161e+00 1.015237716411205649e+09
2.129433800663764753e+00 1.001875164966253161e+09
2.137951535866419839e+00 9.920174725436108112e+08
2.146503342009885351e+00 9.797421743547333479e+08
2.155089355377924676e+00 9.691060076443449259e+08
2.163709712799436691e+00 9.458043760416764021e+08
2.172364551650634468e+00 9.348033150402448177e+08
2.181054009857236853e+00 9.044661710897228718e+08
2.189778225896665376e+00 8.699116394056178331e+08
2.198537338800252705e+00 7.321468843731845617e+08
2.207331488155453325e+00 7.242938876664783955e+08
2.216160814108075083e+00 7.677888780697423220e+08
2.225025457364507631e+00 7.302321042571568489e+08
2.233925559193965515e+00 6.847662906685769558e+08
2.242861261430741493e+00 6.365829466148471832e+08
2.251832706476463830e+00 6.100636794586912394e+08
2.260840037302370042e+00 5.710608942392021418e+08
2.269883397451579299e+00 5.984641490684157610e+08
2.278962931041386142e+00 5.736177672059751749e+08
2.288078782765551100e+00 5.451469198649232388e+08
2.297231097896613505e+00 5.335356265872960687e+08
2.306420022288200311e+00 5.982665477305781841e+08
2.315645702377353121e+00 5.443566443121252060e+08
2.324908285186861878e+00 5.107049996986994147e+08
2.334207918327609654e+00 4.953864062669575810e+08
2.343544750000919663e+00 4.765539293431707621e+08
2.352918929000923143e+00 5.106050596345357299e+08
2.362330604716927240e+00 5.598744281801662445e+08
2.371779927135795329e+00 4.560659321750709414e+08
2.381267046844337987e+00 5.327965448332366347e+08
2.390792115031715070e+00 5.830038935211942196e+08
2.400355283491842240e+00 6.114079928585871458e+08
2.409956704625809465e+00 6.522309370773967505e+08
2.419596531444312859e+00 6.683558718357458115e+08
2.429274917570089620e+00 7.095887503487135172e+08
2.438992017240370291e+00 7.568823802458438873e+08
2.448747985309331465e+00 8.087021266316416264e+08
2.458542977250568917e+00 8.765602852628669739e+08
2.468377149159570738e+00 9.274457718399584293e+08
2.478250657756209563e+00 9.667823623045315742e+08
2.488163660387234355e+00 1.008282723319318175e+09
2.498116315028783063e+00 1.083131705742439270e+09
2.508108780288898387e+00 1.039565306105570912e+09
2.518141215410053757e+00 1.075744943585494518e+09
2.528213780271693967e+00 1.011594659074902415e+09
2.538326635392781139e+00 1.056414324947609305e+09
2.548479941934351789e+00 9.761025765335865021e+08
2.558673861702089436e+00 1.149319913197561741e+09
2.568908557148898097e+00 1.074787250257607460e+09
2.579184191377493551e+00 1.100453538639430761e+09
2.589500928143003478e+00 1.123181895589452982e+09
2.599858931855575594e+00 1.252928894847263813e+09
2.610258367582998229e+00 1.539476143429621220e+09
2.620699401053329769e+00 1.690815792387240410e+09
2.631182198657543214e+00 1.676719712945103407e+09
2.641706927452173392e+00 2.150024168095782757e+09
2.652273755161981938e+00 2.182159015230173111e+09
2.662882850182629824e+00 1.635814454165729284e+09
2.673534381583360542e+00 1.107297028248502970e+09
2.684228519109693956e+00 1.216842674105506659e+09
2.694965433186132575e+00 1.587923302767376661e+09
2.705745294918877164e+00 1.698414518332159519e+09
2.716568276098552559e+00 1.832302892914571762e+09
2.727434549202946812e+00 2.523673441389195919e+09
2.738344287399758326e+00 1.762352346586523771e+09
2.749297664549357201e+00 2.731987792620875359e+09
2.760294855207554576e+00 1.903494239994464159e+09
2.771336034628385292e+00 1.947208464876110792e+09
2.782421378766898545e+00 1.714263681462939739e+09
2.793551064281966312e+00 2.649539486947735310e+09
2.804725268539093985e+00 1.808881029981159925e+09
2.815944169613250558e+00 2.257413514306087017e+09
2.827207946291703244e+00 3.034275770374035835e+09
2.838516778076869862e+00 2.259652760533419609e+09
2.849870845189177437e+00 2.695106816530482292e+09
2.861270328569933685e+00 3.091381864852661610e+09
2.872715409884213589e+00 3.089638879243609905e+09
2.884206271523750420e+00 3.430487772081684589e+09
2.895743096609845413e+00 3.606371005192993641e+09
2.907326068996284985e+00 3.628336256229698181e+09
2.918955373272270393e+00 4.232412016275155067e+09
2.930631194765359826e+00 4.612996327526626587e+09
2.942353719544420709e+00 4.593268515680938721e+09
2.954123134422598440e+00 4.684665349568403244e+09
2.965939626960289122e+00 5.005145298260914803e+09
2.977803385468130504e+00 5.289445140531011581e+09
2.989714599010003138e+00 5.812143418885082245e+09
3.001673457406043077e+00 3.358091650087488651e+09
3.013680151235667015e+00 5.286516651045358658e+09
3.025734871840609408e+00 5.949237055050951958e+09
3.037837811327972037e+00 6.159148670009323120e+09
3.049989162573283785e+00 5.416051320988477707e+09
3.062189119223576395e+00 5.783508239369544029e+09
3.074437875700470890e+00 4.931928607386586189e+09
3.086735627203272880e+00 4.449552645357890129e+09
3.099082569712085622e+00 4.156743429357897282e+09
3.111478899990933744e+00 3.519764277558453083e+09
3.123924815590897186e+00 3.627179610765632153e+09
3.136420514853261121e+00 2.639950236081188679e+09
3.148966196912674320e+00 2.302806403028476715e+09
3.161562061700325277e+00 1.693122405568309546e+09
3.174208309947126327e+00 1.666805933396140337e+09
3.186905143186915090e+00 1.400049921366615772e+09
3.199652763759662566e+00 1.290828028363580704e+09
3.212451374814701222e+00 1.436207358151022673e+09
3.225301180313960625e+00 1.355647572013619900e+09
3.238202385035215958e+00 1.506361887774045944e+09
3.251155194575356955e+00 1.692796537978602886e+09
3.264159815353658622e+00 2.059714310500691414e+09
3.277216454615073271e+00 2.734497454057848930e+09
3.290325320433533207e+00 3.186866204255527973e+09
3.303486621715267635e+00 2.894269257815879822e+09
3.316700568202128441e+00 3.421014063004427552e+08
3.329967370474937294e+00 2.960786336242155433e+08
3.343287239956836743e+00 9.511696323019001484e+08
3.356660388916663962e+00 1.789631157926060438e+09
3.370087030472330714e+00 2.237653620930494308e+09
3.383567378594220187e+00 2.096674953031947613e+09
3.397101648108596716e+00 1.883468532697143316e+09
3.410690054701031482e+00 1.807329638265744209e+09
3.424332814919834878e+00 1.706988185599622488e+09
3.438030146179514634e+00 1.694351319644204855e+09
3.451782266764232610e+00 1.663573274871132851e+09
3.465589395831289998e+00 1.871817837248768091e+09
3.479451753414614767e+00 1.845846225814995527e+09
3.493369560428273068e+00 2.154749905454815865e+09
3.507343038669985980e+00 2.574250171085598946e+09
3.521372410824665788e+00 2.685046921656533241e+09
3.535457900467964709e+00 2.643143835000199318e+09
3.549599732069836477e+00 2.989006284357718468e+09
3.563798130998116154e+00 3.326044168588285923e+09
3.578053323522108364e+00 3.790461545721289158e+09
3.592365536816196858e+00 4.304050819988646507e+09
3.606734998963461614e+00 4.367462163283063889e+09
3.621161938959315041e+00 5.177955280786447525e+09
3.635646586715152839e+00 5.984487925678834915e+09
3.650189173062013293e+00 6.346574880909853935e+09
3.664789929754260545e+00 6.981125774321971893e+09
3.679449089473277645e+00 7.740436623017526627e+09
3.694166885831170699e+00 7.622238733111019135e+09
3.708943553374495661e+00 7.999301260853245735e+09
3.723779327587993571e+00 8.097434861322936058e+09
3.738674444898345328e+00 8.869575750967687607e+09
3.753629142677938901e+00 9.049799534833829880e+09
3.768643659248651190e+00 8.762800784715337753e+09
3.783718233885645432e+00 8.747696636821989059e+09
3.798853106821188153e+00 9.091771311535881042e+09
3.814048519248473657e+00 9.691031461253759384e+09
3.829304713325467180e+00 1.008533290521133995e+10
3.844621932178768908e+00 9.179236718397451401e+09
3.860000419907484215e+00 9.759385795889635086e+09
3.875440421587113882e+00 9.805023559587787628e+09
3.890942183273462529e+00 1.000371529783543015e+10
3.906505952006555926e+00 9.877752543825412750e+09
3.922131975814582727e+00 9.908086738018894196e+09
3.937820503717840648e+00 1.013532616662553215e+10
3.953571785732711508e+00 9.955715623597290039e+09
3.969386072875642490e+00 1.005067854024807167e+10
3.985263617167145167e+00 1.009668759271534538e+10
4.001204671635814059e+00 9.949146019314056396e+09
4.017209490322357190e+00 9.953073446068450928e+09
4.033278328283646630e+00 9.884089075624351501e+09
4.049411441596781458e+00 9.768051331676460266e+09
4.065609087363168506e+00 9.753331947937620163e+09
4.081871523712622185e+00 9.561755071064485550e+09
4.098199009807472315e+00 9.491777959947095871e+09
4.114591805846702144e+00 9.315046840771808624e+09
4.131050173070089038e+00 9.236279622348329544e+09
4.147574373762369149e+00 9.163006096981571198e+09
4.164164671257418959e+00 9.055656462279291153e+09
4.180821329942449260e+00 8.900464069463045120e+09
4.197544615262219558e+00 8.826456125860504150e+09
4.214334793723269357e+00 8.765888052103122711e+09
4.231192132898162761e+00 8.663733977203357697e+09
4.248116901429755288e+00 8.590201871929870605e+09
4.265109369035473996e+00 8.423216148544243813e+09
4.282169806511615384e+00 8.347807843133096695e+09
4.299298485737661935e+00 7.438741568738387108e+09
4.316495679680612874e+00 7.366124004289345741e+09
4.333761662399335357e+00 7.745703780757238388e+09
4.351096709048932532e+00 7.675979554130058289e+09
4.368501095885127583e+00 7.798359871339475632e+09
4.385975100268668214e+00 7.676643944008779526e+09
4.403519000669743555e+00 7.471620365134962082e+09
4.421133076672422391e+00 7.507258410254721642e+09
4.438817608979111817e+00 7.106997056588629723e+09
4.456572879415028332e+00 7.346409512143811226e+09
4.474399170932688463e+00 6.923013200424950600e+09
4.492296767616419828e+00 7.099606943464007378e+09
4.510265954686884626e+00 7.057965073429280281e+09
4.528307018505633330e+00 6.475121356403493881e+09
4.546420246579655711e+00 7.000280281370857239e+09
4.564605927565974497e+00 6.665596065922240257e+09
4.582864351276237258e+00 6.720631874352638245e+09
4.601195808681342925e+00 6.689891523394376755e+09
4.619600591916067422e+00 6.052073012769122124e+09
4.638078994283731937e+00 6.411278375858947754e+09
4.656631310260867629e+00 6.085274881314992905e+09
4.675257835501911430e+00 5.694833467730583191e+09
4.693958866843916944e+00 6.233590999338027000e+09
4.712734702311292878e+00 5.840343130306945801e+09
4.731585641120538810e+00 5.525103929078536034e+09
4.750511983685020923e+00 5.889754250068253517e+09
4.769514031619761063e+00 5.574041267257946014e+09
4.788592087746240011e+00 5.074572913488056183e+09
4.807746456097224730e+00 5.406629823719935417e+09
4.826977441921613377e+00 5.433231392290878296e+09
4.846285351689299858e+00 4.748233640782670021e+09
4.865670493096057925e+00 5.264644918377134323e+09
4.885133175068442135e+00 4.980806876679215431e+09
4.904673707768715474e+00 4.735115824590716362e+09
4.924292402599791174e+00 4.902729813195666313e+09
4.943989572210189642e+00 4.468279754255833626e+09
4.963765530499030021e+00 4.194570842187514782e+09
4.983620592621027079e+00 4.684364160958639145e+09
5.003555074991511198e+00 4.509576241895997047e+09
5.023569295291476777e+00 3.627402669361445427e+09
5.043663572472643075e+00 4.306769791580743790e+09
5.063838226762532813e+00 4.343948408423712730e+09
5.084093579669583640e+00 3.734945998628847122e+09
5.104429953988261381e+00 3.894536483215165138e+09
5.124847673804215020e+00 3.919824755252590179e+09
5.145347064499431688e+00 3.121688170660338402e+09
5.165928452757428957e+00 3.488500884650015831e+09
5.186592166568458673e+00 3.839969486821288586e+09
5.207338535234733001e+00 2.760055622804288387e+09
5.228167889375671784e+00 3.327173428891026497e+09
5.249080560933174766e+00 3.339401824376518726e+09
5.270076883176907145e+00 3.020253037858395576e+09
5.291157190709615321e+00 3.036163963061631680e+09
5.312321819472453299e+00 3.025607041076623440e+09
5.333571106750343738e+00 3.372847929194090843e+09
5.354905391177344320e+00 2.305948753358195782e+09
5.376325012742054099e+00 2.668086091510868073e+09
5.397830312793021612e+00 2.983852272083470821e+09
5.419421634044193858e+00 1.804991196509247065e+09
5.441099320580370602e+00 2.724132186722327709e+09
5.462863717862692425e+00 2.270848188994947910e+09
5.484715172734142996e+00 2.439376111946794033e+09
5.506654033425078865e+00 2.357126644272674084e+09
5.528680649558780580e+00 2.190061733281147480e+09
5.550795372157015350e+00 2.020237660609398842e+09
5.572998553645643227e+00 1.840272433975235939e+09
5.595290547860225949e+00 2.101534361554488420e+09
5.617671710051667766e+00 2.024410944805916071e+09
5.640142396891874021e+00 1.892595998407363653e+09
5.662702966479441713e+00 1.921723846586674690e+09
5.685353778345359821e+00 1.740484627835916996e+09
5.708095193458740724e+00 1.685992212285241127e+09
5.730927574232576482e+00 1.619239579748186827e+09
5.753851284529505783e+00 1.671806072682942390e+09
5.776866689667624399e+00 1.571631414781779289e+09
5.799974156426294769e+00 1.885927752684528589e+09
5.823174053051999977e+00 1.309174304067915916e+09
5.846466749264207508e+00 1.744430160649321079e+09
5.869852616261264977e+00 1.393732444504080057e+09
5.893332026726310069e+00 1.382434855906626225e+09
5.916905354833215114e+00 1.753357485923317909e+09
5.940572976252548543e+00 1.283478083555090427e+09
5.964335268157558545e+00 1.657580542210064411e+09
5.988192609230189589e+00 1.605782372663136005e+09
6.012145379667110490e+00 1.744733349694815159e+09
6.036193961185778889e+00 1.516456305490573168e+09
6.060338737030522616e+00 1.307170673358012199e+09
6.084580091978644134e+00 1.554742177261255741e+09
6.108918412346558746e+00 1.311573122234303236e+09
6.133354085995945226e+00 1.358218520725267172e+09
6.157887502339929320e+00 1.137796646603326082e+09
6.182519052349287669e+00 1.213374595171645164e+09
6.207249128558685491e+00 1.452122226808550358e+09
6.232078125072920471e+00 1.439886044357767105e+09
6.257006437573212843e+00 1.547264627593649864e+09
6.282034463323505236e+00 1.524026622308308601e+09
6.307162601176800720e+00 1.612782260523938894e+09
6.332391251581507063e+00 1.443661486892727852e+09
6.357720816587833390e+00 1.471945061719849348e+09
6.383151699854184180e+00 1.386892155044482708e+09
6.408684306653601226e+00 1.060659283895668149e+09
6.434319043880215361e+00 1.215076557471183777e+09
6.460056320055736379e+00 1.088487216489030838e+09
6.485896545335958052e+00 8.465187189242208004e+08
6.511840131517302233e+00 1.024194956643002272e+09
6.537887492043371829e+00 1.112564175868957043e+09
6.564039042011545533e+00 9.487031346096879244e+08
6.590295198179591196e+00 8.879305105971020460e+08
6.616656378972309405e+00 9.247997472062315941e+08
6.643123004488199257e+00 9.442105940935089588e+08
6.669695496506150789e+00 1.034311363469446659e+09
6.696374278492176479e+00 1.120465117985359192e+09
6.723159775606144528e+00 9.991307916223900318e+08
6.750052414708568094e+00 1.125641297718200445e+09
6.777052624367403411e+00 1.005335942444221497e+09
6.804160834864871887e+00 9.809839733900820017e+08
6.831377478204331055e+00 1.052651557930543184e+09
6.858702988117148180e+00 8.665310971570426226e+08
6.886137800069615622e+00 1.067960953694548249e+09
6.913682351269895499e+00 1.129234157984574556e+09
6.941337080674975013e+00 1.117175192687346220e+09
6.969102428997675069e+00 9.831258264313422441e+08
6.996978838713665994e+00 1.066918107463156104e+09
7.024966754068519670e+00 1.020094290990120053e+09
7.053066621084793653e+00 8.815683605851126909e+08
7.081278887569133929e+00 9.746366147674714327e+08
7.109604003119409654e+00 9.132320156307981014e+08
7.138042419131887861e+00 8.896300357173736095e+08
7.166594588808414379e+00 7.986362386267220974e+08
7.195260967163648047e+00 7.908281815353506804e+08
7.224042011032302923e+00 7.954699707574189901e+08
7.252938179076432235e+00 7.539156457437349558e+08
7.281949931792737196e+00 6.913342467355743647e+08
7.311077731519908696e+00 7.046326904802563190e+08
7.340322042445988515e+00 5.941410506479134560e+08
7.369683330615771411e+00 6.425231185140297413e+08
7.399162063938235612e+00 6.516649395836530924e+08
7.428758712193988423e+00 6.428352915789761543e+08
7.458473747042765112e+00 5.713777732270698547e+08
7.488307642030935796e+00 6.511730527384263277e+08
7.518260872599060285e+00 7.134808369755378962e+08
7.548333916089456253e+00 7.309093471296414137e+08
7.578527251753813587e+00 7.274766622198917866e+08
7.608841360760829176e+00 7.438798623438431025e+08
7.639276726203872769e+00 8.554603384548299313e+08
7.669833833108687493e+00 3.936083287859868407e+08
7.700513168441122325e+00 4.491393400447006822e+08
7.731315221114887670e+00 4.597164605196627975e+08
7.762240481999347352e+00 5.135987838504830599e+08
7.793289443927344351e+00 5.760212436934229136e+08
7.824462601703054077e+00 5.927839341266237497e+08
7.855760452109866065e+00 6.292777759300318956e+08
7.887183493918306532e+00 6.057537810362305641e+08
7.918732227893980458e+00 6.098469063869792223e+08
7.950407156805555431e+00 6.728998657742290497e+08
7.982208785432777454e+00 6.729856726891547441e+08
8.014137620574508958e+00 6.135694900822436810e+08
8.046194171056805899e+00 6.261524784724076986e+08
8.078378947741034821e+00 6.068754102198753357e+08
8.110692463531997021e+00 7.205568255070191622e+08
8.143135233386125549e+00 6.349223983761322498e+08
8.175707774319670662e+00 6.250409187301909924e+08
8.208410605416949224e+00 6.352068938279960155e+08
8.241244247838615422e+00 6.397938537766038179e+08
8.274209224829968790e+00 6.836130555057665110e+08
8.307306061729288871e+00 6.716249159551521540e+08
8.340535285976207192e+00 6.728858076158959866e+08
8.373897427120111203e+00 6.052022520640578270e+08
8.407393016828594412e+00 6.666766419915208817e+08
8.441022588895906509e+00 7.081025420503818989e+08
8.474786679251490540e+00 6.915223987764054537e+08
8.508685825968495209e+00 6.425076423466774225e+08
8.542720569272368891e+00 6.819530362243347168e+08
8.576891451549458978e+00 7.104086323158106804e+08
8.611199017355655627e+00 6.778449198371733427e+08
8.645643813425078150e+00 6.153053506437734365e+08
8.680226388678779159e+00 6.729837176364834309e+08
8.714947294233493125e+00 6.910936814387931824e+08
8.749807083410427566e+00 6.738808258742009401e+08
8.784806311744070229e+00 6.161320872521072626e+08
8.819945536991047774e+00 6.487231246326959133e+08
8.855225319139009343e+00 6.723853624181550741e+08
8.890646220415566958e+00 6.598993240863999128e+08
8.926208805297228821e+00 6.135608793321977854e+08
8.961913640518417878e+00 5.768907003006070852e+08
8.997761295080492161e+00 6.339778072403571606e+08
9.033752340260813085e+00 6.381948731280870438e+08
9.069887349621856387e+00 5.920624623029420376e+08
9.106166899020346150e+00 6.038545757386986017e+08
9.142591566616424359e+00 5.863544472511736155e+08
9.179161932882891506e+00 5.980948217078367472e+08
9.215878580614422333e+00 5.552687125752283335e+08
9.252742094936881045e+00 6.061965996839721203e+08
9.289753063316627646e+00 5.485583258976185322e+08
9.326912075569895322e+00 5.472810317861502171e+08
9.364219723872173162e+00 5.776642983564563990e+08
9.401676602767663482e+00 5.638470295886701345e+08
9.439283309178733816e+00 5.608973660165085793e+08
9.477040442415447075e+00 5.234488027085916996e+08
9.514948604185111236e+00 5.406152952864717245e+08
9.553008398601852136e+00 5.359620469214356542e+08
9.591220432196260859e+00 5.547231002308995724e+08
9.629585313925044687e+00 5.404710549822951555e+08
9.668103655180747324e+00 5.019961573454633951e+08
9.706776069801470896e+00 5.226287149339084625e+08
9.745603174080676112e+00 5.191995629250622392e+08
9.784585586776998412e+00 5.245025380761959553e+08
9.823723929124106746e+00 5.257362566779466271e+08
9.863018824840601440e+00 4.999280577299615741e+08
9.902470900139965337e+00 5.043651564327836037e+08
9.942080783740523842e+00 4.970897922144537568e+08
9.981849106875488431e+00 5.160354380113204122e+08
1.002177650330298952e+01 5.077941882935231328e+08
1.006186360931619994e+01 4.710456433871638775e+08
1.010211106375346723e+01 4.846054800966129899e+08
1.014251950800847979e+01 4.913250734713011980e+08
1.018308958604051284e+01 4.922892607104296684e+08
1.022382194438467451e+01 4.880267735116434097e+08
1.026471723216221399e+01 4.753405499477959871e+08
1.030577610109086173e+01 4.612754130688170195e+08
1.034699920549522467e+01 2.917219139668380022e+08
1.038838720231720458e+01 2.946346497114234567e+08
1.042994075112647501e+01 3.432227685696251392e+08
1.047166051413097954e+01 3.600959437522087693e+08
1.051354715618750468e+01 3.560453910707474947e+08
1.055560134481225454e+01 3.871636361971791983e+08
1.059782375019150358e+01 3.972539484154059887e+08
1.064021504519226902e+01 3.801231488481479883e+08
1.068277590537303823e+01 3.474897337387913465e+08
1.072550700899452991e+01 2.783314295733901858e+08
1.076840903703050856e+01 2.944905973311343789e+08
1.081148267317863088e+01 3.370525082090004683e+08
1.085472860387134553e+01 3.663217844215157032e+08
1.089814751828683015e+01 3.649825631596673131e+08
1.094174010835997635e+01 3.553643552127146125e+08
1.098550706879341909e+01 3.610094066251142025e+08
1.102944909706859100e+01 3.559187524795723557e+08
1.107356689345686540e+01 3.809581506658003330e+08
1.111786116103069233e+01 3.727579541853411198e+08
1.116233260567481622e+01 3.827525192975358963e+08
1.120698193609751492e+01 3.612800436681967974e+08
1.125180986384190440e+01 3.309099555822588205e+08
1.129681710329727373e+01 3.710082345551218390e+08
1.134200437171046083e+01 3.680667665948309302e+08
1.138737238919730466e+01 3.568147553418344259e+08
1.143292187875409383e+01 3.646961183988481164e+08
1.147865356626910938e+01 3.396630395671434402e+08
1.152456818053418530e+01 3.145622106526003480e+08
1.157066645325632237e+01 3.407074703957795501e+08
1.161694911906934635e+01 3.436067703890381455e+08
1.166341691554562487e+01 3.342227406450194120e+08
1.171007058320780736e+01 2.921329560329825878e+08
1.175691086554063958e+01 3.181179436234918237e+08
1.180393850900279951e+01 2.973521995751408339e+08
1.185115426303881137e+01 3.158056770436085463e+08
1.189855888009096674e+01 3.201889235173595548e+08
1.194615311561133097e+01 3.092513892902793884e+08
1.199393772807377623e+01 2.821215745724509358e+08
1.204191347898607134e+01 3.014101236683939695e+08
1.209008113290201614e+01 2.620004717229306698e+08
1.213844145743362368e+01 2.976248477746151090e+08
1.218699522326335938e+01 3.000164313088089824e+08
1.223574320415641381e+01 2.749113728185154200e+08
1.228468617697303777e+01 2.714238115315638185e+08
1.233382492168093059e+01 2.793375884963463545e+08
1.238316022136765504e+01 2.457179533815865815e+08
1.243269286225312520e+01 2.685556889736948609e+08
1.248242363370213859e+01 2.783910391447992325e+08
1.253235332823694748e+01 2.481978067886759639e+08
1.258248274154989410e+01 2.492407757364910543e+08
1.263281267251609385e+01 2.638570479803185463e+08
1.268334392320615756e+01 2.417958885742818713e+08
1.273407729889898299e+01 2.401332664249324799e+08
1.278501360809457665e+01 2.565304733608392477e+08
1.283615366252695544e+01 2.317865830631062090e+08
1.288749827717706253e+01 2.423496718038910329e+08
1.293904827028577031e+01 2.405157080427032113e+08
1.299080446336691352e+01 2.415348058388400078e+08
1.304276768122038099e+01 2.188260299106050432e+08
1.309493875194526424e+01 2.350535335135249197e+08
1.314731850695304693e+01 2.264992578924200833e+08
1.319990778098085649e+01 2.280120205424709022e+08
1.325270741210477965e+01 2.193907818574906290e+08
1.330571824175319939e+01 2.171022180740855336e+08
1.335894111472021173e+01 2.100877867191669047e+08
1.341237687917909227e+01 2.009232300950518250e+08
1.346602638669580898e+01 2.058990044167739451e+08
1.351989049224258999e+01 2.157953423775361180e+08
1.357397005421156067e+01 2.061470812317449450e+08
1.362826593442840917e+01 2.067899637807465494e+08
1.368277899816612297e+01 2.049906112543348670e+08
1.373751011415878942e+01 1.927687125337656438e+08
1.379246015461542463e+01 1.969091817865119576e+08
1.384762999523388416e+01 1.991667720349256694e+08
1.390302051521481808e+01 1.994306055162360072e+08
1.395863259727567751e+01 1.996011005289446712e+08
1.401446712766477987e+01 1.846379105672402084e+08
1.407052499617543972e+01 1.815465060033642054e+08
1.412680709616014063e+01 1.848039910335392952e+08
1.418331432454478147e+01 1.746035430152329803e+08
1.424004758184296193e+01 1.804013210683836937e+08
1.429700777217033369e+01 1.826337288139121830e+08
1.435419580325901379e+01 1.702280938663939536e+08
1.441161258647204946e+01 1.709241482593522966e+08
1.446925903681793812e+01 1.620475123319041431e+08
1.452713607296521126e+01 1.627346896022638977e+08
1.458524461725707155e+01 1.713348474354633093e+08
1.464358559572609764e+01 1.689556806032749712e+08
1.470215993810900557e+01 1.651620443347209096e+08
1.476096857786143879e+01 1.657851212359713912e+08
1.482001245217288599e+01 1.618989661489247680e+08
1.487929250198157760e+01 1.536447012740615308e+08
1.493880967198950316e+01 1.509672688009698987e+08
1.499856491067746056e+01 1.556658316157156229e+08
1.505855917032016933e+01 1.514180398679525554e+08
1.511879340700144958e+01 1.532238048256826401e+08
1.517926858062945605e+01 1.446222941249455214e+08
1.523998565495197433e+01 1.490457714696814418e+08
1.530094559757178274e+01 1.475358603024279475e+08
1.536214937996206764e+01 1.401618318707969487e+08
1.542359797748191674e+01 1.400243870901648104e+08
1.548529236939184450e+01 1.367075059280243516e+08
1.554723353886941339e+01 1.286942204770867676e+08
1.560942247302489072e+01 1.286454339408530891e+08
1.567186016291699069e+01 1.316699323678480089e+08
1.573454760356865556e+01 1.218556605953917056e+08
1.579748579398293096e+01 1.183799787747838497e+08
1.586067573715886247e+01 1.201477575205771774e+08
1.592411844010749888e+01 1.168971739008355141e+08
1.598781491386792730e+01 1.105781156702889353e+08
1.605176617352340074e+01 1.220562473498218656e+08
1.611597323821749228e+01 1.162368849987085015e+08
1.618043713117036120e+01 1.202935402210430950e+08
1.624515887969504391e+01 1.106593705892470032e+08
1.631013951521382310e+01 1.144100425116562098e+08
1.637538007327468037e+01 1.148985793124546260e+08
1.644088159356778078e+01 1.157215529978108108e+08
1.650664511994205341e+01 1.130966066378864795e+08
1.657267170042182158e+01 1.091936127145384401e+08
1.663896238722350418e+01 1.006625195073676258e+08
1.670551823677240222e+01 1.071192062584832758e+08
1.677234030971949608e+01 1.117113581833611131e+08
1.683942967095837062e+01 1.059318319162103534e+08
1.690678738964220429e+01 9.920592197712641954e+07
1.697441453920077237e+01 1.020269769276192933e+08
1.704231219735757108e+01 1.086244368361875564e+08
1.711048144614700561e+01 9.283420954646620154e+07
1.717892337193159236e+01 9.960945538885486126e+07
1.724763906541932101e+01 9.409441070107080042e+07
1.731662962168099895e+01 9.670216153240853548e+07
1.738589614016772344e+01 8.539249081396058202e+07
1.745543972472839300e+01 9.858003444745288789e+07
1.752526148362730751e+01 9.094444096777337790e+07
1.759536252956181812e+01 9.232784501151585579e+07
1.766574397968006238e+01 9.197250339556200802e+07
1.773640695559878466e+01 8.859803328492654860e+07
1.780735258342117433e+01 8.991520861850202084e+07
1.787858199375486024e+01 9.150368918339040875e+07
1.795009632172988034e+01 8.160550515945051610e+07
1.802189670701679702e+01 8.532551429529047012e+07
1.809398429384486562e+01 8.587088386020819843e+07
1.816636023102024211e+01 7.371113278141807020e+07
1.823902567194432578e+01 8.115806109329570830e+07
1.831198177463210186e+01 8.252788095146672428e+07
1.838522970173062987e+01 8.133747868190695345e+07
1.845877062053754969e+01 8.212094994055850804e+07
1.853260570301970134e+01 7.371596366165350378e+07
1.860673612583178027e+01 7.016119516740426421e+07
1.868116307033510637e+01 7.438347339993838966e+07
1.875588772261644976e+01 7.396358352391780913e+07
1.883091127350691352e+01 7.996165368746618927e+07
1.890623491860094063e+01 7.627172306734609604e+07
1.898185985827534594e+01 6.564698154513886571e+07
1.905778729770844748e+01 7.510399295592398942e+07
1.913401844689928311e+01 7.342965390126934648e+07
1.921055452068688041e+01 6.593744840203497559e+07
1.928739673876962968e+01 6.246704879922932386e+07
1.936454632572470658e+01 6.335467489065120369e+07
1.944200451102760141e+01 5.408579277943982184e+07
1.951977252907171589e+01 6.606176300873693824e+07
1.959785161918800256e+01 5.846376657416940480e+07
1.967624302566475691e+01 6.237505499088530988e+07
1.991079942767366973e+01 5.719481500301779807e+07
2.030901541622714390e+01 5.424580417597623914e+07
2.071519572455168756e+01 5.358041426385087520e+07
2.112949963904272010e+01 4.622602912095910311e+07
2.155208963182357707e+01 4.445131051274839789e+07
2.198313142446004420e+01 4.171091948765292019e+07
2.242279405294924643e+01 3.732226166701311618e+07
2.287124993400822959e+01 3.802753918382959813e+07
2.332867493268839709e+01 3.664154157476633042e+07
2.379524843134216638e+01 2.852229715511605516e+07
2.427115339996900900e+01 3.320470651873448491e+07
2.475657646796839018e+01 2.892854637944833189e+07
2.525170799732775961e+01 2.296529765286651999e+07
2.575674215727431715e+01 2.554172771805834770e+07
2.627187700041980278e+01 2.315010082133617997e+07
2.679731454042819649e+01 1.870449261978456005e+07
2.733326083123676042e+01 2.156828771053444967e+07
2.787992604786149542e+01 1.770891897253045440e+07
2.843752456881871993e+01 1.384646863412234001e+07
2.900627506019509738e+01 1.585752010929966345e+07
2.958640056139899599e+01 1.441648644810726866e+07
3.017812857262697435e+01 1.358822516140427254e+07
3.078169114407952023e+01 1.093219643154071644e+07
3.139732496696110431e+01 1.229455568987784162e+07
3.202527146630033172e+01 1.078718765246077441e+07
3.266577689562632969e+01 9.694013951004711911e+06
3.331909243353885586e+01 8.389191694099394605e+06
3.398547428220963695e+01 9.233544040773661807e+06
3.466518376785383282e+01 7.199136236144523136e+06
3.535848744321090464e+01 6.506310649910849519e+06
3.606565719207512188e+01 6.216931689109846018e+06
3.678697033591662802e+01 6.068588508708333597e+06
3.752270974263496583e+01 5.703272361881612800e+06
3.827316393748766643e+01 6.384744961305386387e+06
3.903862721623740839e+01 4.712798696351907216e+06
3.981939976056215613e+01 4.202850038578135893e+06
4.061578775577340394e+01 3.788022211923083756e+06
4.142810351088887444e+01 4.674559395961079746e+06
4.225666558110664539e+01 3.841266054891288280e+06
4.310179889272878029e+01 3.071973288889222778e+06
4.396383487058335504e+01 2.973762404914630111e+06
4.484311156799503095e+01 2.832555140861683991e+06
4.573997379935492091e+01 2.726056966081737075e+06
4.665477327534202345e+01 2.183530490222672932e+06
4.758786874084886165e+01 2.376318325849583372e+06
4.853962611566583973e+01 2.337200777897415683e+06
4.951041863797915710e+01 1.853969763726936886e+06
5.050062701073873939e+01 1.712699274373770924e+06
5.151063955095351332e+01 1.578327124994480051e+06
5.254085234197258103e+01 1.873293731579411309e+06
5.359166938881203635e+01 1.608034512802935438e+06
5.466350277658827395e+01 1.488366335876689991e+06
5.575677283212004198e+01 1.187327584679608000e+06
5.687190828876244098e+01 1.057259306844493607e+06
5.800934645453768468e+01 1.106966606874818215e+06
5.916953338362844050e+01 1.050290679681589128e+06
6.035292405130100946e+01 9.697081377315251157e+05
6.155998253232701956e+01 1.025063574946390814e+06
6.279118218297357146e+01 7.329218499277916271e+05
6.404700582663303976e+01 6.852270112194269896e+05
6.532794594316570169e+01 6.521125325648189755e+05
6.663450486202900436e+01 5.778006667551093269e+05
6.796719495926959098e+01 6.689938406144295586e+05
6.932653885845499531e+01 6.510878842574533774e+05
7.071306963562409464e+01 5.137086558440334629e+05
7.212733102833657028e+01 4.105504176014119294e+05
7.356987764890331505e+01 4.606060273478708114e+05
7.504127520188137623e+01 3.855247960675128852e+05
7.654210070591901172e+01 4.024851519312452292e+05
7.807294272003738911e+01 3.480445289326503407e+05
7.963440157443814371e+01 3.424143009785595350e+05
8.122708960592690630e+01 2.882214887387147173e+05
8.285163139804545551e+01 2.622140811641315813e+05
8.450866402600635752e+01 2.458879781166992616e+05
8.619883730652648524e+01 2.744364752361603314e+05
8.792281405265701721e+01 3.031499029274676577e+05
8.968127033371015955e+01 2.277547609989768825e+05
9.147489574038435478e+01 2.110624961989657022e+05
9.330439365519204387e+01 1.779273086661832931e+05
9.517048152829590890e+01 1.501736949739790871e+05
9.707389115886181230e+01 1.780622572237765417e+05
9.901536898203904968e+01 1.289890981967180705e+05
