# Wavelength [um]       Fp [W/m2/m]  
1.000553076518779783e-01 1.233802605458678456e-08
1.004555288824854897e-01 2.111283145427624326e-51
1.008573509980154326e-01 5.131521895136625205e-49
1.012607804020075053e-01 1.037699146590671984e-48
1.016658235236155422e-01 4.214384389279835143e-51
1.020724868177099870e-01 2.478439615853062504e-36
1.024807767649808382e-01 2.772957284602981084e-39
1.028906998720407612e-01 1.773702429200891033e-47
1.033022626715289355e-01 3.063224527395870146e-33
1.037154717222150413e-01 2.323361857812290995e-49
1.041303336091038839e-01 2.427620582711818525e-45
1.045468549435403099e-01 6.686633294717207978e-43
1.049650423633144702e-01 4.685954590263589291e-50
1.053849025327677214e-01 1.980116731198952908e-38
1.058064421428987906e-01 5.977575532442361156e-47
1.062296679114703990e-01 6.964810467427906913e-38
1.066545865831162732e-01 2.760085339986544745e-41
1.070812049294487533e-01 1.064760467759417095e-42
1.075095297491665408e-01 4.916381876009023341e-34
1.079395678681632220e-01 9.706274192252295953e-43
1.083713261396358624e-01 2.961230092803022650e-32
1.088048114441943909e-01 2.361073812294411679e-35
1.092400306899711654e-01 8.861493206815647397e-22
1.096769908127310511e-01 1.622548965851113044e-34
1.101156987759819850e-01 1.468772776728672875e-35
1.105561615710859147e-01 3.661015727748913680e-22
1.109983862173702651e-01 1.786475311340201021e-26
1.114423797622397516e-01 6.646607979384999364e-31
1.118881492812886930e-01 1.137433973268096075e-34
1.123357018784138517e-01 5.435915235900981003e-31
1.127850446859275102e-01 4.356357087027537567e-18
1.132361848646712132e-01 1.130297744779504105e-20
1.136891296041298988e-01 3.756913083045368216e-20
1.141438861225464035e-01 6.763230389951922367e-20
1.146004616670366072e-01 3.215667583688011109e-19
1.150588635137047705e-01 1.262343299057285331e-22
1.155190989677595953e-01 3.472800366440918113e-21
1.159811753636306314e-01 1.089349702548285727e-24
1.164451000650851553e-01 7.424681073760246117e-29
1.169108804653455069e-01 1.295010602599724363e-27
1.173785239872068981e-01 1.725419677641345149e-31
1.178480380831557206e-01 8.227134007827366497e-32
1.183194302354883543e-01 5.352792527419289198e-30
1.187927079564302935e-01 1.678637469834925106e-31
1.192678787882560099e-01 2.396429842344015802e-31
1.197449503034090645e-01 1.447239036543841668e-31
1.202239301046226783e-01 1.587461393241918127e-34
1.207048258250411760e-01 2.762583352044696517e-28
1.211876451283413342e-01 1.617310388958986490e-30
1.216723957088547137e-01 7.231590584355135479e-31
1.221590852916901310e-01 1.460187758777520408e-28
1.226477216328568792e-01 2.135824663749665555e-26
1.231383125193883099e-01 3.956288311605740662e-30
1.236308657694658586e-01 3.264391163759272979e-28
1.241253892325437369e-01 4.726547875300806543e-28
1.246218907894739159e-01 1.255480572247731394e-29
1.251203783526317892e-01 1.455006791909288005e-29
1.256208598660423226e-01 2.840975854453286780e-25
1.261233433055065078e-01 9.117805607290204803e-26
1.266278366787285392e-01 5.257577258713686807e-30
1.271343480254434610e-01 6.891503087660972815e-24
1.276428854175452321e-01 3.601297988102321026e-26
1.281534569592154005e-01 6.416714528480034463e-28
1.286660707870522780e-01 7.468199495636976988e-26
1.291807350702004475e-01 9.742887763699717144e-25
1.296974580104812425e-01 1.830593762117370250e-24
1.302162478425231973e-01 7.831131461148769295e-26
1.307371128338932764e-01 1.770190782431784963e-23
1.312600612852288795e-01 9.858360535656651088e-22
1.317851015303697915e-01 1.487806459081809739e-23
1.323122419364912705e-01 5.846363186505537552e-22
1.328414909042372472e-01 1.003629776195947226e-20
1.333728568678542170e-01 1.645487975932553519e-21
1.339063482953256612e-01 2.274799635727293076e-23
1.344419736885069383e-01 1.970403243410162843e-21
1.349797415832609815e-01 3.826449431036414415e-20
1.355196605495940232e-01 6.443514117101679379e-21
1.360617391917924301e-01 4.782768679152697011e-20
1.366059861485595939e-01 2.953290762604491491e-21
1.371524100931538481e-01 8.901733155611362904e-23
1.377010197335264696e-01 1.523066657124933865e-21
1.382518238124605670e-01 1.040870175124929938e-17
1.388048311077104136e-01 1.896713789819952897e-19
1.393600504321412248e-01 4.885202875250626753e-21
1.399174906338697677e-01 4.511235150312086922e-21
1.404771605964052761e-01 9.619207492831661604e-18
1.410390692387908651e-01 6.235192124352918350e-20
1.416032255157460562e-01 3.586373662004373996e-17
1.421696384178090522e-01 6.788404826274490668e-22
1.427383169714803168e-01 1.250604037265933305e-18
1.433092702393662099e-01 8.904083784901510942e-16
1.438825073203236771e-01 5.223719169772889488e-18
1.444580373496049674e-01 1.216587466328761033e-15
1.450358694990033503e-01 6.984930411792567472e-18
1.456160129769993872e-01 4.608486756843567798e-16
1.461984770289073976e-01 5.694217136532147132e-15
1.467832709370230082e-01 6.126681787206184679e-17
1.473704040207710897e-01 4.728828375962762397e-15
1.479598856368541382e-01 1.313152627065988278e-18
1.485517251794015725e-01 8.363577970263596771e-16
1.491459320801191979e-01 5.263425854038213264e-15
1.497425158084396690e-01 4.507291383825197469e-17
1.503414858716734248e-01 4.565673270502525855e-13
1.509428518151600951e-01 3.906212390341024951e-15
1.515466232224207677e-01 1.103904131119681580e-16
1.521528097153104220e-01 1.491744411833885575e-11
1.527614209541716672e-01 5.081141999661864241e-14
1.533724666379883694e-01 4.485748045239005707e-13
1.539859565045403056e-01 9.547580855726968494e-12
1.546019003305584838e-01 4.122770617612447067e-18
1.552203079318807133e-01 3.090660484864685325e-12
1.558411891636082569e-01 7.991804804161705079e-12
1.564645539202626778e-01 8.187432030888474354e-13
1.570904121359437411e-01 2.182323027570124868e-11
1.577187737844875093e-01 1.239647749603418542e-11
1.583496488796254653e-01 3.951211787000628787e-11
1.589830474751439959e-01 9.175900838702352446e-11
1.596189796650445414e-01 1.675656277146993507e-11
1.602574555837047166e-01 5.639688080890748429e-11
1.608984854060395708e-01 1.975060528582149497e-10
1.615420793476636807e-01 6.765493867299121343e-11
1.621882476650543525e-01 3.316958894595603527e-10
1.628370006557145755e-01 4.409053630657611409e-10
1.634883486583374457e-01 5.295720299731446593e-10
1.641423020529707844e-01 1.450739223696774110e-09
1.647988712611826723e-01 4.486392567234719626e-10
1.654580667462274002e-01 6.312299245643087489e-10
1.661198990132123077e-01 2.218361068758027383e-09
1.667843786092651215e-01 2.018274996064229814e-09
1.674515161237022098e-01 4.390476311315226504e-09
1.681213221881969755e-01 6.226360949436229973e-09
1.687938074769497754e-01 6.672354242538536121e-09
1.694689827068575905e-01 1.989690465260416273e-08
1.701468586376850278e-01 1.454802134430746710e-08
1.708274460722357391e-01 1.140997292203151611e-08
1.715107558565246715e-01 2.293632325996116273e-08
1.721967988799507909e-01 1.818924219305754531e-08
1.728855860754705820e-01 2.498193387810052769e-08
1.735771284197724640e-01 5.626188321441392026e-08
1.742714369334515678e-01 5.211008258408252835e-08
1.749685226811853456e-01 9.289230430476582920e-08
1.756683967719100681e-01 1.752029714859133522e-07
1.763710703589977391e-01 2.873256946054851075e-07
1.770765546404337309e-01 2.579126646136259646e-07
1.777848608589954471e-01 2.290304902417959681e-07
1.784960003024314568e-01 3.528784825938010324e-07
1.792099843036411844e-01 3.948208124528089559e-07
1.799268242408557650e-01 6.261364374464242278e-07
1.806465315378191772e-01 6.994797458362013435e-07
1.813691176639704306e-01 9.157176710188634424e-07
1.820945941346263086e-01 1.385048748238672592e-06
1.828229725111648329e-01 2.190701750172224924e-06
1.835542644012094771e-01 1.695383614519324541e-06
1.842884814588143239e-01 2.550240963540124744e-06
1.850256353846495561e-01 3.785156495680307255e-06
1.857657379261881403e-01 3.898749481569266986e-06
1.865088008778928996e-01 6.421900719986192884e-06
1.872548360814044743e-01 6.510287281621156447e-06
1.880038554257300876e-01 8.627493459840379582e-06
1.887558708474330049e-01 1.324017826676535147e-05
1.895108943308226879e-01 1.642687450154797690e-05
1.902689379081460019e-01 1.682137621495815341e-05
1.910300136597785636e-01 2.534922270474394279e-05
1.917941337144176972e-01 2.729136038991460025e-05
1.925613102492753359e-01 3.529197366490296041e-05
1.933315554902724498e-01 4.983106292891261433e-05
1.941048817122335568e-01 5.582931259059673495e-05
1.948813012390824828e-01 7.253043535440420442e-05
1.956608264440388156e-01 9.851081486159565651e-05
1.964434697498149418e-01 1.100816178970975069e-04
1.972292436288141937e-01 1.368851314254587606e-04
1.980181606033294406e-01 1.721404612626242488e-04
1.988102332457427346e-01 2.013186795702337983e-04
1.996054741787257336e-01 2.353799795936189197e-04
2.004038960754406518e-01 2.939822826673783060e-04
2.012055116597424309e-01 3.504260189260238159e-04
2.020103337063813842e-01 4.246729583584260537e-04
2.028183750412069219e-01 5.163006936449474971e-04
2.036296485413717494e-01 6.071955078448855458e-04
2.044441671355372303e-01 7.232035533870819887e-04
2.052619438040793887e-01 8.781633386859840447e-04
2.060829915792957157e-01 1.045488843047590304e-03
2.069073235456129201e-01 1.247808185052478973e-03
2.077349528397953449e-01 1.493786583725060678e-03
2.085658926511545219e-01 1.793908455782440526e-03
2.094001562217591150e-01 2.140239759342509387e-03
2.102377568466461677e-01 2.551376730385716048e-03
2.110787078740327671e-01 3.025812153858149431e-03
2.119230227055288740e-01 3.624856130812958641e-03
2.127707147963510126e-01 4.322238760079922561e-03
2.136217976555363773e-01 5.154121225133781632e-03
2.144762848461585492e-01 6.077690298467422828e-03
2.153341899855431840e-01 7.273014762862436804e-03
2.161955267454853669e-01 8.676013382111978992e-03
2.170603088524672986e-01 1.031015304139260361e-02
2.179285500878772042e-01 1.213871069359164293e-02
2.188002642882286852e-01 1.439555257390522959e-02
2.196754653453815986e-01 1.717937571059086760e-02
2.205541672067631020e-01 2.024583856796314738e-02
2.214363838755901703e-01 2.431802816020276620e-02
2.223221294110925284e-01 2.823905471303447823e-02
2.232114179287369160e-01 3.433285111932951605e-02
2.241042636004518529e-01 3.971614463003819012e-02
2.250006806548536520e-01 4.848120061137266290e-02
2.259006833774730438e-01 5.546525855596878829e-02
2.268042861109829667e-01 6.594985048126232596e-02
2.277115032554268836e-01 7.779507974402265214e-02
2.286223492684485714e-01 9.128613443725039356e-02
2.295368386655223802e-01 1.122196669304828531e-01
2.304549860201844658e-01 1.236530046214945472e-01
2.313768059642651864e-01 1.505679019035060795e-01
2.323023131881222503e-01 1.741770751915788229e-01
2.332315224408747223e-01 2.100004602433631629e-01
2.341644485306381973e-01 2.473836063458228207e-01
2.351011063247607502e-01 2.739806539781716177e-01
2.360415107500598020e-01 3.378341739920746600e-01
2.369856767930600405e-01 3.730328049925372702e-01
2.379336195002322851e-01 4.605833862854073479e-01
2.388853539782332114e-01 5.240531106870827127e-01
2.398408953941461863e-01 6.789494142349100647e-01
2.408002589757227141e-01 7.885438436919671723e-01
2.417634600116256582e-01 8.183162929632811222e-01
2.427305138516721306e-01 1.092724124304190747e+00
2.437014359070788505e-01 1.188830681700216330e+00
2.446762416507071713e-01 1.748438273907622076e+00
2.456549466173099938e-01 1.631555007228679299e+00
2.466375664037792625e-01 2.081317646363530116e+00
2.476241166693943785e-01 2.622395122394231670e+00
2.486146131360719436e-01 2.341980526685465414e+00
2.496090715886161993e-01 3.231833465454986509e+00
2.506075078749706586e-01 3.324084452992442706e+00
2.516099379064705155e-01 4.207658866421575716e+00
2.526163776580964138e-01 7.755208204694747032e+00
2.536268431687287994e-01 1.146562814231626604e+01
2.546413505414037437e-01 1.758119268618949960e+01
2.556599159435693491e-01 8.909913945636102284e+00
2.566825556073435988e-01 9.706094404624945327e+00
2.577092858297729827e-01 1.118140203045362391e+01
2.587401229730920682e-01 1.143551781004343226e+01
2.597750834649844576e-01 1.550394987832172511e+01
2.608141837988444123e-01 1.586927987025241471e+01
2.618574405340398092e-01 3.090651023145580822e+01
2.629048702961759298e-01 6.226666335826055132e+01
2.639564897773606367e-01 6.230352625953637613e+01
2.650123157364701054e-01 6.413941746859876503e+01
2.660723649994159445e-01 5.153401305888538531e+01
2.671366544594135917e-01 6.839262532278735307e+01
2.682052010772512096e-01 8.082149093927584715e+01
2.692780218815602478e-01 6.786297730148766050e+01
2.703551339690865030e-01 1.280072535678953329e+02
2.714365545049627904e-01 1.090291297930366596e+02
2.725223007229827243e-01 1.242175061238602325e+02
2.736123899258746106e-01 1.563737452178681622e+02
2.747068394855781692e-01 2.535254567661641545e+02
2.758056668435204806e-01 3.198870914074866505e+02
2.769088895108945403e-01 6.807948862428722805e+02
2.780165250689380918e-01 5.846310615654274443e+02
2.791285911692138466e-01 8.607086247637805627e+02
2.802451055338907038e-01 8.340009371448819593e+02
2.813660859560263017e-01 8.450886328598908221e+02
2.824915502998503469e-01 6.898428660952642986e+02
2.836215165010497197e-01 9.733193375498070736e+02
2.847560025670539119e-01 4.794175023335504306e+02
2.858950265773221866e-01 1.042505420342900834e+03
2.870386066836315142e-01 1.918969408319469721e+03
2.881867611103660631e-01 3.652244360683532705e+03
2.893395081548075787e-01 5.037827924601455379e+03
2.904968661874267610e-01 5.643638572524208030e+03
2.916588536521764197e-01 5.802289693770908343e+03
2.928254890667851273e-01 5.925268915912770353e+03
2.939967910230522619e-01 6.479531196148708659e+03
2.951727781871444911e-01 7.700769645955610031e+03
2.963534692998930908e-01 9.994469422248610499e+03
2.975388831770926501e-01 1.221658610284963470e+04
2.987290387098009981e-01 1.877416001875630172e+04
2.999239548646402409e-01 1.849452209721771942e+04
3.011236506840988536e-01 2.430365339079607293e+04
3.023281452868351593e-01 1.993296948833892384e+04
3.035374578679824742e-01 1.591215972793749825e+04
3.047516076994544187e-01 2.891504687595475843e+04
3.059706141302522830e-01 3.716405697421863442e+04
3.071944965867733357e-01 3.739161615824856563e+04
3.084232745731204095e-01 4.614874696241711354e+04
3.096569676714128194e-01 2.489641196811347254e+04
3.108955955420985018e-01 3.302869240008152701e+04
3.121391779242668751e-01 6.643465633064422582e+04
3.133877346359639215e-01 7.764083088196440076e+04
3.146412855745078230e-01 9.004206505183741683e+04
3.158998507168058190e-01 8.793115990127105033e+04
3.171634501196730627e-01 9.791984511964341800e+04
3.184321039201517545e-01 8.911553829969569051e+04
3.197058323358323295e-01 8.149508988948042679e+04
3.209846556651756444e-01 4.014043679140249878e+04
3.222685942878363852e-01 1.769644577153630598e+04
3.235576686649877520e-01 3.558067058089181955e+04
3.248518993396476984e-01 1.907544928108439854e+04
3.261513069370062801e-01 5.549268519603821915e+03
3.274559121647543369e-01 6.792359985674984273e+02
3.287657358134133401e-01 2.384228759790710583e+01
3.300807987566670154e-01 1.092614484675796388e-01
3.314011219516936890e-01 3.999131302125165988e+00
3.327267264395004642e-01 2.863929502381112684e+02
3.340576333452584534e-01 4.303770125820463363e+03
3.353938638786395088e-01 2.453236032417404931e+04
3.367354393341540630e-01 7.374532718732104695e+04
3.380823810914907468e-01 1.525274682125810359e+05
3.394347106158566718e-01 2.518159485790334875e+05
3.407924494583201014e-01 3.565449320686945575e+05
3.421556192561533982e-01 4.225798216838235385e+05
3.435242417331779707e-01 2.590791000939543010e+05
3.448983387001106626e-01 1.801618043623022095e+04
3.462779320549111417e-01 4.793958593174308771e+05
3.476630437831307319e-01 9.520522037341572577e+05
3.490536959582632992e-01 1.236523055430121720e+06
3.504499107420963600e-01 1.481715187320845202e+06
3.518517103850647421e-01 1.716138300149134826e+06
3.532591172266050239e-01 1.953338820769184968e+06
3.546721536955114717e-01 2.204688870089108590e+06
3.560908423102934761e-01 2.460826527016487904e+06
3.575152056795346533e-01 2.728928187082201708e+06
3.589452665022527800e-01 3.031330221588573884e+06
3.603810475682617254e-01 3.348067364909353666e+06
3.618225717585348278e-01 3.681651894596634433e+06
3.632698620455689364e-01 4.039574657503881492e+06
3.647229414937512293e-01 4.419298959099063650e+06
3.661818332597261971e-01 4.840554457275683060e+06
3.676465605927651259e-01 5.241264435333352536e+06
3.691171468351361895e-01 5.738328619564794004e+06
3.705936154224767076e-01 6.178285246738560498e+06
3.720759898841666247e-01 6.617943026421913877e+06
3.735642938437032656e-01 7.181897679346291348e+06
3.750585510190780902e-01 7.807533017801559530e+06
3.765587852231543908e-01 8.586220198223605752e+06
3.780650203640470441e-01 9.320125511255785823e+06
3.795772804455032068e-01 1.004290363961455040e+07
3.810955895672852312e-01 1.083860909903228097e+07
3.826199719255543585e-01 1.148431442881480046e+07
3.841504518132565771e-01 1.246629891437588632e+07
3.856870536205096456e-01 1.314696551460364833e+07
3.872298018349916715e-01 1.429669970728402399e+07
3.887787210423316320e-01 1.520697899137230031e+07
3.903338359265008939e-01 1.626553685485343076e+07
3.918951712702069545e-01 1.726955388148577884e+07
3.934627519552877928e-01 1.822037198174091429e+07
3.950366029631089404e-01 1.923933889615071565e+07
3.966167493749613859e-01 1.966413610044664145e+07
3.982032163724612550e-01 1.929693539841139689e+07
3.997960292379510450e-01 1.721601068335017562e+07
4.013952133549028578e-01 1.149913927026603185e+07
4.030007942083224659e-01 2.638521588609286118e+06
4.046127973851557647e-01 2.342793916553995587e+04
4.062312485746963908e-01 2.808755458037388977e+06
4.078561735689951728e-01 1.468814689443448745e+07
4.094875982632711353e-01 2.555901254059495404e+07
4.111255486563242245e-01 3.302334054421834275e+07
4.127700508509495880e-01 3.866177528769312054e+07
4.144211310543532978e-01 4.343556595048388839e+07
4.160788155785707931e-01 4.778871212564047426e+07
4.177431308408850463e-01 5.193874824141384661e+07
4.194141033642486138e-01 5.587637754521670192e+07
4.210917597777056320e-01 5.856744668645523489e+07
4.227761268168164221e-01 6.142879653887265921e+07
4.244672313240837602e-01 6.737536459025157988e+07
4.261651002493800910e-01 7.382810566047923267e+07
4.278697606503775730e-01 7.850007768199804425e+07
4.295812396929790666e-01 8.480899719314374030e+07
4.312995646517510107e-01 9.067346240379829705e+07
4.330247629103580187e-01 9.513639648048931360e+07
4.347568619619994745e-01 1.024081460001618266e+08
4.364958894098474596e-01 1.094468916653695405e+08
4.382418729674867897e-01 1.155925938314481229e+08
4.399948404593567730e-01 1.207442897363165021e+08
4.417548198211941890e-01 1.308641855555408597e+08
4.435218391004789873e-01 1.394121650087150931e+08
4.452959264568808750e-01 1.480839178312740922e+08
4.470771101627084021e-01 1.571572937738891840e+08
4.488654186033592119e-01 1.640657384791289568e+08
4.506608802777726241e-01 1.728188902245956659e+08
4.524635237988837710e-01 1.868269713932468295e+08
4.542733778940792333e-01 1.966336764689410627e+08
4.560904714056555065e-01 2.067179655363748074e+08
4.579148332912781894e-01 2.121125545402251184e+08
4.597464926244433370e-01 2.268093788334077299e+08
4.615854785949410899e-01 2.367712141567776203e+08
4.634318205093208576e-01 2.451358098298990726e+08
4.652855477913582227e-01 2.507415760020878017e+08
4.671466899825236219e-01 2.473930598190451562e+08
4.690152767424536906e-01 2.668752418796452582e+08
4.708913378494234969e-01 2.620660866290220022e+08
4.727749032008212171e-01 2.421464882242496014e+08
4.746660028136244769e-01 2.045885600118893981e+08
4.765646668248789131e-01 1.588611318361135423e+08
4.784709254921784560e-01 1.063700720658669621e+08
4.803848091941470555e-01 6.202170914032181352e+07
4.823063484309236815e-01 3.164170564369962737e+07
4.842355738246474361e-01 1.604019748991040513e+07
4.861725161199459966e-01 9.034508473837867379e+06
4.881172061844257226e-01 5.735602426457106136e+06
4.900696750091634302e-01 3.976186551896243356e+06
4.920299537092001074e-01 2.728415662344977260e+06
4.939980735240369625e-01 1.799665218734071357e+06
4.959740658181330253e-01 1.139212424338942394e+06
4.979579620814056362e-01 6.822278307277204003e+05
4.999497939297311566e-01 4.113881991488714120e+05
5.019495931054501758e-01 2.593826402785450628e+05
5.039573914778719965e-01 1.891624273312323785e+05
5.059732210437835054e-01 1.645740783538477845e+05
5.079971139279585435e-01 1.624727229950943147e+05
5.100291023836703852e-01 1.652723638671388908e+05
5.120692187932051054e-01 1.633053509803214984e+05
5.141174956683780550e-01 1.600502631991128437e+05
5.161739656510514473e-01 1.598972706476239546e+05
5.182386615136556074e-01 1.599322458347920328e+05
5.203116161597103329e-01 1.561224718957121077e+05
5.223928626243490303e-01 1.512435505136699649e+05
5.244824340748465152e-01 1.475931745767232787e+05
5.265803638111459239e-01 1.428046391846846673e+05
5.286866852663905103e-01 1.369276631615240767e+05
5.308014320074561088e-01 1.325338264300663432e+05
5.329246377354859288e-01 1.282292436818270944e+05
5.350563362864277916e-01 1.231285471650267718e+05
5.371965616315735881e-01 1.191831591121975507e+05
5.393453478780998456e-01 1.155154286427864572e+05
5.415027292696121819e-01 1.107981593127224914e+05
5.436687401866906466e-01 1.072107011657524999e+05
5.458434151474373941e-01 1.032639371472368075e+05
5.480267888080271321e-01 9.841495314853242598e+04
5.502188959632591247e-01 9.444922297371541208e+04
5.524197715471121928e-01 9.037437407779498608e+04
5.546294506333006025e-01 8.574365897178444720e+04
5.568479684358338400e-01 8.147275833206941024e+04
5.590753603095770519e-01 7.749287353005443583e+04
5.613116617508153716e-01 7.283775683196978935e+04
5.635569083978186899e-01 6.899303174584242515e+04
5.658111360314097560e-01 6.438716082551044383e+04
5.680743805755354980e-01 5.991986534621270403e+04
5.703466780978375672e-01 5.588644909434661531e+04
5.726280648102289872e-01 5.169932894008545554e+04
5.749185770694699160e-01 4.721802974360828375e+04
5.772182513777477375e-01 4.249999862598439358e+04
5.795271243832587071e-01 3.752692678211229213e+04
5.818452328807918184e-01 3.239009084073431222e+04
5.841726138123150003e-01 2.728129146634331119e+04
5.865093042675643131e-01 1.750806247046923818e+04
5.888553414846344758e-01 9.305701008917163563e+03
5.912107628505729462e-01 1.419312171470072280e+04
5.935756059019753339e-01 3.174489483221764749e+04
5.959499083255832552e-01 5.093028681363778742e+04
5.983337079588855190e-01 7.281016117172247323e+04
6.007270427907210886e-01 1.015740043944468198e+05
6.031299509618840426e-01 1.405020422049948247e+05
6.055424707657315331e-01 1.893758161800308153e+05
6.079646406487945187e-01 2.512761983870557451e+05
6.103964992113897203e-01 3.319266297157910303e+05
6.128380852082353503e-01 4.356473037016967428e+05
6.152894375490681744e-01 5.670009693017901154e+05
6.177505952992645710e-01 7.302955716190643143e+05
6.202215976804615893e-01 9.289976450525212567e+05
6.227024840711834486e-01 1.171947072011917830e+06
6.251932940074681477e-01 1.469210611286645988e+06
6.276940671834980723e-01 1.828838130957793212e+06
6.302048434522321552e-01 2.271860434511010069e+06
6.327256628260409244e-01 2.800459995514304843e+06
6.352565654773452142e-01 3.422958698101944756e+06
6.377975917392545435e-01 4.158874794447525404e+06
6.403487821062116003e-01 5.024007670842020772e+06
6.429101772346363930e-01 6.033970753694670275e+06
6.454818179435749537e-01 7.205963253324977122e+06
6.480637452153492628e-01 8.610880386219849810e+06
6.506560001962106154e-01 1.031816689248104766e+07
6.532586241969955410e-01 1.233286612683383562e+07
6.558716586937833881e-01 1.471917243516075984e+07
6.584951453285585732e-01 1.755575852498605102e+07
6.611291259098727169e-01 2.098300960344738513e+07
6.637736424135122215e-01 2.509194504761208594e+07
6.664287369831662922e-01 2.996168309931891039e+07
6.690944519310989547e-01 3.566435916312503815e+07
6.717708297388232941e-01 4.239470543857508898e+07
6.744579130577786907e-01 5.026565714381325245e+07
6.771557447100098326e-01 5.909027176398748904e+07
6.798643676888498355e-01 6.847564774679225683e+07
6.825838251596052508e-01 7.777519718502330780e+07
6.853141604602436265e-01 8.622571192726029456e+07
6.880554171020846210e-01 9.294864690494343638e+07
6.908076387704928933e-01 9.667118968386538327e+07
6.935708693255748791e-01 9.766940491113260388e+07
6.963451528028771209e-01 1.058968500560033917e+08
6.991305334140887062e-01 1.129831339418038428e+08
7.019270555477450380e-01 1.214846761196527481e+08
7.047347637699360456e-01 1.331959325068153888e+08
7.075537028250157290e-01 1.454794078194333017e+08
7.103839176363159202e-01 1.575687263506215215e+08
7.132254533068611568e-01 1.697175317735896409e+08
7.160783551200886610e-01 1.727273646693563461e+08
7.189426685405689854e-01 1.809772723414108157e+08
7.218184392147313222e-01 1.922076074329116642e+08
7.247057129715901436e-01 1.936925282324097455e+08
7.276045358234763949e-01 1.982937950506941080e+08
7.305149539667704639e-01 1.932010549745021164e+08
7.334370137826373703e-01 1.974717704796455801e+08
7.363707618377679509e-01 1.943271989501248896e+08
7.393162448851190449e-01 1.931551687514182031e+08
7.422735098646596752e-01 1.900179076544683874e+08
7.452426039041182282e-01 1.861584782469211817e+08
7.482235743197346300e-01 1.812636747187384963e+08
7.512164686170136330e-01 1.726940165553954840e+08
7.542213344914817652e-01 1.652248727302781045e+08
7.572382198294477229e-01 1.551673378360111415e+08
7.602671727087656484e-01 1.340949717303098440e+08
7.633082413996006288e-01 7.960635451389169693e+07
7.663614743651989691e-01 1.397355876273929887e+07
7.694269202626597970e-01 1.905194404026970267e+07
7.725046279437104424e-01 6.794795910720719397e+07
7.755946464554852593e-01 1.340718568535339981e+08
7.786970250413072225e-01 1.955520461434761882e+08
7.818118131414724115e-01 2.489093588162568510e+08
7.849390603940383793e-01 3.003604762637420297e+08
7.880788166356144098e-01 3.575685591436806917e+08
7.912311319021569922e-01 4.230675417542526722e+08
7.943960564297655180e-01 4.983826517549714446e+08
7.975736406554845281e-01 5.783665077135679722e+08
8.007639352181065151e-01 6.699747813437993526e+08
8.039669909589789443e-01 7.673973211822222471e+08
8.071828589228148276e-01 8.609720942444392443e+08
8.104115903585061842e-01 9.332119743184001446e+08
8.136532367199402760e-01 1.020718221298876405e+09
8.169078496668199518e-01 1.180085877611879587e+09
8.201754810654874328e-01 1.222106008220561743e+09
8.234561829897493190e-01 1.472449722815753698e+09
8.267500077217083687e-01 1.758430810632849455e+09
8.300570077525952772e-01 1.914522646347836733e+09
8.333772357836056743e-01 2.154160250333157063e+09
8.367107447267401188e-01 2.328902914328475475e+09
8.400575877056470908e-01 2.624635561158777237e+09
8.434178180564695371e-01 2.950491980757877350e+09
8.467914893286955236e-01 3.318364624011030674e+09
8.501786552860102208e-01 3.702900342540432930e+09
8.535793699071543283e-01 4.159894855019852638e+09
8.569936873867830540e-01 4.652010984390328407e+09
8.604216621363300899e-01 5.034488246817130089e+09
8.638633487848753623e-01 4.990133420374657631e+09
8.673188021800150027e-01 5.578872270775325775e+09
8.707880773887352044e-01 5.890010906598161697e+09
8.742712296982900755e-01 6.382012283807817459e+09
8.777683146170831563e-01 6.908283079270356178e+09
8.812793878755513788e-01 7.460097172892578125e+09
8.848045054270535781e-01 8.041758983698109627e+09
8.883437234487617795e-01 7.536441086917044640e+09
8.918970983425568155e-01 6.671850065975071907e+09
8.954646867359271623e-01 8.190280362221183777e+09
8.990465454828707736e-01 7.602366914960370064e+09
9.026427316648023558e-01 9.938555566570020676e+09
9.062533025914615292e-01 1.153623769752080917e+10
9.098783158018273198e-01 1.243481297468534851e+10
9.135178290650346478e-01 1.316089019708566666e+10
9.171719003812948134e-01 1.333501540968401146e+10
9.208405879828199803e-01 1.570924995023094749e+10
9.245239503347512100e-01 1.569780124552860641e+10
9.282220461360901620e-01 7.944313540280612946e+09
9.319349343206346781e-01 9.113547212062126160e+09
9.356626740579171431e-01 9.627448019730354309e+09
9.394053247541488405e-01 1.166198452308578682e+10
9.431629460531654185e-01 1.261163944462710762e+10
9.469355978373780180e-01 1.363253298680273819e+10
9.507233402287275092e-01 1.338263175371138954e+10
9.545262335896426142e-01 1.536975497544889450e+10
9.583443385240012491e-01 1.310632593003990936e+10
9.621777158780971950e-01 1.495431917119958115e+10
9.660264267416096562e-01 1.605082491450884819e+10
9.698905324485760371e-01 1.747515859346572113e+10
9.737700945783701600e-01 1.759788616822185898e+10
9.776651749566835914e-01 1.873078605598279953e+10
9.815758356565105203e-01 2.001984903004842377e+10
9.855021389991363012e-01 2.191371901493077087e+10
9.894441475551331022e-01 2.505062492865937042e+10
9.934019241453534432e-01 2.618068920317562485e+10
9.973755318419349480e-01 2.486758395063798904e+10
1.001365033969302543e+00 1.993257177884400940e+10
1.005370494105179757e+00 2.221525567971903610e+10
1.009391976081600362e+00 2.391333214583587646e+10
1.013429543985926884e+00 2.822816213812580872e+10
1.017483262161870350e+00 3.312051327290934372e+10
1.021553195210518128e+00 3.716862077783168793e+10
1.025639407991360219e+00 4.081908377844875336e+10
1.029741965623325539e+00 4.543629038031830597e+10
1.033860933485818867e+00 4.979049652375227356e+10
1.037996377219762012e+00 5.379182176453344727e+10
1.042148362728641198e+00 5.676091161522148132e+10
1.046316956179555557e+00 6.027914670849716187e+10
1.050502224004274066e+00 6.355072125174407196e+10
1.054704232900291139e+00 6.610661851859513855e+10
1.058923049831892227e+00 6.804702968743619537e+10
1.063158742031219628e+00 7.152357249843074036e+10
1.067411376999344741e+00 7.263921177911839294e+10
1.071681022507342096e+00 7.405183854487432861e+10
1.075967746597371377e+00 7.538227051110359192e+10
1.080271617583760779e+00 7.655323207353459167e+10
1.084592704054095913e+00 7.305422278295817566e+10
1.088931074870312044e+00 6.246708142898242188e+10
1.093286799169793433e+00 4.293299883863797760e+10
1.097659946366472461e+00 3.550793442818183899e+10
1.102050586151938294e+00 2.957219618000551224e+10
1.106458788496546219e+00 2.441205023683353806e+10
1.110884623650532532e+00 1.917566697268163300e+10
1.115328162145134749e+00 1.431059074294101715e+10
1.119789474793714934e+00 1.527718417601318550e+10
1.124268632692889902e+00 1.644167773019162560e+10
1.128765707223661430e+00 1.922252062897230530e+10
1.133280770052556230e+00 1.055929441602076149e+10
1.137813893132766374e+00 1.244050812968059540e+10
1.142365148705297484e+00 1.426303359903627777e+10
1.146934609300118479e+00 1.595391930304273987e+10
1.151522347737319096e+00 1.033918833651909637e+10
1.156128437128268516e+00 7.810739628797039986e+09
1.160752950876781542e+00 9.119205420735752106e+09
1.165395962680288999e+00 1.272807378297687721e+10
1.170057546531009907e+00 1.057448122857082176e+10
1.174737776717134086e+00 5.341691611848193169e+09
1.179436727824002773e+00 9.430584472436069489e+09
1.184154474735298557e+00 1.599371934466156769e+10
1.188891092634239977e+00 2.079429133742854691e+10
1.193646657004777012e+00 2.557663232397327423e+10
1.198421243632796118e+00 3.074843309510747528e+10
1.203214928607327261e+00 3.739089472321461487e+10
1.208027788321756724e+00 4.655710892300813293e+10
1.212859899475043468e+00 5.157609819715264893e+10
1.217711339072943710e+00 6.034380548354915619e+10
1.222582184429235275e+00 6.598908134653022003e+10
1.227472513166952384e+00 7.395072183639266968e+10
1.232382403219620226e+00 7.987637283418981934e+10
1.237311932832498407e+00 8.647925702402426147e+10
1.242261180563828615e+00 7.470497974615986633e+10
1.247230225286083849e+00 9.754299117561708069e+10
1.252219146187228072e+00 7.526011561108370972e+10
1.257228022771976983e+00 1.074514041513921204e+11
1.262256934863064783e+00 1.054892831798481903e+11
1.267305962602517155e+00 1.048922887348959351e+11
1.272375186452927354e+00 9.979327707406234741e+10
1.277464687198738957e+00 1.008928256962154846e+11
1.282574545947533950e+00 9.363629525788743591e+10
1.287704844131324133e+00 8.730539746368832397e+10
1.292855663507849417e+00 8.311368934404344177e+10
1.298027086161880783e+00 7.757137721691598511e+10
1.303219194506528344e+00 7.248688936575881958e+10
1.308432071284554521e+00 6.567944484977288055e+10
1.313665799569692760e+00 5.862103162556990051e+10
1.318920462767971591e+00 5.193678594325317383e+10
1.324196144619043336e+00 4.130359484155206299e+10
1.329492929197519491e+00 2.210033985816832733e+10
1.334810900914309650e+00 6.547859877071069717e+09
1.340150144517967101e+00 3.873759961546377659e+09
1.345510745096038852e+00 2.480625089580718994e+09
1.350892788076423212e+00 1.870010892820255280e+09
1.356296359228728932e+00 1.168201902156294346e+09
1.361721544665643879e+00 9.616183777724541426e+08
1.367168430844306393e+00 1.705063180941921234e+09
1.372637104567683730e+00 1.198407355622727633e+09
1.378127652985954299e+00 1.449904726971430540e+09
1.383640163597898098e+00 1.121538668180710316e+09
1.389174724252289828e+00 1.300869189690878391e+09
1.394731423149298877e+00 1.042025623302342057e+09
1.400310348841896202e+00 1.024934516619969726e+09
1.405911590237263642e+00 1.299496237789196968e+09
1.411535236598212784e+00 1.252528608053586721e+09
1.417181377544605603e+00 1.431402752279708385e+09
1.422850103054784210e+00 1.449399136819265127e+09
1.428541503467003038e+00 1.896327711242522717e+09
1.434255669480871243e+00 1.936479395113033295e+09
1.439992692158794885e+00 2.421593482436397552e+09
1.445752662927429988e+00 2.963550194564826965e+09
1.451535673579139596e+00 4.175314382734823704e+09
1.457341816273456159e+00 5.926925610254672050e+09
1.463171183538549913e+00 5.319864501121478081e+09
1.469023868272704147e+00 5.399680439884002686e+09
1.474899963745795128e+00 6.450870582244593620e+09
1.480799563600778246e+00 7.982819439822473526e+09
1.486722761855181485e+00 8.131538217630742073e+09
1.492669652902602007e+00 9.576511273854356766e+09
1.498640331514212276e+00 1.082531042323144531e+10
1.504634892840269300e+00 1.176805173656124306e+10
1.510653432411630304e+00 1.403654047485074997e+10
1.516696046141276843e+00 1.662972437303078461e+10
1.522762830325842032e+00 1.811342845908942032e+10
1.528853881647145307e+00 2.070985607057812119e+10
1.534969297173733649e+00 2.300889108251993561e+10
1.541109174362428780e+00 2.584200695715944290e+10
1.547273611059878373e+00 3.151204922624248123e+10
1.553462705504118135e+00 3.350893933564630127e+10
1.559676556326134556e+00 3.463235602298010254e+10
1.565915262551438980e+00 3.900993049584984589e+10
1.572178923601644795e+00 4.241463956656774902e+10
1.578467639296051495e+00 4.355571423496947479e+10
1.584781509853235626e+00 4.741098420873056793e+10
1.591120635892648405e+00 4.427602978607445526e+10
1.597485118436219098e+00 4.033436034286286163e+10
1.603875058909963958e+00 2.951921897541502762e+10
1.610290559145603595e+00 2.059465640894738770e+10
1.616731721382186127e+00 1.391322346507132339e+10
1.623198648267714761e+00 9.797012011296310425e+09
1.629691442860785600e+00 7.286329796824222565e+09
1.636210208632228769e+00 8.295103760957967758e+09
1.642755049466757766e+00 1.039972252619719887e+10
1.649326069664624805e+00 1.070433936439449501e+10
1.655923373943283039e+00 1.009207731331386185e+10
1.662547067439056336e+00 1.025860770764620018e+10
1.669197255708812611e+00 3.142970688865563393e+09
1.675874044731648027e+00 3.468665228112005711e+09
1.682577540910574321e+00 6.367746204824190140e+09
1.689307851074216771e+00 5.537635390999775887e+09
1.696065082478513508e+00 3.606005407984996319e+09
1.702849342808427480e+00 3.581329054038101673e+09
1.709660740179661298e+00 5.792741145481781960e+09
1.716499383140379864e+00 4.552233017094408989e+09
1.723365380672941427e+00 6.789297485663678169e+09
1.730258842195633306e+00 4.247992336702744007e+09
1.737179877564415831e+00 3.832087409851490498e+09
1.744128597074673603e+00 4.684724538620695114e+09
1.751105111462972097e+00 5.520979012959201813e+09
1.758109531908824241e+00 4.893342078482296944e+09
1.765141970036459451e+00 4.019765239409883499e+09
1.772202537916605314e+00 3.231816416272287369e+09
1.779291348068271716e+00 3.861100629998559952e+09
1.786408513460544745e+00 3.385088866424033165e+09
1.793554147514387020e+00 2.150482961773778915e+09
1.800728364104444257e+00 3.026219337194727898e+09
1.807931277560862249e+00 2.961663785008576870e+09
1.815163002671105641e+00 3.760292496471738815e+09
1.822423654681789795e+00 3.775793224057114124e+09
1.829713349300517100e+00 3.310114819915781975e+09
1.837032202697718830e+00 3.038082726738356590e+09
1.844380331508509885e+00 3.642587514442170620e+09
1.851757852834543527e+00 3.521441083667575836e+09
1.859164884245881888e+00 2.676420494356386662e+09
1.866601543782865358e+00 2.649110939888947964e+09
1.874067949957996859e+00 3.389632629450934887e+09
1.881564221757828781e+00 5.471710734318774223e+09
1.889090478644860127e+00 6.143940378405598640e+09
1.896646840559439662e+00 7.509921220960764885e+09
1.904233427921677269e+00 6.671686828776535988e+09
1.911850361633363971e+00 7.785294254683936119e+09
1.919497763079897279e+00 7.564864478924433708e+09
1.927175754132217200e+00 6.436555002425684929e+09
1.934884457148745796e+00 5.503927869341765404e+09
1.942623994977340729e+00 4.716203640907264709e+09
1.950394490957250149e+00 6.542066319877325058e+09
1.958196068921079336e+00 5.538389472989079475e+09
1.966028853196763793e+00 7.146432836503706932e+09
1.973892968609550991e+00 7.403039498641903877e+09
1.981788540483989447e+00 8.087289693454257011e+09
1.989715694645925126e+00 8.745320515039628983e+09
1.997674557424508723e+00 1.035676651334288979e+10
2.005665255654207169e+00 1.087179530630401802e+10
2.013687916676823786e+00 1.209690642003722382e+10
2.021742668343530891e+00 1.492245428117492485e+10
2.029829639016905052e+00 1.448559939350729561e+10
2.037948957572972564e+00 1.668326443903166580e+10
2.046100753403264694e+00 1.845846664933382416e+10
2.054285156416877811e+00 1.919788696419921494e+10
2.062502297042545507e+00 2.047618329358679962e+10
2.070752306230715600e+00 2.149979502049467850e+10
2.079035315455638244e+00 2.067014583790774536e+10
2.087351456717461140e+00 2.067491067886864471e+10
2.095700862544330967e+00 1.967707545611742783e+10
2.104083665994508134e+00 1.899212657900141907e+10
2.112500000658485977e+00 1.768854201521360397e+10
2.120950000661120161e+00 1.575292919512122536e+10
2.129433800663764753e+00 1.379092960798733902e+10
2.137951535866419839e+00 1.254978568908238220e+10
2.146503342009885351e+00 1.053567716941611671e+10
2.155089355377924676e+00 8.866935356540227890e+09
2.163709712799436691e+00 6.447189501545004845e+09
2.172364551650634468e+00 5.874839189906785011e+09
2.181054009857236853e+00 4.709172608727774620e+09
2.189778225896665376e+00 3.036452241389264584e+09
2.198537338800252705e+00 1.185766177673137665e+09
2.207331488155453325e+00 6.451657472720789909e+08
2.216160814108075083e+00 1.349387434158102274e+09
2.225025457364507631e+00 1.234753320503435850e+09
2.233925559193965515e+00 9.647390321757446527e+08
2.242861261430741493e+00 6.886312950444868803e+08
2.251832706476463830e+00 5.372316626581532955e+08
2.260840037302370042e+00 4.754776349647425413e+08
2.269883397451579299e+00 5.074467212697677612e+08
2.278962931041386142e+00 4.394879098123326898e+08
2.288078782765551100e+00 3.277755293089699745e+08
2.297231097896613505e+00 3.334317638411220908e+08
2.306420022288200311e+00 6.217723079119464159e+08
2.315645702377353121e+00 7.736946607117979527e+08
2.324908285186861878e+00 3.025922323350301981e+08
2.334207918327609654e+00 2.919354104831965566e+08
2.343544750000919663e+00 3.067110277515360713e+08
2.352918929000923143e+00 3.983023757182947397e+08
2.362330604716927240e+00 5.588678529015183449e+08
2.371779927135795329e+00 4.074335820893216729e+08
2.381267046844337987e+00 3.366707227760114074e+08
2.390792115031715070e+00 6.168868867248611450e+08
2.400355283491842240e+00 8.198229042596718073e+08
2.409956704625809465e+00 1.015618215917029023e+09
2.419596531444312859e+00 9.514255087823104858e+08
2.429274917570089620e+00 1.000781864238194466e+09
2.438992017240370291e+00 1.069397180942409039e+09
2.448747985309331465e+00 1.217167122485086679e+09
2.458542977250568917e+00 1.449126075451392889e+09
2.468377149159570738e+00 1.540895814528563976e+09
2.478250657756209563e+00 1.574297961519015312e+09
2.488163660387234355e+00 1.737524235659807920e+09
2.498116315028783063e+00 2.019069984208141088e+09
2.508108780288898387e+00 1.781913060123135567e+09
2.518141215410053757e+00 1.766346773771931410e+09
2.528213780271693967e+00 1.569599695929242611e+09
2.538326635392781139e+00 1.635731376049895525e+09
2.548479941934351789e+00 1.246765825606048346e+09
2.558673861702089436e+00 1.390214624963308096e+09
2.568908557148898097e+00 1.292679554004516125e+09
2.579184191377493551e+00 1.155561394607825756e+09
2.589500928143003478e+00 1.044008070225581765e+09
2.599858931855575594e+00 1.385588506994165182e+09
2.610258367582998229e+00 1.618778443127959967e+09
2.620699401053329769e+00 1.710745195113404274e+09
2.631182198657543214e+00 1.891955317677291155e+09
2.641706927452173392e+00 3.031315902535971642e+09
2.652273755161981938e+00 2.761050752116488457e+09
2.662882850182629824e+00 2.074387310819440126e+09
2.673534381583360542e+00 1.026691565234367847e+09
2.684228519109693956e+00 1.143573763557253122e+09
2.694965433186132575e+00 1.628931458343374968e+09
2.705745294918877164e+00 1.564277714770828009e+09
2.716568276098552559e+00 1.682091363969814062e+09
2.727434549202946812e+00 2.690461321406484604e+09
2.738344287399758326e+00 1.891352241163723707e+09
2.749297664549357201e+00 3.116653239006111622e+09
2.760294855207554576e+00 2.073038701862775564e+09
2.771336034628385292e+00 2.064658963939831257e+09
2.782421378766898545e+00 1.536251316775285482e+09
2.793551064281966312e+00 2.618142240216215611e+09
2.804725268539093985e+00 1.769784883082882643e+09
2.815944169613250558e+00 2.290964106995347023e+09
2.827207946291703244e+00 3.476983202742964745e+09
2.838516778076869862e+00 2.104222115090303659e+09
2.849870845189177437e+00 2.398667197683990002e+09
2.861270328569933685e+00 3.120072748381537914e+09
2.872715409884213589e+00 3.098311200961884022e+09
2.884206271523750420e+00 3.153408123846705914e+09
2.895743096609845413e+00 3.558960462251683235e+09
2.907326068996284985e+00 3.193917002176047325e+09
2.918955373272270393e+00 3.635528815909522057e+09
2.930631194765359826e+00 4.530972288344758987e+09
2.942353719544420709e+00 4.192510693818867207e+09
2.954123134422598440e+00 4.175772643463452339e+09
2.965939626960289122e+00 4.323767148619789124e+09
2.977803385468130504e+00 4.577498037477302551e+09
2.989714599010003138e+00 4.848572171040054321e+09
3.001673457406043077e+00 4.221542876028447151e+09
3.013680151235667015e+00 4.525290409435921669e+09
3.025734871840609408e+00 4.108784827536601543e+09
3.037837811327972037e+00 3.777018866706676960e+09
3.049989162573283785e+00 2.976902564261957169e+09
3.062189119223576395e+00 2.577959942158956528e+09
3.074437875700470890e+00 2.266676892892855644e+09
3.086735627203272880e+00 2.031842235673377275e+09
3.099082569712085622e+00 1.716252414543189526e+09
3.111478899990933744e+00 1.406768485465084791e+09
3.123924815590897186e+00 1.234163318451257706e+09
3.136420514853261121e+00 9.238203982698162794e+08
3.148966196912674320e+00 7.833571223035620451e+08
3.161562061700325277e+00 6.497289569275873899e+08
3.174208309947126327e+00 6.025366811966470480e+08
3.186905143186915090e+00 5.136680680905345082e+08
3.199652763759662566e+00 4.769180162530255914e+08
3.212451374814701222e+00 4.933544401193814874e+08
3.225301180313960625e+00 4.662147362213255763e+08
3.238202385035215958e+00 4.890784826432451010e+08
3.251155194575356955e+00 5.055144111482823491e+08
3.264159815353658622e+00 6.422050555453785658e+08
3.277216454615073271e+00 7.889025459248304367e+08
3.290325320433533207e+00 8.573812522606619596e+08
3.303486621715267635e+00 7.657595447056249380e+08
3.316700568202128441e+00 1.590672419280050099e+08
3.329967370474937294e+00 9.377282074254852533e+07
3.343287239956836743e+00 2.514833365548851490e+08
3.356660388916663962e+00 4.698946799396353364e+08
3.370087030472330714e+00 6.099924429477528334e+08
3.383567378594220187e+00 6.576465369313411713e+08
3.397101648108596716e+00 6.311906826149441004e+08
3.410690054701031482e+00 6.055301015680472851e+08
3.424332814919834878e+00 5.742132904743860960e+08
3.438030146179514634e+00 5.422057883000092506e+08
3.451782266764232610e+00 5.459126606983373165e+08
3.465589395831289998e+00 6.145653325060888529e+08
3.479451753414614767e+00 5.978846533910090923e+08
3.493369560428273068e+00 6.721254842354828119e+08
3.507343038669985980e+00 8.110785689973148108e+08
3.521372410824665788e+00 8.340913161204508543e+08
3.535457900467964709e+00 8.353873079933134317e+08
3.549599732069836477e+00 9.200381075224068165e+08
3.563798130998116154e+00 9.882846646512978077e+08
3.578053323522108364e+00 1.139890814997721434e+09
3.592365536816196858e+00 1.184239413974586248e+09
3.606734998963461614e+00 1.137600461897930861e+09
3.621161938959315041e+00 1.275321608830776215e+09
3.635646586715152839e+00 1.484915325230588675e+09
3.650189173062013293e+00 1.742390266286554337e+09
3.664789929754260545e+00 1.950721801793880224e+09
3.679449089473277645e+00 2.251110379394177437e+09
3.694166885831170699e+00 2.278411775772398472e+09
3.708943553374495661e+00 2.581086117908266068e+09
3.723779327587993571e+00 2.609782183223235607e+09
3.738674444898345328e+00 2.956482961835937977e+09
3.753629142677938901e+00 3.140057893928889275e+09
3.768643659248651190e+00 3.081845043823133469e+09
3.783718233885645432e+00 2.953364359872113228e+09
3.798853106821188153e+00 3.446726171716331959e+09
3.814048519248473657e+00 3.935845660841140270e+09
3.829304713325467180e+00 4.520622888262492180e+09
3.844621932178768908e+00 3.807342563596477032e+09
3.860000419907484215e+00 4.246558011152875423e+09
3.875440421587113882e+00 4.182391521818287373e+09
3.890942183273462529e+00 4.751857751614913940e+09
3.906505952006555926e+00 4.841102981655020714e+09
3.922131975814582727e+00 4.950450275369806290e+09
3.937820503717840648e+00 5.607505835840154648e+09
3.953571785732711508e+00 5.425563408765783310e+09
3.969386072875642490e+00 5.818002804085875511e+09
3.985263617167145167e+00 6.266967319475731850e+09
4.001204671635814059e+00 6.113195880351745605e+09
4.017209490322357190e+00 6.403119462378077507e+09
4.033278328283646630e+00 6.104402963193535805e+09
4.049411441596781458e+00 6.108673801366671562e+09
4.065609087363168506e+00 5.869152387692705154e+09
4.081871523712622185e+00 5.603721616766259193e+09
4.098199009807472315e+00 5.821298170667538643e+09
4.114591805846702144e+00 5.565599095286407471e+09
4.131050173070089038e+00 5.471052757255066872e+09
4.147574373762369149e+00 5.770908108268829346e+09
4.164164671257418959e+00 5.766275622101976395e+09
4.180821329942449260e+00 5.529392523208840370e+09
4.197544615262219558e+00 5.578967062904406548e+09
4.214334793723269357e+00 5.480131033330077171e+09
4.231192132898162761e+00 5.350928820284419060e+09
4.248116901429755288e+00 5.117180410530066490e+09
4.265109369035473996e+00 5.212036898012457848e+09
4.282169806511615384e+00 4.433258132878212929e+09
4.299298485737661935e+00 2.783713443234399319e+09
4.316495679680612874e+00 2.253413975138507366e+09
4.333761662399335357e+00 3.085276575870748997e+09
4.351096709048932532e+00 3.765891746094471455e+09
4.368501095885127583e+00 4.692363690938055992e+09
4.385975100268668214e+00 4.754648286342524529e+09
4.403519000669743555e+00 4.514559938236514091e+09
4.421133076672422391e+00 4.296822971947519302e+09
4.438817608979111817e+00 3.676104648374627113e+09
4.456572879415028332e+00 3.678306482264284134e+09
4.474399170932688463e+00 2.989257961694179058e+09
4.492296767616419828e+00 2.907582375191927910e+09
4.510265954686884626e+00 2.746940933380904675e+09
4.528307018505633330e+00 2.389981387835350513e+09
4.546420246579655711e+00 2.375874355542499542e+09
4.564605927565974497e+00 2.223707231894715786e+09
4.582864351276237258e+00 2.442848154681002140e+09
4.601195808681342925e+00 2.434931518130157471e+09
4.619600591916067422e+00 2.543881786971718788e+09
4.638078994283731937e+00 2.808065779036137581e+09
4.656631310260867629e+00 3.427518144824186325e+09
4.675257835501911430e+00 3.166254735467333317e+09
4.693958866843916944e+00 3.432157135391533375e+09
4.712734702311292878e+00 2.930540515630314827e+09
4.731585641120538810e+00 2.598000818700070381e+09
4.750511983685020923e+00 2.766359434957233429e+09
4.769514031619761063e+00 2.632058133342311859e+09
4.788592087746240011e+00 2.424576394729084015e+09
4.807746456097224730e+00 2.978472511934964180e+09
4.826977441921613377e+00 3.087690220734951973e+09
4.846285351689299858e+00 2.757632300285315990e+09
4.865670493096057925e+00 3.241548719408643246e+09
4.885133175068442135e+00 3.240032438770459652e+09
4.904673707768715474e+00 3.115641899422594070e+09
4.924292402599791174e+00 3.143783858263242722e+09
4.943989572210189642e+00 3.223771811146028519e+09
4.963765530499030021e+00 2.878410259366398335e+09
4.983620592621027079e+00 3.760665721077680588e+09
5.003555074991511198e+00 3.667973290826813698e+09
5.023569295291476777e+00 3.012722461108633041e+09
5.043663572472643075e+00 3.814053070780632019e+09
5.063838226762532813e+00 3.854621878733797073e+09
5.084093579669583640e+00 3.638083302281819820e+09
5.104429953988261381e+00 3.686675906286864758e+09
5.124847673804215020e+00 3.911979851583271980e+09
5.145347064499431688e+00 2.849688926307178020e+09
5.165928452757428957e+00 3.217449776098051071e+09
5.186592166568458673e+00 3.730881445980540276e+09
5.207338535234733001e+00 2.634838648013338566e+09
5.228167889375671784e+00 3.170649161641057491e+09
5.249080560933174766e+00 3.240412709831908703e+09
5.270076883176907145e+00 2.843783008340236664e+09
5.291157190709615321e+00 2.898842310227356911e+09
5.312321819472453299e+00 2.914480862802607536e+09
5.333571106750343738e+00 3.261574142397969246e+09
5.354905391177344320e+00 2.182381922198491096e+09
5.376325012742054099e+00 2.452617343934182167e+09
5.397830312793021612e+00 2.581155551961140633e+09
5.419421634044193858e+00 1.595191090899349451e+09
5.441099320580370602e+00 2.450622442814353943e+09
5.462863717862692425e+00 2.121833868705358028e+09
5.484715172734142996e+00 2.231186997552268028e+09
5.506654033425078865e+00 2.203609976229047298e+09
5.528680649558780580e+00 1.885504336037488222e+09
5.550795372157015350e+00 1.749887254216926336e+09
5.572998553645643227e+00 1.611710392652781010e+09
5.595290547860225949e+00 1.811286281253758430e+09
5.617671710051667766e+00 1.755860923755762815e+09
5.640142396891874021e+00 1.625956889293019056e+09
5.662702966479441713e+00 1.704027442906652212e+09
5.685353778345359821e+00 1.553226075775587082e+09
5.708095193458740724e+00 1.549514590885458231e+09
5.730927574232576482e+00 1.470880439554970980e+09
5.753851284529505783e+00 1.669673917706654072e+09
5.776866689667624399e+00 1.423539684323338270e+09
5.799974156426294769e+00 1.704077841665212154e+09
5.823174053051999977e+00 1.012107424855547190e+09
5.846466749264207508e+00 1.296438531557522774e+09
5.869852616261264977e+00 1.173793064251158237e+09
5.893332026726310069e+00 1.245095600644452095e+09
5.916905354833215114e+00 1.626478016046183109e+09
5.940572976252548543e+00 1.164533945950797319e+09
5.964335268157558545e+00 1.397456291835167646e+09
5.988192609230189589e+00 1.380701352618112564e+09
6.012145379667110490e+00 1.511286619113433838e+09
6.036193961185778889e+00 1.291911103831795454e+09
6.060338737030522616e+00 1.110120504468681335e+09
6.084580091978644134e+00 1.469735332110877037e+09
6.108918412346558746e+00 1.296305395444460154e+09
6.133354085995945226e+00 1.639467954808792830e+09
6.157887502339929320e+00 1.345852950907647848e+09
6.182519052349287669e+00 1.463740709792708635e+09
6.207249128558685491e+00 1.555389039331308842e+09
6.232078125072920471e+00 1.524761087918085575e+09
6.257006437573212843e+00 1.585854661674544811e+09
6.282034463323505236e+00 1.573789046954838991e+09
6.307162601176800720e+00 1.636626135978999615e+09
6.332391251581507063e+00 1.399576346825993061e+09
6.357720816587833390e+00 1.365634257111736059e+09
6.383151699854184180e+00 1.209802254322857618e+09
6.408684306653601226e+00 9.094864766120194197e+08
6.434319043880215361e+00 9.280512546507984400e+08
6.460056320055736379e+00 8.135356794159686565e+08
6.485896545335958052e+00 6.345108874474669695e+08
6.511840131517302233e+00 7.862108750961486101e+08
6.537887492043371829e+00 1.012866529666340113e+09
6.564039042011545533e+00 8.942074947384520769e+08
6.590295198179591196e+00 8.526425313383965492e+08
6.616656378972309405e+00 8.786132535539878607e+08
6.643123004488199257e+00 9.211260865947880745e+08
6.669695496506150789e+00 1.078865659735201836e+09
6.696374278492176479e+00 1.183807410983633280e+09
6.723159775606144528e+00 9.717937168680578470e+08
6.750052414708568094e+00 1.084709152146994352e+09
6.777052624367403411e+00 8.807937884358694553e+08
6.804160834864871887e+00 9.481166994394091368e+08
6.831377478204331055e+00 9.217390452274496555e+08
6.858702988117148180e+00 8.139112926070050001e+08
6.886137800069615622e+00 1.071438507577112436e+09
6.913682351269895499e+00 1.099243912565320492e+09
6.941337080674975013e+00 1.106727732427761078e+09
6.969102428997675069e+00 8.719738974857060909e+08
6.996978838713665994e+00 1.004767879686882377e+09
7.024966754068519670e+00 8.737830837474826574e+08
7.053066621084793653e+00 7.495698728663631678e+08
7.081278887569133929e+00 8.235085520095541477e+08
7.109604003119409654e+00 7.559034634468846321e+08
7.138042419131887861e+00 7.714855351041309834e+08
7.166594588808414379e+00 6.680739433569084406e+08
7.195260967163648047e+00 6.606500050752992630e+08
7.224042011032302923e+00 6.672169409348242283e+08
7.252938179076432235e+00 6.074622800522867441e+08
7.281949931792737196e+00 5.778094302971466780e+08
7.311077731519908696e+00 5.632224094568978548e+08
7.340322042445988515e+00 5.025215077860419750e+08
7.369683330615771411e+00 5.067525906349278092e+08
7.399162063938235612e+00 5.098177647929139733e+08
7.428758712193988423e+00 4.864897497953737378e+08
7.458473747042765112e+00 4.769846625400421023e+08
7.488307642030935796e+00 5.340440627938864231e+08
7.518260872599060285e+00 5.779942222637274265e+08
7.548333916089456253e+00 6.015815194710611105e+08
7.578527251753813587e+00 6.055737499036464691e+08
7.608841360760829176e+00 6.015144122245546579e+08
7.639276726203872769e+00 7.575285012150946856e+08
7.669833833108687493e+00 3.644714626924794912e+08
7.700513168441122325e+00 3.505905140509170890e+08
7.731315221114887670e+00 3.438966007085343003e+08
7.762240481999347352e+00 3.812833893831450939e+08
7.793289443927344351e+00 4.158427217366063595e+08
7.824462601703054077e+00 4.495828544581043124e+08
7.855760452109866065e+00 4.971947294574490190e+08
7.887183493918306532e+00 5.009577366007735729e+08
7.918732227893980458e+00 4.972143606972276568e+08
7.950407156805555431e+00 5.553162763539863825e+08
7.982208785432777454e+00 5.577777298360652924e+08
8.014137620574508958e+00 5.320601264861425161e+08
8.046194171056805899e+00 5.509636737138540745e+08
8.078378947741034821e+00 5.388450233385770321e+08
8.110692463531997021e+00 6.239240506549105644e+08
8.143135233386125549e+00 5.532287633634622097e+08
8.175707774319670662e+00 5.528852986415548325e+08
8.208410605416949224e+00 5.669197912878800631e+08
8.241244247838615422e+00 5.964640362367058992e+08
8.274209224829968790e+00 6.168626782317527533e+08
8.307306061729288871e+00 5.866653892795233727e+08
8.340535285976207192e+00 6.012886018530557156e+08
8.373897427120111203e+00 6.253189735917012691e+08
8.407393016828594412e+00 6.233381923482698202e+08
8.441022588895906509e+00 6.740130174030740261e+08
8.474786679251490540e+00 6.740002598979598284e+08
8.508685825968495209e+00 6.987015980112760067e+08
8.542720569272368891e+00 6.996734623479765654e+08
8.576891451549458978e+00 7.394081206831830740e+08
8.611199017355655627e+00 7.283871399106515646e+08
8.645643813425078150e+00 7.730107237621740103e+08
8.680226388678779159e+00 7.938135610341418982e+08
8.714947294233493125e+00 8.038832749156097174e+08
8.749807083410427566e+00 8.218886320441297293e+08
8.784806311744070229e+00 8.219439601795228720e+08
8.819945536991047774e+00 8.435465514499752522e+08
8.855225319139009343e+00 8.796267910979888439e+08
8.890646220415566958e+00 8.433967610866262913e+08
8.926208805297228821e+00 7.726589510072487593e+08
8.961913640518417878e+00 8.061773482933741808e+08
8.997761295080492161e+00 8.900045996534992456e+08
9.033752340260813085e+00 8.761378718807793856e+08
9.069887349621856387e+00 9.327929100419952869e+08
9.106166899020346150e+00 9.599483743812571764e+08
9.142591566616424359e+00 9.770097829663691521e+08
9.179161932882891506e+00 9.547198928166718483e+08
9.215878580614422333e+00 9.846571674906543493e+08
9.252742094936881045e+00 9.707743402422804832e+08
9.289753063316627646e+00 9.410570224879839420e+08
9.326912075569895322e+00 9.839983031611647606e+08
9.364219723872173162e+00 9.780229616541981697e+08
9.401676602767663482e+00 9.681909722089315653e+08
9.439283309178733816e+00 9.324815975735887289e+08
9.477040442415447075e+00 9.784469337255938053e+08
9.514948604185111236e+00 9.802119965644993782e+08
9.553008398601852136e+00 1.057848736810451865e+09
9.591220432196260859e+00 1.010651665402891278e+09
9.629585313925044687e+00 9.642970778929418325e+08
9.668103655180747324e+00 1.020451220082051873e+09
9.706776069801470896e+00 1.022213319828064442e+09
9.745603174080676112e+00 1.038586542477865219e+09
9.784585586776998412e+00 1.102563849009665728e+09
9.823723929124106746e+00 9.720449848216222525e+08
9.863018824840601440e+00 1.052508651629931211e+09
9.902470900139965337e+00 8.593352570118913651e+08
9.942080783740523842e+00 1.062238244411161065e+09
9.981849106875488431e+00 1.082742815629658222e+09
1.002177650330298952e+01 1.037520350643156409e+09
1.006186360931619994e+01 9.275802945184090137e+08
1.010211106375346723e+01 9.076371651885536909e+08
1.014251950800847979e+01 9.735869094045321941e+08
1.018308958604051284e+01 9.522693738234138489e+08
1.022382194438467451e+01 9.217324086081827879e+08
1.026471723216221399e+01 9.044545785643010139e+08
1.030577610109086173e+01 8.832332083901284933e+08
1.034699920549522467e+01 6.990359202868130207e+08
1.038838720231720458e+01 6.893399466610260010e+08
1.042994075112647501e+01 6.944109364968173504e+08
1.047166051413097954e+01 7.220054950499119759e+08
1.051354715618750468e+01 8.371612045095869303e+08
1.055560134481225454e+01 8.245411770841062069e+08
1.059782375019150358e+01 8.010451373853811026e+08
1.064021504519226902e+01 8.071260588203321695e+08
1.068277590537303823e+01 8.458083966260787249e+08
1.072550700899452991e+01 7.208807369531202316e+08
1.076840903703050856e+01 7.309990340044549704e+08
1.081148267317863088e+01 8.534045898759191036e+08
1.085472860387134553e+01 7.777471271916718483e+08
1.089814751828683015e+01 7.741796262794393301e+08
1.094174010835997635e+01 7.193159379082577229e+08
1.098550706879341909e+01 6.200240011596570015e+08
1.102944909706859100e+01 6.400085514162108898e+08
1.107356689345686540e+01 7.824405096717092991e+08
1.111786116103069233e+01 8.013330450513007641e+08
1.116233260567481622e+01 7.705500970194678307e+08
1.120698193609751492e+01 7.912927710534135103e+08
1.125180986384190440e+01 6.672223507500773668e+08
1.129681710329727373e+01 7.856118498981864452e+08
1.134200437171046083e+01 7.385291038800852299e+08
1.138737238919730466e+01 7.560414291300131083e+08
1.143292187875409383e+01 7.830373955093736649e+08
1.147865356626910938e+01 7.282406003715662956e+08
1.152456818053418530e+01 7.192197095989924669e+08
1.157066645325632237e+01 6.339098897433246374e+08
1.161694911906934635e+01 6.388499882607111931e+08
1.166341691554562487e+01 6.358105429543657303e+08
1.171007058320780736e+01 5.222069288798106313e+08
1.175691086554063958e+01 5.155821082829688787e+08
1.180393850900279951e+01 6.158031874190232754e+08
1.185115426303881137e+01 6.529935804944272041e+08
1.189855888009096674e+01 5.644804924681562185e+08
1.194615311561133097e+01 6.198426201622378826e+08
1.199393772807377623e+01 6.058371683050523996e+08
1.204191347898607134e+01 6.259071089463348389e+08
1.209008113290201614e+01 4.944984151887806058e+08
1.213844145743362368e+01 5.819532138430515528e+08
1.218699522326335938e+01 6.455067194316802025e+08
1.223574320415641381e+01 5.460985634006487131e+08
1.228468617697303777e+01 4.833181724313194156e+08
1.233382492168093059e+01 5.655355448434230089e+08
1.238316022136765504e+01 4.092727036609908938e+08
1.243269286225312520e+01 4.298951088776832819e+08
1.248242363370213859e+01 5.030138739826451540e+08
1.253235332823694748e+01 3.955148481421353817e+08
1.258248274154989410e+01 4.163474587080286741e+08
1.263281267251609385e+01 4.706732267996875644e+08
1.268334392320615756e+01 4.734024143307912946e+08
1.273407729889898299e+01 4.294008169295163155e+08
1.278501360809457665e+01 4.584631170895479918e+08
1.283615366252695544e+01 4.195100519727580547e+08
1.288749827717706253e+01 4.385453092485063076e+08
1.293904827028577031e+01 4.245992099209595919e+08
1.299080446336691352e+01 4.399915091999263763e+08
1.304276768122038099e+01 3.767614488773553967e+08
1.309493875194526424e+01 4.425308879752010107e+08
1.314731850695304693e+01 3.760131667268750072e+08
1.319990778098085649e+01 4.148673300884759426e+08
1.325270741210477965e+01 3.282803550069069862e+08
1.330571824175319939e+01 3.092987280458148122e+08
1.335894111472021173e+01 3.862177860323954821e+08
1.341237687917909227e+01 3.353910509273464680e+08
1.346602638669580898e+01 2.786762698897463083e+08
1.351989049224258999e+01 3.422555967207253575e+08
1.357397005421156067e+01 3.479213474506112337e+08
1.362826593442840917e+01 3.294155615799070001e+08
1.368277899816612297e+01 3.189882250437949896e+08
1.373751011415878942e+01 3.125440768579536080e+08
1.379246015461542463e+01 3.413021030787740946e+08
1.384762999523388416e+01 2.862532388951106071e+08
1.390302051521481808e+01 3.146101355830142498e+08
1.395863259727567751e+01 3.229252629980136752e+08
1.401446712766477987e+01 2.573805769948704541e+08
1.407052499617543972e+01 3.130384432707025409e+08
1.412680709616014063e+01 2.846053713639566302e+08
1.418331432454478147e+01 2.289428528332615495e+08
1.424004758184296193e+01 2.630860221519592106e+08
1.429700777217033369e+01 3.033271024105921388e+08
1.435419580325901379e+01 2.278332648093253970e+08
1.441161258647204946e+01 2.202017315725440681e+08
1.446925903681793812e+01 2.311307955506177843e+08
1.452713607296521126e+01 2.025467466727958918e+08
1.458524461725707155e+01 2.624002025430741012e+08
1.464358559572609764e+01 2.517845934368790984e+08
1.470215993810900557e+01 2.451716750895076990e+08
1.476096857786143879e+01 2.567014878369026482e+08
1.482001245217288599e+01 2.265081033090068698e+08
1.487929250198157760e+01 1.921638408403620422e+08
1.493880967198950316e+01 2.008687555634646714e+08
1.499856491067746056e+01 2.145225032501029074e+08
1.505855917032016933e+01 2.172750562814795971e+08
1.511879340700144958e+01 2.215309801325114965e+08
1.517926858062945605e+01 1.847309843432466686e+08
1.523998565495197433e+01 2.355228157747918963e+08
1.530094559757178274e+01 2.206434791894225478e+08
1.536214937996206764e+01 1.917913697099627256e+08
1.542359797748191674e+01 1.917095474059588611e+08
1.548529236939184450e+01 1.909516729531545937e+08
1.554723353886941339e+01 1.611203282411344647e+08
1.560942247302489072e+01 1.679146088249180019e+08
1.567186016291699069e+01 1.841588870300481319e+08
1.573454760356865556e+01 1.450445005221641064e+08
1.579748579398293096e+01 1.586787456839320958e+08
1.586067573715886247e+01 1.806359344976719618e+08
1.592411844010749888e+01 1.944737477336878777e+08
1.598781491386792730e+01 1.282519297114381343e+08
1.605176617352340074e+01 1.727366264076349139e+08
1.611597323821749228e+01 1.441179154135974348e+08
1.618043713117036120e+01 1.739787035762884319e+08
1.624515887969504391e+01 1.319721194058029056e+08
1.631013951521382310e+01 1.509551636174403429e+08
1.637538007327468037e+01 1.565887584206817150e+08
1.644088159356778078e+01 1.491089476365918815e+08
1.650664511994205341e+01 1.393731544659329355e+08
1.657267170042182158e+01 1.382193619728275836e+08
1.663896238722350418e+01 1.103104526219546497e+08
1.670551823677240222e+01 1.301009338547175527e+08
1.677234030971949608e+01 1.527546897179426551e+08
1.683942967095837062e+01 1.417811424748922884e+08
1.690678738964220429e+01 1.128385504426477998e+08
1.697441453920077237e+01 1.261861846694672704e+08
1.704231219735757108e+01 1.483268692510637343e+08
1.711048144614700561e+01 9.855085311629281938e+07
1.717892337193159236e+01 1.223059626583922505e+08
1.724763906541932101e+01 1.110472308915705681e+08
1.731662962168099895e+01 1.149725107011646181e+08
1.738589614016772344e+01 8.890985071188279986e+07
1.745543972472839300e+01 1.196462240590085387e+08
1.752526148362730751e+01 1.063792234882919490e+08
1.759536252956181812e+01 1.065864203756157309e+08
1.766574397968006238e+01 1.100582109451055527e+08
1.773640695559878466e+01 1.004218766592901051e+08
1.780735258342117433e+01 1.056211572070674598e+08
1.787858199375486024e+01 1.131780454197372049e+08
1.795009632172988034e+01 9.118240141348154843e+07
1.802189670701679702e+01 1.054527193390686214e+08
1.809398429384486562e+01 1.036195335304399878e+08
1.816636023102024211e+01 7.720388881816370785e+07
1.823902567194432578e+01 9.379228445872096717e+07
1.831198177463210186e+01 9.414737847076770663e+07
1.838522970173062987e+01 9.266457810087472200e+07
1.845877062053754969e+01 9.343731150403904915e+07
1.853260570301970134e+01 7.781165193146583438e+07
1.860673612583178027e+01 7.134289458208297193e+07
1.868116307033510637e+01 8.205184535365705192e+07
1.875588772261644976e+01 7.906320136973141134e+07
1.883091127350691352e+01 1.059130892348887920e+08
1.890623491860094063e+01 8.827701771182321012e+07
1.898185985827534594e+01 6.925444162784987688e+07
1.905778729770844748e+01 8.856174934627935290e+07
1.913401844689928311e+01 8.712867276235297322e+07
1.921055452068688041e+01 7.255768429426604509e+07
1.928739673876962968e+01 6.448007496557362378e+07
1.936454632572470658e+01 6.635903729695311934e+07
1.944200451102760141e+01 5.379460197368785739e+07
1.951977252907171589e+01 7.347928506457325816e+07
1.959785161918800256e+01 6.081781968004471809e+07
1.967624302566475691e+01 6.690531602375909686e+07
1.991079942767366973e+01 6.519955852476487309e+07
2.030901541622714390e+01 5.811667492679558694e+07
2.071519572455168756e+01 5.729313593064582348e+07
2.112949963904272010e+01 4.657993340225230902e+07
2.155208963182357707e+01 4.571132746739041060e+07
2.198313142446004420e+01 4.219755247367992252e+07
2.242279405294924643e+01 3.750428905337565392e+07
2.287124993400822959e+01 3.977740379309421778e+07
2.332867493268839709e+01 3.866393642197814584e+07
2.379524843134216638e+01 2.811008535495432466e+07
2.427115339996900900e+01 3.568683020318897814e+07
2.475657646796839018e+01 2.970012416234310344e+07
2.525170799732775961e+01 2.247546889796934649e+07
2.575674215727431715e+01 2.641803002416012436e+07
2.627187700041980278e+01 2.378823207448220626e+07
2.679731454042819649e+01 1.847788082532273605e+07
2.733326083123676042e+01 2.289114011070454866e+07
2.787992604786149542e+01 1.823060955677378550e+07
2.843752456881871993e+01 1.344347220815126784e+07
2.900627506019509738e+01 1.646660590158058330e+07
2.958640056139899599e+01 1.417150300571933761e+07
3.017812857262697435e+01 1.366728329878918454e+07
3.078169114407952023e+01 1.076503541873731464e+07
3.139732496696110431e+01 1.241712901894651167e+07
3.202527146630033172e+01 1.111806940489995852e+07
3.266577689562632969e+01 1.002494088723446988e+07
3.331909243353885586e+01 8.160002967020583339e+06
3.398547428220963695e+01 9.912988280844703317e+06
3.466518376785383282e+01 7.427181545025361702e+06
3.535848744321090464e+01 6.343448809106553905e+06
3.606565719207512188e+01 6.106169615651538596e+06
3.678697033591662802e+01 6.783205884301180020e+06
3.752270974263496583e+01 5.584501005851089954e+06
3.827316393748766643e+01 6.253275197596215643e+06
3.903862721623740839e+01 4.847206055539389141e+06
3.981939976056215613e+01 4.395773504159411415e+06
4.061578775577340394e+01 3.680095297183214687e+06
4.142810351088887444e+01 4.546902149517912418e+06
4.225666558110664539e+01 4.083885710319324862e+06
4.310179889272878029e+01 3.152373905842696317e+06
4.396383487058335504e+01 2.890514846755497623e+06
4.484311156799503095e+01 2.755911952704353258e+06
4.573997379935492091e+01 2.777150247653459199e+06
4.665477327534202345e+01 2.296850590129639953e+06
4.758786874084886165e+01 2.282128703709980473e+06
4.853962611566583973e+01 2.262362577937180642e+06
4.951041863797915710e+01 1.793331161282251356e+06
5.050062701073873939e+01 1.807131119265991263e+06
5.151063955095351332e+01 1.563846939671964385e+06
5.254085234197258103e+01 1.792434520188887371e+06
5.359166938881203635e+01 1.568019753133777296e+06
5.466350277658827395e+01 1.422198459434266202e+06
5.575677283212004198e+01 1.181639078201739816e+06
5.687190828876244098e+01 1.104057183038013754e+06
5.800934645453768468e+01 1.073010639193729730e+06
5.916953338362844050e+01 1.018312002462697914e+06
6.035292405130100946e+01 9.363017982680738205e+05
6.155998253232701956e+01 9.901442144315653713e+05
6.279118218297357146e+01 7.722740542645733804e+05
6.404700582663303976e+01 6.915918162995586172e+05
6.532794594316570169e+01 6.319840768787765410e+05
6.663450486202900436e+01 5.611560258665579604e+05
6.796719495926959098e+01 6.276420348595312098e+05
6.932653885845499531e+01 6.299653118107178016e+05
7.071306963562409464e+01 4.982682593828607933e+05
7.212733102833657028e+01 4.327909387205382227e+05
7.356987764890331505e+01 4.371288606190024875e+05
7.504127520188137623e+01 3.741501050875265501e+05
7.654210070591901172e+01 3.894051676376270480e+05
7.807294272003738911e+01 3.310771331408612314e+05
7.963440157443814371e+01 3.298388817807373125e+05
8.122708960592690630e+01 2.792052043142805924e+05
8.285163139804545551e+01 2.550643674582798267e+05
8.450866402600635752e+01 2.480237041977858171e+05
8.619883730652648524e+01 2.616070868358915322e+05
8.792281405265701721e+01 2.898623117493218160e+05
8.968127033371015955e+01 2.182911075983709306e+05
9.147489574038435478e+01 1.991892440056726919e+05
9.330439365519204387e+01 1.725247798402464250e+05
9.517048152829590890e+01 1.459867708478134009e+05
9.707389115886181230e+01 1.671243415214645793e+05
9.901536898203904968e+01 1.250234322284022346e+05
