# Wavelength [um]       Fp [W/m2/m]  
1.000553076518779783e-01 4.230792341575210079e-09
1.004555288824854897e-01 2.030194945406269339e-55
1.008573509980154326e-01 8.649911948752891019e-53
1.012607804020075053e-01 1.838381087797574264e-52
1.016658235236155422e-01 3.372347961677692729e-55
1.020724868177099870e-01 1.697566651954391127e-36
1.024807767649808382e-01 2.097638165105303004e-39
1.028906998720407612e-01 3.888979232120369126e-51
1.033022626715289355e-01 1.495061624824943830e-33
1.037154717222150413e-01 2.771223922096191322e-53
1.041303336091038839e-01 1.395444659440314904e-48
1.045468549435403099e-01 2.450120258715886547e-45
1.049650423633144702e-01 2.167962202647273817e-54
1.053849025327677214e-01 7.532638253784015882e-39
1.058064421428987906e-01 1.195589159698101857e-50
1.062296679114703990e-01 2.994043923693484371e-38
1.066545865831162732e-01 1.631241250801646102e-43
1.070812049294487533e-01 1.593996367968794845e-45
1.075095297491665408e-01 3.917282394358458097e-34
1.079395678681632220e-01 1.000086137733572083e-45
1.083713261396358624e-01 1.508135762459342818e-32
1.088048114441943909e-01 2.405697447162480308e-35
1.092400306899711654e-01 1.488611571251738231e-22
1.096769908127310511e-01 1.750194483426607881e-34
1.101156987759819850e-01 9.276263421051066430e-36
1.105561615710859147e-01 5.145984434012374894e-23
1.109983862173702651e-01 1.401588493605782577e-26
1.114423797622397516e-01 3.471439096834995630e-31
1.118881492812886930e-01 7.488720495658802868e-35
1.123357018784138517e-01 3.232091966100815730e-31
1.127850446859275102e-01 9.559604347348377183e-19
1.132361848646712132e-01 1.822402624309885418e-21
1.136891296041298988e-01 6.524399605806608210e-21
1.141438861225464035e-01 1.226246228706511798e-21
1.146004616670366072e-01 1.621959346302187657e-20
1.150588635137047705e-01 2.495276022841109868e-26
1.155190989677595953e-01 2.144378230536674378e-23
1.159811753636306314e-01 1.112718065500599826e-28
1.164451000650851553e-01 7.648509095423481397e-34
1.169108804653455069e-01 8.498917626676128694e-32
1.173785239872068981e-01 1.022344579327463143e-35
1.178480380831557206e-01 1.485976703862668421e-38
1.183194302354883543e-01 9.112914005964416626e-35
1.187927079564302935e-01 1.636427071088556507e-32
1.192678787882560099e-01 3.783174939013786662e-33
1.197449503034090645e-01 4.465424323555305076e-35
1.202239301046226783e-01 1.172739993900012463e-38
1.207048258250411760e-01 6.566393020030333820e-31
1.211876451283413342e-01 3.873422400143130886e-32
1.216723957088547137e-01 1.053740660880579308e-37
1.221590852916901310e-01 8.787356004493020937e-32
1.226477216328568792e-01 2.568073078655449691e-29
1.231383125193883099e-01 6.962885425850894292e-37
1.236308657694658586e-01 6.253367173364796275e-33
1.241253892325437369e-01 2.867594843537406793e-31
1.246218907894739159e-01 1.275201288040317510e-35
1.251203783526317892e-01 8.819572119136289855e-32
1.256208598660423226e-01 7.036808972478211368e-28
1.261233433055065078e-01 2.435634230171721552e-28
1.266278366787285392e-01 5.443703566944879244e-34
1.271343480254434610e-01 8.635671848209890818e-25
1.276428854175452321e-01 6.348274862754424376e-28
1.281534569592154005e-01 5.768464918471031721e-30
1.286660707870522780e-01 2.897693682446321661e-27
1.291807350702004475e-01 1.973693784650470280e-25
1.296974580104812425e-01 4.144313171517813557e-25
1.302162478425231973e-01 9.954151285985863582e-29
1.307371128338932764e-01 9.343187585250137005e-26
1.312600612852288795e-01 2.019108278244472547e-22
1.317851015303697915e-01 9.131552830647830926e-26
1.323122419364912705e-01 5.401665818560102615e-24
1.328414909042372472e-01 1.156041643949257790e-22
1.333728568678542170e-01 2.207692236273244333e-23
1.339063482953256612e-01 2.094813384261785400e-25
1.344419736885069383e-01 3.063928951301942515e-23
1.349797415832609815e-01 5.645919363735238682e-22
1.355196605495940232e-01 5.136526470285284207e-23
1.360617391917924301e-01 4.346029122910729666e-22
1.366059861485595939e-01 1.748083598366936760e-23
1.371524100931538481e-01 6.601290343819666779e-25
1.377010197335264696e-01 1.070626275894671934e-23
1.382518238124605670e-01 5.848624929693774798e-24
1.388048311077104136e-01 2.959857238628154544e-23
1.393600504321412248e-01 3.447932258696302128e-23
1.399174906338697677e-01 4.334877566752817613e-23
1.404771605964052761e-01 4.187204924326909314e-21
1.410390692387908651e-01 1.841797802830879933e-22
1.416032255157460562e-01 3.397632545271239043e-19
1.421696384178090522e-01 3.414647334454455482e-24
1.427383169714803168e-01 1.552049223354710889e-20
1.433092702393662099e-01 4.536914441056784587e-18
1.438825073203236771e-01 2.179605042257754589e-20
1.444580373496049674e-01 2.082590872503777027e-20
1.450358694990033503e-01 7.776246600740001877e-20
1.456160129769993872e-01 4.663011492610402789e-18
1.461984770289073976e-01 8.538956595105999868e-17
1.467832709370230082e-01 7.843424045178803241e-19
1.473704040207710897e-01 7.346207234134789257e-17
1.479598856368541382e-01 1.303278351243113064e-20
1.485517251794015725e-01 1.678099443166239486e-17
1.491459320801191979e-01 8.996414286579631053e-17
1.497425158084396690e-01 4.361704649093028580e-19
1.503414858716734248e-01 1.034874134140931891e-15
1.509428518151600951e-01 7.228759815110753733e-17
1.515466232224207677e-01 1.389485253828716643e-18
1.521528097153104220e-01 2.716325813285696378e-14
1.527614209541716672e-01 9.125003536213581030e-19
1.533724666379883694e-01 2.777608360180844474e-15
1.539859565045403056e-01 1.166639889605764141e-14
1.546019003305584838e-01 4.732666989909801410e-20
1.552203079318807133e-01 5.247010479230000079e-14
1.558411891636082569e-01 3.818341976866033729e-13
1.564645539202626778e-01 1.313364926416750569e-14
1.570904121359437411e-01 3.586298312430466757e-12
1.577187737844875093e-01 3.041573223965998362e-13
1.583496488796254653e-01 4.691952551187919281e-12
1.589830474751439959e-01 6.133306103186088497e-12
1.596189796650445414e-01 1.254996828777288493e-14
1.602574555837047166e-01 1.339070038204777915e-14
1.608984854060395708e-01 2.517121131666457800e-13
1.615420793476636807e-01 9.627180989950260935e-14
1.621882476650543525e-01 1.206640024720614710e-14
1.628370006557145755e-01 2.875868500373217542e-17
1.634883486583374457e-01 6.757798274667099707e-15
1.641423020529707844e-01 9.375244195422067507e-16
1.647988712611826723e-01 1.393321892545062923e-16
1.654580667462274002e-01 4.931337461302803503e-13
1.661198990132123077e-01 2.048624382433253708e-12
1.667843786092651215e-01 8.540353303371541872e-13
1.674515161237022098e-01 2.015782781309129752e-11
1.681213221881969755e-01 2.826001175964291924e-10
1.687938074769497754e-01 1.169343783001639185e-11
1.694689827068575905e-01 7.535333578439695101e-10
1.701468586376850278e-01 1.805111437154002786e-09
1.708274460722357391e-01 6.274870312066696492e-10
1.715107558565246715e-01 1.553529634335333741e-09
1.721967988799507909e-01 2.758348473167700616e-11
1.728855860754705820e-01 5.043269244750072775e-11
1.735771284197724640e-01 5.450319623837227806e-09
1.742714369334515678e-01 6.581067822908588004e-09
1.749685226811853456e-01 1.272739327546096091e-08
1.756683967719100681e-01 9.109553225881851084e-09
1.763710703589977391e-01 3.259585835549268779e-10
1.770765546404337309e-01 5.479571726045956507e-10
1.777848608589954471e-01 7.857010475539348631e-11
1.784960003024314568e-01 4.752135021919439994e-12
1.792099843036411844e-01 1.846639522060613071e-10
1.799268242408557650e-01 9.693205961565430690e-09
1.806465315378191772e-01 4.217796999351338786e-08
1.813691176639704306e-01 8.447395960774250279e-08
1.820945941346263086e-01 2.129501444031485115e-07
1.828229725111648329e-01 3.818497392858809792e-07
1.835542644012094771e-01 1.810472472109996816e-07
1.842884814588143239e-01 3.389431354904241154e-07
1.850256353846495561e-01 3.367911057187053101e-07
1.857657379261881403e-01 1.539652987478735910e-07
1.865088008778928996e-01 8.807177334751996941e-08
1.872548360814044743e-01 1.154792500597768636e-08
1.880038554257300876e-01 3.011683499744426487e-10
1.887558708474330049e-01 1.030193440294854895e-09
1.895108943308226879e-01 4.181572881066934770e-08
1.902689379081460019e-01 1.925082771730609721e-07
1.910300136597785636e-01 5.966177696819013447e-07
1.917941337144176972e-01 8.567117007516573276e-07
1.925613102492753359e-01 7.362493788588861265e-07
1.933315554902724498e-01 9.561180837320767018e-07
1.941048817122335568e-01 1.096628392774938251e-06
1.948813012390824828e-01 1.062780628044882840e-06
1.956608264440388156e-01 8.922146796834732138e-07
1.964434697498149418e-01 6.853585563791901214e-07
1.972292436288141937e-01 4.960927902912592669e-07
1.980181606033294406e-01 3.649350299400346811e-07
1.988102332457427346e-01 2.584690279524342615e-07
1.996054741787257336e-01 1.665938408956431007e-07
2.004038960754406518e-01 8.918888758843595153e-08
2.012055116597424309e-01 3.433672267171341510e-08
2.020103337063813842e-01 7.927870200389936152e-09
2.028183750412069219e-01 1.246103734814516183e-09
2.036296485413717494e-01 2.912627482559019652e-10
2.044441671355372303e-01 1.439197141117728824e-11
2.052619438040793887e-01 3.834654132051835973e-13
2.060829915792957157e-01 1.336847303048475411e-10
2.069073235456129201e-01 8.617806257295652234e-10
2.077349528397953449e-01 3.392727556659336400e-09
2.085658926511545219e-01 1.159597622484531510e-08
2.094001562217591150e-01 1.709754406871984806e-08
2.102377568466461677e-01 1.717111760172417242e-07
2.110787078740327671e-01 1.614061271487750946e-06
2.119230227055288740e-01 2.830228269509087950e-06
2.127707147963510126e-01 4.516537567401622668e-06
2.136217976555363773e-01 2.411130732641949939e-06
2.144762848461585492e-01 1.297374815385487526e-07
2.153341899855431840e-01 1.071904346837074472e-08
2.161955267454853669e-01 1.783100605708528128e-06
2.170603088524672986e-01 8.540132068268487897e-06
2.179285500878772042e-01 7.967855290026771959e-06
2.188002642882286852e-01 1.486606430118348412e-06
2.196754653453815986e-01 2.023558546748823701e-08
2.205541672067631020e-01 3.937515823094791806e-08
2.214363838755901703e-01 3.773829980039764483e-06
2.223221294110925284e-01 2.733057429873389502e-05
2.232114179287369160e-01 6.067448598492759581e-05
2.241042636004518529e-01 6.236738688140287129e-05
2.250006806548536520e-01 3.132597948616746257e-05
2.259006833774730438e-01 4.766952005661302888e-06
2.268042861109829667e-01 1.537039895928246460e-07
2.277115032554268836e-01 8.322957944702727229e-09
2.286223492684485714e-01 8.975473450239441301e-07
2.295368386655223802e-01 3.004373072828926566e-05
2.304549860201844658e-01 2.058616490363108337e-04
2.313768059642651864e-01 7.089303152616183287e-04
2.323023131881222503e-01 1.866685146746253259e-03
2.332315224408747223e-01 3.941189439323848458e-03
2.341644485306381973e-01 5.434104316535732886e-03
2.351011063247607502e-01 4.721558847895107255e-03
2.360415107500598020e-01 4.848509552583178846e-03
2.369856767930600405e-01 2.311212754639449876e-03
2.379336195002322851e-01 6.299361353152797003e-04
2.388853539782332114e-01 3.174445147795057845e-05
2.398408953941461863e-01 1.921599563631296360e-07
2.408002589757227141e-01 3.933312274274351121e-05
2.417634600116256582e-01 1.271759359805502577e-03
2.427305138516721306e-01 8.717768457236823795e-03
2.437014359070788505e-01 4.068807572217827268e-02
2.446762416507071713e-01 1.369525503730648630e-01
2.456549466173099938e-01 3.080510718113386726e-01
2.466375664037792625e-01 6.028051720764354693e-01
2.476241166693943785e-01 1.066389835065698843e+00
2.486146131360719436e-01 1.053330462155115388e+00
2.496090715886161993e-01 1.839878871450935316e+00
2.506075078749706586e-01 2.697612754109037780e+00
2.516099379064705155e-01 3.865737191581720023e+00
2.526163776580964138e-01 5.791020997295123429e+00
2.536268431687287994e-01 5.693973508265473882e+00
2.546413505414037437e-01 7.270715267946002314e+00
2.556599159435693491e-01 1.139698659472796649e+01
2.566825556073435988e-01 1.178642739300270215e+01
2.577092858297729827e-01 1.660494854214648441e+01
2.587401229730920682e-01 1.915367527195898489e+01
2.597750834649844576e-01 2.558689263315725171e+01
2.608141837988444123e-01 3.001775106057383979e+01
2.618574405340398092e-01 1.766037092039594825e+01
2.629048702961759298e-01 4.532616874719079902e+01
2.639564897773606367e-01 5.224700006253287654e+01
2.650123157364701054e-01 5.848120100606446670e+01
2.660723649994159445e-01 6.667380146285161402e+01
2.671366544594135917e-01 7.108088530065592181e+01
2.682052010772512096e-01 7.522177446268126744e+01
2.692780218815602478e-01 6.678534926888985979e+01
2.703551339690865030e-01 4.314701185844624831e+01
2.714365545049627904e-01 7.413141058019208529e+00
2.725223007229827243e-01 7.753028222452262863e-02
2.736123899258746106e-01 2.865689658014373281e-02
2.747068394855781692e-01 8.061192292608362564e+00
2.758056668435204806e-01 6.744034216340426724e+01
2.769088895108945403e-01 1.624001443140570018e+02
2.780165250689380918e-01 2.589116489984980944e+02
2.791285911692138466e-01 3.511365012344040224e+02
2.802451055338907038e-01 4.409113300948093297e+02
2.813660859560263017e-01 5.322251229140632631e+02
2.824915502998503469e-01 6.294461863492741713e+02
2.836215165010497197e-01 7.344531660141118437e+02
2.847560025670539119e-01 8.474893206885815289e+02
2.858950265773221866e-01 9.754694306030403368e+02
2.870386066836315142e-01 1.116650165021980683e+03
2.881867611103660631e-01 1.276385120254329422e+03
2.893395081548075787e-01 1.455401770075895911e+03
2.904968661874267610e-01 1.653697728256355731e+03
2.916588536521764197e-01 1.878880953890504543e+03
2.928254890667851273e-01 2.124545855840815875e+03
2.939967910230522619e-01 2.401551042584235347e+03
2.951727781871444911e-01 2.714091385825634916e+03
2.963534692998930908e-01 3.041076844615360187e+03
2.975388831770926501e-01 3.246385099426489433e+03
2.987290387098009981e-01 3.641755472425526477e+03
2.999239548646402409e-01 3.660431288495009085e+03
3.011236506840988536e-01 2.101498689245259811e+03
3.023281452868351593e-01 2.463051855189049547e+03
3.035374578679824742e-01 1.053094161652115190e+03
3.047516076994544187e-01 3.013992882507581726e+03
3.059706141302522830e-01 3.499236939474668361e+03
3.071944965867733357e-01 3.673141987224703371e+03
3.084232745731204095e-01 3.532989852831979078e+03
3.096569676714128194e-01 1.397508091373720163e+03
3.108955955420985018e-01 1.438551020365237719e+03
3.121391779242668751e-01 3.717654695268481191e+03
3.133877346359639215e-01 3.929848842871143461e+03
3.146412855745078230e-01 3.465012909777865843e+03
3.158998507168058190e-01 3.434852364533634045e+03
3.171634501196730627e-01 2.904855407953250506e+03
3.184321039201517545e-01 2.239233884353978738e+03
3.197058323358323295e-01 1.495607864645471409e+03
3.209846556651756444e-01 4.886536002335864168e+02
3.222685942878363852e-01 1.558965358886611625e+02
3.235576686649877520e-01 2.402779964280517504e+02
3.248518993396476984e-01 9.188315786416694664e+01
3.261513069370062801e-01 2.500580057497301212e+01
3.274559121647543369e-01 4.186453260283450106e+00
3.287657358134133401e-01 8.977274841086103629e-01
3.300807987566670154e-01 1.368681103740811145e-01
3.314011219516936890e-01 5.703222565899743746e-01
3.327267264395004642e-01 3.090796420427173619e+00
3.340576333452584534e-01 2.235867440440225451e+01
3.353938638786395088e-01 1.155912849744205175e+02
3.367354393341540630e-01 4.046241604967133867e+02
3.380823810914907468e-01 1.141207688193351714e+03
3.394347106158566718e-01 2.497917732604209050e+03
3.407924494583201014e-01 4.420655675312386848e+03
3.421556192561533982e-01 5.999440628476274469e+03
3.435242417331779707e-01 3.546763270750274387e+03
3.448983387001106626e-01 2.489494228911898404e+02
3.462779320549111417e-01 7.772448083233583930e+03
3.476630437831307319e-01 1.915918526242477674e+04
3.490536959582632992e-01 2.718332640347896449e+04
3.504499107420963600e-01 3.494787983928233734e+04
3.518517103850647421e-01 4.107271227820758941e+04
3.532591172266050239e-01 4.651293980797209224e+04
3.546721536955114717e-01 5.131629237855093379e+04
3.560908423102934761e-01 5.556730086756470700e+04
3.575152056795346533e-01 5.919008772914697329e+04
3.589452665022527800e-01 6.213217006035672966e+04
3.603810475682617254e-01 6.447456671120194369e+04
3.618225717585348278e-01 6.306972225583747786e+04
3.632698620455689364e-01 6.078321452081648749e+04
3.647229414937512293e-01 6.019382380109157384e+04
3.661818332597261971e-01 6.747043466115195770e+04
3.676465605927651259e-01 6.674620949232365820e+04
3.691171468351361895e-01 6.560428733229573118e+04
3.705936154224767076e-01 6.390059123966237530e+04
3.720759898841666247e-01 6.175414006864580006e+04
3.735642938437032656e-01 5.921713464371179725e+04
3.750585510190780902e-01 5.618736549955734517e+04
3.765587852231543908e-01 5.317447655692964327e+04
3.780650203640470441e-01 4.978857572802308277e+04
3.795772804455032068e-01 4.623139983431207656e+04
3.810955895672852312e-01 4.260232367174541287e+04
3.826199719255543585e-01 3.894034230165728513e+04
3.841504518132565771e-01 3.532365359387911303e+04
3.856870536205096456e-01 3.180951682641076331e+04
3.872298018349916715e-01 2.840111800653895261e+04
3.887787210423316320e-01 2.533138124787715788e+04
3.903338359265008939e-01 2.241896661494934961e+04
3.918951712702069545e-01 1.973770742003535997e+04
3.934627519552877928e-01 1.726997310334442227e+04
3.950366029631089404e-01 1.466859168529076487e+04
3.966167493749613859e-01 1.264777045680221090e+04
3.982032163724612550e-01 1.075979505652796252e+04
3.997960292379510450e-01 8.739242298100227345e+03
4.013952133549028578e-01 6.494766310554196025e+03
4.030007942083224659e-01 3.407196932758811272e+03
4.046127973851557647e-01 3.206454737547517198e+02
4.062312485746963908e-01 2.171189873875698595e+03
4.078561735689951728e-01 2.227121629215315352e+03
4.094875982632711353e-01 1.658491520766123358e+03
4.111255486563242245e-01 1.204221831336918513e+03
4.127700508509495880e-01 8.693907579247186277e+02
4.144211310543532978e-01 5.994578887105781178e+02
4.160788155785707931e-01 3.650248184983469173e+02
4.177431308408850463e-01 1.758817880400431477e+02
4.194141033642486138e-01 5.838290095717590589e+01
4.210917597777056320e-01 1.134334361750982367e+01
4.227761268168164221e-01 4.611081285299161170e-01
4.244672313240837602e-01 1.842194047223660647e+01
4.261651002493800910e-01 1.031628833230082876e+02
4.278697606503775730e-01 3.467461066714079720e+02
4.295812396929790666e-01 8.109794740951397216e+02
4.312995646517510107e-01 1.563589040914740963e+03
4.330247629103580187e-01 2.698360961257856161e+03
4.347568619619994745e-01 4.371139898767585692e+03
4.364958894098474596e-01 6.982646056729331576e+03
4.382418729674867897e-01 1.109995187291795082e+04
4.399948404593567730e-01 1.738614845236850306e+04
4.417548198211941890e-01 2.600553807803136442e+04
4.435218391004789873e-01 3.752691431790035858e+04
4.452959264568808750e-01 5.339281010137259727e+04
4.470771101627084021e-01 8.009970920765337360e+04
4.488654186033592119e-01 1.093786142493947264e+05
4.506608802777726241e-01 1.460998378366477555e+05
4.524635237988837710e-01 1.932073197256343265e+05
4.542733778940792333e-01 2.506869891601627751e+05
4.560904714056555065e-01 3.224336630736814113e+05
4.579148332912781894e-01 4.034927368689266732e+05
4.597464926244433370e-01 5.090201429676588741e+05
4.615854785949410899e-01 6.322597168168231146e+05
4.634318205093208576e-01 7.726637227591379778e+05
4.652855477913582227e-01 9.404227172050273512e+05
4.671466899825236219e-01 1.105091512554292101e+06
4.690152767424536906e-01 1.362409727477728156e+06
4.708913378494234969e-01 1.555615177002110053e+06
4.727749032008212171e-01 1.664350948381150840e+06
4.746660028136244769e-01 1.600420416408837307e+06
4.765646668248789131e-01 1.390420538295633858e+06
4.784709254921784560e-01 1.056357256364924600e+06
4.803848091941470555e-01 6.966951535425827606e+05
4.823063484309236815e-01 4.177988845345315058e+05
4.842355738246474361e-01 2.515415270894916612e+05
4.861725161199459966e-01 1.689717366696438112e+05
4.881172061844257226e-01 1.268824974535236397e+05
4.900696750091634302e-01 8.908677509098580049e+04
4.920299537092001074e-01 8.229384577946465288e+04
4.939980735240369625e-01 7.513418617388962593e+04
4.959740658181330253e-01 6.680580484183359658e+04
4.979579620814056362e-01 5.788871992047025560e+04
4.999497939297311566e-01 5.056033180071368406e+04
5.019495931054501758e-01 4.479485908781542821e+04
5.039573914778719965e-01 4.189848406554237590e+04
5.059732210437835054e-01 4.194171380153026257e+04
5.079971139279585435e-01 4.401787900064412679e+04
5.100291023836703852e-01 4.669642087770719081e+04
5.120692187932051054e-01 4.906551252445388673e+04
5.141174956683780550e-01 5.141822706681076670e+04
5.161739656510514473e-01 5.425222156144877954e+04
5.182386615136556074e-01 5.727870035031597945e+04
5.203116161597103329e-01 6.002190863106206234e+04
5.223928626243490303e-01 6.279787765154104272e+04
5.244824340748465152e-01 6.591467588462450658e+04
5.265803638111459239e-01 6.904481266758944548e+04
5.286866852663905103e-01 7.227808135909200064e+04
5.308014320074561088e-01 7.592832413083950814e+04
5.329246377354859288e-01 7.983368279046186944e+04
5.350563362864277916e-01 8.383637707552041684e+04
5.371965616315735881e-01 8.850090126096230233e+04
5.393453478780998456e-01 9.343148943909382797e+04
5.415027292696121819e-01 9.852813584579776216e+04
5.436687401866906466e-01 1.042136651040380675e+05
5.458434151474373941e-01 1.102339954089300736e+05
5.480267888080271321e-01 1.165262815518765274e+05
5.502188959632591247e-01 1.234678107486545050e+05
5.524197715471121928e-01 1.308801244286191795e+05
5.546294506333006025e-01 1.387027312283699866e+05
5.568479684358338400e-01 1.471696985837290704e+05
5.590753603095770519e-01 1.562183084763874940e+05
5.613116617508153716e-01 1.658935686617160682e+05
5.635569083978186899e-01 1.763777215549208922e+05
5.658111360314097560e-01 1.873490264953203441e+05
5.680743805755354980e-01 1.991018545648843283e+05
5.703466780978375672e-01 2.118360289334132685e+05
5.726280648102289872e-01 2.254287291273144074e+05
5.749185770694699160e-01 2.399176305381420825e+05
5.772182513777477375e-01 2.554527149279204605e+05
5.795271243832587071e-01 2.719481455383924767e+05
5.818452328807918184e-01 2.901316782750124112e+05
5.841726138123150003e-01 3.095570015894587850e+05
5.865093042675643131e-01 3.289975291622568620e+05
5.888553414846344758e-01 3.504686975182534079e+05
5.912107628505729462e-01 3.785622544407456880e+05
5.935756059019753339e-01 4.133825950947000529e+05
5.959499083255832552e-01 4.505495425226123189e+05
5.983337079588855190e-01 4.905516999205783941e+05
6.007270427907210886e-01 5.348574103069409030e+05
6.031299509618840426e-01 5.843452538719152799e+05
6.055424707657315331e-01 6.384644106835676357e+05
6.079646406487945187e-01 6.977649577235634206e+05
6.103964992113897203e-01 7.616058169875706080e+05
6.128380852082353503e-01 8.318187983264651848e+05
6.152894375490681744e-01 9.082125081502321409e+05
6.177505952992645710e-01 1.003107844816306024e+06
6.202215976804615893e-01 1.097956228962003486e+06
6.227024840711834486e-01 1.200398706843990367e+06
6.251932940074681477e-01 1.312273057948346250e+06
6.276940671834980723e-01 1.432740650595756015e+06
6.302048434522321552e-01 1.571124727091913112e+06
6.327256628260409244e-01 1.727797053120075259e+06
6.352565654773452142e-01 1.870444093500505434e+06
6.377975917392545435e-01 1.780590261257136706e+06
6.403487821062116003e-01 2.259317227624971885e+06
6.429101772346363930e-01 2.589232835673768073e+06
6.454818179435749537e-01 2.868407997711198404e+06
6.480637452153492628e-01 3.171472673838120420e+06
6.506560001962106154e-01 3.506092121977807488e+06
6.532586241969955410e-01 3.880635420598343015e+06
6.558716586937833881e-01 4.213821460986265913e+06
6.584951453285585732e-01 4.405310643017944880e+06
6.611291259098727169e-01 5.292052049130422063e+06
6.637736424135122215e-01 5.884994131417541765e+06
6.664287369831662922e-01 6.542265789790085517e+06
6.690944519310989547e-01 7.265160283801359124e+06
6.717708297388232941e-01 8.055882919117468409e+06
6.744579130577786907e-01 8.880676467965366319e+06
6.771557447100098326e-01 9.635041869730193168e+06
6.798643676888498355e-01 1.018216862438622862e+07
6.825838251596052508e-01 1.058175671450993605e+07
6.853141604602436265e-01 1.042805884819399379e+07
6.880554171020846210e-01 8.403737525965267792e+06
6.908076387704928933e-01 6.027085584456138313e+06
6.935708693255748791e-01 8.321324217407164164e+06
6.963451528028771209e-01 1.010618005797486752e+07
6.991305334140887062e-01 1.135752251512224786e+07
7.019270555477450380e-01 1.449903881246841140e+07
7.047347637699360456e-01 1.827447257364732027e+07
7.075537028250157290e-01 1.991463904619288445e+07
7.103839176363159202e-01 2.158213409442131221e+07
7.132254533068611568e-01 2.320668902729510888e+07
7.160783551200886610e-01 2.466035578487845510e+07
7.189426685405689854e-01 2.597025330855786800e+07
7.218184392147313222e-01 2.709744682410161197e+07
7.247057129715901436e-01 2.774155180023979768e+07
7.276045358234763949e-01 2.820566771828385815e+07
7.305149539667704639e-01 2.819169851607484743e+07
7.334370137826373703e-01 2.808331938043345138e+07
7.363707618377679509e-01 2.778098190291018784e+07
7.393162448851190449e-01 2.727174952146344259e+07
7.422735098646596752e-01 2.641386174975289777e+07
7.452426039041182282e-01 2.549404125551600754e+07
7.482235743197346300e-01 2.431227720784365386e+07
7.512164686170136330e-01 2.260809383431598172e+07
7.542213344914817652e-01 2.108429256880799308e+07
7.572382198294477229e-01 1.920330081871248037e+07
7.602671727087656484e-01 1.570475655874705128e+07
7.633082413996006288e-01 7.872764132336404175e+06
7.663614743651989691e-01 8.026924212895863457e+05
7.694269202626597970e-01 1.121271776271615177e+06
7.725046279437104424e-01 6.128400832287197001e+06
7.755946464554852593e-01 1.484957412247327529e+07
7.786970250413072225e-01 2.409524331018658727e+07
7.818118131414724115e-01 3.244544942562965304e+07
7.849390603940383793e-01 4.065248058659870178e+07
7.880788166356144098e-01 4.978934396818063408e+07
7.912311319021569922e-01 6.003878708352118731e+07
7.943960564297655180e-01 7.179689275493317842e+07
7.975736406554845281e-01 8.516098415242926776e+07
8.007639352181065151e-01 9.987422671645711362e+07
8.039669909589789443e-01 1.157677085134294927e+08
8.071828589228148276e-01 1.336401788743810207e+08
8.104115903585061842e-01 1.533841142748111486e+08
8.136532367199402760e-01 1.747417173364066482e+08
8.169078496668199518e-01 1.952060226120836437e+08
8.201754810654874328e-01 2.018683638769112825e+08
8.234561829897493190e-01 2.552204267100066841e+08
8.267500077217083687e-01 2.917535922170521617e+08
8.300570077525952772e-01 3.278635421566235423e+08
8.333772357836056743e-01 3.653247193152784109e+08
8.367107447267401188e-01 4.024523942197477221e+08
8.400575877056470908e-01 4.516010984523529410e+08
8.434178180564695371e-01 5.070672960740475059e+08
8.467914893286955236e-01 5.690961511572595835e+08
8.501786552860102208e-01 6.338285308675310612e+08
8.535793699071543283e-01 7.057807746040523052e+08
8.569936873867830540e-01 7.861203244021404982e+08
8.604216621363300899e-01 8.719002068939434290e+08
8.638633487848753623e-01 9.623424183169515133e+08
8.673188021800150027e-01 1.053158293504689097e+09
8.707880773887352044e-01 1.146833780441349745e+09
8.742712296982900755e-01 1.257455233726067543e+09
8.777683146170831563e-01 1.373770095157281399e+09
8.812793878755513788e-01 1.469737545420610666e+09
8.848045054270535781e-01 1.524581745306240320e+09
8.883437234487617795e-01 1.362079477177824020e+09
8.918970983425568155e-01 1.295177641624839783e+09
8.954646867359271623e-01 1.700643312726497889e+09
8.990465454828707736e-01 1.463360525972690821e+09
9.026427316648023558e-01 1.908621982082267523e+09
9.062533025914615292e-01 2.284842937717940807e+09
9.098783158018273198e-01 2.547634293061922550e+09
9.135178290650346478e-01 2.846136395853168488e+09
9.171719003812948134e-01 3.147250316791667461e+09
9.208405879828199803e-01 3.569329328316540241e+09
9.245239503347512100e-01 3.903539587602188110e+09
9.282220461360901620e-01 3.659177759059891224e+09
9.319349343206346781e-01 3.917007665701432228e+09
9.356626740579171431e-01 4.297911792872903824e+09
9.394053247541488405e-01 4.796027084224781990e+09
9.431629460531654185e-01 5.137416647989920616e+09
9.469355978373780180e-01 5.456818860582302094e+09
9.507233402287275092e-01 5.667880329937967300e+09
9.545262335896426142e-01 6.155114583620980263e+09
9.583443385240012491e-01 6.306597709677328110e+09
9.621777158780971950e-01 6.735550779054162025e+09
9.660264267416096562e-01 7.197885829101962090e+09
9.698905324485760371e-01 7.766566364650235176e+09
9.737700945783701600e-01 8.137945800324629784e+09
9.776651749566835914e-01 8.579753370520877838e+09
9.815758356565105203e-01 8.998435156047834396e+09
9.855021389991363012e-01 9.497620901096855164e+09
9.894441475551331022e-01 1.008190549994550133e+10
9.934019241453534432e-01 1.019127060308369255e+10
9.973755318419349480e-01 1.018790617298131752e+10
1.001365033969302543e+00 1.085734096511935806e+10
1.005370494105179757e+00 1.103110350446999741e+10
1.009391976081600362e+00 1.202898634291000175e+10
1.013429543985926884e+00 1.301797385315238953e+10
1.017483262161870350e+00 1.389616976794271660e+10
1.021553195210518128e+00 1.518565222900582695e+10
1.025639407991360219e+00 1.632914322424676704e+10
1.029741965623325539e+00 1.757211282809114075e+10
1.033860933485818867e+00 1.878623121078175354e+10
1.037996377219762012e+00 2.043474054856781387e+10
1.042148362728641198e+00 2.176444171036209106e+10
1.046316956179555557e+00 2.317673511620082474e+10
1.050502224004274066e+00 2.451562790635702896e+10
1.054704232900291139e+00 2.576655419334451675e+10
1.058923049831892227e+00 2.698007164005226517e+10
1.063158742031219628e+00 2.811444822452801132e+10
1.067411376999344741e+00 2.917020909831764984e+10
1.071681022507342096e+00 3.004325855265415573e+10
1.075967746597371377e+00 3.088294234878097153e+10
1.080271617583760779e+00 3.143046253567212296e+10
1.084592704054095913e+00 3.150891189576556778e+10
1.088931074870312044e+00 3.100734469296995544e+10
1.093286799169793433e+00 2.915485456412760544e+10
1.097659946366472461e+00 2.675840238814885330e+10
1.102050586151938294e+00 2.348911886910221481e+10
1.106458788496546219e+00 2.032568374496366501e+10
1.110884623650532532e+00 1.647162229579913139e+10
1.115328162145134749e+00 1.260052135735294533e+10
1.119789474793714934e+00 1.269805907250897598e+10
1.124268632692889902e+00 1.306362775238578987e+10
1.128765707223661430e+00 1.497826735290036392e+10
1.133280770052556230e+00 1.247233442969985390e+10
1.137813893132766374e+00 8.477556603522827148e+09
1.142365148705297484e+00 9.240705309830045700e+09
1.146934609300118479e+00 9.444557027057710648e+09
1.151522347737319096e+00 5.129380457665179253e+09
1.156128437128268516e+00 3.418425672233282089e+09
1.160752950876781542e+00 4.424392926272945404e+09
1.165395962680288999e+00 8.025226000035222054e+09
1.170057546531009907e+00 6.022599042319314003e+09
1.174737776717134086e+00 1.986220947536988497e+09
1.179436727824002773e+00 4.869047278069317818e+09
1.184154474735298557e+00 9.722001713790603638e+09
1.188891092634239977e+00 1.329115844786035347e+10
1.193646657004777012e+00 1.499148282862420464e+10
1.198421243632796118e+00 1.882402554606071854e+10
1.203214928607327261e+00 2.416827702769498444e+10
1.208027788321756724e+00 3.016212371017243195e+10
1.212859899475043468e+00 3.728899259395505524e+10
1.217711339072943710e+00 4.341511461502446747e+10
1.222582184429235275e+00 5.045902694623928833e+10
1.227472513166952384e+00 5.793992910870573425e+10
1.232382403219620226e+00 6.177409992866055298e+10
1.237311932832498407e+00 6.346476618793379974e+10
1.242261180563828615e+00 4.682457427274063873e+10
1.247230225286083849e+00 6.586048045039730072e+10
1.252219146187228072e+00 4.164692893688742065e+10
1.257228022771976983e+00 7.665790501415913391e+10
1.262256934863064783e+00 8.498927597241075134e+10
1.267305962602517155e+00 8.528879768654962158e+10
1.272375186452927354e+00 8.247206998388015747e+10
1.277464687198738957e+00 8.064800512682374573e+10
1.282574545947533950e+00 7.627704914768373108e+10
1.287704844131324133e+00 7.105104734390399170e+10
1.292855663507849417e+00 6.505093158015086365e+10
1.298027086161880783e+00 5.758895916515922546e+10
1.303219194506528344e+00 4.498130311836910248e+10
1.308432071284554521e+00 3.968401423059651947e+10
1.313665799569692760e+00 3.549729134463382721e+10
1.318920462767971591e+00 3.015148601164744949e+10
1.324196144619043336e+00 2.504329005693513870e+10
1.329492929197519491e+00 1.530636397396023178e+10
1.334810900914309650e+00 8.526992067927462578e+09
1.340150144517967101e+00 7.679098838661535263e+09
1.345510745096038852e+00 6.114517795763883591e+09
1.350892788076423212e+00 4.779811364744009018e+09
1.356296359228728932e+00 3.064521775107657433e+09
1.361721544665643879e+00 2.005416982529241562e+09
1.367168430844306393e+00 3.307009471311431408e+09
1.372637104567683730e+00 2.598834199141259670e+09
1.378127652985954299e+00 2.360523294830927849e+09
1.383640163597898098e+00 1.806038991231400967e+09
1.389174724252289828e+00 1.988142596431716919e+09
1.394731423149298877e+00 1.664329359191774130e+09
1.400310348841896202e+00 1.614161187739274502e+09
1.405911590237263642e+00 2.236859103786023140e+09
1.411535236598212784e+00 2.668383346498851776e+09
1.417181377544605603e+00 3.272746800931422234e+09
1.422850103054784210e+00 3.588420237580485821e+09
1.428541503467003038e+00 4.645794531803349495e+09
1.434255669480871243e+00 5.510033840204384804e+09
1.439992692158794885e+00 6.676870889204517365e+09
1.445752662927429988e+00 8.319559610161187172e+09
1.451535673579139596e+00 1.057821749298610497e+10
1.457341816273456159e+00 1.354586289629153061e+10
1.463171183538549913e+00 1.391855608630707550e+10
1.469023868272704147e+00 1.542842732389705849e+10
1.474899963745795128e+00 1.783124059744619370e+10
1.480799563600778246e+00 2.121714638206978989e+10
1.486722761855181485e+00 2.351509776115212250e+10
1.492669652902602007e+00 2.671192062039658737e+10
1.498640331514212276e+00 3.049764226770368576e+10
1.504634892840269300e+00 3.306796641534791565e+10
1.510653432411630304e+00 3.559766559620893860e+10
1.516696046141276843e+00 3.817313752881167603e+10
1.522762830325842032e+00 3.639867631768530273e+10
1.528853881647145307e+00 3.708923514896543121e+10
1.534969297173733649e+00 3.890722818019534302e+10
1.541109174362428780e+00 3.985636052865842438e+10
1.547273611059878373e+00 3.906949310867509460e+10
1.553462705504118135e+00 3.614525875087850952e+10
1.559676556326134556e+00 2.450761318788453674e+10
1.565915262551438980e+00 2.736209299268429184e+10
1.572178923601644795e+00 3.205052727143574905e+10
1.578467639296051495e+00 2.583160305960781097e+10
1.584781509853235626e+00 2.501182515746276093e+10
1.591120635892648405e+00 2.116228301471707153e+10
1.597485118436219098e+00 1.558003573416592026e+10
1.603875058909963958e+00 9.072779335929515839e+09
1.610290559145603595e+00 6.698292473432420731e+09
1.616731721382186127e+00 4.352885626109938622e+09
1.623198648267714761e+00 3.105360943273032665e+09
1.629691442860785600e+00 2.387864669933073044e+09
1.636210208632228769e+00 2.627546412578705311e+09
1.642755049466757766e+00 3.283663235846244812e+09
1.649326069664624805e+00 3.357376258442235947e+09
1.655923373943283039e+00 3.229184259247798920e+09
1.662547067439056336e+00 3.492802643847748756e+09
1.669197255708812611e+00 1.066230542796648383e+09
1.675874044731648027e+00 1.441900334093729973e+09
1.682577540910574321e+00 2.377529632131127357e+09
1.689307851074216771e+00 2.090072911346463919e+09
1.696065082478513508e+00 1.429094437803200960e+09
1.702849342808427480e+00 1.406944138304351807e+09
1.709660740179661298e+00 2.267834942591814518e+09
1.716499383140379864e+00 2.054162511238497257e+09
1.723365380672941427e+00 3.296534344654220581e+09
1.730258842195633306e+00 2.135483820240990162e+09
1.737179877564415831e+00 2.127295386698259830e+09
1.744128597074673603e+00 2.998216751575754166e+09
1.751105111462972097e+00 3.804952389955060005e+09
1.758109531908824241e+00 3.543520320991488934e+09
1.765141970036459451e+00 3.297862613799264908e+09
1.772202537916605314e+00 2.906048098588847160e+09
1.779291348068271716e+00 4.019570092962127209e+09
1.786408513460544745e+00 3.664986532849806786e+09
1.793554147514387020e+00 2.611889468828334808e+09
1.800728364104444257e+00 3.700039149482794762e+09
1.807931277560862249e+00 4.663789791175016403e+09
1.815163002671105641e+00 5.439720354301889420e+09
1.822423654681789795e+00 5.931789899945818901e+09
1.829713349300517100e+00 5.718242935039999008e+09
1.837032202697718830e+00 5.429401817343967438e+09
1.844380331508509885e+00 6.548854042736745834e+09
1.851757852834543527e+00 6.694438931542504311e+09
1.859164884245881888e+00 6.418411220635161400e+09
1.866601543782865358e+00 6.888508346157904625e+09
1.874067949957996859e+00 8.154012474732557297e+09
1.881564221757828781e+00 1.086781350279783058e+10
1.889090478644860127e+00 9.819635646809530258e+09
1.896646840559439662e+00 9.503365665325138092e+09
1.904233427921677269e+00 8.756882899083650589e+09
1.911850361633363971e+00 9.811756430680345535e+09
1.919497763079897279e+00 9.272525361269580841e+09
1.927175754132217200e+00 9.397600533685987473e+09
1.934884457148745796e+00 9.191466045431303024e+09
1.942623994977340729e+00 8.409700433173068047e+09
1.950394490957250149e+00 1.020723621271475983e+10
1.958196068921079336e+00 9.422725438039388657e+09
1.966028853196763793e+00 1.026797197355480194e+10
1.973892968609550991e+00 1.025512672974906349e+10
1.981788540483989447e+00 1.130257425435472298e+10
1.989715694645925126e+00 1.161499210693387794e+10
1.997674557424508723e+00 1.319465399426372910e+10
2.005665255654207169e+00 1.320577797633998680e+10
2.013687916676823786e+00 1.398676572628107071e+10
2.021742668343530891e+00 1.534323764263943481e+10
2.029829639016905052e+00 1.584169760842273521e+10
2.037948957572972564e+00 1.777831813339763260e+10
2.046100753403264694e+00 1.821458994380691910e+10
2.054285156416877811e+00 1.907702484120909882e+10
2.062502297042545507e+00 1.940059460611526871e+10
2.070752306230715600e+00 1.905326248588704681e+10
2.079035315455638244e+00 1.791091045011639404e+10
2.087351456717461140e+00 1.717314298101269913e+10
2.095700862544330967e+00 1.567046179179136086e+10
2.104083665994508134e+00 1.442387997822006226e+10
2.112500000658485977e+00 1.267490464020195580e+10
2.120950000661120161e+00 1.079652042182762337e+10
2.129433800663764753e+00 8.990017902745718002e+09
2.137951535866419839e+00 7.922350157524892807e+09
2.146503342009885351e+00 6.453295873097283363e+09
2.155089355377924676e+00 5.536409895374691010e+09
2.163709712799436691e+00 4.083770147791361809e+09
2.172364551650634468e+00 3.869498973297643661e+09
2.181054009857236853e+00 3.216866837906424046e+09
2.189778225896665376e+00 2.069559126003891468e+09
2.198537338800252705e+00 7.833346036033761501e+08
2.207331488155453325e+00 4.567966443770949841e+08
2.216160814108075083e+00 9.789416204982224703e+08
2.225025457364507631e+00 8.740113743973488808e+08
2.233925559193965515e+00 6.692546084802138805e+08
2.242861261430741493e+00 4.727424256961334348e+08
2.251832706476463830e+00 3.683189930139225125e+08
2.260840037302370042e+00 3.225178556142389178e+08
2.269883397451579299e+00 3.521685545756539702e+08
2.278962931041386142e+00 3.035564083667264581e+08
2.288078782765551100e+00 2.247193150575054586e+08
2.297231097896613505e+00 2.247829426962018013e+08
2.306420022288200311e+00 3.901378379789908528e+08
2.315645702377353121e+00 4.449287147702007294e+08
2.324908285186861878e+00 1.872950541996517479e+08
2.334207918327609654e+00 1.931029926450276375e+08
2.343544750000919663e+00 2.077701748379969895e+08
2.352918929000923143e+00 2.658171203141290843e+08
2.362330604716927240e+00 3.509311612810746431e+08
2.371779927135795329e+00 2.568040030904584229e+08
2.381267046844337987e+00 2.325653655704506338e+08
2.390792115031715070e+00 4.083502270023170710e+08
2.400355283491842240e+00 5.645471008116014004e+08
2.409956704625809465e+00 7.072247938130344152e+08
2.419596531444312859e+00 6.765355605320839882e+08
2.429274917570089620e+00 7.170838115095719099e+08
2.438992017240370291e+00 8.076907259273530245e+08
2.448747985309331465e+00 9.905983845839320421e+08
2.458542977250568917e+00 1.219951774088939905e+09
2.468377149159570738e+00 1.446091736691962004e+09
2.478250657756209563e+00 1.740116726987297535e+09
2.488163660387234355e+00 1.927776656834248304e+09
2.498116315028783063e+00 2.206338532318869114e+09
2.508108780288898387e+00 2.225508282782395840e+09
2.518141215410053757e+00 2.301015237462644100e+09
2.528213780271693967e+00 2.434101085515820503e+09
2.538326635392781139e+00 2.537031935117349625e+09
2.548479941934351789e+00 1.963525047165786266e+09
2.558673861702089436e+00 1.875088816819042921e+09
2.568908557148898097e+00 1.663138713530545950e+09
2.579184191377493551e+00 1.444653857060522318e+09
2.589500928143003478e+00 1.370715538741788149e+09
2.599858931855575594e+00 1.720447040728683233e+09
2.610258367582998229e+00 1.689140886257691860e+09
2.620699401053329769e+00 1.852771241424424171e+09
2.631182198657543214e+00 1.906436868930750132e+09
2.641706927452173392e+00 3.539591502699705601e+09
2.652273755161981938e+00 3.212497586559402943e+09
2.662882850182629824e+00 2.152459025591094494e+09
2.673534381583360542e+00 1.865158515123438835e+09
2.684228519109693956e+00 2.176382403283271313e+09
2.694965433186132575e+00 2.423595734432916164e+09
2.705745294918877164e+00 2.705116532931030273e+09
2.716568276098552559e+00 2.803596833752412796e+09
2.727434549202946812e+00 3.585215479066316605e+09
2.738344287399758326e+00 3.330559604785082817e+09
2.749297664549357201e+00 3.991566108531981945e+09
2.760294855207554576e+00 3.876925753316767216e+09
2.771336034628385292e+00 3.946329435326574802e+09
2.782421378766898545e+00 3.503837012558233738e+09
2.793551064281966312e+00 4.934609874714882851e+09
2.804725268539093985e+00 3.747113497392147064e+09
2.815944169613250558e+00 4.348275418391447067e+09
2.827207946291703244e+00 5.766430250175234795e+09
2.838516778076869862e+00 4.427725367884449005e+09
2.849870845189177437e+00 4.936743695616924286e+09
2.861270328569933685e+00 5.794545134504790306e+09
2.872715409884213589e+00 6.026566139432757378e+09
2.884206271523750420e+00 6.308663657086427689e+09
2.895743096609845413e+00 6.732235293013894081e+09
2.907326068996284985e+00 6.663949987546573639e+09
2.918955373272270393e+00 7.069052168847354889e+09
2.930631194765359826e+00 7.046718393297860146e+09
2.942353719544420709e+00 6.416335090377137184e+09
2.954123134422598440e+00 5.139882718718365669e+09
2.965939626960289122e+00 4.683538077943040848e+09
2.977803385468130504e+00 4.219440915553271294e+09
2.989714599010003138e+00 4.028884251426276684e+09
3.001673457406043077e+00 2.661093924137060642e+09
3.013680151235667015e+00 3.345783268300256252e+09
3.025734871840609408e+00 3.332117213816442013e+09
3.037837811327972037e+00 2.965463805846030235e+09
3.049989162573283785e+00 2.377197536947258472e+09
3.062189119223576395e+00 2.053322447485825300e+09
3.074437875700470890e+00 1.761085015438152552e+09
3.086735627203272880e+00 1.551911101322299242e+09
3.099082569712085622e+00 1.403635052774785995e+09
3.111478899990933744e+00 1.156807843083932877e+09
3.123924815590897186e+00 1.016820159498771787e+09
3.136420514853261121e+00 7.534147845353778601e+08
3.148966196912674320e+00 6.363819614500733614e+08
3.161562061700325277e+00 5.126559465782124996e+08
3.174208309947126327e+00 4.778038627834928036e+08
3.186905143186915090e+00 4.020957526484472752e+08
3.199652763759662566e+00 3.729240505964862704e+08
3.212451374814701222e+00 3.853741394944545627e+08
3.225301180313960625e+00 3.618511811301746964e+08
3.238202385035215958e+00 3.779506833233515620e+08
3.251155194575356955e+00 3.897253527036086917e+08
3.264159815353658622e+00 5.001442651529881358e+08
3.277216454615073271e+00 6.272862070596841574e+08
3.290325320433533207e+00 6.849137628829329014e+08
3.303486621715267635e+00 6.184856226555826664e+08
3.316700568202128441e+00 1.140395541867159456e+08
3.329967370474937294e+00 7.345501989709743857e+07
3.343287239956836743e+00 2.054547054012980163e+08
3.356660388916663962e+00 3.809316455882544518e+08
3.370087030472330714e+00 4.840819552211804986e+08
3.383567378594220187e+00 5.117929595377903581e+08
3.397101648108596716e+00 4.861757864176667333e+08
3.410690054701031482e+00 4.693228294894170165e+08
3.424332814919834878e+00 4.481865716537054777e+08
3.438030146179514634e+00 4.264314245327422023e+08
3.451782266764232610e+00 4.257425614131846428e+08
3.465589395831289998e+00 4.822589497601916790e+08
3.479451753414614767e+00 4.663354389421744943e+08
3.493369560428273068e+00 5.330697001806735992e+08
3.507343038669985980e+00 6.517717644300020933e+08
3.521372410824665788e+00 6.700722804159063101e+08
3.535457900467964709e+00 6.707519183546339273e+08
3.549599732069836477e+00 7.493778516834419966e+08
3.563798130998116154e+00 8.050014433164510727e+08
3.578053323522108364e+00 9.319521595863615274e+08
3.592365536816196858e+00 9.623326084742256403e+08
3.606734998963461614e+00 9.148396083749586344e+08
3.621161938959315041e+00 1.036878074442681313e+09
3.635646586715152839e+00 1.225540131519596338e+09
3.650189173062013293e+00 1.436789316868596077e+09
3.664789929754260545e+00 1.604808923212501287e+09
3.679449089473277645e+00 1.842497171951166391e+09
3.694166885831170699e+00 1.872250224780157089e+09
3.708943553374495661e+00 2.112841277441500664e+09
3.723779327587993571e+00 2.116513936257498741e+09
3.738674444898345328e+00 2.421890564682324409e+09
3.753629142677938901e+00 2.601111642363764763e+09
3.768643659248651190e+00 2.538228100280735016e+09
3.783718233885645432e+00 2.370141459198122025e+09
3.798853106821188153e+00 2.819249604881474495e+09
3.814048519248473657e+00 3.283190475544023514e+09
3.829304713325467180e+00 3.821468422439146996e+09
3.844621932178768908e+00 3.064874531516952038e+09
3.860000419907484215e+00 3.360591968975816250e+09
3.875440421587113882e+00 3.308871948581743717e+09
3.890942183273462529e+00 3.727915060088927269e+09
3.906505952006555926e+00 3.828698398648717880e+09
3.922131975814582727e+00 3.868449894682563782e+09
3.937820503717840648e+00 4.389819697650621414e+09
3.953571785732711508e+00 4.101578040529227257e+09
3.969386072875642490e+00 4.141939263184476852e+09
3.985263617167145167e+00 3.965418515476040363e+09
4.001204671635814059e+00 3.505140389015445709e+09
4.017209490322357190e+00 3.458192819663207531e+09
4.033278328283646630e+00 3.021456155903983116e+09
4.049411441596781458e+00 2.858910715334754467e+09
4.065609087363168506e+00 2.518333070358124256e+09
4.081871523712622185e+00 2.311127561491837502e+09
4.098199009807472315e+00 2.278026918639390945e+09
4.114591805846702144e+00 1.964858410973931313e+09
4.131050173070089038e+00 2.039288071994284630e+09
4.147574373762369149e+00 2.186297165744147301e+09
4.164164671257418959e+00 2.199017026254678249e+09
4.180821329942449260e+00 2.142011313829347610e+09
4.197544615262219558e+00 2.103614526590429544e+09
4.214334793723269357e+00 2.090753779447487831e+09
4.231192132898162761e+00 2.074426091544114351e+09
4.248116901429755288e+00 2.184163643456256390e+09
4.265109369035473996e+00 2.112304177305841923e+09
4.282169806511615384e+00 1.575643250427189827e+09
4.299298485737661935e+00 7.852057771727410555e+08
4.316495679680612874e+00 5.789217265294233561e+08
4.333761662399335357e+00 8.877374328488759995e+08
4.351096709048932532e+00 1.325462252371964455e+09
4.368501095885127583e+00 1.810040700957807302e+09
4.385975100268668214e+00 1.911548667706853151e+09
4.403519000669743555e+00 1.736036507429300070e+09
4.421133076672422391e+00 1.500040094322914600e+09
4.438817608979111817e+00 1.140459549397938967e+09
4.456572879415028332e+00 9.402765656302924156e+08
4.474399170932688463e+00 7.270241871031767130e+08
4.492296767616419828e+00 6.391398012112717628e+08
4.510265954686884626e+00 5.783757970592252016e+08
4.528307018505633330e+00 5.157441063048365712e+08
4.546420246579655711e+00 4.633195408482460380e+08
4.564605927565974497e+00 4.481737199973527789e+08
4.582864351276237258e+00 4.660407821936178207e+08
4.601195808681342925e+00 4.504230717388270497e+08
4.619600591916067422e+00 5.082726560077078938e+08
4.638078994283731937e+00 5.658376892984920740e+08
4.656631310260867629e+00 8.273255329555011988e+08
4.675257835501911430e+00 7.845922862840061188e+08
4.693958866843916944e+00 6.407991754689922333e+08
4.712734702311292878e+00 6.064595799229369164e+08
4.731585641120538810e+00 5.279782680406717658e+08
4.750511983685020923e+00 5.422678890501794815e+08
4.769514031619761063e+00 5.766650738371254206e+08
4.788592087746240011e+00 5.745806428365955353e+08
4.807746456097224730e+00 6.615360872836846113e+08
4.826977441921613377e+00 7.223956915850832462e+08
4.846285351689299858e+00 7.367790970097266436e+08
4.865670493096057925e+00 8.450706223104950190e+08
4.885133175068442135e+00 9.397010123434929848e+08
4.904673707768715474e+00 1.011333767108950973e+09
4.924292402599791174e+00 9.952182665330510139e+08
4.943989572210189642e+00 1.295012679246244907e+09
4.963765530499030021e+00 1.308919606106439352e+09
4.983620592621027079e+00 1.693421258477707148e+09
5.003555074991511198e+00 1.910972846366319180e+09
5.023569295291476777e+00 1.791367598469466448e+09
5.043663572472643075e+00 2.247266466532065868e+09
5.063838226762532813e+00 2.515565184638222218e+09
5.084093579669583640e+00 2.716657508038948059e+09
5.104429953988261381e+00 3.071962611024014473e+09
5.124847673804215020e+00 3.113953925268643379e+09
5.145347064499431688e+00 2.846503395942358017e+09
5.165928452757428957e+00 3.014412965505383492e+09
5.186592166568458673e+00 3.372185781204644203e+09
5.207338535234733001e+00 3.098749662417675018e+09
5.228167889375671784e+00 3.236432147220641613e+09
5.249080560933174766e+00 3.483402987330109119e+09
5.270076883176907145e+00 3.131575827925596237e+09
5.291157190709615321e+00 3.326534399840271473e+09
5.312321819472453299e+00 3.261638521456215382e+09
5.333571106750343738e+00 3.664642312986669064e+09
5.354905391177344320e+00 2.983904715690943241e+09
5.376325012742054099e+00 3.117093866374475002e+09
5.397830312793021612e+00 3.142034642609367371e+09
5.419421634044193858e+00 2.348215659669606686e+09
5.441099320580370602e+00 2.933845013283061028e+09
5.462863717862692425e+00 2.795457214922217846e+09
5.484715172734142996e+00 2.728935941201849461e+09
5.506654033425078865e+00 2.652125938991280556e+09
5.528680649558780580e+00 2.464395582528067112e+09
5.550795372157015350e+00 2.245864284712650299e+09
5.572998553645643227e+00 2.145012221720389128e+09
5.595290547860225949e+00 2.181018392185856819e+09
5.617671710051667766e+00 2.109313175862367630e+09
5.640142396891874021e+00 2.038692960361924171e+09
5.662702966479441713e+00 2.023225597868758202e+09
5.685353778345359821e+00 2.010502702165315390e+09
5.708095193458740724e+00 2.056161708370019913e+09
5.730927574232576482e+00 1.979643201223879337e+09
5.753851284529505783e+00 2.168498317665304661e+09
5.776866689667624399e+00 1.938830044892132044e+09
5.799974156426294769e+00 2.021096767006265402e+09
5.823174053051999977e+00 1.239064715699760914e+09
5.846466749264207508e+00 1.536813468861216545e+09
5.869852616261264977e+00 1.544024793732525587e+09
5.893332026726310069e+00 1.791912380421226501e+09
5.916905354833215114e+00 1.907809168783029556e+09
5.940572976252548543e+00 1.589581937023197412e+09
5.964335268157558545e+00 1.587407587304272175e+09
5.988192609230189589e+00 1.580136666502141476e+09
6.012145379667110490e+00 1.736187190208453894e+09
6.036193961185778889e+00 1.458371028665477514e+09
6.060338737030522616e+00 1.373217046506129980e+09
6.084580091978644134e+00 1.628176499688382149e+09
6.108918412346558746e+00 1.468000263421223879e+09
6.133354085995945226e+00 1.563873053151301384e+09
6.157887502339929320e+00 1.397129300149056673e+09
6.182519052349287669e+00 1.487459582590594769e+09
6.207249128558685491e+00 1.635955071285192490e+09
6.232078125072920471e+00 1.646889670976035357e+09
6.257006437573212843e+00 1.639766889396926880e+09
6.282034463323505236e+00 1.710486539467061996e+09
6.307162601176800720e+00 1.702766585167911053e+09
6.332391251581507063e+00 1.546532096717700243e+09
6.357720816587833390e+00 1.534727172270915985e+09
6.383151699854184180e+00 1.394045144926202297e+09
6.408684306653601226e+00 1.064470070078842044e+09
6.434319043880215361e+00 1.102418422740091801e+09
6.460056320055736379e+00 9.090067531500897408e+08
6.485896545335958052e+00 7.419882331269947290e+08
6.511840131517302233e+00 9.444096879770758152e+08
6.537887492043371829e+00 1.214640557128104925e+09
6.564039042011545533e+00 1.235024487249994516e+09
6.590295198179591196e+00 1.210550915994177341e+09
6.616656378972309405e+00 1.245968242666084290e+09
6.643123004488199257e+00 1.284644582056890011e+09
6.669695496506150789e+00 1.482429368265741825e+09
6.696374278492176479e+00 1.439912897159788370e+09
6.723159775606144528e+00 1.230506214756458521e+09
6.750052414708568094e+00 1.222083752339709044e+09
6.777052624367403411e+00 1.031750134909446716e+09
6.804160834864871887e+00 1.091731169455313921e+09
6.831377478204331055e+00 1.052977054201679111e+09
6.858702988117148180e+00 9.995365902343932390e+08
6.886137800069615622e+00 1.156285405415351391e+09
6.913682351269895499e+00 1.160822622274324179e+09
6.941337080674975013e+00 1.179856424261341810e+09
6.969102428997675069e+00 9.396408708448326588e+08
6.996978838713665994e+00 1.078939198421230316e+09
7.024966754068519670e+00 9.698243754360065460e+08
7.053066621084793653e+00 8.238500442735354900e+08
7.081278887569133929e+00 8.908055462568460703e+08
7.109604003119409654e+00 8.112734295367592573e+08
7.138042419131887861e+00 7.824200797995488644e+08
7.166594588808414379e+00 7.207020053817228079e+08
7.195260967163648047e+00 6.627035181544537544e+08
7.224042011032302923e+00 6.162091297450350523e+08
7.252938179076432235e+00 5.452772512105052471e+08
7.281949931792737196e+00 5.341543848712871075e+08
7.311077731519908696e+00 4.930867356120936871e+08
7.340322042445988515e+00 4.543506671017118692e+08
7.369683330615771411e+00 4.460483415014304519e+08
7.399162063938235612e+00 4.444470653572537303e+08
7.428758712193988423e+00 4.266185932928600907e+08
7.458473747042765112e+00 4.476506576074889898e+08
7.488307642030935796e+00 4.724906215759651065e+08
7.518260872599060285e+00 5.044262649476438165e+08
7.548333916089456253e+00 5.307025098756988645e+08
7.578527251753813587e+00 5.963939923080149889e+08
7.608841360760829176e+00 6.431162514032359123e+08
7.639276726203872769e+00 6.840206058495615721e+08
7.669833833108687493e+00 3.058572138697115779e+08
7.700513168441122325e+00 3.041672627465641499e+08
7.731315221114887670e+00 3.029663083163409829e+08
7.762240481999347352e+00 3.381626836051354408e+08
7.793289443927344351e+00 3.699251959938296676e+08
7.824462601703054077e+00 3.990727199870207906e+08
7.855760452109866065e+00 4.416629078549345732e+08
7.887183493918306532e+00 4.575027122066237926e+08
7.918732227893980458e+00 4.360377488134324551e+08
7.950407156805555431e+00 4.954816565819447637e+08
7.982208785432777454e+00 4.895153448366902471e+08
8.014137620574508958e+00 4.638877637345535159e+08
8.046194171056805899e+00 4.898325190524502397e+08
8.078378947741034821e+00 4.698520774018786550e+08
8.110692463531997021e+00 5.526193553835018873e+08
8.143135233386125549e+00 4.873921518015318513e+08
8.175707774319670662e+00 4.897299867436792850e+08
8.208410605416949224e+00 4.992207858961454630e+08
8.241244247838615422e+00 5.357154076833270192e+08
8.274209224829968790e+00 5.490198593870151043e+08
8.307306061729288871e+00 5.218592299979639649e+08
8.340535285976207192e+00 5.387244607935645580e+08
8.373897427120111203e+00 5.570923220092984438e+08
8.407393016828594412e+00 5.543168648014553785e+08
8.441022588895906509e+00 6.129885298909227848e+08
8.474786679251490540e+00 6.059119123119192123e+08
8.508685825968495209e+00 6.304296481510590315e+08
8.542720569272368891e+00 6.263774338496983051e+08
8.576891451549458978e+00 6.525879169650448561e+08
8.611199017355655627e+00 6.340907789366179705e+08
8.645643813425078150e+00 6.651208942223976851e+08
8.680226388678779159e+00 6.697218306980764866e+08
8.714947294233493125e+00 6.897313648102235794e+08
8.749807083410427566e+00 6.747712741410336494e+08
8.784806311744070229e+00 6.392507904493460655e+08
8.819945536991047774e+00 6.753895259297325611e+08
8.855225319139009343e+00 6.906871940920448303e+08
8.890646220415566958e+00 6.160978825501117706e+08
8.926208805297228821e+00 5.363682126314446330e+08
8.961913640518417878e+00 5.360877080251668096e+08
8.997761295080492161e+00 6.396713874010745287e+08
9.033752340260813085e+00 6.689325349994482994e+08
9.069887349621856387e+00 6.866878597224457264e+08
9.106166899020346150e+00 7.308617409640909433e+08
9.142591566616424359e+00 7.350487407844376564e+08
9.179161932882891506e+00 7.336038702562487125e+08
9.215878580614422333e+00 7.276709860780086517e+08
9.252742094936881045e+00 7.531125470578430891e+08
9.289753063316627646e+00 6.869391512766499519e+08
9.326912075569895322e+00 7.321103346401411295e+08
9.364219723872173162e+00 7.389454644208168983e+08
9.401676602767663482e+00 7.369578581744925976e+08
9.439283309178733816e+00 6.891409400338115692e+08
9.477040442415447075e+00 7.163316479406232834e+08
9.514948604185111236e+00 7.062995425281901360e+08
9.553008398601852136e+00 7.173712989138345718e+08
9.591220432196260859e+00 7.564285056057765484e+08
9.629585313925044687e+00 6.882334702962570190e+08
9.668103655180747324e+00 7.388351415433890820e+08
9.706776069801470896e+00 7.578415893976905346e+08
9.745603174080676112e+00 7.340668969497797489e+08
9.784585586776998412e+00 7.649246725424919128e+08
9.823723929124106746e+00 7.635473719834959507e+08
9.863018824840601440e+00 7.851501183987102509e+08
9.902470900139965337e+00 7.510984122360378504e+08
9.942080783740523842e+00 7.876117552704882622e+08
9.981849106875488431e+00 8.244145408613458872e+08
1.002177650330298952e+01 8.095934414051889181e+08
1.006186360931619994e+01 6.521354167539193630e+08
1.010211106375346723e+01 5.951797574303663969e+08
1.014251950800847979e+01 6.000391312919367552e+08
1.018308958604051284e+01 6.021931567148796320e+08
1.022382194438467451e+01 5.807954447855976820e+08
1.026471723216221399e+01 6.216343417284662724e+08
1.030577610109086173e+01 6.356020212888187170e+08
1.034699920549522467e+01 4.761225417266879678e+08
1.038838720231720458e+01 4.888979425529333353e+08
1.042994075112647501e+01 5.491351456627398729e+08
1.047166051413097954e+01 5.517439240341616869e+08
1.051354715618750468e+01 5.976021457710688114e+08
1.055560134481225454e+01 6.402674751356974840e+08
1.059782375019150358e+01 6.490561926679445505e+08
1.064021504519226902e+01 6.722936406860675812e+08
1.068277590537303823e+01 6.313960596159620285e+08
1.072550700899452991e+01 5.333110677982888818e+08
1.076840903703050856e+01 5.822690099799121618e+08
1.081148267317863088e+01 6.272565575808622837e+08
1.085472860387134553e+01 6.772327264883463383e+08
1.089814751828683015e+01 6.653402067487834692e+08
1.094174010835997635e+01 6.177620125980739594e+08
1.098550706879341909e+01 6.017985702282624245e+08
1.102944909706859100e+01 6.173649156262089014e+08
1.107356689345686540e+01 6.878641016606190205e+08
1.111786116103069233e+01 6.763190806378402710e+08
1.116233260567481622e+01 6.960113551915367842e+08
1.120698193609751492e+01 6.828169370944774151e+08
1.125180986384190440e+01 6.124730020279992819e+08
1.129681710329727373e+01 6.976988486940931082e+08
1.134200437171046083e+01 6.914234117937722206e+08
1.138737238919730466e+01 6.591938142125160694e+08
1.143292187875409383e+01 7.056697966514608860e+08
1.147865356626910938e+01 6.683806404740152359e+08
1.152456818053418530e+01 6.282065501408767700e+08
1.157066645325632237e+01 6.345926861199419498e+08
1.161694911906934635e+01 6.457288346174519062e+08
1.166341691554562487e+01 6.290532618136091232e+08
1.171007058320780736e+01 5.138160570199421644e+08
1.175691086554063958e+01 5.587635321638814211e+08
1.180393850900279951e+01 5.786119406721010208e+08
1.185115426303881137e+01 5.798655212798441648e+08
1.189855888009096674e+01 5.809740607044242620e+08
1.194615311561133097e+01 5.612179876662614346e+08
1.199393772807377623e+01 5.274010183855162263e+08
1.204191347898607134e+01 5.230830490456219316e+08
1.209008113290201614e+01 4.668063907076219916e+08
1.213844145743362368e+01 5.106937824689227939e+08
1.218699522326335938e+01 5.189146848098807931e+08
1.223574320415641381e+01 4.605647845080072880e+08
1.228468617697303777e+01 4.389632967079831362e+08
1.233382492168093059e+01 4.587482899904984832e+08
1.238316022136765504e+01 3.683500588923162818e+08
1.243269286225312520e+01 3.987999519823116660e+08
1.248242363370213859e+01 4.320043323671153784e+08
1.253235332823694748e+01 3.584095412445352674e+08
1.258248274154989410e+01 3.467366489381935000e+08
1.263281267251609385e+01 3.717579284686263204e+08
1.268334392320615756e+01 3.493385420370267630e+08
1.273407729889898299e+01 3.335976277530928850e+08
1.278501360809457665e+01 3.574904115001068711e+08
1.283615366252695544e+01 3.269519070042150021e+08
1.288749827717706253e+01 3.313683896035091281e+08
1.293904827028577031e+01 3.189239041583640575e+08
1.299080446336691352e+01 3.161377342806454301e+08
1.304276768122038099e+01 2.829074558819295168e+08
1.309493875194526424e+01 2.995036619918358922e+08
1.314731850695304693e+01 2.799224555765199661e+08
1.319990778098085649e+01 2.840509910954883099e+08
1.325270741210477965e+01 2.642102890692917407e+08
1.330571824175319939e+01 2.578701376681413352e+08
1.335894111472021173e+01 2.674869209329372942e+08
1.341237687917909227e+01 2.450331742944794595e+08
1.346602638669580898e+01 2.481690962819975615e+08
1.351989049224258999e+01 2.514015887371377051e+08
1.357397005421156067e+01 2.537346518953211904e+08
1.362826593442840917e+01 2.458857599942488074e+08
1.368277899816612297e+01 2.448144933634195626e+08
1.373751011415878942e+01 2.344045610117465854e+08
1.379246015461542463e+01 2.236482145193158388e+08
1.384762999523388416e+01 1.945289695823023915e+08
1.390302051521481808e+01 1.624007285538376272e+08
1.395863259727567751e+01 1.366382267701514363e+08
1.401446712766477987e+01 1.220470656773108691e+08
1.407052499617543972e+01 1.870781720730944574e+08
1.412680709616014063e+01 1.907062066539912522e+08
1.418331432454478147e+01 1.827808529680692852e+08
1.424004758184296193e+01 2.022194528680477142e+08
1.429700777217033369e+01 1.876752394139826894e+08
1.435419580325901379e+01 1.939653383202226162e+08
1.441161258647204946e+01 1.939349106522254050e+08
1.446925903681793812e+01 1.875821591553745568e+08
1.452713607296521126e+01 1.715513192838689685e+08
1.458524461725707155e+01 1.832694621318581700e+08
1.464358559572609764e+01 1.924542566097470820e+08
1.470215993810900557e+01 1.888022669090757072e+08
1.476096857786143879e+01 1.910765668975442648e+08
1.482001245217288599e+01 1.803765977259825468e+08
1.487929250198157760e+01 1.756399926263264716e+08
1.493880967198950316e+01 1.620716837688853443e+08
1.499856491067746056e+01 1.766219174870311618e+08
1.505855917032016933e+01 1.759402129037116468e+08
1.511879340700144958e+01 1.800567257812078595e+08
1.517926858062945605e+01 1.655664330951244235e+08
1.523998565495197433e+01 1.713430258350684941e+08
1.530094559757178274e+01 1.741514303160593212e+08
1.536214937996206764e+01 1.665148337129492164e+08
1.542359797748191674e+01 1.653204590428474844e+08
1.548529236939184450e+01 1.651376972604537606e+08
1.554723353886941339e+01 1.572453943746387661e+08
1.560942247302489072e+01 1.565106582949827909e+08
1.567186016291699069e+01 1.590537198281755447e+08
1.573454760356865556e+01 1.530082323037632704e+08
1.579748579398293096e+01 1.489568607956391573e+08
1.586067573715886247e+01 1.589685098342394233e+08
1.592411844010749888e+01 1.627060508149866164e+08
1.598781491386792730e+01 1.445406383702794015e+08
1.605176617352340074e+01 1.609791591604653895e+08
1.611597323821749228e+01 1.541215234879613221e+08
1.618043713117036120e+01 1.572148253994956017e+08
1.624515887969504391e+01 1.425931065913522542e+08
1.631013951521382310e+01 1.543963236722029448e+08
1.637538007327468037e+01 1.550059655266943872e+08
1.644088159356778078e+01 1.568521972770099640e+08
1.650664511994205341e+01 1.543257745988891423e+08
1.657267170042182158e+01 1.510805213395185173e+08
1.663896238722350418e+01 1.323852743639454842e+08
1.670551823677240222e+01 1.502785943366521597e+08
1.677234030971949608e+01 1.485177107465108335e+08
1.683942967095837062e+01 1.475738454428819418e+08
1.690678738964220429e+01 1.358430647470129728e+08
1.697441453920077237e+01 1.452811921294422150e+08
1.704231219735757108e+01 1.615646206152121425e+08
1.711048144614700561e+01 1.217950091510686576e+08
1.717892337193159236e+01 1.379140470991277695e+08
1.724763906541932101e+01 1.287240749767102599e+08
1.731662962168099895e+01 1.349159951006881893e+08
1.738589614016772344e+01 1.098423288266167492e+08
1.745543972472839300e+01 1.433686507305873036e+08
1.752526148362730751e+01 1.291097997833498418e+08
1.759536252956181812e+01 1.271776319200057536e+08
1.766574397968006238e+01 1.282438249296425283e+08
1.773640695559878466e+01 1.229575141760193557e+08
1.780735258342117433e+01 1.264630656216027737e+08
1.787858199375486024e+01 1.328948943071055710e+08
1.795009632172988034e+01 1.103147939653588682e+08
1.802189670701679702e+01 1.245455404234179556e+08
1.809398429384486562e+01 1.232938956582035720e+08
1.816636023102024211e+01 9.500484016154713929e+07
1.823902567194432578e+01 1.149648210856485665e+08
1.831198177463210186e+01 1.176215780783702731e+08
1.838522970173062987e+01 1.130335229807384163e+08
1.845877062053754969e+01 1.132665375273191780e+08
1.853260570301970134e+01 9.556146937055313587e+07
1.860673612583178027e+01 8.744042885650102794e+07
1.868116307033510637e+01 1.024333164945192039e+08
1.875588772261644976e+01 9.796213948004525900e+07
1.883091127350691352e+01 1.218657282151611298e+08
1.890623491860094063e+01 1.065341610039940029e+08
1.898185985827534594e+01 8.556830046058104932e+07
1.905778729770844748e+01 1.034492789818106294e+08
1.913401844689928311e+01 1.037205744374671280e+08
1.921055452068688041e+01 8.852091908612485230e+07
1.928739673876962968e+01 8.106821328826718032e+07
1.936454632572470658e+01 8.529025524046167731e+07
1.944200451102760141e+01 6.459921329235285521e+07
1.951977252907171589e+01 8.371573684528419375e+07
1.959785161918800256e+01 7.524313322976620495e+07
1.967624302566475691e+01 8.253043272239261866e+07
1.991079942767366973e+01 7.606362583774431050e+07
2.030901541622714390e+01 7.042072151070256531e+07
2.071519572455168756e+01 7.076458034384477139e+07
2.112949963904272010e+01 5.776963014552165568e+07
2.155208963182357707e+01 5.689393484490823746e+07
2.198313142446004420e+01 5.287062785684257746e+07
2.242279405294924643e+01 4.618831945310597122e+07
2.287124993400822959e+01 4.896145174143139273e+07
2.332867493268839709e+01 4.708503729524203390e+07
2.379524843134216638e+01 3.448417658292838186e+07
2.427115339996900900e+01 4.149748455642252415e+07
2.475657646796839018e+01 3.559238028115519136e+07
2.525170799732775961e+01 2.749743967136562243e+07
2.575674215727431715e+01 3.151160986441604421e+07
2.627187700041980278e+01 2.839733630923196673e+07
2.679731454042819649e+01 2.223118421334178001e+07
2.733326083123676042e+01 2.414875347588082030e+07
2.787992604786149542e+01 2.158399574120100960e+07
2.843752456881871993e+01 1.571379431436231360e+07
2.900627506019509738e+01 1.873364519617881253e+07
2.958640056139899599e+01 1.507100104445348494e+07
3.017812857262697435e+01 1.583720965153328888e+07
3.078169114407952023e+01 1.244758162756669521e+07
3.139732496696110431e+01 1.259118846398167498e+07
3.202527146630033172e+01 1.193204071947858483e+07
3.266577689562632969e+01 1.074521855168952793e+07
3.331909243353885586e+01 8.971676255275251344e+06
3.398547428220963695e+01 9.916808903347956017e+06
3.466518376785383282e+01 7.833778462925598957e+06
3.535848744321090464e+01 7.057923660354709253e+06
3.606565719207512188e+01 6.756815507576191798e+06
3.678697033591662802e+01 6.343598867046413012e+06
3.752270974263496583e+01 5.846601427476280369e+06
3.827316393748766643e+01 6.292710575119386427e+06
3.903862721623740839e+01 5.109548536451043561e+06
3.981939976056215613e+01 4.451528977182717063e+06
4.061578775577340394e+01 3.897034668659274001e+06
4.142810351088887444e+01 4.750989766428627074e+06
4.225666558110664539e+01 3.724678085789915174e+06
4.310179889272878029e+01 3.216756931787515059e+06
4.396383487058335504e+01 3.083552024651702493e+06
4.484311156799503095e+01 2.956953782900491264e+06
4.573997379935492091e+01 2.716273057920624968e+06
4.665477327534202345e+01 2.302824757848008536e+06
4.758786874084886165e+01 2.337254273501672316e+06
4.853962611566583973e+01 2.426221008832928725e+06
4.951041863797915710e+01 1.886205940861213719e+06
5.050062701073873939e+01 1.835358912312127883e+06
5.151063955095351332e+01 1.572250119231917663e+06
5.254085234197258103e+01 1.797371549780864269e+06
5.359166938881203635e+01 1.574175506650880445e+06
5.466350277658827395e+01 1.378840996757662855e+06
5.575677283212004198e+01 1.205858075648098486e+06
5.687190828876244098e+01 1.097942903667264618e+06
5.800934645453768468e+01 1.120114984137385152e+06
5.916953338362844050e+01 1.098994655758818379e+06
6.035292405130100946e+01 9.264931542213944485e+05
6.155998253232701956e+01 9.901833067973349243e+05
6.279118218297357146e+01 7.624355092787342146e+05
6.404700582663303976e+01 6.838723957006289857e+05
6.532794594316570169e+01 6.719184870713666314e+05
6.663450486202900436e+01 6.126139262453509727e+05
6.796719495926959098e+01 6.233043700361743104e+05
6.932653885845499531e+01 6.218218701455527917e+05
7.071306963562409464e+01 5.148092084340169677e+05
7.212733102833657028e+01 4.314951168234199868e+05
7.356987764890331505e+01 4.473174898075956735e+05
7.504127520188137623e+01 4.141296391097980086e+05
7.654210070591901172e+01 3.961808551467778743e+05
7.807294272003738911e+01 3.217348009033970884e+05
7.963440157443814371e+01 3.534909482439345447e+05
8.122708960592690630e+01 2.937679853930987883e+05
8.285163139804545551e+01 2.584617800526929495e+05
8.450866402600635752e+01 2.336507694563137484e+05
8.619883730652648524e+01 2.592541941461570386e+05
8.792281405265701721e+01 2.733688722699972568e+05
8.968127033371015955e+01 2.195544670293010422e+05
9.147489574038435478e+01 1.776507983829283039e+05
9.330439365519204387e+01 1.872491269513017323e+05
9.517048152829590890e+01 1.637119368040056142e+05
9.707389115886181230e+01 1.612285155351932335e+05
9.901536898203904968e+01 1.291932413432989997e+05
