# Wavelength [um]       Fp [W/m2/m]  
1.000553076518779783e-01 1.574954987159087028e-15
1.004555288824854897e-01 2.497217216403347729e-64
1.008573509980154326e-01 2.182707344604604389e-60
1.012607804020075053e-01 5.181560981104682528e-60
1.016658235236155422e-01 3.417126854546904506e-64
1.020724868177099870e-01 1.154833163806228262e-41
1.024807767649808382e-01 6.889202620601048832e-45
1.028906998720407612e-01 1.714047484705399379e-58
1.033022626715289355e-01 7.895038862788510962e-38
1.037154717222150413e-01 5.814417665299008649e-62
1.041303336091038839e-01 1.680572423897782768e-55
1.045468549435403099e-01 5.768883117883885116e-52
1.049650423633144702e-01 2.753290138733855206e-63
1.053849025327677214e-01 2.899695314797747057e-44
1.058064421428987906e-01 1.688350310203275792e-58
1.062296679114703990e-01 1.312958457148271466e-43
1.066545865831162732e-01 5.848810670035966580e-50
1.070812049294487533e-01 3.957963656260994530e-52
1.075095297491665408e-01 4.194660128796576811e-39
1.079395678681632220e-01 2.405001325150878908e-52
1.083713261396358624e-01 4.156389681867296791e-37
1.088048114441943909e-01 1.883893669120805377e-40
1.092400306899711654e-01 5.829574824185295334e-24
1.096769908127310511e-01 1.631181717076109028e-39
1.101156987759819850e-01 6.964828956887306434e-41
1.105561615710859147e-01 1.082473425642740584e-24
1.109983862173702651e-01 4.297630648187649113e-30
1.114423797622397516e-01 1.289949995769734191e-35
1.118881492812886930e-01 6.867366230203151420e-40
1.123357018784138517e-01 9.140785448253721051e-36
1.127850446859275102e-01 3.072578385960577947e-19
1.132361848646712132e-01 6.947604935870032670e-23
1.136891296041298988e-01 3.572763073530664074e-22
1.141438861225464035e-01 1.177522907706626604e-21
1.146004616670366072e-01 7.721388985233400252e-21
1.150588635137047705e-01 1.933321022231955765e-23
1.155190989677595953e-01 3.534021240230955456e-23
1.159811753636306314e-01 7.637503944691198500e-25
1.164451000650851553e-01 6.025068134880491379e-29
1.169108804653455069e-01 6.942111636214363733e-28
1.173785239872068981e-01 3.282842066516126646e-33
1.178480380831557206e-01 4.324245030136410617e-34
1.183194302354883543e-01 3.591799045038401767e-30
1.187927079564302935e-01 1.820023808566911648e-35
1.192678787882560099e-01 8.934987016781838822e-35
1.197449503034090645e-01 4.920145252361135965e-35
1.202239301046226783e-01 4.800728432011311262e-41
1.207048258250411760e-01 1.643124962693904471e-31
1.211876451283413342e-01 5.812620434870575643e-34
1.216723957088547137e-01 3.113223055361744375e-34
1.221590852916901310e-01 5.617909269398242923e-30
1.226477216328568792e-01 2.274152508406387203e-26
1.231383125193883099e-01 6.984147376797892189e-33
1.236308657694658586e-01 2.039755390961681378e-28
1.241253892325437369e-01 9.811310567185241985e-29
1.246218907894739159e-01 1.068970205651702626e-32
1.251203783526317892e-01 1.790563106745911255e-32
1.256208598660423226e-01 4.387978178758533195e-25
1.261233433055065078e-01 3.547016397819022039e-26
1.266278366787285392e-01 6.316809781580172905e-35
1.271343480254434610e-01 6.329017426339801118e-26
1.276428854175452321e-01 8.373372007807582280e-26
1.281534569592154005e-01 8.143678882804148493e-31
1.286660707870522780e-01 2.720195804409747831e-28
1.291807350702004475e-01 4.690248180717169780e-25
1.296974580104812425e-01 1.933250935221115504e-25
1.302162478425231973e-01 6.864947938077840755e-26
1.307371128338932764e-01 2.891448577617437248e-23
1.312600612852288795e-01 1.082986967364089170e-23
1.317851015303697915e-01 1.369655293361302650e-23
1.323122419364912705e-01 2.360015815910287931e-21
1.328414909042372472e-01 2.351355096301656558e-20
1.333728568678542170e-01 9.809284226084175356e-21
1.339063482953256612e-01 3.351745967880872259e-23
1.344419736885069383e-01 4.404162590736958467e-21
1.349797415832609815e-01 3.551113353862146698e-19
1.355196605495940232e-01 1.005664959747241564e-19
1.360617391917924301e-01 8.631854025353551151e-19
1.366059861485595939e-01 2.220013590551708847e-20
1.371524100931538481e-01 3.240111713976249526e-22
1.377010197335264696e-01 4.616179378762194618e-21
1.382518238124605670e-01 2.657248051974148495e-17
1.388048311077104136e-01 3.677766065185933384e-18
1.393600504321412248e-01 1.873819380548063032e-20
1.399174906338697677e-01 1.142439329286316481e-20
1.404771605964052761e-01 7.861941029855974680e-17
1.410390692387908651e-01 1.118411089615945616e-18
1.416032255157460562e-01 2.282435350895511859e-16
1.421696384178090522e-01 4.189266941629191222e-21
1.427383169714803168e-01 3.530591073833152078e-17
1.433092702393662099e-01 2.246060978653187911e-15
1.438825073203236771e-01 1.144507668628889646e-16
1.444580373496049674e-01 3.307587933502240827e-15
1.450358694990033503e-01 1.850480431497769148e-16
1.456160129769993872e-01 2.183594397347145229e-15
1.461984770289073976e-01 1.012340180845792213e-14
1.467832709370230082e-01 9.321820475211112188e-16
1.473704040207710897e-01 1.272426651445476243e-14
1.479598856368541382e-01 9.250622187951214340e-18
1.485517251794015725e-01 6.085235206057454957e-15
1.491459320801191979e-01 2.026579406575367530e-14
1.497425158084396690e-01 1.250289646317766222e-15
1.503414858716734248e-01 1.886871339660948343e-12
1.509428518151600951e-01 2.486504499487352876e-14
1.515466232224207677e-01 3.100545085919760106e-15
1.521528097153104220e-01 5.203094981041188703e-10
1.527614209541716672e-01 1.442592533332421954e-13
1.533724666379883694e-01 8.055850362994918011e-13
1.539859565045403056e-01 6.531675522394934609e-10
1.546019003305584838e-01 1.488507341500040472e-17
1.552203079318807133e-01 2.356035628791946606e-11
1.558411891636082569e-01 2.295459457889106912e-10
1.564645539202626778e-01 1.530067431116334089e-12
1.570904121359437411e-01 1.504455341735432284e-09
1.577187737844875093e-01 1.824468018489045555e-10
1.583496488796254653e-01 3.145999507333217043e-09
1.589830474751439959e-01 1.247225537194112154e-08
1.596189796650445414e-01 1.822000951241025388e-10
1.602574555837047166e-01 2.306085209311275575e-09
1.608984854060395708e-01 3.531807440515421821e-08
1.615420793476636807e-01 1.637393547713180990e-09
1.621882476650543525e-01 5.478424665505363956e-08
1.628370006557145755e-01 1.305838192379826466e-07
1.634883486583374457e-01 1.050708759250880639e-07
1.641423020529707844e-01 9.007723134481128712e-06
1.647988712611826723e-01 2.951510237199282199e-08
1.654580667462274002e-01 5.112402525717810197e-08
1.661198990132123077e-01 3.660105667410784114e-05
1.667843786092651215e-01 8.665560234852192486e-07
1.674515161237022098e-01 1.708735369927634495e-04
1.681213221881969755e-01 1.198151672549286473e-04
1.687938074769497754e-01 9.505721168774105127e-06
1.694689827068575905e-01 6.509143987543765733e-04
1.701468586376850278e-01 1.162488836890061958e-04
1.708274460722357391e-01 5.475727774554656758e-06
1.715107558565246715e-01 4.641948546326158374e-04
1.721967988799507909e-01 2.521535581180905106e-05
1.728855860754705820e-01 1.087705027107565712e-04
1.735771284197724640e-01 1.644675462393305242e-03
1.742714369334515678e-01 2.333306142476110714e-04
1.749685226811853456e-01 2.958865386776701571e-03
1.756683967719100681e-01 5.376830606648566428e-03
1.763710703589977391e-01 8.030527314118881058e-03
1.770765546404337309e-01 9.652713196140366367e-03
1.777848608589954471e-01 5.953397721237597452e-03
1.784960003024314568e-01 7.302155515662000357e-03
1.792099843036411844e-01 1.156466851273444882e-02
1.799268242408557650e-01 1.714309729991878375e-02
1.806465315378191772e-01 8.790625707684702334e-03
1.813691176639704306e-01 4.099815675521520375e-02
1.820945941346263086e-01 1.705802695025706445e-02
1.828229725111648329e-01 4.363159526369518593e-02
1.835542644012094771e-01 4.911576687114621587e-02
1.842884814588143239e-01 3.865978016512083837e-02
1.850256353846495561e-01 7.129085223875093746e-02
1.857657379261881403e-01 1.239040440156904122e-01
1.865088008778928996e-01 1.723549637895152031e-01
1.872548360814044743e-01 1.869205648214604110e-01
1.880038554257300876e-01 2.453774663309966075e-01
1.887558708474330049e-01 2.933482479387883313e-01
1.895108943308226879e-01 3.963140893810136456e-01
1.902689379081460019e-01 3.591416215840636528e-01
1.910300136597785636e-01 3.723517831683014201e-01
1.917941337144176972e-01 4.797422229777663638e-01
1.925613102492753359e-01 6.183830962633103390e-01
1.933315554902724498e-01 9.041784278502863481e-01
1.941048817122335568e-01 9.820825146778945358e-01
1.948813012390824828e-01 1.799817818547788884e+00
1.956608264440388156e-01 2.274364114704573669e+00
1.964434697498149418e-01 3.042047282013734755e+00
1.972292436288141937e-01 3.429993169575883627e+00
1.980181606033294406e-01 2.703548959483649483e+00
1.988102332457427346e-01 4.405053968459325731e+00
1.996054741787257336e-01 3.924502823586309308e+00
2.004038960754406518e-01 6.320177322960355504e+00
2.012055116597424309e-01 6.639582364482401466e+00
2.020103337063813842e-01 1.059732269656686121e+01
2.028183750412069219e-01 1.304986243175167182e+01
2.036296485413717494e-01 1.384240618380083809e+01
2.044441671355372303e-01 2.115718787060218276e+01
2.052619438040793887e-01 2.052649815041238313e+01
2.060829915792957157e-01 2.912632980848652764e+01
2.069073235456129201e-01 3.210214160572255082e+01
2.077349528397953449e-01 3.478798897468115570e+01
2.085658926511545219e-01 4.965402626278488896e+01
2.094001562217591150e-01 4.826541229091613872e+01
2.102377568466461677e-01 6.750064283460031334e+01
2.110787078740327671e-01 7.233773701826829949e+01
2.119230227055288740e-01 9.021746043779883450e+01
2.127707147963510126e-01 1.087011948448539869e+02
2.136217976555363773e-01 1.172116528153861168e+02
2.144762848461585492e-01 1.477997399810269883e+02
2.153341899855431840e-01 1.618232407167401732e+02
2.161955267454853669e-01 1.908710910045392666e+02
2.170603088524672986e-01 2.237782256566667058e+02
2.179285500878772042e-01 2.462616972663086869e+02
2.188002642882286852e-01 2.921381333948518204e+02
2.196754653453815986e-01 3.270917532622331692e+02
2.205541672067631020e-01 3.765115514115914266e+02
2.214363838755901703e-01 4.299779612552536605e+02
2.223221294110925284e-01 4.861425580604030188e+02
2.232114179287369160e-01 5.571964085541138729e+02
2.241042636004518529e-01 6.278928690822070848e+02
2.250006806548536520e-01 7.152574327318455971e+02
2.259006833774730438e-01 8.112017385427692489e+02
2.268042861109829667e-01 9.158489450368366533e+02
2.277115032554268836e-01 1.039522475155004713e+03
2.286223492684485714e-01 1.173282237485725318e+03
2.295368386655223802e-01 1.327091208778099372e+03
2.304549860201844658e-01 1.499420051993746483e+03
2.313768059642651864e-01 1.690803065961798438e+03
2.323023131881222503e-01 1.908989125539438646e+03
2.332315224408747223e-01 2.151151183431134996e+03
2.341644485306381973e-01 2.424377426882184409e+03
2.351011063247607502e-01 2.730515481276565879e+03
2.360415107500598020e-01 3.072715772636249767e+03
2.369856767930600405e-01 3.457283432403477036e+03
2.379336195002322851e-01 3.886696496200133424e+03
2.388853539782332114e-01 4.367865879639840387e+03
2.398408953941461863e-01 4.905948077369968814e+03
2.408002589757227141e-01 5.506824353914307721e+03
2.417634600116256582e-01 6.178897056234722186e+03
2.427305138516721306e-01 6.928874256801670526e+03
2.437014359070788505e-01 7.765970835362995786e+03
2.446762416507071713e-01 8.700072818632905182e+03
2.456549466173099938e-01 9.741070730881927375e+03
2.466375664037792625e-01 1.090140150436835756e+04
2.476241166693943785e-01 1.219360851268804981e+04
2.486146131360719436e-01 1.363212759587830078e+04
2.496090715886161993e-01 1.523275381899674721e+04
2.506075078749706586e-01 1.701271794099496401e+04
2.516099379064705155e-01 1.899127972722727282e+04
2.526163776580964138e-01 2.118939094463253059e+04
2.536268431687287994e-01 2.363017190100345033e+04
2.546413505414037437e-01 2.633918411148851374e+04
2.556599159435693491e-01 2.934427146863356393e+04
2.566825556073435988e-01 3.267624317777944452e+04
2.577092858297729827e-01 3.636879598470206838e+04
2.587401229730920682e-01 4.045891022386787517e+04
2.597750834649844576e-01 4.498722366603914998e+04
2.608141837988444123e-01 4.999819966510013910e+04
2.618574405340398092e-01 5.554059678571337281e+04
2.629048702961759298e-01 6.166780279400497966e+04
2.639564897773606367e-01 6.843824126055647503e+04
2.650123157364701054e-01 7.591585310300260608e+04
2.660723649994159445e-01 8.417052770829320070e+04
2.671366544594135917e-01 9.327866814077334129e+04
2.682052010772512096e-01 1.033237391366240772e+05
2.692780218815602478e-01 1.143968548110451520e+05
2.703551339690865030e-01 1.265974752805594471e+05
2.714365545049627904e-01 1.400340832119693805e+05
2.725223007229827243e-01 1.548249594743888883e+05
2.736123899258746106e-01 1.710990182206348691e+05
2.747068394855781692e-01 1.889966584043052571e+05
2.758056668435204806e-01 2.086707736194083118e+05
2.769088895108945403e-01 2.302877497252753819e+05
2.780165250689380918e-01 2.540285684188735613e+05
2.791285911692138466e-01 2.800900223728141864e+05
2.802451055338907038e-01 3.086859849198140437e+05
2.813660859560263017e-01 3.400487900516787777e+05
2.824915502998503469e-01 3.744307343048366020e+05
2.836215165010497197e-01 4.121056471537736361e+05
2.847560025670539119e-01 4.533706110145810526e+05
2.858950265773221866e-01 4.984871663001837442e+05
2.870386066836315142e-01 5.477833811630521668e+05
2.881867611103660631e-01 6.017608132048456464e+05
2.893395081548075787e-01 6.608716363021852449e+05
2.904968661874267610e-01 7.254948227539379150e+05
2.916588536521764197e-01 7.959029516483352054e+05
2.928254890667851273e-01 8.729138144814897096e+05
2.939967910230522619e-01 9.570617009032309288e+05
2.951727781871444911e-01 1.048681441071940819e+06
2.963534692998930908e-01 1.148555230468503432e+06
2.975388831770926501e-01 1.257654272133256076e+06
2.987290387098009981e-01 1.376504409065545769e+06
2.999239548646402409e-01 1.505539079504405148e+06
3.011236506840988536e-01 2.103254408439775034e+02
3.023281452868351593e-01 2.214184982028956767e+02
3.035374578679824742e-01 7.080260896370160140e+01
3.047516076994544187e-01 2.384912513908576841e+02
3.059706141302522830e-01 2.730869869830787593e+02
3.071944965867733357e-01 2.466356920168080649e+02
3.084232745731204095e-01 1.860703229750852472e+02
3.096569676714128194e-01 6.397555876996344182e+01
3.108955955420985018e-01 5.869931106997687920e+01
3.121391779242668751e-01 1.169702729185578534e+02
3.133877346359639215e-01 1.018717254716880518e+02
3.146412855745078230e-01 7.782707127422855820e+01
3.158998507168058190e-01 5.593041823165071236e+01
3.171634501196730627e-01 3.782835729999946750e+01
3.184321039201517545e-01 2.387109541043660954e+01
3.197058323358323295e-01 1.409274802804621451e+01
3.209846556651756444e-01 7.252462662967264606e+00
3.222685942878363852e-01 4.046789447888454738e+00
3.235576686649877520e-01 4.390350156159107620e+00
3.248518993396476984e-01 3.303386337270741713e+00
3.261513069370062801e-01 2.256174625506674580e+00
3.274559121647543369e-01 1.309696504451719701e+00
3.287657358134133401e-01 5.931433665700291957e-01
3.300807987566670154e-01 2.575009975417636432e-01
3.314011219516936890e-01 4.909710933969286817e-01
3.327267264395004642e-01 1.519398706713287917e+00
3.340576333452584534e-01 3.609208536392689570e+00
3.353938638786395088e-01 7.080430994625880103e+00
3.367354393341540630e-01 1.231819141928905914e+01
3.380823810914907468e-01 2.027523748149059202e+01
3.394347106158566718e-01 3.447708540938253918e+01
3.407924494583201014e-01 6.334184140483695558e+01
3.421556192561533982e-01 1.153982995259114546e+02
3.435242417331779707e-01 1.430020889245201374e+02
3.448983387001106626e-01 4.658483164922599684e+01
3.462779320549111417e-01 4.258456808290604840e+02
3.476630437831307319e-01 1.031556775258337211e+03
3.490536959582632992e-01 1.844489222392136753e+03
3.504499107420963600e-01 3.065001631789961266e+03
3.518517103850647421e-01 4.889109239922111556e+03
3.532591172266050239e-01 7.572879771341545165e+03
3.546721536955114717e-01 1.143929482494615695e+04
3.560908423102934761e-01 1.687980597829403632e+04
3.575152056795346533e-01 2.436032278745743679e+04
3.589452665022527800e-01 3.443914261572096439e+04
3.603810475682617254e-01 4.777034409939983016e+04
3.618225717585348278e-01 6.511603122989359690e+04
3.632698620455689364e-01 8.733670065055351006e+04
3.647229414937512293e-01 1.154246757264131156e+05
3.661818332597261971e-01 1.505066015543688554e+05
3.676465605927651259e-01 1.937992144738649658e+05
3.691171468351361895e-01 2.465907037397396634e+05
3.705936154224767076e-01 3.101781984090803307e+05
3.720759898841666247e-01 3.857530780609649955e+05
3.735642938437032656e-01 4.744121136725498945e+05
3.750585510190780902e-01 5.768849545253430260e+05
3.765587852231543908e-01 6.929787022595774615e+05
3.780650203640470441e-01 8.223535739989280701e+05
3.795772804455032068e-01 9.622205355766845169e+05
3.810955895672852312e-01 1.109227856465007178e+06
3.826199719255543585e-01 1.257948522467492614e+06
3.841504518132565771e-01 1.398957344964573858e+06
3.856870536205096456e-01 1.520171681420465698e+06
3.872298018349916715e-01 1.609628336623025127e+06
3.887787210423316320e-01 1.650996865795139223e+06
3.903338359265008939e-01 1.629169949811738683e+06
3.918951712702069545e-01 1.534294977458036272e+06
3.934627519552877928e-01 1.363139975237131352e+06
3.950366029631089404e-01 1.123460909004747868e+06
3.966167493749613859e-01 8.343726826419979334e+05
3.982032163724612550e-01 5.314348417641185224e+05
3.997960292379510450e-01 2.754019609338910668e+05
4.013952133549028578e-01 1.138165883938808547e+05
4.030007942083224659e-01 2.551694075251873073e+04
4.046127973851557647e-01 1.047528317142349806e+03
4.062312485746963908e-01 2.853398310990992104e+04
4.078561735689951728e-01 1.546759441630194196e+05
4.094875982632711353e-01 4.474827967611126951e+05
4.111255486563242245e-01 1.044063389598502195e+06
4.127700508509495880e-01 2.012270188059041509e+06
4.144211310543532978e-01 3.376754112705117092e+06
4.160788155785707931e-01 5.189412490045481361e+06
4.177431308408850463e-01 7.484643068347546272e+06
4.194141033642486138e-01 1.035067696788088046e+07
4.210917597777056320e-01 1.370644638620449603e+07
4.227761268168164221e-01 1.740201828013228998e+07
4.244672313240837602e-01 2.185720513198788092e+07
4.261651002493800910e-01 2.692041672929178178e+07
4.278697606503775730e-01 3.170941144480936602e+07
4.295812396929790666e-01 3.962402198217155039e+07
4.312995646517510107e-01 4.412917598174832761e+07
4.330247629103580187e-01 4.972812174499509484e+07
4.347568619619994745e-01 5.991079370953967422e+07
4.364958894098474596e-01 6.519683229404464364e+07
4.382418729674867897e-01 7.345601863203264773e+07
4.399948404593567730e-01 7.644004757760831714e+07
4.417548198211941890e-01 9.130692168047718704e+07
4.435218391004789873e-01 1.107624871051026434e+08
4.452959264568808750e-01 1.164477235684668124e+08
4.470771101627084021e-01 1.234471353342912346e+08
4.488654186033592119e-01 1.231021672344401777e+08
4.506608802777726241e-01 1.333233393873628825e+08
4.524635237988837710e-01 1.480421181489289701e+08
4.542733778940792333e-01 1.706973517437117994e+08
4.560904714056555065e-01 1.733041450797817111e+08
4.579148332912781894e-01 1.451777514819120243e+07
4.597464926244433370e-01 1.116136075623841584e+07
4.615854785949410899e-01 8.366914567319188267e+06
4.634318205093208576e-01 6.143621520785871893e+06
4.652855477913582227e-01 4.477850233364813030e+06
4.671466899825236219e-01 3.411760052309697494e+06
4.690152767424536906e-01 2.589759871793776751e+06
4.708913378494234969e-01 1.598360850072229048e+06
4.727749032008212171e-01 8.288753240340311313e+05
4.746660028136244769e-01 3.886181109317233786e+05
4.765646668248789131e-01 1.952965752348024689e+05
4.784709254921784560e-01 1.194978852953955065e+05
4.803848091941470555e-01 8.457204744891152950e+04
4.823063484309236815e-01 6.453409511335011484e+04
4.842355738246474361e-01 5.299093526200581982e+04
4.861725161199459966e-01 4.761971666513237869e+04
4.881172061844257226e-01 4.496563084818940843e+04
4.900696750091634302e-01 4.392289309028512798e+04
4.920299537092001074e-01 4.319020907315500517e+04
4.939980735240369625e-01 4.251189334238080482e+04
4.959740658181330253e-01 4.198061047462887655e+04
4.979579620814056362e-01 4.165117101548724168e+04
4.999497939297311566e-01 4.170867906368798867e+04
5.019495931054501758e-01 4.235799999999671127e+04
5.039573914778719965e-01 4.403057142884912173e+04
5.059732210437835054e-01 4.702526478754806158e+04
5.079971139279585435e-01 5.062606275872668630e+04
5.100291023836703852e-01 5.477183785489328875e+04
5.120692187932051054e-01 5.915446804815901851e+04
5.141174956683780550e-01 6.383386643003566132e+04
5.161739656510514473e-01 6.895225638313611853e+04
5.182386615136556074e-01 7.446647826189814077e+04
5.203116161597103329e-01 8.025860326961457031e+04
5.223928626243490303e-01 8.639007559900572232e+04
5.244824340748465152e-01 9.298497744741864153e+04
5.265803638111459239e-01 1.002791797702525655e+05
5.286866852663905103e-01 1.080108900756051589e+05
5.308014320074561088e-01 1.163283390786685341e+05
5.329246377354859288e-01 1.254108510793468158e+05
5.350563362864277916e-01 1.351561140691404289e+05
5.371965616315735881e-01 1.455832984940900933e+05
5.393453478780998456e-01 1.562161957372065517e+05
5.415027292696121819e-01 1.675077922206170333e+05
5.436687401866906466e-01 1.808129693564726913e+05
5.458434151474373941e-01 1.947425453104841872e+05
5.480267888080271321e-01 2.101199221434909268e+05
5.502188959632591247e-01 2.264659778367182007e+05
5.524197715471121928e-01 2.442792624261222372e+05
5.546294506333006025e-01 2.632328354076966061e+05
5.568479684358338400e-01 2.837319608181887888e+05
5.590753603095770519e-01 3.055423525858992944e+05
5.613116617508153716e-01 3.286363453558906913e+05
5.635569083978186899e-01 3.535337691466693068e+05
5.658111360314097560e-01 3.793275075973219937e+05
5.680743805755354980e-01 3.926260524830509094e+05
5.703466780978375672e-01 4.319913641143218265e+05
5.726280648102289872e-01 4.641058995861423900e+05
5.749185770694699160e-01 4.972077868608438293e+05
5.772182513777477375e-01 5.353718559559099376e+05
5.795271243832587071e-01 5.766728838430178585e+05
5.818452328807918184e-01 6.215495826880708337e+05
5.841726138123150003e-01 6.692794912495848257e+05
5.865093042675643131e-01 7.132390390103345271e+05
5.888553414846344758e-01 7.282995579211668810e+05
5.912107628505729462e-01 7.723472823396294843e+05
5.935756059019753339e-01 8.569640969443444628e+05
5.959499083255832552e-01 9.118642280745587777e+05
5.983337079588855190e-01 9.807443396388492547e+05
6.007270427907210886e-01 1.062072556069231359e+06
6.031299509618840426e-01 1.157139735695002833e+06
6.055424707657315331e-01 1.250845432200936135e+06
6.079646406487945187e-01 1.352886747467919951e+06
6.103964992113897203e-01 1.457999971115412423e+06
6.128380852082353503e-01 1.567539788155886112e+06
6.152894375490681744e-01 1.683114618679185631e+06
6.177505952992645710e-01 1.805264025979285128e+06
6.202215976804615893e-01 1.935563785556967137e+06
6.227024840711834486e-01 2.073135946924909484e+06
6.251932940074681477e-01 2.209530793235748075e+06
6.276940671834980723e-01 2.349418274313396309e+06
6.302048434522321552e-01 2.539548660682863556e+06
6.327256628260409244e-01 2.703345585557367187e+06
6.352565654773452142e-01 2.904731270150700584e+06
6.377975917392545435e-01 3.097586500636816025e+06
6.403487821062116003e-01 3.312491662491641939e+06
6.429101772346363930e-01 3.524996850061578210e+06
6.454818179435749537e-01 3.591789535144015681e+06
6.480637452153492628e-01 3.796352574637412094e+06
6.506560001962106154e-01 4.200796896145373583e+06
6.532586241969955410e-01 4.513094918454694562e+06
6.558716586937833881e-01 4.795942560368662700e+06
6.584951453285585732e-01 5.151601854382814839e+06
6.611291259098727169e-01 5.587760049231463112e+06
6.637736424135122215e-01 6.042007767532334663e+06
6.664287369831662922e-01 6.538844266409925185e+06
6.690944519310989547e-01 7.053860669020737521e+06
6.717708297388232941e-01 7.594652661577755585e+06
6.744579130577786907e-01 8.160222146486212499e+06
6.771557447100098326e-01 8.740640014500807971e+06
6.798643676888498355e-01 9.348961108779663220e+06
6.825838251596052508e-01 9.978973972871147096e+06
6.853141604602436265e-01 1.063333103848969936e+07
6.880554171020846210e-01 1.120967062892049551e+07
6.908076387704928933e-01 1.114777795371839963e+07
6.935708693255748791e-01 9.891518314427955076e+06
6.963451528028771209e-01 1.238326700998212770e+07
6.991305334140887062e-01 1.320265701868298650e+07
7.019270555477450380e-01 1.341983657875174843e+07
7.047347637699360456e-01 1.463914505079972744e+07
7.075537028250157290e-01 1.576030876025870629e+07
7.103839176363159202e-01 1.673564148909306154e+07
7.132254533068611568e-01 1.770519186142471060e+07
7.160783551200886610e-01 1.474270797947411239e+07
7.189426685405689854e-01 1.431969700195919722e+07
7.218184392147313222e-01 1.742092439799327031e+07
7.247057129715901436e-01 1.663989253067033738e+07
7.276045358234763949e-01 1.896591247167832404e+07
7.305149539667704639e-01 1.711768120489268377e+07
7.334370137826373703e-01 2.206366166978519037e+07
7.363707618377679509e-01 2.267242976392458379e+07
7.393162448851190449e-01 2.463444176528137922e+07
7.422735098646596752e-01 2.712613007288554683e+07
7.452426039041182282e-01 2.909301439595497027e+07
7.482235743197346300e-01 3.143470520909805223e+07
7.512164686170136330e-01 3.269365068990992755e+07
7.542213344914817652e-01 3.359259686815407872e+07
7.572382198294477229e-01 3.371330988150344044e+07
7.602671727087656484e-01 3.164201543593547121e+07
7.633082413996006288e-01 2.055305326185008883e+07
7.663614743651989691e-01 2.860463316566400230e+06
7.694269202626597970e-01 3.780901967084323987e+06
7.725046279437104424e-01 1.659416540578948893e+07
7.755946464554852593e-01 3.179849180421281606e+07
7.786970250413072225e-01 4.425509432550485432e+07
7.818118131414724115e-01 5.322648491988606751e+07
7.849390603940383793e-01 5.983301133710799366e+07
7.880788166356144098e-01 6.629568884086528420e+07
7.912311319021569922e-01 7.518817228838127851e+07
7.943960564297655180e-01 8.484127462256413698e+07
7.975736406554845281e-01 8.924952609575515985e+07
8.007639352181065151e-01 9.769900301129937172e+07
8.039669909589789443e-01 1.057324149911567569e+08
8.071828589228148276e-01 1.061578020705617368e+08
8.104115903585061842e-01 8.885379390714704990e+07
8.136532367199402760e-01 7.256585502618032694e+07
8.169078496668199518e-01 9.561835166033533216e+07
8.201754810654874328e-01 1.188006309392168969e+08
8.234561829897493190e-01 1.048659229954849780e+08
8.267500077217083687e-01 1.540969511093751490e+08
8.300570077525952772e-01 1.502663340493002832e+08
8.333772357836056743e-01 1.673674120166837275e+08
8.367107447267401188e-01 1.747526051129578352e+08
8.400575877056470908e-01 2.094380420291025937e+08
8.434178180564695371e-01 2.446069690741322935e+08
8.467914893286955236e-01 2.836267669186248779e+08
8.501786552860102208e-01 3.223781706256240010e+08
8.535793699071543283e-01 3.734937346435524821e+08
8.569936873867830540e-01 4.190994006649324298e+08
8.604216621363300899e-01 4.633706496555420756e+08
8.638633487848753623e-01 5.070550864542704225e+08
8.673188021800150027e-01 5.507311108666197062e+08
8.707880773887352044e-01 5.877933091417284012e+08
8.742712296982900755e-01 6.290604328735567331e+08
8.777683146170831563e-01 6.682568906041197777e+08
8.812793878755513788e-01 7.114809830031893253e+08
8.848045054270535781e-01 7.467019971542448997e+08
8.883437234487617795e-01 7.151801589900722504e+08
8.918970983425568155e-01 3.975774690533868074e+08
8.954646867359271623e-01 3.470273525485129952e+08
8.990465454828707736e-01 3.819556387660724521e+08
9.026427316648023558e-01 5.828821980909135342e+08
9.062533025914615292e-01 6.753636919232914448e+08
9.098783158018273198e-01 5.639133912412657738e+08
9.135178290650346478e-01 5.124447687495208383e+08
9.171719003812948134e-01 3.768503277184497714e+08
9.208405879828199803e-01 5.765613735662468672e+08
9.245239503347512100e-01 4.237987656200209856e+08
9.282220461360901620e-01 4.143313950765787065e+07
9.319349343206346781e-01 2.600052831791770086e+07
9.356626740579171431e-01 3.538368399295053631e+07
9.394053247541488405e-01 9.517019366855174303e+07
9.431629460531654185e-01 8.788661924410536885e+07
9.469355978373780180e-01 8.459905039736345410e+07
9.507233402287275092e-01 7.095900357317914069e+07
9.545262335896426142e-01 8.182551176717405021e+07
9.583443385240012491e-01 4.978597292496550083e+07
9.621777158780971950e-01 8.808954973680010438e+07
9.660264267416096562e-01 1.535929801565434039e+08
9.698905324485760371e-01 2.486860588077214062e+08
9.737700945783701600e-01 2.315670990855006874e+08
9.776651749566835914e-01 2.724793741857454181e+08
9.815758356565105203e-01 3.503365737152110338e+08
9.855021389991363012e-01 4.347095073332570791e+08
9.894441475551331022e-01 5.949182199662985802e+08
9.934019241453534432e-01 7.674088229860917330e+08
9.973755318419349480e-01 1.026326562929859042e+09
1.001365033969302543e+00 1.244588076799655437e+09
1.005370494105179757e+00 1.731030621478245258e+09
1.009391976081600362e+00 2.004515272967762709e+09
1.013429543985926884e+00 2.455536775967780590e+09
1.017483262161870350e+00 2.823481690455218792e+09
1.021553195210518128e+00 3.229972121740586758e+09
1.025639407991360219e+00 3.520299067411149502e+09
1.029741965623325539e+00 4.008296723613787174e+09
1.033860933485818867e+00 4.398532639418953896e+09
1.037996377219762012e+00 4.930983497564280510e+09
1.042148362728641198e+00 5.213101764577074051e+09
1.046316956179555557e+00 5.461130140259709358e+09
1.050502224004274066e+00 5.705938774418955803e+09
1.054704232900291139e+00 6.041676375973294258e+09
1.058923049831892227e+00 6.015621372006880760e+09
1.063158742031219628e+00 6.179291779102827072e+09
1.067411376999344741e+00 6.036175624229352951e+09
1.071681022507342096e+00 5.983973251822872162e+09
1.075967746597371377e+00 5.859706258342350006e+09
1.080271617583760779e+00 5.830966756051977158e+09
1.084592704054095913e+00 5.238920199831527710e+09
1.088931074870312044e+00 3.401964212415253162e+09
1.093286799169793433e+00 1.398795678969613075e+09
1.097659946366472461e+00 7.433676485215338469e+08
1.102050586151938294e+00 3.206828263316438794e+08
1.106458788496546219e+00 1.828198502259097993e+08
1.110884623650532532e+00 8.809003239460824430e+07
1.115328162145134749e+00 4.255826520971535146e+07
1.119789474793714934e+00 5.007480634865322709e+07
1.124268632692889902e+00 8.152032366238750517e+07
1.128765707223661430e+00 9.952835970748937130e+07
1.133280770052556230e+00 3.399485058208014071e+07
1.137813893132766374e+00 1.117272533455365300e+08
1.142365148705297484e+00 1.431009937274707854e+08
1.146934609300118479e+00 1.315711021287833452e+08
1.151522347737319096e+00 1.161961660770143867e+08
1.156128437128268516e+00 8.172097071843560040e+07
1.160752950876781542e+00 9.807998871386356652e+07
1.165395962680288999e+00 1.169213416880819499e+08
1.170057546531009907e+00 1.733044225237525702e+08
1.174737776717134086e+00 2.489851932123622894e+08
1.179436727824002773e+00 3.769516715805192590e+08
1.184154474735298557e+00 7.152640054041156769e+08
1.188891092634239977e+00 9.853009999410341978e+08
1.193646657004777012e+00 1.471441008937218428e+09
1.198421243632796118e+00 2.106145864712895632e+09
1.203214928607327261e+00 2.732638201601102829e+09
1.208027788321756724e+00 3.900342608366119862e+09
1.212859899475043468e+00 4.023079062274699688e+09
1.217711339072943710e+00 5.290159310806398392e+09
1.222582184429235275e+00 5.813793094220521927e+09
1.227472513166952384e+00 7.369768112498149872e+09
1.232382403219620226e+00 8.560517419265157700e+09
1.237311932832498407e+00 1.047299843440579033e+10
1.242261180563828615e+00 1.075158222786454391e+10
1.247230225286083849e+00 1.344515858739906693e+10
1.252219146187228072e+00 1.305494392244076347e+10
1.257228022771976983e+00 1.596962261124427032e+10
1.262256934863064783e+00 1.486464146048278236e+10
1.267305962602517155e+00 1.279697426805974388e+10
1.272375186452927354e+00 9.780263348121044159e+09
1.277464687198738957e+00 9.324159507963455200e+09
1.282574545947533950e+00 6.680359973800579071e+09
1.287704844131324133e+00 4.579910077729612350e+09
1.292855663507849417e+00 4.044834381852155209e+09
1.298027086161880783e+00 3.607025418854920387e+09
1.303219194506528344e+00 2.762553891194622517e+09
1.308432071284554521e+00 2.764431461040409565e+09
1.313665799569692760e+00 2.243423185667286396e+09
1.318920462767971591e+00 2.219956360756825447e+09
1.324196144619043336e+00 1.254502631274399519e+09
1.329492929197519491e+00 5.754928747223863602e+08
1.334810900914309650e+00 9.758681840753492713e+07
1.340150144517967101e+00 1.856045309870216623e+07
1.345510745096038852e+00 5.110918697147566825e+06
1.350892788076423212e+00 2.362496808696343563e+06
1.356296359228728932e+00 4.117908402844236698e+05
1.361721544665643879e+00 4.943879272598822718e+05
1.367168430844306393e+00 1.232628842572317226e+06
1.372637104567683730e+00 1.176821850643246202e+06
1.378127652985954299e+00 5.765478656447444111e+06
1.383640163597898098e+00 1.380063778494623257e+06
1.389174724252289828e+00 2.566362633494207636e+06
1.394731423149298877e+00 2.172554029638485517e+06
1.400310348841896202e+00 3.095413461378400214e+06
1.405911590237263642e+00 3.609211437088671606e+06
1.411535236598212784e+00 3.659548981156130787e+06
1.417181377544605603e+00 3.366495153154551983e+06
1.422850103054784210e+00 4.291737526102397591e+06
1.428541503467003038e+00 1.565286778853398934e+07
1.434255669480871243e+00 8.422264211017619818e+06
1.439992692158794885e+00 1.067176086031316780e+07
1.445752662927429988e+00 2.256729814277591556e+07
1.451535673579139596e+00 4.750454922377233952e+07
1.457341816273456159e+00 8.327747356655806303e+07
1.463171183538549913e+00 6.927702644065782428e+07
1.469023868272704147e+00 4.909048131709206849e+07
1.474899963745795128e+00 7.593830561986508965e+07
1.480799563600778246e+00 9.447345448303332925e+07
1.486722761855181485e+00 8.759868597927533090e+07
1.492669652902602007e+00 1.533493897312639356e+08
1.498640331514212276e+00 2.146137306431659460e+08
1.504634892840269300e+00 2.310297181370835304e+08
1.510653432411630304e+00 3.340539649229211211e+08
1.516696046141276843e+00 4.313468896942476630e+08
1.522762830325842032e+00 6.152464747397475243e+08
1.528853881647145307e+00 8.440559333543190956e+08
1.534969297173733649e+00 1.161184123480350494e+09
1.541109174362428780e+00 1.492505559374438763e+09
1.547273611059878373e+00 2.210886087479738235e+09
1.553462705504118135e+00 2.446515173757331371e+09
1.559676556326134556e+00 2.881795878708481312e+09
1.565915262551438980e+00 3.411047220507426739e+09
1.572178923601644795e+00 4.362201252193009377e+09
1.578467639296051495e+00 4.987483094765285492e+09
1.584781509853235626e+00 6.462129888000208855e+09
1.591120635892648405e+00 6.502231649088291168e+09
1.597485118436219098e+00 7.370035567416481018e+09
1.603875058909963958e+00 6.896374469115891457e+09
1.610290559145603595e+00 6.283791771881241798e+09
1.616731721382186127e+00 5.627509878023401260e+09
1.623198648267714761e+00 4.740714146829397202e+09
1.629691442860785600e+00 4.366801604016956329e+09
1.636210208632228769e+00 4.574783955308832169e+09
1.642755049466757766e+00 4.778826109864994049e+09
1.649326069664624805e+00 5.132607035460533142e+09
1.655923373943283039e+00 4.779853587241379738e+09
1.662547067439056336e+00 4.599810305545541763e+09
1.669197255708812611e+00 2.219758252628614902e+09
1.675874044731648027e+00 3.263875853658658504e+09
1.682577540910574321e+00 4.367855104695562363e+09
1.689307851074216771e+00 2.969222901606480598e+09
1.696065082478513508e+00 2.882510276806412697e+09
1.702849342808427480e+00 2.573074267132478714e+09
1.709660740179661298e+00 2.713998911584500790e+09
1.716499383140379864e+00 2.076650973502101898e+09
1.723365380672941427e+00 1.829606136361758232e+09
1.730258842195633306e+00 1.455205935050201893e+09
1.737179877564415831e+00 1.168488727331908226e+09
1.744128597074673603e+00 8.468047381436843872e+08
1.751105111462972097e+00 7.151438939771330357e+08
1.758109531908824241e+00 5.107283106004364491e+08
1.765141970036459451e+00 3.263491506075986028e+08
1.772202537916605314e+00 1.994263525315314233e+08
1.779291348068271716e+00 1.365253971300732791e+08
1.786408513460544745e+00 9.581549905074274540e+07
1.793554147514387020e+00 3.597298449903666973e+07
1.800728364104444257e+00 5.751062222147392482e+07
1.807931277560862249e+00 1.973601069323642179e+07
1.815163002671105641e+00 2.598960014632259682e+07
1.822423654681789795e+00 3.081109489944871143e+07
1.829713349300517100e+00 7.243225112317969091e+06
1.837032202697718830e+00 5.619790682928510942e+06
1.844380331508509885e+00 2.021841508918744326e+07
1.851757852834543527e+00 1.853563332757033035e+07
1.859164884245881888e+00 1.198623414159755968e+07
1.866601543782865358e+00 4.371626601795209572e+06
1.874067949957996859e+00 4.156238320515206549e+06
1.881564221757828781e+00 4.921779704609245807e+07
1.889090478644860127e+00 3.407825536437086016e+07
1.896646840559439662e+00 6.575622739354302734e+07
1.904233427921677269e+00 2.223372582457182184e+07
1.911850361633363971e+00 2.330350024411876500e+07
1.919497763079897279e+00 3.324652389881623909e+07
1.927175754132217200e+00 1.881838116106807813e+07
1.934884457148745796e+00 1.494040575692841411e+07
1.942623994977340729e+00 2.335597208633244783e+07
1.950394490957250149e+00 3.638724024833168834e+07
1.958196068921079336e+00 3.729957818398088217e+07
1.966028853196763793e+00 8.283387847773231566e+07
1.973892968609550991e+00 9.332185438798381388e+07
1.981788540483989447e+00 1.410955063881630898e+08
1.989715694645925126e+00 1.835574757100902498e+08
1.997674557424508723e+00 2.899826778474230170e+08
2.005665255654207169e+00 3.234062777324577570e+08
2.013687916676823786e+00 4.398955593747421503e+08
2.021742668343530891e+00 5.553055736320811510e+08
2.029829639016905052e+00 5.677645612318716049e+08
2.037948957572972564e+00 8.073683097957977057e+08
2.046100753403264694e+00 1.026194473114542007e+09
2.054285156416877811e+00 1.050185976162185788e+09
2.062502297042545507e+00 1.264417763700027704e+09
2.070752306230715600e+00 1.362601336595691204e+09
2.079035315455638244e+00 1.308842311761080503e+09
2.087351456717461140e+00 1.482033176559552670e+09
2.095700862544330967e+00 1.498063462462110281e+09
2.104083665994508134e+00 1.500876295455406904e+09
2.112500000658485977e+00 1.559999896273217440e+09
2.120950000661120161e+00 1.506129702862079620e+09
2.129433800663764753e+00 1.556206713337645531e+09
2.137951535866419839e+00 1.504706996418555021e+09
2.146503342009885351e+00 1.466318013600770950e+09
2.155089355377924676e+00 1.309624666181305408e+09
2.163709712799436691e+00 1.212097961599286318e+09
2.172364551650634468e+00 1.150034724743434429e+09
2.181054009857236853e+00 1.016904506142367125e+09
2.189778225896665376e+00 9.148465891996798515e+08
2.198537338800252705e+00 5.076787591380302310e+08
2.207331488155453325e+00 4.844263593660529256e+08
2.216160814108075083e+00 6.048526511810691357e+08
2.225025457364507631e+00 5.278890028903553486e+08
2.233925559193965515e+00 4.840783300832568407e+08
2.242861261430741493e+00 3.797804049982839823e+08
2.251832706476463830e+00 3.355763405734624863e+08
2.260840037302370042e+00 2.815879880053229332e+08
2.269883397451579299e+00 2.922064974488843679e+08
2.278962931041386142e+00 2.925273661652233601e+08
2.288078782765551100e+00 2.705844369357280731e+08
2.297231097896613505e+00 2.288967572365553677e+08
2.306420022288200311e+00 3.078015373429458737e+08
2.315645702377353121e+00 2.148304869758971930e+08
2.324908285186861878e+00 1.506693134325920641e+08
2.334207918327609654e+00 1.691980440099522769e+08
2.343544750000919663e+00 1.515138309133330286e+08
2.352918929000923143e+00 1.829979730183738470e+08
2.362330604716927240e+00 2.421804921882862747e+08
2.371779927135795329e+00 1.187712998588807434e+08
2.381267046844337987e+00 1.780737865577228367e+08
2.390792115031715070e+00 2.263857287741066515e+08
2.400355283491842240e+00 2.982502826085087061e+08
2.409956704625809465e+00 2.895209188326704502e+08
2.419596531444312859e+00 2.671824077862966359e+08
2.429274917570089620e+00 3.539737840011649728e+08
2.438992017240370291e+00 3.203107396398935318e+08
2.448747985309331465e+00 1.945907144456388652e+08
2.458542977250568917e+00 3.016847109911566377e+08
2.468377149159570738e+00 2.313636108403787315e+08
2.478250657756209563e+00 1.247575774575958103e+08
2.488163660387234355e+00 1.150076936194684058e+08
2.498116315028783063e+00 7.431400424667137861e+07
2.508108780288898387e+00 4.060407886963814497e+07
2.518141215410053757e+00 2.467903942005283013e+07
2.528213780271693967e+00 1.010973883295605518e+07
2.538326635392781139e+00 1.091328332135331072e+07
2.548479941934351789e+00 4.262347897065456957e+06
2.558673861702089436e+00 9.732568488229585811e+06
2.568908557148898097e+00 2.867500030256788246e+06
2.579184191377493551e+00 2.787687995341203175e+06
2.589500928143003478e+00 1.567851415272104321e+06
2.599858931855575594e+00 3.049378627309405711e+06
2.610258367582998229e+00 2.933896884468593169e+06
2.620699401053329769e+00 6.243332232278707437e+06
2.631182198657543214e+00 6.699907101902822033e+06
2.641706927452173392e+00 3.112925781276971102e+07
2.652273755161981938e+00 1.913589706903645769e+07
2.662882850182629824e+00 2.229044645464697387e+06
2.673534381583360542e+00 5.636188906363365240e+05
2.684228519109693956e+00 1.692158898718404816e+06
2.694965433186132575e+00 4.826615592506031506e+06
2.705745294918877164e+00 5.031486577849219553e+06
2.716568276098552559e+00 5.610059029345329851e+06
2.727434549202946812e+00 1.457739401680226810e+07
2.738344287399758326e+00 3.653073618991662748e+06
2.749297664549357201e+00 1.243524817388056219e+07
2.760294855207554576e+00 4.129140932221002877e+06
2.771336034628385292e+00 5.737178447267008014e+06
2.782421378766898545e+00 3.932113671393728815e+06
2.793551064281966312e+00 1.208956357811467536e+07
2.804725268539093985e+00 7.488992739163714461e+06
2.815944169613250558e+00 1.645379331743517332e+07
2.827207946291703244e+00 3.466428148237124830e+07
2.838516778076869862e+00 1.714982511514956132e+07
2.849870845189177437e+00 3.027305782455747947e+07
2.861270328569933685e+00 4.242265414072663337e+07
2.872715409884213589e+00 4.987896302417633682e+07
2.884206271523750420e+00 5.677467186729504168e+07
2.895743096609845413e+00 8.753511267895308137e+07
2.907326068996284985e+00 7.196160539956474304e+07
2.918955373272270393e+00 9.769034825064203143e+07
2.930631194765359826e+00 1.902292162609213591e+08
2.942353719544420709e+00 1.475748488488696814e+08
2.954123134422598440e+00 1.614983312349238098e+08
2.965939626960289122e+00 1.755584128974989057e+08
2.977803385468130504e+00 1.656692750197340250e+08
2.989714599010003138e+00 2.790641411095374823e+08
3.001673457406043077e+00 9.497660543452833593e+07
3.013680151235667015e+00 2.675284956597277522e+08
3.025734871840609408e+00 3.658901788612920046e+08
3.037837811327972037e+00 3.460298963385014534e+08
3.049989162573283785e+00 1.967557929318709075e+08
3.062189119223576395e+00 4.787195515853419304e+08
3.074437875700470890e+00 4.654016288449892998e+08
3.086735627203272880e+00 4.587758315839071274e+08
3.099082569712085622e+00 4.449199319260266423e+08
3.111478899990933744e+00 3.685809836616500020e+08
3.123924815590897186e+00 5.871426624340063334e+08
3.136420514853261121e+00 4.131691195540689230e+08
3.148966196912674320e+00 3.602360492212333083e+08
3.161562061700325277e+00 3.432709182513366342e+08
3.174208309947126327e+00 3.023984407878638506e+08
3.186905143186915090e+00 2.211247659524760246e+08
3.199652763759662566e+00 1.336410149721210748e+08
3.212451374814701222e+00 1.396020400251816511e+08
3.225301180313960625e+00 1.555450196315853298e+08
3.238202385035215958e+00 2.468984135407115221e+08
3.251155194575356955e+00 2.879664359770750403e+08
3.264159815353658622e+00 2.740417841939003468e+08
3.277216454615073271e+00 3.930702599071880579e+08
3.290325320433533207e+00 5.514790872418757677e+08
3.303486621715267635e+00 3.435931017409257889e+08
3.316700568202128441e+00 2.742589461284316704e+07
3.329967370474937294e+00 5.018681185538230836e+07
3.343287239956836743e+00 2.043876328453996778e+08
3.356660388916663962e+00 3.051506197622187734e+08
3.370087030472330714e+00 4.042639525104264617e+08
3.383567378594220187e+00 3.428646709731613398e+08
3.397101648108596716e+00 3.590969970616277456e+08
3.410690054701031482e+00 2.977120688197429776e+08
3.424332814919834878e+00 4.291511188934749365e+08
3.438030146179514634e+00 4.075255679862195849e+08
3.451782266764232610e+00 4.438137413053948879e+08
3.465589395831289998e+00 5.560726578830379248e+08
3.479451753414614767e+00 5.504216082814158201e+08
3.493369560428273068e+00 6.506829289230767488e+08
3.507343038669985980e+00 9.572573777976614237e+08
3.521372410824665788e+00 9.668003690081679821e+08
3.535457900467964709e+00 9.160627850043779612e+08
3.549599732069836477e+00 1.103238550419008970e+09
3.563798130998116154e+00 1.295194918925426006e+09
3.578053323522108364e+00 1.446586026556813002e+09
3.592365536816196858e+00 1.619696331123697281e+09
3.606734998963461614e+00 1.519711930510213137e+09
3.621161938959315041e+00 1.873598969633215189e+09
3.635646586715152839e+00 2.307885866385889530e+09
3.650189173062013293e+00 2.446142474491549969e+09
3.664789929754260545e+00 2.571101667017122269e+09
3.679449089473277645e+00 2.839973105996269226e+09
3.694166885831170699e+00 2.968613776989721775e+09
3.708943553374495661e+00 3.154896966298019886e+09
3.723779327587993571e+00 3.215893635017760754e+09
3.738674444898345328e+00 3.598015164057232857e+09
3.753629142677938901e+00 4.117016924800180435e+09
3.768643659248651190e+00 3.992001973339501858e+09
3.783718233885645432e+00 3.755758851840978622e+09
3.798853106821188153e+00 4.225400090825675011e+09
3.814048519248473657e+00 4.690588716356518745e+09
3.829304713325467180e+00 5.195164745061384201e+09
3.844621932178768908e+00 4.613926392321529388e+09
3.860000419907484215e+00 5.053239817121714592e+09
3.875440421587113882e+00 5.195971476285164833e+09
3.890942183273462529e+00 5.035110055158571243e+09
3.906505952006555926e+00 5.253721357155584335e+09
3.922131975814582727e+00 5.590807530897727966e+09
3.937820503717840648e+00 5.581872712879457474e+09
3.953571785732711508e+00 5.031132424021743774e+09
3.969386072875642490e+00 5.168068379953154564e+09
3.985263617167145167e+00 4.660819796524375916e+09
4.001204671635814059e+00 3.962205272848820686e+09
4.017209490322357190e+00 3.901353642742006779e+09
4.033278328283646630e+00 3.182157433205947876e+09
4.049411441596781458e+00 2.620798287066288471e+09
4.065609087363168506e+00 2.189979445291391373e+09
4.081871523712622185e+00 1.666756294233342409e+09
4.098199009807472315e+00 1.656741407647807837e+09
4.114591805846702144e+00 1.454762615965327740e+09
4.131050173070089038e+00 1.110468363993500948e+09
4.147574373762369149e+00 1.330096482829191208e+09
4.164164671257418959e+00 1.157670213465647221e+09
4.180821329942449260e+00 1.063806209648292542e+09
4.197544615262219558e+00 1.448903453074416637e+09
4.214334793723269357e+00 1.399696347686809301e+09
4.231192132898162761e+00 1.626473367690499067e+09
4.248116901429755288e+00 1.405205695145044565e+09
4.265109369035473996e+00 1.920081732637563944e+09
4.282169806511615384e+00 9.753392762946366072e+08
4.299298485737661935e+00 2.098938860765739381e+08
4.316495679680612874e+00 2.369598221557354033e+08
4.333761662399335357e+00 7.240295742533072233e+08
4.351096709048932532e+00 9.900408910633990765e+08
4.368501095885127583e+00 1.247982022760357618e+09
4.385975100268668214e+00 1.073062852035074830e+09
4.403519000669743555e+00 8.673686582800599337e+08
4.421133076672422391e+00 7.810255597028713226e+08
4.438817608979111817e+00 4.741249153422616124e+08
4.456572879415028332e+00 4.623218427636764646e+08
4.474399170932688463e+00 3.006385704048726559e+08
4.492296767616419828e+00 2.644502755224101841e+08
4.510265954686884626e+00 2.068270881614898741e+08
4.528307018505633330e+00 1.451297312606033087e+08
4.546420246579655711e+00 1.138444156990679950e+08
4.564605927565974497e+00 9.829737245033799112e+07
4.582864351276237258e+00 9.699950272944189608e+07
4.601195808681342925e+00 8.595061262683631480e+07
4.619600591916067422e+00 1.064230013950434476e+08
4.638078994283731937e+00 1.477949696422275007e+08
4.656631310260867629e+00 2.751822782738480568e+08
4.675257835501911430e+00 2.188699294718460441e+08
4.693958866843916944e+00 1.845622842276137173e+08
4.712734702311292878e+00 1.479759613150045574e+08
4.731585641120538810e+00 1.137558095278145969e+08
4.750511983685020923e+00 1.427453517473921180e+08
4.769514031619761063e+00 1.490398492928099632e+08
4.788592087746240011e+00 1.410358509077145755e+08
4.807746456097224730e+00 2.138731643327043355e+08
4.826977441921613377e+00 2.584071593736956120e+08
4.846285351689299858e+00 1.906712123129971027e+08
4.865670493096057925e+00 3.630462874998219609e+08
4.885133175068442135e+00 3.816408749270858765e+08
4.904673707768715474e+00 3.522095857067807913e+08
4.924292402599791174e+00 4.308375424055725932e+08
4.943989572210189642e+00 4.038980529288343191e+08
4.963765530499030021e+00 3.654939833949635625e+08
4.983620592621027079e+00 5.748278145611958504e+08
5.003555074991511198e+00 6.597009571982771158e+08
5.023569295291476777e+00 2.915274792099518776e+08
5.043663572472643075e+00 7.674128935043160915e+08
5.063838226762532813e+00 8.849116762310318947e+08
5.084093579669583640e+00 4.744827781540945768e+08
5.104429953988261381e+00 6.015032640600751638e+08
5.124847673804215020e+00 7.125340112143011093e+08
5.145347064499431688e+00 2.224407804610542655e+08
5.165928452757428957e+00 4.510221275563050508e+08
5.186592166568458673e+00 7.104875844074788094e+08
5.207338535234733001e+00 1.517581887658596933e+08
5.228167889375671784e+00 3.641094026330041289e+08
5.249080560933174766e+00 4.229131172178751826e+08
5.270076883176907145e+00 4.105244860002102852e+08
5.291157190709615321e+00 2.897241562088466287e+08
5.312321819472453299e+00 4.589831705589763522e+08
5.333571106750343738e+00 5.466317252067840099e+08
5.354905391177344320e+00 1.210591413617093861e+08
5.376325012742054099e+00 2.559106703450703323e+08
5.397830312793021612e+00 3.829124234054107666e+08
5.419421634044193858e+00 7.268054729929085076e+07
5.441099320580370602e+00 2.323316583585686088e+08
5.462863717862692425e+00 1.282910360732085854e+08
5.484715172734142996e+00 1.861258744753333926e+08
5.506654033425078865e+00 2.501463629107018709e+08
5.528680649558780580e+00 1.479286078971507549e+08
5.550795372157015350e+00 1.167382876406404972e+08
5.572998553645643227e+00 7.534119476514029503e+07
5.595290547860225949e+00 1.383732956625895500e+08
5.617671710051667766e+00 1.266684794176004082e+08
5.640142396891874021e+00 6.653469579187634587e+07
5.662702966479441713e+00 1.241713729525622725e+08
5.685353778345359821e+00 8.698790397914840281e+07
5.708095193458740724e+00 8.281496370631377399e+07
5.730927574232576482e+00 6.112923222839724272e+07
5.753851284529505783e+00 6.094238140311798453e+07
5.776866689667624399e+00 7.005138842667727172e+07
5.799974156426294769e+00 1.458858371828889549e+08
5.823174053051999977e+00 4.138822164471594244e+07
5.846466749264207508e+00 1.018238911595574617e+08
5.869852616261264977e+00 3.842501661764185876e+07
5.893332026726310069e+00 3.565236976596546173e+07
5.916905354833215114e+00 9.147690720932215452e+07
5.940572976252548543e+00 3.524625145201173425e+07
5.964335268157558545e+00 7.913481357196000218e+07
5.988192609230189589e+00 6.583608831065485626e+07
6.012145379667110490e+00 1.103624702647419870e+08
6.036193961185778889e+00 9.545235700803084671e+07
6.060338737030522616e+00 3.543063590194453299e+07
6.084580091978644134e+00 9.942884952740609646e+07
6.108918412346558746e+00 5.810910495021349192e+07
6.133354085995945226e+00 1.178674489923425019e+08
6.157887502339929320e+00 6.915420810561317205e+07
6.182519052349287669e+00 7.726555784996449947e+07
6.207249128558685491e+00 1.631162421933386028e+08
6.232078125072920471e+00 1.974953758560439944e+08
6.257006437573212843e+00 2.961076150881840587e+08
6.282034463323505236e+00 2.252949857155938745e+08
6.307162601176800720e+00 3.782346656073388457e+08
6.332391251581507063e+00 1.774426849780810475e+08
6.357720816587833390e+00 1.008737183546906114e+08
6.383151699854184180e+00 8.950285986875227094e+07
6.408684306653601226e+00 4.155549198746974766e+07
6.434319043880215361e+00 5.702880923614816368e+07
6.460056320055736379e+00 7.256489422128477693e+07
6.485896545335958052e+00 2.311244720439823717e+07
6.511840131517302233e+00 4.616536680320084095e+07
6.537887492043371829e+00 6.925592070748268068e+07
6.564039042011545533e+00 3.398485512702453136e+07
6.590295198179591196e+00 3.793988997060740739e+07
6.616656378972309405e+00 5.046274376599650085e+07
6.643123004488199257e+00 4.615885004288508743e+07
6.669695496506150789e+00 5.799753038222663105e+07
6.696374278492176479e+00 9.749897446505557001e+07
6.723159775606144528e+00 6.644038093911971897e+07
6.750052414708568094e+00 1.517170821238682568e+08
6.777052624367403411e+00 6.850620253462091088e+07
6.804160834864871887e+00 9.800441403015014529e+07
6.831377478204331055e+00 9.868299046173286438e+07
6.858702988117148180e+00 4.305000957856886834e+07
6.886137800069615622e+00 1.239003697858529985e+08
6.913682351269895499e+00 1.430993541353505552e+08
6.941337080674975013e+00 1.958932963464329541e+08
6.969102428997675069e+00 8.254942813624212146e+07
6.996978838713665994e+00 1.223835364039681852e+08
7.024966754068519670e+00 1.313348060487396866e+08
7.053066621084793653e+00 7.043115706502750516e+07
7.081278887569133929e+00 1.719950132129310966e+08
7.109604003119409654e+00 1.504612138070318401e+08
7.138042419131887861e+00 1.448048962362733781e+08
7.166594588808414379e+00 8.717448898503294587e+07
7.195260967163648047e+00 1.302602523600315303e+08
7.224042011032302923e+00 1.592491275737713575e+08
7.252938179076432235e+00 1.535819214044381082e+08
7.281949931792737196e+00 9.990366352679449320e+07
7.311077731519908696e+00 1.498726299064106941e+08
7.340322042445988515e+00 8.746049336896622181e+07
7.369683330615771411e+00 1.233099367812684774e+08
7.399162063938235612e+00 1.590939812080564499e+08
7.428758712193988423e+00 1.588213928034054339e+08
7.458473747042765112e+00 9.216084735528948903e+07
7.488307642030935796e+00 1.234939882362816036e+08
7.518260872599060285e+00 1.989915621105429828e+08
7.548333916089456253e+00 1.879830907740000486e+08
7.578527251753813587e+00 1.407409300086241663e+08
7.608841360760829176e+00 1.251109968592465222e+08
7.639276726203872769e+00 2.449883516100469530e+08
7.669833833108687493e+00 6.988414409918470681e+07
7.700513168441122325e+00 1.246400669397674054e+08
7.731315221114887670e+00 1.405637027131727934e+08
7.762240481999347352e+00 1.171331025752921253e+08
7.793289443927344351e+00 2.002598487161282599e+08
7.824462601703054077e+00 2.131513235729296207e+08
7.855760452109866065e+00 1.833730275255471170e+08
7.887183493918306532e+00 1.277638374367927462e+08
7.918732227893980458e+00 1.852650482126460671e+08
7.950407156805555431e+00 2.113656501234336495e+08
7.982208785432777454e+00 3.098155727272074819e+08
8.014137620574508958e+00 2.311730948854610920e+08
8.046194171056805899e+00 1.941072746447308660e+08
8.078378947741034821e+00 2.491375960957026482e+08
8.110692463531997021e+00 3.510214550444946289e+08
8.143135233386125549e+00 2.714257789179246426e+08
8.175707774319670662e+00 2.378099443890038431e+08
8.208410605416949224e+00 2.524864792782500684e+08
8.241244247838615422e+00 2.555163392260631919e+08
8.274209224829968790e+00 3.301340014405548573e+08
8.307306061729288871e+00 3.873591002481853962e+08
8.340535285976207192e+00 3.167552458685964346e+08
8.373897427120111203e+00 2.990043066121433973e+08
8.407393016828594412e+00 3.877458511583380103e+08
8.441022588895906509e+00 3.658322567412604094e+08
8.474786679251490540e+00 4.034811453560449481e+08
8.508685825968495209e+00 2.636579594930765331e+08
8.542720569272368891e+00 4.020179666066846848e+08
8.576891451549458978e+00 4.193145738641631603e+08
8.611199017355655627e+00 4.113736175044855475e+08
8.645643813425078150e+00 3.264401006024767756e+08
8.680226388678779159e+00 3.430558820040854216e+08
8.714947294233493125e+00 4.329873243632088900e+08
8.749807083410427566e+00 3.608587871015328169e+08
8.784806311744070229e+00 2.952335372681049705e+08
8.819945536991047774e+00 3.213028019981348515e+08
8.855225319139009343e+00 4.295782447797775269e+08
8.890646220415566958e+00 3.874078284211652875e+08
8.926208805297228821e+00 2.307554522138203681e+08
8.961913640518417878e+00 2.464457093227579892e+08
8.997761295080492161e+00 3.373522977310307622e+08
9.033752340260813085e+00 3.478707380527121425e+08
9.069887349621856387e+00 3.209221145763187408e+08
9.106166899020346150e+00 3.531769727777428627e+08
9.142591566616424359e+00 3.295442526342248917e+08
9.179161932882891506e+00 3.321081516672786474e+08
9.215878580614422333e+00 2.808892310844748616e+08
9.252742094936881045e+00 3.719415689292396903e+08
9.289753063316627646e+00 2.702608356851406693e+08
9.326912075569895322e+00 2.740290634723486304e+08
9.364219723872173162e+00 2.970568548771494031e+08
9.401676602767663482e+00 3.000022049275046587e+08
9.439283309178733816e+00 2.861046683776898980e+08
9.477040442415447075e+00 2.694893193776893020e+08
9.514948604185111236e+00 2.721087580169535279e+08
9.553008398601852136e+00 2.869763032839687467e+08
9.591220432196260859e+00 3.430896773704684973e+08
9.629585313925044687e+00 3.025173880402262211e+08
9.668103655180747324e+00 2.660974381748896837e+08
9.706776069801470896e+00 2.714848055360488296e+08
9.745603174080676112e+00 3.230338415315185785e+08
9.784585586776998412e+00 3.860578515072552562e+08
9.823723929124106746e+00 3.165575387950382829e+08
9.863018824840601440e+00 3.051633722863331437e+08
9.902470900139965337e+00 2.679250187166064978e+08
9.942080783740523842e+00 3.471011659511921406e+08
9.981849106875488431e+00 4.010908184122861028e+08
1.002177650330298952e+01 3.776543887936013937e+08
1.006186360931619994e+01 2.344924589308912456e+08
1.010211106375346723e+01 2.498797947807911336e+08
1.014251950800847979e+01 3.189900702635366321e+08
1.018308958604051284e+01 3.460675171609862447e+08
1.022382194438467451e+01 3.473927999825994968e+08
1.026471723216221399e+01 3.027029900669507980e+08
1.030577610109086173e+01 2.653812726027845442e+08
1.034699920549522467e+01 6.669400328231912851e+07
1.038838720231720458e+01 8.061027462129202485e+07
1.042994075112647501e+01 1.393839511394484341e+08
1.047166051413097954e+01 1.737393793021647036e+08
1.051354715618750468e+01 1.694125007555851638e+08
1.055560134481225454e+01 2.130313837843257785e+08
1.059782375019150358e+01 2.346497433817664087e+08
1.064021504519226902e+01 2.095434748761800826e+08
1.068277590537303823e+01 1.584058534985021651e+08
1.072550700899452991e+01 7.417243597029738128e+07
1.076840903703050856e+01 8.511875710550799966e+07
1.081148267317863088e+01 1.436906625352770090e+08
1.085472860387134553e+01 1.824773198729157448e+08
1.089814751828683015e+01 2.105367749505335093e+08
1.094174010835997635e+01 1.932486088402899802e+08
1.098550706879341909e+01 1.747080201515718699e+08
1.102944909706859100e+01 1.768049178638381958e+08
1.107356689345686540e+01 2.641956494056712687e+08
1.111786116103069233e+01 2.652320568833978474e+08
1.116233260567481622e+01 2.841501591342856288e+08
1.120698193609751492e+01 2.401880078056713343e+08
1.125180986384190440e+01 1.652048901700664461e+08
1.129681710329727373e+01 2.687690476000835299e+08
1.134200437171046083e+01 2.683543425802644193e+08
1.138737238919730466e+01 2.432187216872386634e+08
1.143292187875409383e+01 2.913080368994610906e+08
1.147865356626910938e+01 2.235425399869191349e+08
1.152456818053418530e+01 1.826880333165895939e+08
1.157066645325632237e+01 2.209081719653415382e+08
1.161694911906934635e+01 2.401492994389588833e+08
1.166341691554562487e+01 2.138470314879448116e+08
1.171007058320780736e+01 1.158922110303769112e+08
1.175691086554063958e+01 1.632198814354260862e+08
1.180393850900279951e+01 1.717165446431777775e+08
1.185115426303881137e+01 2.249934401547946930e+08
1.189855888009096674e+01 1.955131224687138200e+08
1.194615311561133097e+01 2.071931590525617898e+08
1.199393772807377623e+01 1.512796415508573353e+08
1.204191347898607134e+01 2.030536433574413061e+08
1.209008113290201614e+01 1.201634624952891320e+08
1.213844145743362368e+01 2.143545611462986767e+08
1.218699522326335938e+01 2.398773246004602611e+08
1.223574320415641381e+01 1.636880140191864669e+08
1.228468617697303777e+01 1.313867708531996757e+08
1.233382492168093059e+01 1.921718560483306646e+08
1.238316022136765504e+01 1.054957230684834868e+08
1.243269286225312520e+01 1.410916084692392945e+08
1.248242363370213859e+01 1.743284726385879815e+08
1.253235332823694748e+01 1.060564281981050968e+08
1.258248274154989410e+01 1.092559162994031161e+08
1.263281267251609385e+01 1.720263355198346078e+08
1.268334392320615756e+01 1.434910071848064959e+08
1.273407729889898299e+01 1.205547596815480739e+08
1.278501360809457665e+01 1.755599219011207223e+08
1.283615366252695544e+01 1.240000955031750053e+08
1.288749827717706253e+01 1.214642436061649173e+08
1.293904827028577031e+01 1.577331982715485096e+08
1.299080446336691352e+01 1.389200021238492131e+08
1.304276768122038099e+01 1.111901074449120909e+08
1.309493875194526424e+01 1.582102499157243371e+08
1.314731850695304693e+01 1.275465893607190996e+08
1.319990778098085649e+01 1.446133217487611473e+08
1.325270741210477965e+01 1.032624142626475394e+08
1.330571824175319939e+01 1.140465417520242929e+08
1.335894111472021173e+01 1.207959311571797878e+08
1.341237687917909227e+01 9.270072712908789515e+07
1.346602638669580898e+01 9.266911480843858421e+07
1.351989049224258999e+01 1.235358200490765572e+08
1.357397005421156067e+01 1.296626435625943094e+08
1.362826593442840917e+01 1.240131031434193999e+08
1.368277899816612297e+01 1.135546767703006417e+08
1.373751011415878942e+01 1.042710348608982861e+08
1.379246015461542463e+01 1.265697918216180652e+08
1.384762999523388416e+01 1.173180933830421418e+08
1.390302051521481808e+01 1.225735673825122416e+08
1.395863259727567751e+01 1.223145610886772573e+08
1.401446712766477987e+01 7.422900921171514690e+07
1.407052499617543972e+01 1.106977010232588500e+08
1.412680709616014063e+01 9.799512119354163110e+07
1.418331432454478147e+01 7.546625916336949170e+07
1.424004758184296193e+01 1.001474476223133653e+08
1.429700777217033369e+01 1.055611951706221104e+08
1.435419580325901379e+01 7.430751394541577995e+07
1.441161258647204946e+01 7.755235161230398715e+07
1.446925903681793812e+01 7.598206438414148986e+07
1.452713607296521126e+01 6.291672667714263499e+07
1.458524461725707155e+01 1.076537871125687510e+08
1.464358559572609764e+01 1.106840414632513672e+08
1.470215993810900557e+01 1.009152934252980500e+08
1.476096857786143879e+01 1.013994762650893033e+08
1.482001245217288599e+01 9.956137264981350303e+07
1.487929250198157760e+01 7.411559199652744830e+07
1.493880967198950316e+01 7.101737340338629484e+07
1.499856491067746056e+01 9.419847999986743927e+07
1.505855917032016933e+01 8.814266033768792450e+07
1.511879340700144958e+01 9.243001467671839893e+07
1.517926858062945605e+01 6.993793263684430718e+07
1.523998565495197433e+01 1.019367977724896073e+08
1.530094559757178274e+01 9.260768025231747329e+07
1.536214937996206764e+01 7.339854971448205411e+07
1.542359797748191674e+01 8.534907232971844077e+07
1.548529236939184450e+01 7.463682038166843355e+07
1.554723353886941339e+01 6.081080053550026566e+07
1.560942247302489072e+01 5.931531811839643866e+07
1.567186016291699069e+01 5.962922673756831884e+07
1.573454760356865556e+01 5.055568356243404746e+07
1.579748579398293096e+01 5.188484546830365062e+07
1.586067573715886247e+01 6.620818858388527483e+07
1.592411844010749888e+01 6.391945945851690322e+07
1.598781491386792730e+01 4.412547051157293469e+07
1.605176617352340074e+01 6.782924606276661158e+07
1.611597323821749228e+01 5.417055125354235619e+07
1.618043713117036120e+01 6.464445446540235728e+07
1.624515887969504391e+01 4.853133667149174213e+07
1.631013951521382310e+01 6.041539803112153709e+07
1.637538007327468037e+01 6.875167400454635918e+07
1.644088159356778078e+01 6.670303406374505907e+07
1.650664511994205341e+01 6.049722688990603387e+07
1.657267170042182158e+01 5.551751441761159152e+07
1.663896238722350418e+01 4.312901412510949373e+07
1.670551823677240222e+01 5.074317913102947921e+07
1.677234030971949608e+01 5.918117658569997549e+07
1.683942967095837062e+01 4.962193334549568594e+07
1.690678738964220429e+01 3.502731060860958695e+07
1.697441453920077237e+01 5.354461485437186807e+07
1.704231219735757108e+01 5.892798140735890716e+07
1.711048144614700561e+01 3.793899444151183218e+07
1.717892337193159236e+01 4.424619071189937741e+07
1.724763906541932101e+01 4.019119790425692499e+07
1.731662962168099895e+01 4.589659363169831038e+07
1.738589614016772344e+01 3.477895508985511214e+07
1.745543972472839300e+01 4.981337319797783345e+07
1.752526148362730751e+01 3.794183894984544069e+07
1.759536252956181812e+01 3.577378201758927852e+07
1.766574397968006238e+01 4.591016252364265919e+07
1.773640695559878466e+01 3.925203083371520787e+07
1.780735258342117433e+01 4.944364888174314797e+07
1.787858199375486024e+01 5.001025487168282270e+07
1.795009632172988034e+01 3.885391815087487549e+07
1.802189670701679702e+01 4.167360533051207662e+07
1.809398429384486562e+01 4.347976485018968582e+07
1.816636023102024211e+01 2.958935439047813416e+07
1.823902567194432578e+01 3.314986952139798924e+07
1.831198177463210186e+01 2.828998151203935593e+07
1.838522970173062987e+01 3.933154458154605329e+07
1.845877062053754969e+01 4.090922743310121447e+07
1.853260570301970134e+01 3.473507974033521116e+07
1.860673612583178027e+01 3.117310204498180747e+07
1.868116307033510637e+01 3.144892350931374729e+07
1.875588772261644976e+01 3.487273602648237348e+07
1.883091127350691352e+01 4.607892430636464804e+07
1.890623491860094063e+01 3.809751225580743700e+07
1.898185985827534594e+01 2.561240306742974743e+07
1.905778729770844748e+01 3.202932375139807910e+07
1.913401844689928311e+01 3.622476693049282581e+07
1.921055452068688041e+01 2.753425062109357119e+07
1.928739673876962968e+01 2.177271670210137963e+07
1.936454632572470658e+01 2.193567396858249232e+07
1.944200451102760141e+01 2.220894423066368699e+07
1.951977252907171589e+01 2.961758690569352731e+07
1.959785161918800256e+01 2.414646117939193174e+07
1.967624302566475691e+01 2.712005347772731632e+07
1.991079942767366973e+01 2.477632993026780337e+07
2.030901541622714390e+01 2.455287073884051293e+07
2.071519572455168756e+01 2.259879057086196169e+07
2.112949963904272010e+01 1.774816986351927742e+07
2.155208963182357707e+01 1.816421362696391344e+07
2.198313142446004420e+01 1.526200523992583342e+07
2.242279405294924643e+01 1.427635306761616841e+07
2.287124993400822959e+01 1.580648476101968437e+07
2.332867493268839709e+01 1.525277890439196303e+07
2.379524843134216638e+01 9.567130832380358130e+06
2.427115339996900900e+01 1.582161922783494554e+07
2.475657646796839018e+01 1.276678909119302966e+07
2.525170799732775961e+01 7.551968051979976706e+06
2.575674215727431715e+01 1.080481866025829874e+07
2.627187700041980278e+01 9.258246628151180223e+06
2.679731454042819649e+01 6.347510970186658204e+06
2.733326083123676042e+01 9.502250424827985466e+06
2.787992604786149542e+01 6.697598842220851220e+06
2.843752456881871993e+01 4.281705225532576442e+06
2.900627506019509738e+01 6.179374767866937444e+06
2.958640056139899599e+01 5.201095745468411595e+06
3.017812857262697435e+01 5.145260177318240516e+06
3.078169114407952023e+01 3.570608394378604367e+06
3.139732496696110431e+01 5.061186342577358708e+06
3.202527146630033172e+01 4.311384285414217040e+06
3.266577689562632969e+01 3.676175382944296114e+06
3.331909243353885586e+01 2.888419466246153228e+06
3.398547428220963695e+01 3.936682871025466360e+06
3.466518376785383282e+01 2.701953274088371079e+06
3.535848744321090464e+01 2.198998327148317359e+06
3.606565719207512188e+01 1.972815701717601391e+06
3.678697033591662802e+01 2.806331740197569132e+06
3.752270974263496583e+01 2.236777126518236473e+06
3.827316393748766643e+01 2.651339504406321328e+06
3.903862721623740839e+01 1.717177973122917116e+06
3.981939976056215613e+01 1.562079067822440760e+06
4.061578775577340394e+01 1.206445442306250334e+06
4.142810351088887444e+01 1.963963282452344429e+06
4.225666558110664539e+01 1.785775328771094792e+06
4.310179889272878029e+01 1.242332220018856460e+06
4.396383487058335504e+01 9.364913573631907348e+05
4.484311156799503095e+01 9.558666876011010027e+05
4.573997379935492091e+01 1.208140324635519413e+06
4.665477327534202345e+01 8.562722291314987233e+05
4.758786874084886165e+01 8.256789592435882660e+05
4.853962611566583973e+01 8.314944207770528737e+05
4.951041863797915710e+01 6.005684305268508615e+05
5.050062701073873939e+01 7.201493279072460718e+05
5.151063955095351332e+01 6.061600329938519280e+05
5.254085234197258103e+01 7.411205167368998518e+05
5.359166938881203635e+01 6.239176646649936447e+05
5.466350277658827395e+01 5.700929719915018650e+05
5.575677283212004198e+01 4.707605964210014208e+05
5.687190828876244098e+01 4.098134882236018893e+05
5.800934645453768468e+01 3.901503279389819945e+05
5.916953338362844050e+01 3.729905886652328772e+05
6.035292405130100946e+01 3.907336952303526923e+05
6.155998253232701956e+01 4.211863032459850656e+05
6.279118218297357146e+01 3.046115999148435658e+05
6.404700582663303976e+01 2.799625092380227870e+05
6.532794594316570169e+01 2.391757803492273670e+05
6.663450486202900436e+01 1.841773650536432979e+05
6.796719495926959098e+01 2.565763183144620853e+05
6.932653885845499531e+01 2.715509543612491107e+05
7.071306963562409464e+01 1.964666157851032622e+05
7.212733102833657028e+01 1.625722956323609396e+05
7.356987764890331505e+01 1.920113740588928340e+05
7.504127520188137623e+01 1.416768199309277989e+05
7.654210070591901172e+01 1.561098040576261410e+05
7.807294272003738911e+01 1.290297514729570830e+05
7.963440157443814371e+01 1.304639530235958955e+05
8.122708960592690630e+01 1.129201277626697120e+05
8.285163139804545551e+01 9.774816701912652934e+04
8.450866402600635752e+01 1.014960333333133312e+05
8.619883730652648524e+01 1.165466952152024605e+05
8.792281405265701721e+01 1.241728783684410009e+05
8.968127033371015955e+01 8.498339309883469832e+04
9.147489574038435478e+01 8.552121241578442277e+04
9.330439365519204387e+01 7.054141539535483753e+04
9.517048152829590890e+01 5.555569519564758230e+04
9.707389115886181230e+01 6.800438965087625547e+04
9.901536898203904968e+01 4.810790725101619319e+04
