1000.5530765187797 3.40890324704488e-17
1004.5552888248548 4.143556206891928e-59
1008.5735099801544 2.230978864010509e-57
1012.607804020075 4.3611337506043844e-57
1016.6582352361554 1.1405048605893827e-58
1020.7248681770998 1.6144036271655683e-44
1024.8077676498083 2.486431996698729e-47
1028.9069987204075 6.427887201209596e-56
1033.022626715289 1.6722608515423185e-41
1037.1547172221503 4.5787007214477535e-57
1041.3033360910388 3.633059827693098e-54
1045.468549435403 4.944501528563271e-52
1049.6504236331448 2.6852162984937545e-57
1053.8490253276773 1.0843224199651289e-46
1058.064421428988 5.2161069087408106e-55
1062.296679114704 4.026148551894504e-46
1066.5458658311627 2.2468189673919294e-50
1070.8120492944875 1.0107906941457137e-51
1075.0952974916654 3.362227040617497e-42
1079.3956786816323 1.173469668921429e-51
1083.7132613963586 1.3252375720976888e-40
1088.048114441944 2.2499519054545186e-43
1092.4003068997117 1.0595479129192124e-30
1096.7699081273104 1.5434609430610813e-42
1101.15698775982 1.0005296368595035e-43
1105.561615710859 3.6600881504301486e-31
1109.9838621737026 1.4263270277516655e-34
1114.4237976223976 2.8864948867241136e-39
1118.8814928128868 7.703522328657121e-43
1123.3570187841383 2.5697683713608346e-39
1127.8504468592753 2.748152268588227e-26
1132.361848646712 1.17592903731236e-29
1136.8912960412988 4.0982349369240686e-29
1141.438861225464 1.2934020612392975e-28
1146.004616670366 5.715009203213971e-28
1150.5886351370475 1.1202084371018303e-28
1155.190989677596 1.9260033157786564e-29
1159.8117536363065 7.01540590600551e-28
1164.4510006508515 1.383640039559395e-29
1169.108804653455 2.5170748016103628e-30
1173.7852398720688 8.691368011372175e-28
1178.480380831557 1.527738879535337e-27
1183.1943023548836 3.8277473969686776e-27
1187.9270795643029 7.532639163887522e-29
1192.67878788256 6.190842210461352e-28
1197.4495030340906 1.2005785347327566e-27
1202.2393010462267 3.5208569116807263e-31
1207.0482582504117 1.3512677371770936e-28
1211.8764512834132 6.722834930523672e-29
1216.7239570885472 1.4971672387267742e-31
1221.5908529169012 1.781505248606037e-29
1226.4772163285688 6.203839967700137e-28
1231.383125193883 3.0074004177713045e-28
1236.3086576946585 9.729546269421761e-28
1241.2538923254372 1.0981929473467523e-28
1246.2189078947392 7.901415824876132e-30
1251.203783526318 2.305554983968878e-28
1256.2085986604231 6.86936828504417e-27
1261.233433055065 4.521984994894406e-27
1266.2783667872852 8.92106792315092e-31
1271.3434802544346 7.615832088198692e-26
1276.4288541754522 1.4528684235346062e-25
1281.534569592154 3.8850805972180163e-29
1286.6607078705229 1.9037215937596379e-28
1291.8073507020044 1.0308109048638145e-24
1296.9745801048125 4.435019090288819e-25
1302.162478425232 1.8606958979267e-26
1307.3711283389327 3.152122686673848e-25
1312.6006128522888 1.3437749248069337e-24
1317.851015303698 8.52966434624908e-25
1323.1224193649127 1.076661788910714e-24
1328.4149090423725 3.2845524508113842e-24
1333.728568678542 5.5189266162153285e-24
1339.0634829532567 3.657681310587413e-24
1344.4197368850691 1.1891835957921227e-24
1349.7974158326099 9.725825311334637e-23
1355.1966054959403 7.16009223081387e-23
1360.6173919179244 8.592143151532768e-22
1366.059861485596 4.350864140449848e-23
1371.5241009315384 5.0452529932092004e-23
1377.0101973352646 2.3827571305690746e-22
1382.5182381246057 3.6959822342244446e-21
1388.0483110771042 1.955884348421662e-21
1393.6005043214122 8.924958061812446e-22
1399.1749063386976 5.84475808606239e-22
1404.7716059640527 4.318625404365063e-20
1410.3906923879088 4.5995422857960536e-21
1416.0322551574602 1.6342601638952649e-19
1421.6963841780905 6.981650203234906e-22
1427.3831697148032 2.5895103974249716e-20
1433.0927023936622 1.6966425609212392e-18
1438.8250732032368 1.192333198417858e-19
1444.5803734960498 1.977082308574004e-18
1450.3586949900334 2.289630121325484e-19
1456.1601297699938 3.042361083581661e-18
1461.984770289074 2.276363461247661e-18
1467.83270937023 1.0179099214949704e-18
1473.704040207711 6.192408525967335e-18
1479.5988563685412 8.301225536610377e-20
1485.5172517940157 2.4817322423132343e-18
1491.459320801192 3.515821946840169e-18
1497.4251580843968 6.208418606276501e-19
1503.4148587167342 2.4816127051410948e-18
1509.4285181516007 3.12776083665338e-19
1515.4662322242077 5.364528677651401e-22
1521.5280971531042 1.191261515786859e-20
1527.6142095417167 4.25875637279112e-22
1533.7246663798837 1.7995114763411467e-22
1539.859565045403 8.669282962919367e-22
1546.0190033055849 6.144215239120362e-23
1552.203079318807 1.262474611881753e-22
1558.4118916360824 1.4151782772477611e-22
1564.6455392026269 1.17411550510895e-22
1570.9041213594373 3.75689130846218e-22
1577.187737844875 2.3958513722362723e-22
1583.4964887962547 5.270339143939997e-22
1589.8304747514399 8.002879888670318e-22
1596.1897966504455 4.72350988566728e-22
1602.5745558370472 6.820031209759433e-22
1608.9848540603957 1.151410049578509e-21
1615.4207934766368 1.1359569703681693e-21
1621.8824766505436 1.2394411052560908e-21
1628.3700065571454 1.1480932573348919e-21
1634.8834865833744 2.1663559287133223e-21
1641.4230205297079 3.1119380079365726e-21
1647.9887126118267 4.370611681099572e-21
1654.580667462274 3.928346550862571e-21
1661.198990132123 8.063205973682942e-21
1667.8437860926513 1.0417447993177417e-20
1674.515161237022 1.6426779993241198e-20
1681.2132218819695 3.075221904438975e-20
1687.9380747694975 2.4331394053932124e-20
1694.6898270685758 9.171453777205981e-20
1701.4685863768502 7.559781316788902e-20
1708.2744607223572 9.527735356678297e-20
1715.1075585652468 1.5912027043548423e-19
1721.967988799508 1.4987494780169144e-19
1728.8558607547059 2.976268754743676e-19
1735.7712841977245 2.262405631823356e-19
1742.7143693345156 2.0800214195790911e-19
1749.6852268118535 5.300102854441221e-19
1756.6839677191008 4.2737354365175456e-19
1763.7107035899771 1.37682363495774e-18
1770.7655464043373 1.8598034421144604e-18
1777.8486085899544 7.525744652938298e-19
1784.9600030243143 6.654764916883011e-18
1792.0998430364118 3.6946067763241426e-18
1799.2682424085576 3.741490956634445e-18
1806.4653153781921 3.4141910685278365e-17
1813.6911766397043 2.517364797606252e-18
1820.945941346263 5.7238420172477186e-18
1828.2297251116483 2.7105121536092568e-18
1835.5426440120948 2.6077832090747307e-18
1842.8848145881432 2.0730853048110517e-17
1850.2563538464956 1.8074872219680002e-16
1857.657379261881 1.1487883230940193e-17
1865.0880087789287 1.3201426299461379e-16
1872.5483608140448 5.53197529282682e-17
1880.0385542573008 2.141040591189829e-17
1887.5587084743302 5.696555134820061e-16
1895.1089433082268 1.3861136931072112e-16
1902.68937908146 5.3856958503280554e-17
1910.3001365977857 3.4834499310692002e-15
1917.9413371441767 1.8156170676844296e-16
1925.6131024927531 5.420337494562119e-16
1933.3155549027244 2.8354465007981452e-15
1941.0488171223355 1.01487082241933e-15
1948.8130123908247 5.041468282437598e-16
1956.608264440388 4.364138949271074e-15
1964.434697498149 6.534197450428362e-16
1972.2924362881417 1.6282423535774935e-15
1980.1816060332944 4.230712138289388e-15
1988.1023324574276 1.5750948202555709e-15
1996.0547417872574 1.2094337324008634e-15
2004.0389607544066 1.8061106590757847e-15
2012.0551165974243 1.6036904671609747e-15
2020.1033370638136 8.174569669957162e-16
2028.1837504120688 5.890615594736313e-16
2036.2964854137172 2.1316105821481407e-15
2044.4416713553724 2.195985710471582e-15
2052.6194380407937 4.160247055929611e-15
2060.829915792957 4.242675671004272e-15
2069.0732354561287 4.778086648414298e-15
2077.3495283979532 5.609362478839014e-15
2085.6589265115445 7.62861599813161e-15
2094.001562217591 9.112767733964561e-15
2102.3775684664615 9.745989571634927e-15
2110.787078740328 8.36174605639254e-15
2119.2302270552887 1.3202422986529257e-14
2127.70714796351 1.6362203412322616e-14
2136.217976555364 2.2430528993554863e-14
2144.7628484615852 1.1934203628156208e-14
2153.341899855432 2.5924398780545786e-14
2161.9552674548536 3.986998886097277e-14
2170.603088524673 5.009713690253986e-14
2179.285500878772 3.285163788394477e-14
2188.0026428822866 3.8004284708493e-14
2196.754653453816 8.934016710967162e-14
2205.541672067631 6.880871429308889e-14
2214.3638387559017 6.297571965489973e-13
2223.2212941109246 7.789321951526074e-14
2232.114179287369 1.7888423735240192e-12
2241.0426360045185 2.780688239411393e-13
2250.0068065485366 5.972846271122221e-12
2259.0068337747302 9.2086785023381e-13
2268.0428611098296 1.5609345420242669e-12
2277.115032554269 1.9539943452899354e-12
2286.223492684486 1.6878039824482963e-12
2295.368386655224 6.668345823190949e-12
2304.549860201845 4.958613626701706e-13
2313.7680596426517 1.548419402503901e-11
2323.0231318812225 6.267728145051944e-12
2332.3152244087473 4.3950486764075285e-11
2341.6444853063817 7.779006973428102e-11
2351.0110632476076 2.667352712933879e-12
2360.415107500598 1.1805575630187652e-10
2369.8567679306 2.001889533284121e-12
2379.3361950023227 1.474385126647009e-10
2388.853539782332 9.339015046383661e-11
2398.4089539414617 6.815490350537804e-10
2408.0025897572273 6.879444743239614e-10
2417.6346001162565 6.669957371223371e-11
2427.3051385167214 8.607012880524254e-10
2437.0143590707885 4.5153565855219516e-10
2446.762416507072 1.1054071116200518e-09
2456.5494661731 3.698904646001417e-10
2466.375664037793 2.7766139535402494e-10
2476.2411666939443 2.2226730127902318e-10
2486.1461313607197 4.347927602548663e-11
2496.090715886162 2.728289832970782e-10
2506.075078749707 2.7027825712844537e-10
2516.0993790647044 3.8445866307085375e-10
2526.163776580964 4.757407562041734e-10
2536.268431687288 1.846353691645985e-09
2546.4135054140374 2.126792512096369e-09
2556.599159435693 4.7143596724197525e-09
2566.825556073436 6.043504518516955e-09
2577.09285829773 8.360158990171856e-09
2587.4012297309205 6.943016366735835e-09
2597.7508346498444 1.4078344799344836e-08
2608.141837988444 1.123483150636306e-08
2618.5744053403982 2.098755431627812e-08
2629.0487029617593 3.142465698195744e-08
2639.5648977736064 3.661047308499747e-08
2650.123157364701 2.9599281992891385e-08
2660.7236499941596 2.8070590770012243e-08
2671.366544594136 2.240595154870425e-08
2682.052010772512 3.1920541007903996e-08
2692.7802188156024 2.2074318310731504e-08
2703.551339690865 2.654893364030845e-08
2714.365545049628 1.497646084402076e-08
2725.223007229827 1.2110046003306077e-08
2736.123899258746 1.1760698180356892e-08
2747.0683948557817 1.0324982595128784e-08
2758.0566684352048 1.0498511051094261e-08
2769.0888951089455 1.0237273750499789e-08
2780.165250689381 7.335407518142123e-09
2791.2859116921386 5.644050511521099e-09
2802.451055338907 4.325971412836418e-09
2813.660859560263 3.0974107345134106e-09
2824.9155029985036 1.952865610886772e-09
2836.2151650104965 1.011868591557049e-09
2847.5600256705393 4.906058686121978e-10
2858.950265773222 6.48566268322656e-10
2870.386066836315 1.7794268929003609e-09
2881.8676111036607 4.214665693094718e-09
2893.3950815480757 8.324421296400501e-09
2904.968661874268 1.4760922532744352e-08
2916.588536521764 2.5497682287007035e-08
2928.254890667851 4.443962921956477e-08
2939.9679102305226 6.75718046841125e-08
2951.727781871445 9.415608433756236e-08
2963.534692998931 1.4303263010977797e-07
2975.3888317709266 1.8520533814865701e-07
2987.2903870980094 2.734074286415271e-07
2999.2395486464025 3.135674565182658e-07
3011.2365068409886 5.168203480380455e-07
3023.2814528683516 3.589585246959545e-07
3035.374578679825 9.678688458207688e-07
3047.516076994544 1.1755510696392124e-06
3059.7061413025226 1.5906879687473707e-06
3071.9449658677336 4.80765369299154e-06
3084.232745731204 7.908419559168636e-06
3096.569676714128 9.693011797249838e-06
3108.955955420985 1.4997603177445545e-05
3121.3917792426687 2.030491941566345e-05
3133.8773463596394 2.755172302134297e-05
3146.412855745078 3.3360083165893435e-05
3158.998507168058 4.784598489727038e-05
3171.6345011967305 6.057251995216e-05
3184.321039201517 3.726458622888143e-05
3197.0583233583234 2.5707007047767937e-05
3209.8465566517566 8.480326379621947e-05
3222.6859428783637 0.00010122363833133475
3235.576686649877 0.00010010897888738108
3248.518993396477 0.00019134806533836356
3261.513069370063 0.00023854710425047848
3274.559121647543 0.00033514511400850236
3287.6573581341336 0.00032357256967010877
3300.8079875666704 5.331159607746596e-05
3314.0112195169368 0.0002973062569824675
3327.2672643950045 0.000653209847496644
3340.5763334525845 0.0006451548661838658
3353.938638786395 0.0006400968478498636
3367.354393341541 0.0006758033095710015
3380.8238109149074 0.0007070786167541175
3394.347106158567 0.0011869208420853953
3407.924494583201 0.0010662760250598168
3421.5561925615334 0.0006146862969353814
3435.2424173317804 9.055001285543097e-05
3448.9833870011066 0.00012993970003917399
3462.7793205491116 0.0001946907451238444
3476.630437831308 0.000117305268912906
3490.536959582633 0.00011951078390145061
3504.4991074209643 0.0011768579638010493
3518.5171038506473 0.001493877765001064
3532.5911722660503 0.002724526954558552
3546.7215369551145 0.005645867152096233
3560.9084231029346 0.0028190091841938684
3575.1520567953467 0.001457230192033758
3589.452665022528 0.0040076944039383324
3603.810475682617 0.006047318450012297
3618.225717585348 0.005105844814475929
3632.698620455689 0.0034907687473495473
3647.2294149375116 0.0026505597101434647
3661.8183325972614 0.005112942200541398
3676.4656059276513 0.001541563097305551
3691.1714683513615 0.001575760422837423
3705.936154224767 0.0003916027123298009
3720.7598988416657 0.00014799431987400023
3735.6429384370326 0.00017150373700732712
3750.585510190781 0.0003788733680252218
3765.587852231544 0.0025792572217541096
3780.6502036404704 0.008118786339964162
3795.772804455032 0.007197038418521672
3810.955895672852 0.007058035521474036
3826.199719255544 0.0010408838499642178
3841.504518132566 0.00283567656531182
3856.870536205096 0.00043583252997169417
3872.2980183499167 0.0010315916434982017
3887.7872104233156 0.0007530675186711042
3903.338359265009 0.0019178842562734225
3918.9517127020695 0.0029257492870720476
3934.6275195528774 0.0077374885067194475
3950.3660296310895 0.026132829444742305
3966.1674937496136 0.05013852289711464
3982.0321637246125 0.05218789237255955
3997.9602923795105 0.05601467741784785
4013.9521335490285 0.1030096884143205
4030.007942083225 0.13497701282160834
4046.1279738515577 0.05596825696961024
4062.312485746964 0.13622933618943642
4078.5617356899515 0.14459812603705208
4094.8759826327114 0.17743579376813437
4111.255486563242 0.18624452239445013
4127.700508509496 0.18542547315507257
4144.211310543533 0.18681107504310468
4160.788155785708 0.2077862863604568
4177.431308408849 0.18778331534758114
4194.141033642486 0.18908936506058127
4210.917597777056 0.12815887169820322
4227.761268168164 0.19593432505504282
4244.672313240838 0.14338190090952865
4261.651002493801 0.11688472298472577
4278.697606503776 0.18161722178394687
4295.812396929791 0.1710908020131469
4312.995646517511 0.2956507026852485
4330.24762910358 0.3671267550653989
4347.568619619994 0.4365533971043206
4364.958894098475 0.3050073382096922
4382.418729674868 0.21696704536820854
4399.948404593568 0.5188247708438953
4417.548198211942 0.5424332391297076
4435.21839100479 0.426259400560577
4452.959264568809 0.5910680456177083
4470.771101627084 0.532330822514775
4488.654186033592 0.628595614693915
4506.608802777726 1.0035894313581764
4524.635237988838 0.8465126997998698
4542.733778940792 0.9202790121800648
4560.904714056555 1.0439144165743572
4579.148332912781 1.1423284022002549
4597.464926244433 0.920429662220313
4615.85478594941 1.5210091957438132
4634.318205093208 1.0422978573577493
4652.855477913582 1.1986729288116291
4671.466899825236 1.1021984922142276
4690.152767424537 1.3721327020231868
4708.913378494234 2.2028951186377532
4727.749032008212 2.1058873955448627
4746.660028136244 2.5615497119791555
4765.646668248789 1.3280361973543118
4784.709254921784 0.7127593645780534
4803.8480919414715 0.7598398014484719
4823.063484309237 0.9255189910483034
4842.355738246474 1.4931546208397526
4861.72516119946 1.8141539336731858
4881.172061844257 2.6746684841931767
4900.6967500916335 2.4869807578395586
4920.299537092001 2.8743867286842604
4939.9807352403695 3.251144887519729
4959.740658181329 1.7171917616126076
4979.5796208140555 1.3697307318697236
4999.497939297312 1.1092443280917788
5019.495931054502 0.9056141254389019
5039.57391477872 1.3078508427143485
5059.732210437835 1.2127799024098205
5079.971139279585 1.329021599217178
5100.291023836704 0.9476446683418548
5120.692187932051 0.6505181370802664
5141.174956683781 0.4276388925335796
5161.739656510514 0.28499708082556424
5182.386615136556 0.22889003157664214
5203.116161597103 0.3452009231715017
5223.928626243489 1.3909550189512252
5244.824340748465 1.5095528072239897
5265.803638111459 1.280623946391507
5286.866852663905 1.8255265367701161
5308.0143200745615 1.8643568945240685
5329.246377354859 1.44440797018767
5350.563362864278 1.6806017335756283
5371.965616315736 1.3608874427660143
5393.453478780998 1.3757125516630104
5415.027292696122 1.343666626104956
5436.687401866905 1.1183801063311885
5458.434151474374 0.8637084071962886
5480.267888080271 0.9635977779995347
5502.188959632591 0.8845897932447713
5524.197715471122 0.8902581492140618
5546.294506333006 0.8689646652717957
5568.479684358337 0.7831371443160972
5590.753603095771 0.6705757622419166
5613.1166175081535 0.5747802243144252
5635.569083978187 0.5168881146383092
5658.1113603140975 0.47146644384329833
5680.743805755354 0.39846218077921464
5703.466780978376 0.33776983892958906
5726.28064810229 0.270670458576189
5749.185770694699 0.2051477973517275
5772.182513777476 0.14627687508979278
5795.271243832587 0.09674280952013418
5818.452328807918 0.058083209285500426
5841.72613812315 0.03105703873992401
5865.093042675643 0.00725823141909952
5888.553414846345 0.00010227065394545017
5912.10762850573 0.0019157482659510907
5935.756059019754 0.025177063321639024
5959.499083255832 0.07636853741490356
5983.337079588855 0.1580845211284292
6007.27042790721 0.28769468649926966
6031.299509618841 0.4829496529770845
6055.424707657316 0.7413444507461836
6079.646406487946 1.0704251815957733
6103.964992113897 1.4800519851760052
6128.380852082353 1.996325723673058
6152.894375490681 2.238613557163459
6177.505952992646 1.982838572903224
6202.215976804616 2.175567400759797
6227.024840711833 2.3057465224810016
6251.932940074681 2.8797319865662514
6276.940671834981 3.567048481903688
6302.048434522321 4.521346677258085
6327.256628260409 5.796821669403302
6352.5656547734525 6.88904290482265
6377.975917392546 7.329768799860654
6403.487821062116 9.070906227793092
6429.101772346364 9.722151832375763
6454.81817943575 12.190739585318113
6480.637452153493 14.267454246720966
6506.560001962106 16.595944819440753
6532.586241969955 20.355842810384726
6558.716586937834 16.798294571353036
6584.951453285586 16.056176631271892
6611.291259098727 15.363696748813709
6637.7364241351215 13.99865855334628
6664.2873698316625 11.887242240810744
6690.94451931099 11.188112170455733
6717.7082973882325 11.432039029210031
6744.579130577787 11.857473338184253
6771.557447100097 14.974230620040137
6798.643676888497 13.847864753949883
6825.838251596053 17.057060628556382
6853.141604602436 18.174886013965963
6880.554171020846 19.491380818987835
6908.0763877049285 22.301092858067967
6935.708693255749 23.490081538162258
6963.4515280287715 26.964587636716946
6991.305334140887 28.966514638114834
7019.270555477449 31.823633563036122
7047.34763769936 39.8125168554548
7075.537028250157 23.09468719111595
7103.839176363159 17.27289690236595
7132.254533068612 16.771401493847726
7160.783551200888 17.35901555212518
7189.42668540569 24.822520356933783
7218.184392147313 25.727612043477915
7247.0571297159 38.2098438884341
7276.045358234765 47.16486338498012
7305.149539667704 59.69988849647757
7334.370137826372 67.05680356451396
7363.707618377678 68.43241140121087
7393.162448851191 66.20599451854251
7422.735098646595 62.4296455811398
7452.426039041182 57.172117074592876
7482.235743197345 52.57582708707352
7512.1646861701365 46.90344198463348
7542.213344914818 42.11817688764637
7572.382198294477 35.47264936587549
7602.671727087656 21.948161872833207
7633.082413996006 7.6038519650536225
7663.614743651989 0.15337221900164705
7694.269202626598 0.21235297985197646
7725.046279437104 4.0621932736655895
7755.946464554851 13.823115420258382
7786.970250413072 26.682760654412526
7818.118131414723 37.73185428224479
7849.390603940383 43.28589755528877
7880.788166356144 56.08278020309361
7912.311319021571 64.5796844781132
7943.960564297654 81.19502044301558
7975.736406554845 95.90187713437415
8007.639352181065 115.70930389014974
8039.669909589788 124.76230905067861
8071.828589228147 135.13983856990058
8104.115903585063 146.707895097796
8136.532367199402 161.9156210013906
8169.078496668199 157.3837517509932
8201.754810654873 123.98828869522556
8234.561829897493 171.47435702509583
8267.500077217084 183.3843453396569
8300.570077525952 178.68789077559046
8333.772357836056 196.27420596281155
8367.1074472674 187.04683110934278
8400.575877056472 196.89664457148953
8434.178180564695 158.65544854400224
8467.914893286956 107.03432236940013
8501.786552860101 138.14131005010526
8535.793699071543 160.71476242287017
8569.936873867831 197.476192010118
8604.216621363299 210.68495628643632
8638.633487848754 151.93395126205655
8673.18802180015 203.28688566529388
8707.880773887353 113.43146577756805
8742.7122969829 131.2296788719103
8777.68314617083 170.2605787113732
8812.793878755514 178.3538624238
8848.045054270535 215.53532857586296
8883.437234487617 144.85553611102515
8918.970983425568 200.6969425291466
8954.64686735927 204.18837409486116
8990.465454828707 237.03714069199611
9026.427316648023 215.21896834418484
9062.533025914616 209.74740833702774
9098.783158018272 250.88868676985146
9135.178290650345 262.7852870792293
9171.719003812947 291.34945468513786
9208.405879828202 317.80135726775654
9245.239503347511 313.5967016895125
9282.2204613609 303.6618796928601
9319.349343206346 293.049567142795
9356.626740579171 303.14653550268156
9394.053247541488 309.6048918046941
9431.629460531654 333.5784411482717
9469.355978373778 359.72508904304533
9507.233402287276 366.33381835564364
9545.262335896427 376.91157270366244
9583.443385240013 376.6121120049447
9621.777158780975 351.4786347272156
9660.264267416096 338.76168063013745
9698.90532448576 355.0743640059324
9737.7009457837 336.4785520297445
9776.651749566838 331.789726665446
9815.758356565104 375.8607767232963
9855.021389991363 367.76384156122214
9894.441475551332 286.75224515404193
9934.019241453534 126.03323819586434
9973.755318419348 165.40732523219393
10013.650339693024 166.4687345398613
10053.704941051796 164.41853901178024
10093.919760816003 210.20064101040086
10134.295439859268 215.84956235116078
10174.832621618703 227.23297152063896
10215.531952105179 240.72014556258745
10256.394079913602 233.2603858513628
10297.419656233254 221.00397747137401
10338.609334858189 222.05844043508378
10379.96377219762 276.9329030060163
10421.483627286412 273.9959900005654
10463.169561795556 312.45795923695755
10505.022240042741 306.97622504105834
10547.042329002912 344.1199672733976
10589.230498318922 345.25175940793
10631.587420312197 341.96554853357827
10674.113769993448 327.16051420962367
10716.810225073421 334.5903841382553
10759.677465973711 367.9614632935957
10802.716175837608 372.228644827586
10845.927040540959 392.21309360960566
10889.310748703121 402.6552888029772
10932.867991697934 395.2572266011937
10976.599463664725 383.6851506242431
11020.505861519383 391.6659117926746
11064.587884965462 379.75491027584735
11108.846236505324 375.4631649638013
11153.281621451348 375.97854900761735
11197.894747937147 386.1697954910714
11242.686326928899 400.99137733689435
11287.657072236614 411.257509591482
11332.807700525562 383.26834319501785
11378.138931327663 357.1081481682787
11423.651487052975 369.6011677190172
11469.346093001184 418.2516583217098
11515.22347737319 421.0598168111475
11561.284371282683 413.1031927568438
11607.529508767815 415.2830208758661
11653.959626802887 421.9085236164447
11700.5754653101 361.17413579721733
11747.377767171341 370.0666379934576
11794.367278240028 329.1437976840965
11841.544747352984 407.69847272491376
11888.9109263424 435.2540271838542
11936.46657004777 425.1435331525275
11984.212436327958 369.1502344697897
12032.149286073272 377.5739471291733
12080.277883217566 418.0051795006949
12128.598994750435 398.0944827496273
12177.113390729437 424.6384632625161
12225.821844292353 411.6285671517638
12274.725131669524 441.368800709652
12323.824032196202 433.9037078007148
12373.119328324985 429.22802628984266
12422.611805638286 359.3788436042785
12472.302252860838 429.80349384300507
12522.19146187228 363.43838277783914
12572.280227719768 434.17427037072633
12622.569348630648 435.14591386613284
12673.059626025171 459.0978161434612
12723.751864529271 454.3249937118585
12774.646871987386 456.71337720136285
12825.74545947534 460.8372794065498
12877.04844131324 433.5915570947521
12928.556635078494 433.0507506559974
12980.270861618808 443.724640359149
13032.191945065284 451.32711040416837
13084.320712845543 446.5273146490065
13136.657995696927 452.9137220883059
13189.204627679715 448.6353161807394
13241.961446190431 429.4365821148557
13294.929291975195 392.8982754730412
13348.109009143096 279.2476790353662
13401.50144517967 235.66292262174022
13455.107450960388 212.38306395097544
13508.927880764231 202.53692137948298
13562.963592287288 175.7207998134389
13617.215446656439 198.80689049899337
13671.684308443064 219.72931615586222
13726.371045676835 214.83200435142237
13781.276529859542 240.04462954916642
13836.40163597898 216.97725826049546
13891.747242522899 217.35376563224884
13947.314231492988 197.53064447500765
14003.103488418961 190.49805240997802
14059.115902372636 200.6310159865273
14115.352365982128 173.96801247650131
14171.813775446057 176.07287466191008
14228.501030547843 175.5246571390959
14285.41503467003 180.23091366529533
14342.556694808713 176.97747285871762
14399.926921587949 184.17347956045828
14457.5266292743 196.57322621550313
14515.356735791396 206.57977426657354
14573.418162734559 220.96788022692763
14631.711835385498 212.79090093240998
14690.238682727038 209.50148390685223
14748.999637457951 220.02868111011242
14807.995636007783 223.79618380230923
14867.227618551815 223.7978141220622
14926.69652902602 227.6985512746553
14986.403315142123 230.96227035078272
15046.348928402693 232.7357137483395
15106.534324116303 233.35242400766006
15166.96046141277 237.7342471890091
15227.62830325842 240.95721001211172
15288.538816471453 241.16190803483795
15349.692971737337 239.15027735593807
15411.091743624287 239.13908796155843
15472.736110598784 241.22617581112607
15534.62705504118 237.25454574234809
15596.765563261344 234.43414595643307
15659.152625514387 231.5744462152584
15721.789236016448 227.75176767044553
15784.676392960515 223.78237224820538
15847.815098532355 219.50977717502738
15911.206358926484 213.39622894500198
15974.85118436219 206.89282461377238
16038.75058909964 198.23896249179757
16102.905591456036 188.0351190510948
16167.31721382186 178.48821409088845
16231.986482677148 170.2041098205866
16296.914428607855 164.62515910755104
16362.102086322288 161.57773302170222
16427.550494667576 159.99694784329847
16493.260696646248 158.73349053640254
16559.23373943283 154.3594754226559
16625.470674390563 150.04066742191822
16691.972557088127 133.4592104679286
16758.74044731648 134.69827060602375
16825.775409105743 135.6986162529762
16893.07851074217 131.32217168381788
16960.650824785134 126.2246471438039
17028.493428084275 123.77039779469641
17096.607401796613 123.47531086570869
17164.993831403797 118.43654795369866
17233.653806729413 116.4297006877242
17302.588421956334 110.57771603591567
17371.798775644158 105.87033678408321
17441.285970746736 101.11940959498563
17511.05111462972 98.90282526259432
17581.095319088243 93.3320143999377
17651.419700364593 87.57338866788719
17722.02537916605 85.04615452489287
17792.913480682713 79.14913269090636
17864.085134605448 75.61625306557669
17935.54147514387 70.0662012349915
18007.283641044443 70.11877946909084
18079.312775608625 65.45976538298453
18151.630026711056 66.91743396311698
18224.236546817894 66.97259876266502
18297.133493005167 62.10235617544487
18370.32202697719 62.82448264267432
18443.803315085097 61.30438113423771
18517.578528345435 58.00836721694138
18591.648842458817 51.83989737777588
18666.01543782865 53.48910542827505
18740.67949957997 54.65040608061233
18815.642217578286 59.526834345722634
18890.9047864486 60.4034663221657
18966.4684055944 62.98224024703511
19042.334279216768 59.67508211423952
19118.50361633364 60.697634327600454
19194.977630798967 57.576815559477396
19271.757541322168 55.511753326367135
19348.844571487454 53.69254492119157
19426.239949773408 49.801483858006115
19503.9449095725 52.6733031796002
19581.960689210795 49.26958411664642
19660.28853196764 51.95241608643445
19738.929686095507 50.59849252991086
19817.885404839893 51.80319398785093
19897.15694645925 51.62377388128405
19976.745574245087 52.215537440762525
20056.65255654207 53.0763863575557
20136.879166768238 53.07608073320962
20217.426683435307 54.08645048916589
20298.296390169045 53.28650959750059
20379.489575729727 53.80820757160496
20461.007534032648 53.81058005224858
20542.851564168777 53.59790976990097
20625.02297042545 53.10167829332413
20707.523062307162 52.764695373329836
20790.353154556382 51.874456144446185
20873.514567174607 51.273822250107195
20957.008625443308 50.426933080942526
21040.836659945082 49.62940027406137
21125.000006584854 48.79035100880997
21209.5000066112 47.87760797891019
21294.33800663765 46.97687324872194
21379.515358664197 46.078978865968836
21465.033420098855 45.17795205810932
21550.893553779246 44.15370008760545
21637.097127994366 42.95587430901485
21723.645516506345 41.99117988814394
21810.540098572368 40.67905974481388
21897.782258966654 38.82387204438498
21985.37338800253 35.13723284719652
22073.314881554532 32.45441591628309
22161.60814108075 33.979227205009835
22250.25457364508 33.49331282266807
22339.25559193965 32.09704034514551
22428.61261430741 30.68456731541163
22518.32706476464 29.80229702562099
22608.400373023702 28.660158310717183
22698.833974515794 28.675450306996986
22789.62931041386 27.531108384055695
22880.78782765551 26.42271436586536
22972.310978966132 26.325069231570602
23064.200222882002 28.467428598775662
23156.457023773528 27.74444932933145
23249.082851868614 24.806283884641118
23342.079183276095 23.132389756148175
23435.447500009202 23.34152488307605
23529.18929000923 24.7700160729524
23623.306047169273 26.22824678799013
23717.79927135796 24.176836058190297
23812.670468443375 23.306444931878794
23907.92115031715 25.727936927270928
24003.552834918424 26.8400650239515
24099.56704625809 27.224253569451538
24195.96531444313 27.07393036581072
24292.749175700897 27.421361786748452
24389.9201724037 26.971631011732633
24487.479853093315 26.961179818819588
24585.42977250569 27.44901247482223
24683.771491595708 27.869711994489364
24782.50657756209 26.833071198209634
24881.636603872343 27.45082877351614
24981.16315028783 28.16959549885966
25081.087802888986 26.036760138311976
25181.412154100537 26.761858445882
25282.137802716934 25.257245975601144
25383.266353927807 25.795340906413998
25484.79941934352 24.89983501565141
25586.73861702089 26.17366099163512
25689.08557148898 26.149135138009584
25791.84191377493 25.69189423657106
25895.009281430033 26.634498259314153
25998.589318555754 28.299918931903484
26102.58367582998 31.14786572869122
26206.994010533297 31.165337722746692
26311.821986575433 31.288740205547715
26417.069274521735 33.959895806569946
26522.737551619815 34.89364420386271
26628.828501826294 33.12973052851575
26735.343815833607 27.052928939051146
26842.285191096937 26.51837279298218
26949.654331861326 26.56831982794872
27057.452949188766 27.07466111174435
27165.682760985525 27.656991564390044
27274.345492029468 30.611560652227055
27383.442873997585 28.485295633332605
27492.976645493567 33.65843653369877
27602.948552075544 30.540143984371745
27713.360346283847 29.720656931543893
27824.213787668985 27.148005301583044
27935.510642819663 32.91750162414218
28047.252685390937 27.216528365218043
28159.441696132504 28.73256366519529
28272.079462917034 34.84383174225296
28385.167780768694 28.272795664756465
28498.70845189177 29.743762885046596
28612.703285699336 32.79263430036954
28727.154098842133 31.127093044976274
28842.062715237505 32.228256802453956
28957.430966098455 32.817470484775875
29073.260689962848 31.883331346743763
29189.553732722703 34.328441357900765
29306.311947653598 35.34515301338014
29423.537195444205 34.55957397556681
29541.231344225984 35.080941681102026
29659.396269602887 35.27523725678301
29778.033854681304 36.99802997353137
29897.14599010003 37.242394649021605
30016.734574060432 36.3558484713338
30136.80151235667 38.15223861392486
30257.348718406094 34.931003359319725
30378.37811327972 35.537418908646735
30499.89162573284 30.506938653633306
30621.891192235766 28.17595595862082
30744.37875700471 25.11741773041355
30867.356272032728 22.854387093797957
30990.825697120858 21.413207328056462
31114.78899990934 18.93376929853319
31239.24815590897 17.92995747192268
31364.20514853261 15.854644913522828
31489.661969126744 14.421299622841657
31615.62061700325 13.493865320353068
31742.083099471263 13.17178154106385
31869.05143186915 12.442270201910517
31996.527637596624 12.281683438309907
32124.51374814701 13.081906681200133
32253.011803139605 13.007247958242896
32382.02385035216 13.833878540201509
32511.55194575357 14.667952867797617
32641.598153536583 16.1035344264466
32772.16454615073 17.77097268099674
32903.25320433533 18.422713377037503
33034.86621715268 16.755259311700666
33167.005682021285 8.663301457658461
33299.673704749366 5.912344800049008
33432.87239956837 7.687452750519437
33566.60388916664 10.545858664421967
33700.87030472331 13.583369696407686
33835.6737859422 15.337344238251466
33971.016481085964 15.512851080719226
34106.900547010315 14.984733079091457
34243.32814919835 13.874706509531155
34380.30146179514 13.030219497600982
34517.82266764233 13.3305986101452
34655.893958312896 13.95356989152684
34794.51753414615 13.965119254346428
34933.69560428273 14.358758383937953
35073.43038669985 14.999017875345464
35213.72410824666 15.339893946938014
35354.57900467965 15.226404492684505
35495.99732069836 15.383247572160796
35637.98130998116 15.934944221395396
35780.53323522108 17.0979712322531
35923.65536816197 18.639504736211617
36067.34998963462 19.49196628801321
36211.61938959315 21.137769498937608
36356.46586715153 22.54228956611386
36501.891730620126 24.181209965155585
36647.89929754261 25.67872838672656
36794.49089473278 27.847027954901034
36941.6688583117 29.018367407311903
37089.43553374496 30.45559921975551
37237.793275879936 31.352610320510415
37386.74444898345 32.8428792926705
37536.29142677938 33.902017440525384
37686.43659248651 34.025996435988596
37837.18233885645 34.591453635603436
37988.53106821188 35.13572030078073
38140.48519248474 35.77025138084762
38293.04713325467 36.4638940937234
38446.21932178769 36.201509305093246
38600.00419907484 36.853434601964686
38754.40421587113 36.7834423751195
38909.42183273463 36.94798297433752
39065.05952006556 36.87033131752075
39221.31975814583 36.6902549386836
39378.205037178406 36.903618332981594
39535.71785732712 36.49893917133034
39693.860728756415 36.33965295026208
39852.636171671445 36.15802712526289
40012.04671635814 35.77058523218148
40172.09490322357 35.5302121876685
40332.78328283648 35.060394020500674
40494.11441596781 34.53872717872449
40656.090873631685 34.283685743147906
40818.71523712622 33.29763146725371
40981.990098074726 33.17887592512349
41145.918058467025 32.65304622067312
41310.50173070089 31.630451143662167
41475.74373762369 31.87788322694871
41641.646712574184 30.59541999510552
41808.21329942448 30.2374632590442
41975.44615262219 30.23421436733448
42143.347937232684 29.250982189373897
42311.921328981625 29.770457303285554
42481.16901429755 27.799996853314145
42651.09369035474 28.269069597045217
42821.69806511615 27.68582906677501
42992.98485737662 26.118988278581625
43164.95679680613 25.789751790286953
43337.61662399335 25.509676320003884
43510.96709048933 25.01387116778872
43685.01095885128 24.589638326688064
43859.75100268668 23.79464697698117
44035.19000669744 22.803142532982392
44211.330766724226 22.56778830876707
44388.176089791115 21.053234847050128
44565.72879415028 21.172760773084494
44743.991709326874 19.52992068724053
44922.9676761642 19.617604073958162
45102.65954686885 19.693050756733786
45283.07018505633 18.35544665277588
45464.20246579656 19.05302689169727
45646.05927565975 18.16735344621771
45828.64351276236 18.72994487844676
46011.95808681343 18.402492414600147
46196.00591916067 17.813233545580452
46380.78994283732 18.012095221396706
46566.31310260868 18.251442558783097
46752.578355019126 17.588589501460433
46939.588668439166 18.446670944965447
47127.34702311293 17.342848133087994
47315.85641120539 17.030285833022972
47505.11983685021 17.008166270466333
47695.14031619761 16.21583162619834
47885.9208774624 15.58565843182784
48077.46456097225 16.096564538524895
48269.774419216126 15.870190794873716
48462.853516892996 15.112695647849309
48656.70493096058 15.512596988766123
48851.33175068441 14.855630198524207
49046.737077687154 14.790527936284938
49242.92402599791 14.475081726240761
49439.89572210189 14.481351451386761
49637.6553049903 13.62599608243783
49836.20592621027 14.7783120018618
50035.55074991511 13.901632693961469
50235.69295291477 12.917897305497313
50436.63572472643 13.702710631954393
50638.382267625326 13.718426341455748
50840.935796695834 12.909111082466916
51044.2995398826 12.982547515667894
51248.47673804215 12.930345276219464
51453.47064499432 11.712935969078918
51659.28452757429 11.826112562262557
51865.92166568459 12.703025658827155
52073.38535234733 11.19718157493776
52281.67889375672 11.94010452283404
52490.80560933175 11.385864203807412
52700.76883176907 11.010849151899832
52911.57190709616 10.962701093500234
53123.218194724526 10.902369252587997
53335.711067503435 11.520920137660116
53549.053911773444 9.89720756475706
53763.25012742054 10.103911757639368
53978.303127930216 10.10266206786736
54194.21634044194 8.44717000491598
54410.99320580371 10.047947959025596
54628.63717862692 9.316818271827232
54847.15172734143 9.437375470578647
55066.540334250785 9.259910651340567
55286.80649558781 8.608963404835855
55507.95372157016 8.47762568010005
55729.985536456436 8.190115122252834
55952.90547860226 8.779658115258485
56176.717100516675 8.382627746651915
56401.42396891874 8.503891098856824
56627.02966479442 8.275878596966136
56853.5377834536 7.782157616961847
57080.95193458741 7.764282939992551
57309.27574232576 7.491227395481175
57538.51284529506 8.057911883294256
57768.666896676245 7.232639997255938
57999.74156426295 7.852222409212963
58231.74053052 6.5765995722118555
58464.66749264208 7.148237203158729
58698.52616261265 6.8546961057746225
58933.3202672631 6.829883521375818
59169.05354833215 7.453422152685875
59405.72976252549 6.552838832487641
59643.3526815756 7.088031808585157
59881.926092301896 7.0566806080628846
60121.45379667111 7.154662313307887
60361.93961185778 6.5713969446028955
60603.38737030522 6.356786275601676
60845.800919786445 6.931990730592704
61089.184123465595 6.506549845438933
61333.54085995945 7.0747777503494
61578.87502339928 6.416616604088249
61825.19052349288 6.501339378322981
62072.491285586846 6.5813735636904624
62320.7812507292 6.535119625413901
62570.06437573213 6.512969513705913
62820.34463323505 6.508821686201008
63071.62601176801 6.445313950643242
63323.91251581507 6.270803426398481
63577.20816587833 6.1729423563916
63831.51699854184 5.822163225472651
64086.843066536014 5.216778175755218
64343.19043880215 5.3579755986867825
64600.563200557364 4.948578645025717
64858.96545335958 4.42843808130177
65118.401315173025 4.717394056080987
65378.87492043372 4.885705006329442
65640.39042011545 4.514868613558371
65902.95198179591 4.217836064287991
66166.56378972309 4.274862762834306
66431.23004488199 4.288230004109065
66696.95496506151 4.5361181477779455
66963.74278492175 4.590663192944778
67231.59775606144 4.288969759389028
67500.52414708569 4.618559076909537
67770.52624367403 4.2058589985912
68041.60834864872 4.121078572697345
68313.77478204331 3.928765445373501
68587.02988117147 3.9660160547654875
68861.37800069616 4.350124168074411
69136.82351269896 4.292581015532315
69413.37080674975 4.230093906708325
69691.02428997675 3.966809032465033
69969.78838713666 4.049128978284784
70249.6675406852 3.756998077771302
70530.66621084794 3.553632869861284
70812.78887569135 3.5069733172145328
71096.04003119409 3.352595971796118
71380.42419131887 3.3353501179188085
71665.94588808414 3.1388430284359314
71952.60967163648 3.058965545848574
72240.42011032304 2.9847186785610207
72529.38179076432 2.8535714227386224
72819.49931792737 2.758389172389975
73110.77731519907 2.748684480703483
73403.22042445988 2.5703343313654567
73696.83330615771 2.5945590848625066
73991.62063938235 2.6054029082856185
74287.58712193987 2.544198628270392
74584.73747042764 2.488185509720797
74883.07642030934 2.591218917587507
75182.60872599059 2.6836606756477344
75483.33916089457 2.679486398520301
75785.27251753812 2.6834007193563267
76088.4136076083 2.6787628181253362
76392.76726203872 2.9156345074197048
76698.33833108687 2.2610270199023987
77005.13168441122 2.08880652938038
77313.15221114887 1.9842327286557082
77622.40481999348 2.0172955643919797
77932.89443927344 2.0419681493658994
78244.62601703055 2.0875149703242797
78557.60452109865 2.1806600207426663
78871.83493918306 2.149357793833049
79187.3222789398 2.208531643641229
79504.07156805556 2.2810320017882986
79822.08785432778 2.313963969758325
80141.37620574511 2.26008340772132
80461.94171056806 2.223153216947065
80783.78947741033 2.2756022960926674
81106.92463531997 2.3281266387849624
81431.35233386126 2.2223808310961366
81757.0777431967 2.1930723679296125
82084.10605416949 2.1759801162040344
82412.44247838613 2.2108928665710463
82742.09224829968 2.212188238219481
83073.06061729288 2.186259647914627
83405.35285976208 2.1292759694572014
83738.9742712011 2.142926420109516
84073.93016828595 2.189542866502713
84410.22588895904 2.1577385113188647
84747.86679251489 2.1940074174757074
85086.85825968496 2.1475753402552087
85427.20569272367 2.181675157296926
85768.91451549459 2.198084069476944
86111.99017355654 2.1917272044990668
86456.43813425078 2.1974290707127144
86802.2638867878 2.1931504732639993
87149.47294233493 2.203380002419096
87498.07083410428 2.170825526357017
87848.0631174407 2.190318291840411
88199.45536991046 2.176475254540266
88552.25319139009 2.2137403924904606
88906.46220415569 2.227448631439913
89262.08805297229 2.1861433854537284
89619.1364051842 2.1403349771501334
89977.61295080492 2.198605462915024
90337.52340260813 2.153502288162188
90698.87349621857 2.1524014861576566
91061.66899020346 2.150827612611358
91425.91566616425 2.1495803906621904
91791.61932882894 2.1280352507014273
92158.78580614422 2.128008062794323
92527.4209493688 2.1119627915828727
92897.53063316627 2.0642214302569246
93269.12075569895 2.0835668778781833
93642.19723872172 2.078770725325835
94016.76602767664 2.0180119180693845
94392.83309178732 1.9684313948344814
94770.40442415449 1.9801887900230926
95149.48604185111 1.9806253631221336
95530.08398601852 1.9978928669476224
95912.20432196259 1.9377661382159295
96295.85313925042 1.9161701294449773
96681.0365518075 1.9024126784860522
97067.76069801472 1.9029315195366983
97456.03174080675 1.8867119182511276
97845.85586776999 1.885610229201412
98237.23929124104 1.7924194914831089
98630.18824840599 1.8139869430310624
99024.70900139965 1.650874769648977
99420.80783740526 1.7781756651904252
99818.49106875488 1.7591336237032436
100217.76503302988 1.7296902775351948
100618.636093162 1.70043051160154
101021.11063753467 1.6657676867507865
101425.1950800848 1.685091300880703
101830.89586040513 1.6561731020490889
102238.21944384674 1.6369833865001124
102647.17232162213 1.5867235492225316
103057.7610109086 1.5638457383534698
103469.99205495225 1.4385706979331598
103883.87202317205 1.384180737706298
104299.40751126477 1.3749666281039732
104716.60514130979 1.3781483969153316
105135.47156187505 1.4178064569599063
105556.01344812254 1.4044130071427865
105978.23750191503 1.3820254909054215
106402.15045192267 1.3734341478091077
106827.75905373038 1.3745439702006683
107255.07008994528 1.311932355961052
107684.09037030509 1.299630273615924
108114.8267317863 1.3351712517969347
108547.28603871344 1.3033465880217496
108981.47518286831 1.27299077182484
109417.40108359976 1.2486052625456023
109855.0706879342 1.1696410398049668
110294.49097068593 1.178451886555266
110735.66893456863 1.2216719977531383
111178.61161030692 1.2289514140207736
111623.32605674816 1.19823116011818
112069.81936097513 1.2019926221163149
112518.09863841905 1.1392775233847414
112968.17103297272 1.175917780216547
113420.0437171046 1.1403341447434896
113873.72389197304 1.1491032270995283
114329.21878754091 1.1286397039472538
114786.53566269108 1.1113163880650412
115245.68180534184 1.0888748806832118
115706.66453256323 1.036213239442043
116169.49119069346 1.0306429276380853
116634.16915545624 1.0366622583606482
117100.70583207808 0.9638113772155645
117569.1086554064 0.9342390456517028
118039.385090028 0.9831208185333614
118511.54263038811 0.9824306198949643
118985.58880090967 0.9517049608223678
119461.5311561133 0.9541325323122135
119939.37728073777 0.9411918769320026
120419.13478986072 0.9447716873511122
120900.81132902016 0.8648307815604344
121384.41457433623 0.8936193766366353
121869.9522326336 0.9197949068672648
122357.43204156413 0.8626182451228077
122846.86176973036 0.8372066914332028
123338.2492168093 0.8529315020837815
123831.60221367657 0.7816233609301583
124326.92862253124 0.7663928436799994
124824.23633702139 0.8187788359035288
125323.53328236948 0.743027895792185
125824.82741549893 0.755274938098363
126328.12672516092 0.7624050196544311
126833.43923206156 0.7629458413805915
127340.77298898982 0.7366134177485393
127850.13608094577 0.7266492611458758
128361.53662526955 0.7039703414487356
128874.98277177062 0.7335040209875265
129390.4827028577 0.6888871267337127
129908.04463366912 0.7065894826661545
130427.67681220379 0.6508526694885829
130949.38751945265 0.6821025649778742
131473.18506953045 0.643754494176767
131999.07780980857 0.6682784764407832
132527.0741210478 0.6016242319829663
133057.182417532 0.5810371814067925
133589.4111472021 0.627236083767889
134123.76879179094 0.5976808477074708
134660.26386695806 0.5510394187713833
135198.9049224259 0.5972585680698211
135739.7005421156 0.576657921983352
136282.65934428407 0.5682844090456695
136827.78998166122 0.5561304662629554
137375.1011415879 0.5324437664287639
137924.60154615424 0.5596656468506397
138476.29995233883 0.5011003457304158
139030.20515214818 0.542218761935661
139586.32597275675 0.5354018983087895
140144.6712766478 0.48373796371870914
140705.2499617544 0.5301891258822773
141268.0709616014 0.4894410655406957
141833.1432454478 0.4494783412749609
142400.4758184296 0.46845748574118123
142970.07772170333 0.5039726074737638
143541.95803259013 0.4412526153549154
144116.12586472047 0.43312167883012437
144692.59036817937 0.42497414238864234
145271.3607296521 0.4181705913746526
145852.44617257072 0.44003536725342
146435.85595726097 0.4248711634726968
147021.59938109003 0.42157419324188566
147609.6857786144 0.43974030757026095
148200.12452172884 0.3975012158114298
148792.92501981577 0.3711556542486756
149388.09671989502 0.3949319987208253
149985.6491067746 0.3814906139966814
150585.59170320167 0.3807603385916322
151187.93407001448 0.3788749396668857
151792.68580629455 0.35475332840215645
152399.85654951975 0.38872715082030446
153009.45597571784 0.37944649618178694
153621.4937996207 0.3539211805406855
154235.97977481916 0.3393216451437221
154852.92369391845 0.3408870132895127
155472.3353886941 0.31085688591489796
156094.2247302489 0.3275699070369759
156718.60162916992 0.33756038934563726
157345.47603568656 0.2930034096376363
157974.8579398293 0.31170929934107044
158606.75737158864 0.3138920808367673
159241.18440107498 0.3323830533707826
159878.14913867926 0.2672556100890296
160517.661735234 0.3008070810333301
161159.73238217493 0.2780767660683566
161804.3713117036 0.3070414723244493
162451.58879695044 0.2595186246169015
163101.39515213823 0.2813739869356
163753.8007327468 0.2815911458360754
164408.81593567782 0.2680513221204028
165066.45119942052 0.2586970539735778
165726.71700421823 0.26023842126580793
166389.62387223504 0.2258692356485961
167055.18236772402 0.2529204342508869
167723.40309719497 0.2732619541462536
168394.2967095837 0.25739325963668647
169067.87389642204 0.2353474239568236
169744.14539200772 0.2340048056306982
170423.1219735757 0.26228684798772356
171104.81446147006 0.20495124730277975
171789.23371931593 0.23596858931919815
172476.3906541932 0.2159710071876417
173166.29621680998 0.2160313426889076
173858.96140167722 0.1887633453017411
174554.39724728392 0.22307365059436524
175252.61483627307 0.21141880820992426
175953.62529561817 0.20522435586459453
176657.43979680064 0.201042847300053
177364.06955598784 0.19623219912170023
178073.52583421173 0.19423671354703959
178785.8199375486 0.20854943722227323
179500.9632172988 0.1793447041493089
180218.967070168 0.19974948147804125
180939.84293844865 0.19123855235383622
181663.60231020238 0.16178125574146085
182390.25671944322 0.18610869516596618
183119.81774632097 0.1887465742815101
183852.29701730626 0.17557947177484035
184587.7062053755 0.1713149328450773
185326.057030197 0.15422239694646414
186067.3612583178 0.1463282780282198
186811.63070335102 0.16305318418270184
187558.8772261645 0.15510254979709515
188309.11273506918 0.18005571265649156
189062.3491860094 0.1601828487830733
189818.59858275342 0.1432310145842727
190577.87297708448 0.16538941963950585
191340.18446899284 0.1595172480808795
192105.54520686882 0.14120936092671799
192873.9673876963 0.13694114814063651
193645.46325724703 0.14353195953272135
194420.04511027603 0.11753144262710441
195197.72529071715 0.14661707717417582
195978.51619188 0.1268590274478192
196762.4302566476 0.13131206059072728
199107.9942767367 0.1284883318465488
203090.15416227144 0.11487549563511384
207151.95724551688 0.1130379291192428
211294.9963904272 0.09679003888486074
215520.89631823578 0.09375286260033935
219831.31424460045 0.08674195024332612
224227.94052949245 0.07800044043198824
228712.4993400823 0.07789022056011159
233286.74932688402 0.07302218331576885
237952.48431342165 0.06184803867434853
242711.5339996901 0.06386766348048625
247565.76467968393 0.05613580002905274
252517.0799732776 0.04967161729981842
257567.42157274322 0.049348563798744964
262718.770004198 0.04677515265843669
267973.145404282 0.039093617548094095
273332.6083123676 0.041323733629538575
278799.26047861495 0.03617196414760896
284375.2456881872 0.030183420693924348
290062.750601951 0.03257480351029714
295864.00561398995 0.028355425052535743
301781.2857262697 0.026900092545298227
307816.91144079523 0.023108799047141176
313973.24966961105 0.02344416604421262
320252.7146630032 0.021799643383308767
326657.7689562633 0.019965570168533796
333190.92433538847 0.016971788542357633
339854.7428220964 0.018183132915087205
346651.83767853834 0.015286611402307445
353584.87443210906 0.013521035318929
360656.57192075124 0.012870917543766715
367869.70335916633 0.012800534732146176
375227.09742634965 0.011061052555379255
382731.63937487674 0.011152520332444502
390386.2721623741 0.009833231527927056
398193.99760562164 0.009047586251884003
406157.87755773397 0.007721008795442486
414281.0351088888 0.008185022800669704
422566.65581106645 0.007542025082939042
431017.98892728786 0.006415539891810123
439638.3487058336 0.006056034187363391
448431.11567995034 0.005716200498942713
457399.7379935492 0.005239252229884418
466547.7327534202 0.004745448211513434
475878.6874084886 0.004576066479117705
485396.2611566584 0.004336698354342638
495104.1863797916 0.003744309344670528
505006.2701073874 0.003626602834569914
515106.39550953516 0.003178895901760266
525408.5234197257 0.0033620398896840086
535916.6938881205 0.00301756335466908
546635.0277658828 0.002774117416783964
557567.7283212005 0.002347697767262361
568719.0828876244 0.0022611759364471054
580093.4645453768 0.0021494493386186985
591695.3338362843 0.002038391199229152
603529.2405130101 0.0018368861560361088
615599.8253232702 0.0018675848104200649
627911.8218297358 0.0015689201814599273
640470.0582663304 0.0013596858746707375
653279.459431657 0.001286883911134966
666345.04862029 0.0012098261255346395
679671.9495926959 0.001243743369524673
693265.38858455 0.001185170521663337
707130.6963562409 0.0010131378608470186
721273.3102833657 0.0008806936113893765
735698.7764890331 0.0008471138322634401
750412.7520188137 0.0007657634172761809
765421.0070591901 0.0007641614419293195
780729.4272003738 0.0007006547422338672
796344.0157443815 0.0006511298842950979
812270.896059269 0.0005564988564388394
828516.3139804546 0.0005177069110954032
845086.6402600636 0.0004992396698509498
861988.3730652649 0.00048657678607422374
879228.14052657 0.0005314648406268361
896812.7033371016 0.0004212460026605529
914748.9574038435 0.00040965836963460003
933043.9365519203 0.00035551682522249033
951704.8152829591 0.0003045755254900143
970738.911588618 0.0003299414485430833
990153.6898203905 0.00025694262523056754
