1000.5530765187797 2.2567669556188086e-29
1004.5552888248548 4.1406290125663214e-114
1008.5735099801544 1.6760973034548759e-109
1012.607804020075 5.653325793606382e-109
1016.6582352361554 5.983738991491454e-114
1020.7248681770998 4.6921507945744333e-79
1024.8077676498083 8.436977581287691e-85
1028.9069987204075 9.072700565484237e-107
1033.022626715289 5.518467060610051e-74
1037.1547172221503 1.284535352046914e-110
1041.3033360910388 4.0213392578368404e-102
1045.468549435403 9.598486052649805e-96
1049.6504236331448 4.4519712932255287e-113
1053.8490253276773 3.323736569853541e-84
1058.064421428988 6.225756094224791e-106
1062.296679114704 3.660433602141445e-83
1066.5458658311627 1.582321743656486e-92
1070.8120492944875 1.411875749546778e-96
1075.0952974916654 2.714849140123329e-75
1079.3956786816323 3.80330423235322e-97
1083.7132613963586 1.8615668530793598e-72
1088.048114441944 7.603967597606498e-78
1092.4003068997117 2.7948515868743636e-51
1096.7699081273104 2.766658473929967e-76
1101.15698775982 7.314799261531953e-79
1105.561615710859 9.144045731474315e-53
1109.9838621737026 2.307815021567436e-61
1114.4237976223976 3.041120628458105e-70
1118.8814928128868 2.4443026302229347e-77
1123.3570187841383 2.3513019487626167e-70
1127.8504468592753 2.6093491559050564e-40
1132.361848646712 7.951425058832308e-50
1136.8912960412988 1.5063593669461812e-48
1141.438861225464 2.0119746269339453e-47
1146.004616670366 5.994179370630314e-46
1150.5886351370475 1.1172201555204027e-47
1155.190989677596 7.111726092923962e-50
1159.8117536363065 8.548671892148201e-46
1164.4510006508515 1.3636543508267918e-50
1169.108804653455 2.881132694068953e-53
1173.7852398720688 1.0716677230501361e-42
1178.480380831557 1.2886029222649215e-39
1183.1943023548836 9.29015464850715e-41
1187.9270795643029 1.1013512501935833e-44
1192.67878788256 2.0913456562766596e-38
1197.4495030340906 2.4812803571936764e-35
1202.2393010462267 3.233078524703591e-49
1207.0482582504117 5.334300281241087e-36
1211.8764512834132 5.323920010742529e-39
1216.7239570885472 3.182337599043757e-34
1221.5908529169012 1.1794868714198216e-30
1226.4772163285688 1.1519828318790094e-28
1231.383125193883 1.0768334607409482e-31
1236.3086576946585 2.836329927537287e-30
1241.2538923254372 3.0196405884577e-31
1246.2189078947392 2.735225038215512e-34
1251.203783526318 4.575109796794438e-31
1256.2085986604231 2.6858660374819937e-34
1261.233433055065 1.0094044249256827e-30
1266.2783667872852 1.33109841625893e-32
1271.3434802544346 1.2136608032128695e-29
1276.4288541754522 1.2504939192221693e-31
1281.534569592154 1.7128253182908616e-30
1286.6607078705229 3.498660258162029e-31
1291.8073507020044 1.6430607180957565e-28
1296.9745801048125 1.079656264393664e-28
1302.162478425232 1.5402376288016138e-30
1307.3711283389327 6.132054000688063e-29
1312.6006128522888 3.0105668684080655e-28
1317.851015303698 2.739053520196389e-28
1323.1224193649127 6.575199923939976e-28
1328.4149090423725 1.7879272126046903e-27
1333.728568678542 5.780694492949438e-26
1339.0634829532567 2.0711366254803266e-27
1344.4197368850691 1.7422461680150513e-27
1349.7974158326099 4.099227090374235e-27
1355.1966054959403 1.9647217158962104e-26
1360.6173919179244 8.735345253281719e-27
1366.059861485596 3.975659412558297e-27
1371.5241009315384 9.537366484224345e-27
1377.0101973352646 1.965369712064189e-26
1382.5182381246057 1.2119275997092155e-25
1388.0483110771042 1.1104324539922763e-25
1393.6005043214122 6.037179156880863e-25
1399.1749063386976 3.4794512263734973e-26
1404.7716059640527 1.890310272933425e-24
1410.3906923879088 2.2560268134792658e-24
1416.0322551574602 2.601734726071948e-23
1421.6963841780905 1.5496211505556637e-24
1427.3831697148032 1.674484289736088e-24
1433.0927023936622 1.1590673801757199e-21
1438.8250732032368 1.5020238306394842e-23
1444.5803734960498 1.2061081702253409e-21
1450.3586949900334 9.65343962535365e-22
1456.1601297699938 4.042150350252976e-21
1461.984770289074 1.7238922925489235e-21
1467.83270937023 1.102632031820053e-21
1473.704040207711 4.0014999947535585e-21
1479.5988563685412 4.275464748424686e-21
1485.5172517940157 2.5878571590502522e-21
1491.459320801192 6.306027094185261e-20
1497.4251580843968 1.024336888526634e-20
1503.4148587167342 1.6574768050737813e-19
1509.4285181516007 1.4072714443413471e-19
1515.4662322242077 4.487064990095316e-20
1521.5280971531042 3.145435686629282e-19
1527.6142095417167 4.962141394808398e-19
1533.7246663798837 6.131411821049962e-19
1539.859565045403 1.3120561181166911e-18
1546.0190033055849 1.4710977071478795e-19
1552.203079318807 9.26273917470539e-19
1558.4118916360824 4.379210626127637e-18
1564.6455392026269 2.243840871789036e-18
1570.9041213594373 5.717885916009251e-18
1577.187737844875 3.592776976252039e-18
1583.4964887962547 1.3478514801336961e-17
1589.8304747514399 1.3692327773850537e-17
1596.1897966504455 1.455886178714355e-17
1602.5745558370472 2.105497925781901e-17
1608.9848540603957 2.742011780069271e-17
1615.4207934766368 3.567692689060227e-17
1621.8824766505436 6.369429619845956e-17
1628.3700065571454 8.512604138817834e-17
1634.8834865833744 9.046472910789773e-17
1641.4230205297079 1.7237138876946596e-16
1647.9887126118267 1.5978235722719016e-16
1654.580667462274 1.447530799297735e-16
1661.198990132123 3.9809478919615015e-16
1667.8437860926513 3.1427387840826567e-16
1674.515161237022 6.913785460564166e-16
1681.2132218819695 1.077169214584996e-15
1687.9380747694975 1.3827740439443793e-15
1694.6898270685758 2.5374055337940576e-15
1701.4685863768502 2.4014085234445714e-15
1708.2744607223572 1.8335344953772467e-15
1715.1075585652468 2.6479167206257253e-15
1721.967988799508 2.755264032659005e-15
1728.8558607547059 3.1048798802214357e-15
1735.7712841977245 6.134516301169185e-15
1742.7143693345156 7.311307679166916e-15
1749.6852268118535 9.624784935968096e-15
1756.6839677191008 1.6870692700447022e-14
1763.7107035899771 2.399404513672477e-14
1770.7655464043373 1.9896191122690073e-14
1777.8486085899544 2.211645391046509e-14
1784.9600030243143 2.8779693876654273e-14
1792.0998430364118 3.143784597305496e-14
1799.2682424085576 4.990801305491412e-14
1806.4653153781921 5.3161462333123616e-14
1813.6911766397043 7.700003052211482e-14
1820.945941346263 1.0637754006937638e-13
1828.2297251116483 1.3790791679913072e-13
1835.5426440120948 1.3624751245793246e-13
1842.8848145881432 1.7128078491160381e-13
1850.2563538464956 2.10353103000093e-13
1857.657379261881 2.611668359786293e-13
1865.0880087789287 3.4011808557773896e-13
1872.5483608140448 3.981431094122752e-13
1880.0385542573008 5.125467081964106e-13
1887.5587084743302 6.412817470811582e-13
1895.1089433082268 7.892969440548008e-13
1902.68937908146 9.14274392852856e-13
1910.3001365977857 1.1122629246420532e-12
1917.9413371441767 1.3240648546633213e-12
1925.6131024927531 1.583276904865133e-12
1933.3155549027244 1.9113870752737862e-12
1941.0488171223355 2.2667674233370105e-12
1948.8130123908247 2.733219917949341e-12
1956.608264440388 3.2533547470801126e-12
1964.434697498149 3.870062658335177e-12
1972.2924362881417 4.590414644757027e-12
1980.1816060332944 5.432204053446952e-12
1988.1023324574276 6.437083390957458e-12
1996.0547417872574 7.591805009819073e-12
2004.0389607544066 8.986367695949942e-12
2012.0551165974243 1.0598856869106843e-11
2020.1033370638136 1.2513534659124565e-11
2028.1837504120688 1.475325513526799e-11
2036.2964854137172 1.7380927470558546e-11
2044.4416713553724 2.0474364026417338e-11
2052.6194380407937 2.408935570278495e-11
2060.829915792957 2.833093494149059e-11
2069.0732354561287 3.32874761454193e-11
2077.3495283979532 3.908422877329194e-11
2085.6589265115445 4.586441122647508e-11
2094.001562217591 5.376654708892441e-11
2102.3775684664615 6.299711038396087e-11
2110.787078740328 7.373700823264659e-11
2119.2302270552887 8.628984419923376e-11
2127.70714796351 1.008923601192798e-10
2136.217976555364 1.1789255437293728e-10
2144.7628484615852 1.3758917405757786e-10
2153.341899855432 1.6059046704078024e-10
2161.9552674548536 1.873086598852018e-10
2170.603088524673 2.1829409154816765e-10
2179.285500878772 2.5413375315945976e-10
2188.0026428822866 2.9578673897387787e-10
2196.754653453816 3.440902138911548e-10
2205.541672067631 3.999246293778087e-10
2214.3638387559017 4.6480779325395094e-10
2223.2212941109246 5.392803589014829e-10
2232.114179287369 6.263151233325662e-10
2241.0426360045185 7.257205775565721e-10
2250.0068065485366 8.416694425997922e-10
2259.0068337747302 9.737398008690723e-10
2268.0428611098296 1.1270841271036486e-09
2277.115032554269 1.3031817454185725e-09
2286.223492684486 1.5072311136070616e-09
2295.368386655224 1.7426941926953124e-09
2304.549860201845 2.009043855142801e-09
2313.7680596426517 2.32063042177108e-09
2323.0231318812225 2.675434196729133e-09
2332.3152244087473 3.08513655065369e-09
2341.6444853063817 3.551640817557779e-09
2351.0110632476076 4.083015005464452e-09
2360.415107500598 4.700594914406794e-09
2369.8567679306 5.399287452131952e-09
2379.3361950023227 6.208677691947876e-09
2388.853539782332 7.126240282749548e-09
2398.4089539414617 8.177849750186206e-09
2408.0025897572273 9.386719508041104e-09
2417.6346001162565 1.0750344925029492e-08
2427.3051385167214 1.232782984696559e-08
2437.0143590707885 1.4115441227248297e-08
2446.762416507072 1.6163011896158013e-08
2456.5494661731 1.8470795155282118e-08
2466.375664037793 2.1112691422096733e-08
2476.2411666939443 2.412287614629768e-08
2486.1461313607197 2.750864078403097e-08
2496.090715886162 3.140208668527574e-08
2506.075078749707 3.580812814672525e-08
2516.0993790647044 4.0816371729966524e-08
2526.163776580964 4.6510811246381425e-08
2536.268431687288 5.2959532125645885e-08
2546.4135054140374 6.02614990223807e-08
2556.599159435693 6.85067658428567e-08
2566.825556073436 7.783817130393343e-08
2577.09285829773 8.843323461988172e-08
2587.4012297309205 1.0039146148868088e-07
2597.7508346498444 1.1393129542178568e-07
2608.141837988444 1.2921578556066934e-07
2618.5744053403982 1.4647012583386473e-07
2629.0487029617593 1.6593551378183157e-07
2639.5648977736064 1.8787682569168587e-07
2650.123157364701 2.1261104072632057e-07
2660.7236499941596 2.404822121580402e-07
2671.366544594136 2.718598662125068e-07
2682.052010772512 3.071783742011902e-07
2692.7802188156024 3.4689914488482134e-07
2703.551339690865 3.915551150966453e-07
2714.365545049628 4.417304375473637e-07
2725.223007229827 4.980775777939508e-07
2736.123899258746 5.613256876366639e-07
2747.0683948557817 6.322845642926827e-07
2758.0566684352048 7.118500969368464e-07
2769.0888951089455 8.010224254266121e-07
2780.165250689381 9.009106334727689e-07
2791.2859116921386 1.012745440448215e-06
2802.451055338907 1.1378917587677016e-06
2813.660859560263 1.2778630644053586e-06
2824.9155029985036 1.4343394985213876e-06
2836.2151650104965 1.6091780046043769e-06
2847.5600256705393 1.8044353470310002e-06
2858.950265773222 2.0223881341037936e-06
2870.386066836315 2.2655532216259294e-06
2881.8676111036607 2.53671322969999e-06
2893.3950815480757 2.838940587668628e-06
2904.968661874268 3.1756324820976943e-06
2916.588536521764 3.550533495594889e-06
2928.254890667851 3.967776831081236e-06
2939.9679102305226 4.431913936770482e-06
2951.727781871445 4.947970419423292e-06
2963.534692998931 5.521473406023307e-06
2975.3888317709266 6.158510653319031e-06
2987.2903870980094 6.865789266711273e-06
2999.2395486464025 7.650670001014018e-06
3011.2365068409886 2.0698429352775194e-09
3023.2814528683516 2.3182148504537937e-09
3035.374578679825 1.4893518797532129e-09
3047.516076994544 2.762836402553661e-09
3059.7061413025226 3.1519068916342737e-09
3071.9449658677336 3.056874215056e-09
3084.232745731204 2.5202554000810868e-09
3096.569676714128 9.673307656756192e-10
3108.955955420985 9.155777227436141e-10
3121.3917792426687 1.849600746023052e-09
3133.8773463596394 1.7283936262696027e-09
3146.412855745078 1.3834811897286634e-09
3158.998507168058 1.0346510945654884e-09
3171.6345011967305 7.374111587204804e-10
3184.321039201517 5.067313348353608e-10
3197.0583233583234 3.33082783450829e-10
3209.8465566517566 1.7529527688529697e-10
3222.6859428783637 7.999354722124335e-11
3235.576686649877 5.923031803065517e-11
3248.518993396477 2.155449859509549e-11
3261.513069370063 7.164420448293064e-12
3274.559121647543 3.363634136000831e-12
3287.6573581341336 1.2893731833644588e-12
3300.8079875666704 1.593017968473195e-13
3314.0112195169368 8.430317588893841e-13
3327.2672643950045 4.203162824915661e-12
3340.5763334525845 1.1788287883908832e-11
3353.938638786395 4.039907130253275e-11
3367.354393341541 1.588947145420165e-10
3380.8238109149074 4.910403788745663e-10
3394.347106158567 1.2004092241277554e-09
3407.924494583201 2.5147412366302226e-09
3421.5561925615334 4.513027892481384e-09
3435.2424173317804 4.908669661684618e-09
3448.9833870011066 1.5434824944332899e-09
3462.7793205491116 1.3626066229148985e-08
3476.630437831308 3.980175428949105e-08
3490.536959582633 7.99080539904758e-08
3504.4991074209643 1.3849326154747733e-07
3518.5171038506473 2.2365324454806545e-07
3532.5911722660503 3.4399107587106585e-07
3546.7215369551145 5.117357392829769e-07
3560.9084231029346 7.42376806868149e-07
3575.1520567953467 1.0557042468356868e-06
3589.452665022528 1.477105962003807e-06
3603.810475682617 2.0381628630022593e-06
3618.225717585348 2.7773503967954532e-06
3632.698620455689 3.7400944957452226e-06
3647.2294149375116 4.979548795269625e-06
3661.8183325972614 6.557009386753266e-06
3676.4656059276513 8.541057547672765e-06
3691.1714683513615 1.1003887110668635e-05
3705.936154224767 1.4020508712147576e-05
3720.7598988416657 1.766857768035722e-05
3735.6429384370326 2.2016309744264513e-05
3750.585510190781 2.7117094775708662e-05
3765.587852231544 3.300497755794509e-05
3780.6502036404704 3.967206281158234e-05
3795.772804455032 4.705022765127097e-05
3810.955895672852 5.498097071606564e-05
3826.199719255544 6.324138360193106e-05
3841.504518132566 7.138527583809834e-05
3856.870536205096 7.881841405051652e-05
3872.2980183499167 8.478743841942705e-05
3887.7872104233156 8.826552926128227e-05
3903.338359265009 8.823869472689319e-05
3918.9517127020695 8.377568970152062e-05
3934.6275195528774 7.449232718789718e-05
3950.3660296310895 6.110189608384552e-05
3966.1674937496136 4.5573574738221424e-05
3982.0321637246125 3.0333131829606245e-05
3997.9602923795105 1.6769502866224703e-05
4013.9521335490285 6.0628544286411695e-06
4030.007942083225 1.0860312507407465e-06
4046.1279738515577 4.676253555703737e-08
4062.312485746964 1.2631301363209445e-06
4078.5617356899515 8.773202889790647e-06
4094.8759826327114 3.0306007682930593e-05
4111.255486563242 6.92431576386434e-05
4127.700508509496 0.00013400369256367297
4144.211310543533 0.00023566708751794664
4160.788155785708 0.00038113227127422336
4177.431308408849 0.0005726359487839264
4194.141033642486 0.0008096252436078172
4210.917597777056 0.0010907598624415992
4227.761268168164 0.0014160840274645417
4244.672313240838 0.0017850161250200112
4261.651002493801 0.0022005599490775123
4278.697606503776 0.002660218494484935
4295.812396929791 0.003174000856334612
4312.995646517511 0.0037365663764926276
4330.24762910358 0.004353207767514164
4347.568619619994 0.005038602589955911
4364.958894098475 0.005786834497993665
4382.418729674868 0.006589312001343913
4399.948404593568 0.0074663133317428
4417.548198211942 0.00845464100131922
4435.21839100479 0.009518897830294762
4452.959264568809 0.010672589676290352
4470.771101627084 0.01191741783314344
4488.654186033592 0.01322131403527597
4506.608802777726 0.01468444403906697
4524.635237988838 0.016343787791990173
4542.733778940792 0.01806753982225529
4560.904714056555 0.01972022418481004
4579.148332912781 0.00673232970757823
4597.464926244433 0.005984353003466441
4615.85478594941 0.0051324692018839034
4634.318205093208 0.004236538772422955
4652.855477913582 0.00339785760436845
4671.466899825236 0.0028230776796844977
4690.152767424537 0.0021233554167319592
4708.913378494234 0.0013152547029106584
4727.749032008212 0.0006471184354594854
4746.660028136244 0.0002596710485709788
4765.646668248789 9.33791001759639e-05
4784.709254921784 3.281092421512396e-05
4803.8480919414715 1.2064466935230808e-05
4823.063484309237 4.985182776541065e-06
4842.355738246474 2.5652275035061318e-06
4861.72516119946 1.7650646420680639e-06
4881.172061844257 1.4488006475144081e-06
4900.6967500916335 1.305552017559393e-06
4920.299537092001 1.1953491075141015e-06
4939.9807352403695 1.0871339015594868e-06
4959.740658181329 9.76164724105977e-07
4979.5796208140555 8.627506905728541e-07
4999.497939297312 7.527339722980006e-07
5019.495931054502 6.658480212002004e-07
5039.57391477872 6.205416763848294e-07
5059.732210437835 6.21820409904543e-07
5079.971139279585 6.563452788270961e-07
5100.291023836704 7.01427307024252e-07
5120.692187932051 7.410954625868106e-07
5141.174956683781 7.804821678345508e-07
5161.739656510514 8.292094686770382e-07
5182.386615136556 8.818049584464465e-07
5203.116161597103 9.295808660298905e-07
5223.928626243489 9.776629216826705e-07
5244.824340748465 1.031666725633923e-06
5265.803638111459 1.0863507497548303e-06
5286.866852663905 1.1414315514573228e-06
5308.0143200745615 1.2046103217666907e-06
5329.246377354859 1.2727533137600072e-06
5350.563362864278 1.3435369703509476e-06
5371.965616315736 1.4246022428448092e-06
5393.453478780998 1.511543166144884e-06
5415.027292696122 1.6013461217360256e-06
5436.687401866905 1.7044146030078508e-06
5458.434151474374 1.8137636699599843e-06
5480.267888080271 1.928858352465797e-06
5502.188959632591 2.0572615031936927e-06
5524.197715471122 2.195752670372624e-06
5546.294506333006 2.3424210869461187e-06
5568.479684358337 2.5033339600530914e-06
5590.753603095771 2.678444550477017e-06
5613.1166175081535 2.86367301850986e-06
5635.569083978187 3.068915051737871e-06
5658.1113603140975 3.284755391656811e-06
5680.743805755354 3.505378223673477e-06
5703.466780978376 3.7692235795719627e-06
5726.28064810229 4.046910190359699e-06
5749.185770694699 4.345123270145725e-06
5772.182513777476 4.673031057610628e-06
5795.271243832587 5.029699899310671e-06
5818.452328807918 5.42137097063671e-06
5841.72613812315 5.8446252171240855e-06
5865.093042675643 6.264281192944214e-06
5888.553414846345 6.715403235298658e-06
5912.10762850573 7.373143711116247e-06
5935.756059019754 8.27133438521255e-06
5959.499083255832 9.219010024927268e-06
5983.337079588855 1.0271267856855811e-05
6007.27042790721 1.1476939740404352e-05
6031.299509618841 1.2859458199401349e-05
6055.424707657316 1.4396278263518077e-05
6079.646406487946 1.6114675414307157e-05
6103.964992113897 1.8052068786927766e-05
6128.380852082353 2.0239810084621095e-05
6152.894375490681 2.270808767078467e-05
6177.505952992646 2.5475457224052357e-05
6202.215976804616 2.8582175249837162e-05
6227.024840711833 3.207866768120281e-05
6251.932940074681 3.601438689576544e-05
6276.940671834981 4.043911234889642e-05
6302.048434522321 4.557135177011941e-05
6327.256628260409 5.128178997052745e-05
6352.5656547734525 5.7751196367725706e-05
6377.975917392546 6.500957327984258e-05
6403.487821062116 7.319311451426705e-05
6429.101772346364 8.236548418890479e-05
6454.81817943575 9.21999989592851e-05
6480.637452153493 0.00010353505434267808
6506.560001962106 0.00011733305653094549
6532.586241969955 0.00013258199566847006
6558.716586937834 0.00014957816308879817
6584.951453285586 0.0001690936777292783
6611.291259098727 0.00019164681523006657
6637.7364241351215 0.00021720057144433808
6664.2873698316625 0.0002460651966150166
6690.94451931099 0.00027854762301814936
6717.7082973882325 0.00031534868838636084
6744.579130577787 0.0003570750694119001
6771.557447100097 0.00040377340326918656
6798.643676888497 0.00045554754058535994
6825.838251596053 0.0005129669387671364
6853.141604602436 0.0005770997732202017
6880.554171020846 0.0006478529925385906
6908.0763877049285 0.0007196351608329326
6935.708693255749 0.0007759604515512213
6963.4515280287715 0.0008910408934141558
6991.305334140887 0.0009948762749793288
7019.270555477449 0.0011030689661178901
7047.34763769936 0.0012411471890887353
7075.537028250157 0.0013924898545536215
7103.839176363159 0.001556507116857322
7132.254533068612 0.0017372693220231163
7160.783551200888 0.0018356476978563813
7189.42668540569 0.0019648288500038686
7218.184392147313 0.002301065750679084
7247.0571297159 0.0024424284824307737
7276.045358234765 0.0027191220035662333
7305.149539667704 0.002862104654172313
7334.370137826372 0.0032667313744685574
7363.707618377678 0.0035153812291559682
7393.162448851191 0.003793961872644418
7422.735098646595 0.004071728576407025
7452.426039041182 0.004309311727079382
7482.235743197345 0.004510914561305386
7512.1646861701365 0.004603156966012725
7542.213344914818 0.004630636198090721
7572.382198294477 0.00456931008301317
7602.671727087656 0.004218692240860653
7633.082413996006 0.002657461536943873
7663.614743651989 0.0006180913975868337
7694.269202626598 0.0008209574904602762
7725.046279437104 0.0020594389412712027
7755.946464554851 0.0036870646883543365
7786.970250413072 0.006024708409719963
7818.118131414723 0.008036672847724155
7849.390603940383 0.009757217758179802
7880.788166356144 0.011579544342462412
7912.311319021571 0.013632816598892077
7943.960564297654 0.015916069022818335
7975.736406554845 0.018266213904169746
8007.639352181065 0.020925529122892937
8039.669909589788 0.023733483190522434
8071.828589228147 0.026396790096109093
8104.115903585063 0.027902840868273854
8136.532367199402 0.028274092054439228
8169.078496668199 0.03208399995206182
8201.754810654873 0.037773791995298865
8234.561829897493 0.04085086652375632
8267.500077217084 0.05191071648429048
8300.570077525952 0.05668655748235572
8333.772357836056 0.06387349109176839
8367.1074472674 0.07212926197605433
8400.575877056472 0.08315437723834855
8434.178180564695 0.09437210724994621
8467.914893286956 0.10628176991655981
8501.786552860101 0.11881858901778636
8535.793699071543 0.13356249097322104
8569.936873867831 0.15018479792100536
8604.216621363299 0.16896076868199683
8638.633487848754 0.18982558929012824
8673.18802180015 0.2121561286466153
8707.880773887353 0.23570789783192606
8742.7122969829 0.26118190641050787
8777.68314617083 0.2876401884852559
8812.793878755514 0.31560353133796537
8848.045054270535 0.3435066238114434
8883.437234487617 0.3532232659241049
8918.970983425568 0.3122794577296442
8954.64686735927 0.3038450832337314
8990.465454828707 0.3132761901761041
9026.427316648023 0.4357165330762171
9062.533025914616 0.5069895544009536
9098.783158018272 0.4995863022222532
9135.178290650345 0.5342788412318761
9171.719003812947 0.5226502058705704
9208.405879828202 0.6443756808877652
9245.239503347511 0.6230169016591985
9282.2204613609 0.17204302193778886
9319.349343206346 0.08528112829802896
9356.626740579171 0.1447198315529687
9394.053247541488 0.3930478931458157
9431.629460531654 0.3248775266340521
9469.355978373778 0.2536632885726874
9507.233402287276 0.2637299352670261
9545.262335896427 0.2818485769339137
9583.443385240013 0.24958766670731317
9621.777158780975 0.31849392721965836
9660.264267416096 0.49227332677219804
9698.90532448576 0.7497463625502621
9737.7009457837 0.7605783294415812
9776.651749566838 0.8649074018561589
9815.758356565104 0.9958262693801162
9855.021389991363 1.163130705776668
9894.441475551332 1.3428417520465408
9934.019241453534 1.4679013569658326
9973.755318419348 1.5571475256513045
10013.650339693024 1.359247328566346
10053.704941051796 1.372983117413092
10093.919760816003 1.3170982039690002
10134.295439859268 1.2305037568899337
10174.832621618703 1.07781830797775
10215.531952105179 1.0076997947504516
10256.394079913602 1.0052183325596185
10297.419656233254 1.013590102679943
10338.609334858189 0.8344886164457905
10379.96377219762 0.8314334476747389
10421.483627286412 0.8054314254641437
10463.169561795556 0.7667159166319661
10505.022240042741 0.7240277962240766
10547.042329002912 0.6869956018172275
10589.230498318922 0.6397303443411156
10631.587420312197 0.5876968634049144
10674.113769993448 0.5330875112579234
10716.810225073421 0.4829897155477889
10759.677465973711 0.439745838482484
10802.716175837608 0.40771901212956874
10845.927040540959 0.37745829301370476
10889.310748703121 0.34527338947273767
10932.867991697934 0.29443119442245286
10976.599463664725 0.23637976586248893
11020.505861519383 0.15878716312869248
11064.587884965462 0.100639724518051
11108.846236505324 0.05537205144043656
11153.281621451348 0.027538107882297373
11197.894747937147 0.03143398486105544
11242.686326928899 0.041274890500493926
11287.657072236614 0.06604577125736061
11332.807700525562 0.0322498766364376
11378.138931327663 0.08569453664644074
11423.651487052975 0.09517538393016022
11469.346093001184 0.07247049456047298
11515.22347737319 0.06177079207791347
11561.284371282683 0.054627866867895516
11607.529508767815 0.060776966369211524
11653.959626802887 0.09635626552201484
11700.5754653101 0.12420902432349012
11747.377767171341 0.12924663399120165
11794.367278240028 0.20432242898889127
11841.544747352984 0.23816214031186586
11888.9109263424 0.2602060015613329
11936.46657004777 0.2596495155934742
11984.212436327958 0.2711207316842979
12032.149286073272 0.2827064660218607
12080.277883217566 0.29956213401803505
12128.598994750435 0.3132150786797381
12177.113390729437 0.3418305266481218
12225.821844292353 0.3710557977929088
12274.725131669524 0.42633885967456897
12323.824032196202 0.4716753963661504
12373.119328324985 0.5254300769994856
12422.611805638286 0.5942021659722241
12472.302252860838 0.6785120325205786
12522.19146187228 0.7367193903030878
12572.280227719768 0.8313556875982253
12622.569348630648 0.957974065147172
12673.059626025171 1.071645923629502
12723.751864529271 1.1140776278484488
12774.646871987386 1.1206566684408426
12825.74545947534 1.0503825413399268
12877.04844131324 0.9819291871607887
12928.556635078494 0.9568178419669058
12980.270861618808 0.9652714248110961
13032.191945065284 0.9321050259163105
13084.320712845543 0.9614609120611665
13136.657995696927 0.9059743351613269
13189.204627679715 0.95896683882812
13241.961446190431 0.8639551475330121
13294.929291975195 0.5260739730884174
13348.109009143096 0.2028903700293912
13401.50144517967 0.02764948299014127
13455.107450960388 0.006114306190383397
13508.927880764231 0.002545947506586925
13562.963592287288 0.00044995511248422065
13617.215446656439 0.0006971309161363519
13671.684308443064 0.001801621736078797
13726.371045676835 0.002207100541233059
13781.276529859542 0.009834393660047855
13836.40163597898 0.0010943618027557857
13891.747242522899 0.0027616139061873274
13947.314231492988 0.0022670475244772293
14003.103488418961 0.005210629440259217
14059.115902372636 0.0047489325874236965
14115.352365982128 0.004410378883227988
14171.813775446057 0.005886449246907738
14228.501030547843 0.006983105000213527
14285.41503467003 0.024571716579536874
14342.556694808713 0.01809016238852389
14399.926921587949 0.01984281236558949
14457.5266292743 0.0533509589526854
14515.356735791396 0.10380916245216958
14573.418162734559 0.16017943711033453
14631.711835385498 0.1159434139465705
14690.238682727038 0.0691595086196002
14748.999637457951 0.06398102514962378
14807.995636007783 0.06565301353264413
14867.227618551815 0.07325650101041015
14926.69652902602 0.09301742505833185
14986.403315142123 0.14292125715056772
15046.348928402693 0.1700054452770178
15106.534324116303 0.12135412535809173
15166.96046141277 0.12924734681120886
15227.62830325842 0.2122195705062609
15288.538816471453 0.2603068065839894
15349.692971737337 0.3195397972019093
15411.091743624287 0.35457866659695364
15472.736110598784 0.42689119636159967
15534.62705504118 0.504229598527958
15596.765563261344 0.6084951676774203
15659.152625514387 0.7197837467079985
15721.789236016448 0.8044662212616049
15784.676392960515 0.8311483481680798
15847.815098532355 0.8623626943338384
15911.206358926484 0.8477917717156825
15974.85118436219 0.8256090527256801
16038.75058909964 0.7710517304259511
16102.905591456036 0.6836854629850041
16167.31721382186 0.5803373985364442
16231.986482677148 0.45769042662088655
16296.914428607855 0.3748684827433331
16362.102086322288 0.34617657040574684
16427.550494667576 0.32602949984958446
16493.260696646248 0.34700660570988834
16559.23373943283 0.32346224431771425
16625.470674390563 0.3198345012252516
16691.972557088127 0.17979893617245507
16758.74044731648 0.2581199673249358
16825.775409105743 0.2513017097925528
16893.07851074217 0.2162414211145175
16960.650824785134 0.19084558641271687
17028.493428084275 0.1746235156572722
17096.607401796613 0.18500337807664347
17164.993831403797 0.17918387482695314
17233.653806729413 0.16360044950301467
17302.588421956334 0.14547495021148837
17371.798775644158 0.13816444401362032
17441.285970746736 0.12499923607083649
17511.05111462972 0.11910839595354081
17581.095319088243 0.0940445982372453
17651.419700364593 0.07096861362797127
17722.02537916605 0.060363549290895824
17792.913480682713 0.044863331430756666
17864.085134605448 0.032598373098957245
17935.54147514387 0.016355097887717617
18007.283641044443 0.016812660705113953
18079.312775608625 0.009297111976639339
18151.630026711056 0.008340254120601904
18224.236546817894 0.009203462024057864
18297.133493005167 0.003376150224480457
18370.32202697719 0.002955066788421417
18443.803315085097 0.006658883690999958
18517.578528345435 0.006154124074518568
18591.648842458817 0.004669139253536562
18666.01543782865 0.002267023534693537
18740.67949957997 0.001779423031064622
18815.642217578286 0.010427825180978248
18890.9047864486 0.008282872191141082
18966.4684055944 0.008340422716751946
19042.334279216768 0.003792265778495761
19118.50361633364 0.004258216020229238
19194.977630798967 0.00455585545043146
19271.757541322168 0.0031603171297674574
19348.844571487454 0.002871397812959856
19426.239949773408 0.002991563708742209
19503.9449095725 0.004119381609737035
19581.960689210795 0.004522841995480137
19660.28853196764 0.006434835625585976
19738.929686095507 0.00657738812912485
19817.885404839893 0.006925242383260358
19897.15694645925 0.008718187832728564
19976.745574245087 0.009371876418636873
20056.65255654207 0.009056735332086781
20136.879166768238 0.009232463759564127
20217.426683435307 0.008286253185565686
20298.296390169045 0.009071240454318142
20379.489575729727 0.009586184394889199
20461.007534032648 0.009848493940242883
20542.851564168777 0.009718242268100565
20625.02297042545 0.009488992834670945
20707.523062307162 0.008966553628352164
20790.353154556382 0.008396549427866978
20873.514567174607 0.007909216775008094
20957.008625443308 0.007432089391116827
21040.836659945082 0.007130960701624889
21125.000006584854 0.007001297707043562
21209.5000066112 0.007049877614558681
21294.33800663765 0.0072747219127104485
21379.515358664197 0.00759596914247977
21465.033420098855 0.007880233015470235
21550.893553779246 0.008094633287454243
21637.097127994366 0.007949897030245984
21723.645516506345 0.007972600741612334
21810.540098572368 0.007278178380163738
21897.782258966654 0.006772863698298475
21985.37338800253 0.004556869113009616
22073.314881554532 0.004800396278474697
22161.60814108075 0.005164146409740828
22250.25457364508 0.004437370198170799
22339.25559193965 0.004241761107033868
22428.61261430741 0.0035645122726410375
22518.32706476464 0.003199776221486981
22608.400373023702 0.002633442008399476
22698.833974515794 0.002938000651924665
22789.62931041386 0.002894332588995805
22880.78782765551 0.002923838082884494
22972.310978966132 0.0025811221628862092
23064.200222882002 0.0033088437571644957
23156.457023773528 0.0024823627217734744
23249.082851868614 0.0027470997251146105
23342.079183276095 0.002495376426595573
23435.447500009202 0.002364039538658901
23529.18929000923 0.002790648014566452
23623.306047169273 0.003409868550673399
23717.79927135796 0.0023577686102337903
23812.670468443375 0.003406783524443354
23907.92115031715 0.003642452825186602
24003.552834918424 0.003972988335544967
24099.56704625809 0.004598023999902709
24195.96531444313 0.004910940340093378
24292.749175700897 0.006076643221767853
24389.9201724037 0.007018276955164615
24487.479853093315 0.007786543399858203
24585.42977250569 0.0102380239121875
24683.771491595708 0.011299398825616508
24782.50657756209 0.012121290498665832
24881.636603872343 0.011432724948385492
24981.16315028783 0.012451227188131875
25081.087802888986 0.010071455522222585
25181.412154100537 0.008395745275640949
25282.137802716934 0.004761115378654914
25383.266353927807 0.0045498062917710465
25484.79941934352 0.0021434403102803174
25586.73861702089 0.0051534235130119045
25689.08557148898 0.0013868289775577332
25791.84191377493 0.0012766010617403553
25895.009281430033 0.0007189988428177843
25998.589318555754 0.0013457452095790889
26102.58367582998 0.0013831352771986923
26206.994010533297 0.003200306684264529
26311.821986575433 0.0028693598754124814
26417.069274521735 0.014050326831070253
26522.737551619815 0.010566071065638756
26628.828501826294 0.0010495071428492288
26735.343815833607 0.00019634643825190703
26842.285191096937 0.0008683318580326263
26949.654331861326 0.003153507620710525
27057.452949188766 0.0035289447984687586
27165.682760985525 0.003708983047268419
27274.345492029468 0.009464830624979962
27383.442873997585 0.001919947543140176
27492.976645493567 0.007070151337552324
27602.948552075544 0.0021683963801355922
27713.360346283847 0.00343933168903262
27824.213787668985 0.0022748895957029527
27935.510642819663 0.007921523015336806
28047.252685390937 0.004472319315709982
28159.441696132504 0.009360956779380848
28272.079462917034 0.018614968010070877
28385.167780768694 0.010502124083164983
28498.70845189177 0.0162463497291431
28612.703285699336 0.021348786240637407
28727.154098842133 0.03068817671949196
28842.062715237505 0.031093336531095563
28957.430966098455 0.03868333929528824
29073.260689962848 0.03241166874441713
29189.553732722703 0.04658957028836133
29306.311947653598 0.07348936926307169
29423.537195444205 0.06307254821675902
29541.231344225984 0.07104263507481272
29659.396269602887 0.07935767061941551
29778.033854681304 0.07913969190754198
29897.14599010003 0.12268350487731529
30016.734574060432 0.019530867214769203
30136.80151235667 0.10109885967574617
30257.348718406094 0.14834018737686333
30378.37811327972 0.14506687981565286
30499.89162573284 0.09788124143120723
30621.891192235766 0.25660395592565716
30744.37875700471 0.1864124126701069
30867.356272032728 0.18259611665533595
30990.825697120858 0.18482441951638193
31114.78899990934 0.11529662449487547
31239.24815590897 0.23963163375933705
31364.20514853261 0.20033289370109592
31489.661969126744 0.15285386397468392
31615.62061700325 0.13507155789552308
31742.083099471263 0.13099782007828348
31869.05143186915 0.07964075596468564
31996.527637596624 0.05288873609741493
32124.51374814701 0.04620180262955525
32253.011803139605 0.04485069537946253
32382.02385035216 0.06766826771042164
32511.55194575357 0.07931552491712847
32641.598153536583 0.07741984764717484
32772.16454615073 0.1511042318753915
32903.25320433533 0.2582907048642956
33034.86621715268 0.1380693270821261
33167.005682021285 0.0031526239031932396
33299.673704749366 0.019482737055765146
33432.87239956837 0.10908762458604625
33566.60388916664 0.1413159201502624
33700.87030472331 0.16705040423475695
33835.6737859422 0.11807966099394641
33971.016481085964 0.11980192371610963
34106.900547010315 0.11317283746946753
34243.32814919835 0.12749863349021173
34380.30146179514 0.1658255028853527
34517.82266764233 0.1670060789153708
34655.893958312896 0.23162265104674043
34794.51753414615 0.2240790484622873
34933.69560428273 0.2980148563855529
35073.43038669985 0.443637064409183
35213.72410824666 0.454157633252085
35354.57900467965 0.35715082900838413
35495.99732069836 0.49009051266834475
35637.98130998116 0.6372250167485178
35780.53323522108 0.7121810719416386
35923.65536816197 0.7955415202976651
36067.34998963462 0.7796411518663626
36211.61938959315 1.0891067860052013
36356.46586715153 1.4175684760746183
36501.891730620126 1.3895998907185223
36647.89929754261 1.562826665409236
36794.49089473278 1.8306828231538728
36941.6688583117 1.6722013117500587
37089.43553374496 1.6652998114772761
37237.793275879936 1.7617188152920922
37386.74444898345 1.9810572835017892
37536.29142677938 2.101270936006247
37686.43659248651 1.8659257306394952
37837.18233885645 1.7842572161871078
37988.53106821188 1.89853042356947
38140.48519248474 2.272410404856471
38293.04713325467 2.375612573037725
38446.21932178769 1.793381932118492
38600.00419907484 2.1803746521778407
38754.40421587113 2.137002965104125
38909.42183273463 2.2412788629936826
39065.05952006556 2.1493623045350163
39221.31975814583 2.2523639423293944
39378.205037178406 2.381574669066985
39535.71785732712 2.2220182361607157
39693.860728756415 2.35703307402248
39852.636171671445 2.358133294658531
40012.04671635814 2.1619866937046863
40172.09490322357 2.1785809016946156
40332.78328283648 2.1937652502721146
40494.11441596781 2.0041993680009402
40656.090873631685 2.0641623234490063
40818.71523712622 1.927985983456086
40981.990098074726 1.809622508372261
41145.918058467025 1.782527154168048
41310.50173070089 1.6452396502231708
41475.74373762369 1.6903549015188741
41641.646712574184 1.611642720877953
41808.21329942448 1.499811753819943
41975.44615262219 1.4960858715984509
42143.347937232684 1.5309586487930888
42311.921328981625 1.6673070821597047
42481.16901429755 1.6757713673102774
42651.09369035474 1.8166564678562114
42821.69806511615 1.5036520721239113
42992.98485737662 0.668032237842942
43164.95679680613 0.7759998533949897
43337.61662399335 1.3553210648872622
43510.96709048933 1.4122921312255377
43685.01095885128 1.4991594355393938
43859.75100268668 1.4184394149152824
44035.19000669744 1.3429407255844361
44211.330766724226 1.435989716781687
44388.176089791115 1.0881854434661702
44565.72879415028 1.3265903643691754
44743.991709326874 1.1094208257043743
44922.9676761642 1.3279399412858133
45102.65954686885 1.323791117664857
45283.07018505633 0.9494183119343834
45464.20246579656 1.5593801024781533
45646.05927565975 1.3175799995935975
45828.64351276236 1.4029622507727795
46011.95808681343 1.5590354536775988
46196.00591916067 1.0304798671221733
46380.78994283732 1.3274132597437063
46566.31310260868 1.1037266025089945
46752.578355019126 0.839211447285604
46939.588668439166 1.4385789707850487
47127.34702311293 1.1143034706871409
47315.85641120539 0.968847927593052
47505.11983685021 1.301179704678587
47695.14031619761 1.0287949246817287
47885.9208774624 0.7040082342680447
48077.46456097225 1.0060840123093329
48269.774419216126 1.0633177609175608
48462.853516892996 0.5706448045033415
48656.70493096058 1.1349852087570491
48851.33175068441 0.8285285265536737
49046.737077687154 0.6849714659744938
49242.92402599791 0.9642204765998175
49439.89572210189 0.5615039288091512
49637.6553049903 0.5392033241690144
49836.20592621027 0.7903065349749858
50035.55074991511 0.732873498331691
50235.69295291477 0.2524469746885269
50436.63572472643 0.7583982022323783
50638.382267625326 0.8432091182346378
50840.935796695834 0.3973896113159782
51044.2995398826 0.5102802541461292
51248.47673804215 0.5831276607475443
51453.47064499432 0.18916969690956362
51659.28452757429 0.436264377287602
51865.92166568459 0.5728236577679672
52073.38535234733 0.11724171981449441
52281.67889375672 0.30110445009130377
52490.80560933175 0.34918188561147234
52700.76883176907 0.32638534091471494
52911.57190709616 0.22974177514092511
53123.218194724526 0.3525608231873407
53335.711067503435 0.40227558755871423
53549.053911773444 0.08810040350975454
53763.25012742054 0.2118366793307999
53978.303127930216 0.3467909837352434
54194.21634044194 0.048703578050068023
54410.99320580371 0.17480624931252897
54628.63717862692 0.09171301230816697
54847.15172734143 0.13191627349910306
55066.540334250785 0.15300946157917616
55286.80649558781 0.10571313591498488
55507.95372157016 0.07812123795478075
55729.985536456436 0.04799118995210828
55952.90547860226 0.08367273672532247
56176.717100516675 0.07532819707500199
56401.42396891874 0.039057763015070704
56627.02966479442 0.05979049118222104
56853.5377834536 0.04934709754288796
57080.95193458741 0.05186150800043529
57309.27574232576 0.03493753455427313
57538.51284529506 0.025679159919722534
57768.666896676245 0.04547582684133458
57999.74156426295 0.06836993975298035
58231.74053052 0.022674179483755524
58464.66749264208 0.05198219207527258
58698.52616261265 0.022258521215727616
58933.3202672631 0.02070997894878369
59169.05354833215 0.042205160854213296
59405.72976252549 0.021362840524527842
59643.3526815756 0.04460021400158866
59881.926092301896 0.0383660515220257
60121.45379667111 0.060892489987746296
60361.93961185778 0.046905196566389445
60603.38737030522 0.01955601774140511
60845.800919786445 0.03906504820332736
61089.184123465595 0.026357849576980452
61333.54085995945 0.03539232728541323
61578.87502339928 0.01842530477675008
61825.19052349288 0.025380606499008224
62072.491285586846 0.06260576213709235
62320.7812507292 0.07197525303909953
62570.06437573213 0.10420023434141029
62820.34463323505 0.09037991942957875
63071.62601176801 0.1684564801768162
63323.91251581507 0.06839103375358331
63577.20816587833 0.05420118413582938
63831.51699854184 0.05008861617299941
64086.843066536014 0.0226205675769784
64343.19043880215 0.034452809254202944
64600.563200557364 0.0382390480998044
64858.96545335958 0.013929546687873412
65118.401315173025 0.026918540175876367
65378.87492043372 0.03270045906428537
65640.39042011545 0.019824092277283416
65902.95198179591 0.022055954067040928
66166.56378972309 0.03020841716000585
66431.23004488199 0.029090731835290443
66696.95496506151 0.029610306910002347
66963.74278492175 0.0507955132320014
67231.59775606144 0.044782079777849565
67500.52414708569 0.07706805682699146
67770.52624367403 0.04589733068138293
68041.60834864872 0.05281325279604575
68313.77478204331 0.06893758273904796
68587.02988117147 0.02725897832070697
68861.37800069616 0.06899145870134454
69136.82351269896 0.09826094283368304
69413.37080674975 0.11450211925582021
69691.02428997675 0.057901542772239564
69969.78838713666 0.08863562409951246
70249.6675406852 0.08952826095456495
70530.66621084794 0.048723815489085935
70812.78887569135 0.11984702095725382
71096.04003119409 0.10545954429124169
71380.42419131887 0.10260752787685144
71665.94588808414 0.05863480034702823
71952.60967163648 0.0901836809771312
72240.42011032304 0.10441184987433988
72529.38179076432 0.08801868192225412
72819.49931792737 0.05610241870538184
73110.77731519907 0.08178998622577906
73403.22042445988 0.04352670230523618
73696.83330615771 0.07315205408870627
73991.62063938235 0.08334490086657273
74287.58712193987 0.08264567210065282
74584.73747042764 0.04572786416998446
74883.07642030934 0.0717702973788432
75182.60872599059 0.10530113490946222
75483.33916089457 0.11183795556900977
75785.27251753812 0.08701927372934151
76088.4136076083 0.0905765515708686
76392.76726203872 0.13145450119076235
76698.33833108687 0.01818665766401303
77005.13168441122 0.051491455235378986
77313.15221114887 0.06891677319229818
77622.40481999348 0.06360202179898244
77932.89443927344 0.09806476424901905
78244.62601703055 0.1101248944676442
78557.60452109865 0.09731188525683006
78871.83493918306 0.0740716718074706
79187.3222789398 0.08332368352846752
79504.07156805556 0.11471067004380933
79822.08785432778 0.12825941611408379
80141.37620574511 0.09082108291992495
80461.94171056806 0.10060572478799565
80783.78947741033 0.10475227868756452
81106.92463531997 0.15782052740296204
81431.35233386126 0.11985599382665985
81757.0777431967 0.12582243654436592
82084.10605416949 0.11993202936788389
82412.44247838613 0.11475617130392221
82742.09224829968 0.15676665623683195
83073.06061729288 0.16526646496701008
83405.35285976208 0.1427913207432258
83738.9742712011 0.11950324346243298
84073.93016828595 0.15185757725337953
84410.22588895904 0.15991352792509675
84747.86679251489 0.15481535509879205
85086.85825968496 0.1064501006961696
85427.20569272367 0.15273942075446412
85768.91451549459 0.16057113532114722
86111.99017355654 0.14060293677294544
86456.43813425078 0.0873334378545242
86802.2638867878 0.13099165972553853
87149.47294233493 0.15012144131892893
87498.07083410428 0.12008343484912022
87848.0631174407 0.0822378385018393
88199.45536991046 0.1104494772868703
88552.25319139009 0.1327674445428389
88906.46220415569 0.11804631693801661
89262.08805297229 0.09196187773742596
89619.1364051842 0.07355302990315404
89977.61295080492 0.10211004670497506
90337.52340260813 0.11449109022800388
90698.87349621857 0.07996430789975663
91061.66899020346 0.10455700222190177
91425.91566616425 0.07413221753618922
91791.61932882894 0.09409469307830079
92158.78580614422 0.061336303816933835
92527.4209493688 0.11568589624076461
92897.53063316627 0.07491065654272669
93269.12075569895 0.06376348262375492
93642.19723872172 0.08126960099626884
94016.76602767664 0.08984435551851662
94392.83309178732 0.11140207407026252
94770.40442415449 0.06765438008531557
95149.48604185111 0.06641987844392877
95530.08398601852 0.06500429608857648
95912.20432196259 0.1054613252011753
96295.85313925042 0.11085913621017941
96681.0365518075 0.05970564889340688
97067.76069801472 0.07287010721528174
97456.03174080675 0.08079590975972122
97845.85586776999 0.10856593733440122
98237.23929124104 0.12107549265754589
98630.18824840599 0.0780854116036617
99024.70900139965 0.0734465204484701
99420.80783740526 0.0886571256301326
99818.49106875488 0.12235871541463561
100217.76503302988 0.12088978918581367
100618.636093162 0.07360980855557277
101021.11063753467 0.08736158121973849
101425.1950800848 0.11252688327816784
101830.89586040513 0.12097649287212418
102238.21944384674 0.11867754057039165
102647.17232162213 0.10403022517539566
103057.7610109086 0.0684074147742716
103469.99205495225 0.01413015560595346
103883.87202317205 0.0199772715767112
104299.40751126477 0.04118053745845265
104716.60514130979 0.06100566983152971
105135.47156187505 0.050002396477269805
105556.01344812254 0.061876433616535234
105978.23750191503 0.08100951614582541
106402.15045192267 0.06766362135805225
106827.75905373038 0.04200742119846046
107255.07008994528 0.017530641427751858
107684.09037030509 0.019703089518440808
108114.8267317863 0.03475524005180167
108547.28603871344 0.05354781135177804
108981.47518286831 0.06434678769700831
109417.40108359976 0.06849320111821453
109855.0706879342 0.06960414325356393
110294.49097068593 0.06583685634360376
110735.66893456863 0.09064415123374664
111178.61161030692 0.0909449614041729
111623.32605674816 0.09655928014906334
112069.81936097513 0.06161894338717864
112518.09863841905 0.05459780970940989
112968.17103297272 0.08948559557675485
113420.0437171046 0.09328805519242762
113873.72389197304 0.08996707854099316
114329.21878754091 0.08840611063898343
114786.53566269108 0.0597068599081946
115245.68180534184 0.04727881406381065
115706.66453256323 0.07997396538648685
116169.49119069346 0.08865761811296162
116634.16915545624 0.08280972429840384
117100.70583207808 0.04391051598141773
117569.1086554064 0.057285132124763424
118039.385090028 0.04772651222947922
118511.54263038811 0.07153906287690881
118985.58880090967 0.08130068180737336
119461.5311561133 0.07441190121814356
119939.37728073777 0.039081236603959305
120419.13478986072 0.05880106324693677
120900.81132902016 0.038069702399771144
121384.41457433623 0.06912553473531209
121869.9522326336 0.07374099788360178
122357.43204156413 0.05093712340536376
122846.86176973036 0.04714596348542497
123338.2492168093 0.057398084048769206
123831.60221367657 0.04145753245251593
124326.92862253124 0.06184114959623248
124824.23633702139 0.06906457107081318
125323.53328236948 0.04699835389944522
125824.82741549893 0.04924080561543376
126328.12672516092 0.06005126572888537
126833.43923206156 0.04492783916011514
127340.77298898982 0.046451026801156294
127850.13608094577 0.06121480141243559
128361.53662526955 0.041533336129917726
128874.98277177062 0.05388166201200184
129390.4827028577 0.05625376863261721
129908.04463366912 0.05591135798225972
130427.67681220379 0.0416439782051865
130949.38751945265 0.05231793471942538
131473.18506953045 0.05079730968912449
131999.07780980857 0.05302535582237724
132527.0741210478 0.051026351486819194
133057.182417532 0.056860852010983516
133589.4111472021 0.04701249481971114
134123.76879179094 0.04217827919999429
134660.26386695806 0.04848457881015173
135198.9049224259 0.05489468683234127
135739.7005421156 0.048522933183774854
136282.65934428407 0.0532450144285109
136827.78998166122 0.053400047304644156
137375.1011415879 0.04555022350475793
137924.60154615424 0.04846293274886074
138476.29995233883 0.051134539341889024
139030.20515214818 0.0546095544755213
139586.32597275675 0.05512459406871663
140144.6712766478 0.04680296675239624
140705.2499617544 0.045265660262482674
141268.0709616014 0.04706482003274288
141833.1432454478 0.04480782578327136
142400.4758184296 0.04914970535315994
142970.07772170333 0.0491399956843012
143541.95803259013 0.04493800179537177
144116.12586472047 0.045322521874800306
144692.59036817937 0.03835467820386231
145271.3607296521 0.040867638072859834
145852.44617257072 0.0473149937828605
146435.85595726097 0.04831119626413629
147021.59938109003 0.04621363446597583
147609.6857786144 0.04613334136935645
148200.12452172884 0.04619723282534365
148792.92501981577 0.043432735562267295
149388.09671989502 0.039457100216211606
149985.6491067746 0.045301833543979056
150585.59170320167 0.04257389829985524
151187.93407001448 0.0437027164554009
151792.68580629455 0.03882282073680557
152399.85654951975 0.04248266899294677
153009.45597571784 0.042280514454776694
153621.4937996207 0.03774965726074357
154235.97977481916 0.03981796517942554
154852.92369391845 0.03890189442931425
155472.3353886941 0.03578109180076803
156094.2247302489 0.03429018985507212
156718.60162916992 0.03359129266170291
157345.47603568656 0.03181020871765688
157974.8579398293 0.029713617037568054
158606.75737158864 0.029514062216801886
159241.18440107498 0.027768857032104542
159878.14913867926 0.0271455903351124
160517.661735234 0.032426734103536865
161159.73238217493 0.030966412224837394
161804.3713117036 0.033242530886242266
162451.58879695044 0.029923001356037086
163101.39515213823 0.03345946209719432
163753.8007327468 0.034141448586732764
164408.81593567782 0.0345468651495812
165066.45119942052 0.03427278853599689
165726.71700421823 0.03189748956454577
166389.62387223504 0.029282621074840594
167055.18236772402 0.03205984354528165
167723.40309719497 0.03273309858396288
168394.2967095837 0.029816320581788923
169067.87389642204 0.024794535211118185
169744.14539200772 0.030661062395479728
170423.1219735757 0.03243693910589944
171104.81446147006 0.02746507898861001
171789.23371931593 0.028820151330497645
172476.3906541932 0.026390852925465884
173166.29621680998 0.02941097801502612
173858.96140167722 0.02576406618782008
174554.39724728392 0.030551945306533733
175252.61483627307 0.024880891855301047
175953.62529561817 0.02444611436287254
176657.43979680064 0.028491637463645123
177364.06955598784 0.027595761888601834
178073.52583421173 0.02978294057716877
178785.8199375486 0.029632249076660833
179500.9632172988 0.026759513952940704
180218.967070168 0.024712927333300883
180939.84293844865 0.026185835278408544
181663.60231020238 0.022767444695464607
182390.25671944322 0.023791157627543757
183119.81774632097 0.02136319468326456
183852.29701730626 0.027065950010077843
184587.7062053755 0.026872153622402202
185326.057030197 0.025711198273826043
186067.3612583178 0.024265068211851988
186811.63070335102 0.022753192059104487
187558.8772261645 0.02558234066528307
188309.11273506918 0.02614239958639869
189062.3491860094 0.0257158060001124
189818.59858275342 0.01988351966952011
190577.87297708448 0.02326225182148152
191340.18446899284 0.025457424209409205
192105.54520686882 0.01979804734892232
192873.9673876963 0.017913023875596158
193645.46325724703 0.017866190729847
194420.04511027603 0.01892099979687512
195197.72529071715 0.022509145874692965
195978.51619188 0.01945785312864584
196762.4302566476 0.021300134635285052
199107.9942767367 0.01888580965970808
203090.15416227144 0.01943467866200985
207151.95724551688 0.01821215054075038
211294.9963904272 0.015067247644647768
215520.89631823578 0.01546277360112139
219831.31424460045 0.0130035768196125
224227.94052949245 0.012405560924677973
228712.4993400823 0.013337858143071311
233286.74932688402 0.012778125462810012
237952.48431342165 0.008428790012522069
242711.5339996901 0.013001415009762166
247565.76467968393 0.010949265714293577
252517.0799732776 0.00667296601954251
257567.42157274322 0.00928701628382001
262718.770004198 0.008110883671959293
267973.145404282 0.005651137057326824
273332.6083123676 0.008110171957785968
278799.26047861495 0.005850556530154021
284375.2456881872 0.003878365985639745
290062.750601951 0.00540813142968451
295864.00561398995 0.004638381242232726
301781.2857262697 0.004524885342269005
307816.91144079523 0.003226997944741076
313973.24966961105 0.004464636337878447
320252.7146630032 0.003783933120913546
326657.7689562633 0.003255727090642189
333190.92433538847 0.0026153787271077982
339854.7428220964 0.003290215576935526
346651.83767853834 0.002422664479304522
353584.87443210906 0.0020168504286276726
360656.57192075124 0.0018119822095894443
367869.70335916633 0.002259278946683516
375227.09742634965 0.002017294949595049
382731.63937487674 0.0023480208005495036
390386.2721623741 0.001514226900387583
398193.99760562164 0.0013867214012088292
406157.87755773397 0.0011354741545509185
414281.0351088888 0.0017540525743680248
422566.65581106645 0.0014196516749309903
431017.98892728786 0.0010860913912097792
439638.3487058336 0.0008816439706819011
448431.11567995034 0.0008893290306567916
457399.7379935492 0.001019257753259821
466547.7327534202 0.0007139004896917461
475878.6874084886 0.0007639413026432684
485396.2611566584 0.0007601104387274361
495104.1863797916 0.000572305041101757
505006.2701073874 0.0005958205764246911
515106.39550953516 0.0005611836435697396
525408.5234197257 0.0006685981023845511
535916.6938881205 0.0005702020378642076
546635.0277658828 0.0005202993032561424
557567.7283212005 0.0004128445731641107
568719.0828876244 0.0003483942879664134
580093.4645453768 0.0003670083156655626
591695.3338362843 0.00034861007801665993
603529.2405130101 0.0003611050917478276
615599.8253232702 0.0003827233758389101
627911.8218297358 0.0002533308923586728
640470.0582663304 0.0002402975501157792
653279.459431657 0.00022937572895246727
666345.04862029 0.00018160465652792697
679671.9495926959 0.00024066624024763887
693265.38858455 0.0002476175437616265
707130.6963562409 0.00018481991519767306
721273.3102833657 0.0001372419774270579
735698.7764890331 0.00017876702887899992
750412.7520188137 0.00013604865805701244
765421.0070591901 0.00014620426730323454
780729.4272003738 0.0001235684160494034
796344.0157443815 0.00012308163030563633
812270.896059269 0.00010774635923745129
828516.3139804546 9.429349693472041e-05
845086.6402600636 9.059472660515856e-05
861988.3730652649 0.00010629940193449217
879228.14052657 0.00010895259756487116
896812.7033371016 7.980386599505649e-05
914748.9574038435 8.070650111360563e-05
933043.9365519203 6.694970216605349e-05
951704.8152829591 5.4329114366931196e-05
970738.911588618 6.388603837366094e-05
990153.6898203905 4.7017318102373124e-05
