1000.5530765187797 5.4615891359738745e-24
1004.5552888248548 2.2706868863685316e-90
1008.5735099801544 2.5166872043020273e-87
1012.607804020075 6.900494724060999e-87
1016.6582352361554 7.025119376631976e-90
1020.7248681770998 7.197694090538494e-65
1024.8077676498083 8.818878982613936e-70
1028.9069987204075 4.0489039561527715e-85
1033.022626715289 3.17538590111344e-60
1037.1547172221503 1.9939417010003956e-87
1041.3033360910388 5.454417464577602e-82
1045.468549435403 3.3043602255205996e-78
1049.6504236331448 3.345668365786437e-88
1053.8490253276773 8.286866089395959e-69
1058.064421428988 3.5853987158437087e-84
1062.296679114704 5.1094899012217555e-68
1066.5458658311627 1.0778800404462438e-75
1070.8120492944875 4.240618899796e-78
1075.0952974916654 8.131635640500846e-62
1079.3956786816323 3.33766117912131e-78
1083.7132613963586 4.164831107491983e-59
1088.048114441944 3.415682582962369e-64
1092.4003068997117 3.219393818969023e-42
1096.7699081273104 6.553639345208898e-63
1101.15698775982 1.0704140383034058e-64
1105.561615710859 1.5298870670887917e-43
1109.9838621737026 1.4234385882541153e-50
1114.4237976223976 2.9083606513432057e-57
1118.8814928128868 1.8627480485753435e-63
1123.3570187841383 1.809389911219381e-57
1127.8504468592753 3.619374189337636e-34
1132.361848646712 4.868705978401576e-41
1136.8912960412988 7.382906699876907e-40
1141.438861225464 8.275597893495591e-39
1146.004616670366 1.609030643612823e-37
1150.5886351370475 4.233695200530478e-39
1155.190989677596 4.2232315451536017e-41
1159.8117536363065 2.1770323909774206e-37
1164.4510006508515 1.353926401740316e-41
1169.108804653455 2.398846004440352e-43
1173.7852398720688 4.0792671785260155e-35
1178.480380831557 2.9541281699209735e-33
1183.1943023548836 7.10103357018923e-34
1187.9270795643029 1.8119812586850957e-36
1192.67878788256 2.089133646774387e-32
1197.4495030340906 1.3451019558347334e-30
1202.2393010462267 2.3198446851262193e-40
1207.0482582504117 6.325334272649112e-31
1211.8764512834132 1.3751726382490732e-32
1216.7239570885472 4.383645085549851e-30
1221.5908529169012 2.5945045382777745e-28
1226.4772163285688 1.8977002384400125e-27
1231.383125193883 1.530041724720566e-28
1236.3086576946585 1.167628310724123e-27
1241.2538923254372 5.004762163691799e-28
1246.2189078947392 1.0632757873683681e-29
1251.203783526318 4.377904481756556e-28
1256.2085986604231 1.8918789620983944e-29
1261.233433055065 1.721908827680907e-27
1266.2783667872852 4.9679662844653736e-29
1271.3434802544346 6.287467665238326e-27
1276.4288541754522 8.949737372886727e-28
1281.534569592154 1.3254749611926446e-27
1286.6607078705229 5.253883804994654e-28
1291.8073507020044 3.119310505457436e-26
1296.9745801048125 2.9307514417026733e-26
1302.162478425232 3.7182280342045965e-27
1307.3711283389327 3.3932588552031133e-26
1312.6006128522888 9.47111385722042e-26
1317.851015303698 1.041423461096132e-25
1323.1224193649127 1.4642321499424752e-25
1328.4149090423725 3.0815916417614454e-25
1333.728568678542 1.4728833540286929e-24
1339.0634829532567 3.060757363348164e-25
1344.4197368850691 4.095758713435888e-25
1349.7974158326099 5.808300073231068e-25
1355.1966054959403 1.718819220244416e-24
1360.6173919179244 1.7153770027282426e-24
1366.059861485596 9.544255442786717e-25
1371.5241009315384 1.5781659121032094e-24
1377.0101973352646 3.4757689823712365e-24
1382.5182381246057 7.390016004404126e-24
1388.0483110771042 7.880307045547772e-24
1393.6005043214122 2.5127606589570785e-23
1399.1749063386976 6.37910316309865e-24
1404.7716059640527 4.952883031210338e-23
1410.3906923879088 5.546476636095722e-23
1416.0322551574602 1.5537500461691255e-22
1421.6963841780905 4.1797628447298454e-23
1427.3831697148032 7.222234460288621e-23
1433.0927023936622 6.149877780438625e-22
1438.8250732032368 2.391582296608736e-22
1444.5803734960498 8.763255003531491e-22
1450.3586949900334 8.486368644887783e-22
1456.1601297699938 1.3013324193373348e-21
1461.984770289074 8.488454539695312e-22
1467.83270937023 1.2607860815558321e-21
1473.704040207711 2.1464844574138527e-21
1479.5988563685412 2.3495327420996873e-21
1485.5172517940157 2.3379383563777443e-21
1491.459320801192 3.742533947230576e-21
1497.4251580843968 1.6061072237048417e-21
1503.4148587167342 6.803602479576511e-21
1509.4285181516007 5.127889152537417e-21
1515.4662322242077 1.607726232772335e-21
1521.5280971531042 5.235617302243903e-21
1527.6142095417167 2.3600756970936834e-21
1533.7246663798837 3.9164367593972136e-21
1539.859565045403 4.58161614362357e-21
1546.0190033055849 9.489645393107045e-22
1552.203079318807 2.1978534047113667e-21
1558.4118916360824 2.7564361566257642e-21
1564.6455392026269 2.7578290691287612e-21
1570.9041213594373 3.0068098014419184e-21
1577.187737844875 3.1205258248150963e-21
1583.4964887962547 3.2660322904092107e-21
1589.8304747514399 4.481288169237156e-21
1596.1897966504455 3.535160859144747e-21
1602.5745558370472 4.7357862604508335e-21
1608.9848540603957 5.978798306471652e-21
1615.4207934766368 6.0520630087270256e-21
1621.8824766505436 6.335122529152315e-21
1628.3700065571454 5.848816692087314e-21
1634.8834865833744 8.28199734402416e-21
1641.4230205297079 1.2186217037781506e-20
1647.9887126118267 1.7849053901837382e-20
1654.580667462274 1.9166532417931637e-20
1661.198990132123 3.559774637911124e-20
1667.8437860926513 4.434393211266843e-20
1674.515161237022 6.897180040404016e-20
1681.2132218819695 1.0807137503632276e-19
1687.9380747694975 1.0282399564745072e-19
1694.6898270685758 3.13968884339835e-19
1701.4685863768502 2.684375552399742e-19
1708.2744607223572 2.371940986973229e-19
1715.1075585652468 5.76114825799529e-19
1721.967988799508 5.60385806534556e-19
1728.8558607547059 1.0701609666587694e-18
1735.7712841977245 8.167186349184397e-19
1742.7143693345156 7.460473939573044e-19
1749.6852268118535 7.61713670722571e-19
1756.6839677191008 1.4300498241244617e-18
1763.7107035899771 3.839412925475407e-18
1770.7655464043373 4.9649427086399195e-18
1777.8486085899544 2.6012891907696747e-18
1784.9600030243143 8.962170056201014e-18
1792.0998430364118 7.521453459636767e-18
1799.2682424085576 8.713691389686311e-18
1806.4653153781921 1.6875646013781957e-17
1813.6911766397043 6.595747881451537e-18
1820.945941346263 8.912376343021843e-18
1828.2297251116483 3.530762437403954e-18
1835.5426440120948 7.12758375224928e-18
1842.8848145881432 3.072973174914542e-17
1850.2563538464956 6.250787260965311e-17
1857.657379261881 3.191240743375825e-17
1865.0880087789287 1.0902660267161579e-16
1872.5483608140448 1.093286663846707e-16
1880.0385542573008 5.945861717906035e-17
1887.5587084743302 2.255179161131437e-16
1895.1089433082268 1.807431802455292e-16
1902.68937908146 1.4078055037751914e-16
1910.3001365977857 4.97818520257768e-16
1917.9413371441767 3.472035587670066e-16
1925.6131024927531 4.555447423841005e-16
1933.3155549027244 9.61169298200622e-16
1941.0488171223355 9.037675303588664e-16
1948.8130123908247 8.71001275181044e-16
1956.608264440388 1.8347423775887227e-15
1964.434697498149 1.2230022966516256e-15
1972.2924362881417 1.6204637690530577e-15
1980.1816060332944 2.738639319728775e-15
1988.1023324574276 2.2997906847759545e-15
1996.0547417872574 1.9742129453952253e-15
2004.0389607544066 2.4792191912079597e-15
2012.0551165974243 1.8889017391381175e-15
2020.1033370638136 8.759718818449482e-16
2028.1837504120688 6.725775249338545e-16
2036.2964854137172 2.3615542246622397e-15
2044.4416713553724 3.774006766581065e-15
2052.6194380407937 6.637579409410748e-15
2060.829915792957 7.982259814539067e-15
2069.0732354561287 9.429031972165041e-15
2077.3495283979532 1.1086523288918588e-14
2085.6589265115445 1.4819137789774786e-14
2094.001562217591 1.7514266362101438e-14
2102.3775684664615 1.9434676080188683e-14
2110.787078740328 1.7437089870314425e-14
2119.2302270552887 2.6041449171215693e-14
2127.70714796351 3.107446785472233e-14
2136.217976555364 4.0070487934244613e-14
2144.7628484615852 2.6304516900537375e-14
2153.341899855432 4.830477930870345e-14
2161.9552674548536 6.896672246471438e-14
2170.603088524673 8.274585074388598e-14
2179.285500878772 6.34280345741568e-14
2188.0026428822866 7.532243345593609e-14
2196.754653453816 1.4087454187416647e-13
2205.541672067631 1.2708337209817663e-13
2214.3638387559017 2.867270189512825e-13
2223.2212941109246 1.4494497162466372e-13
2232.114179287369 5.252640048188949e-13
2241.0426360045185 3.3217013622362893e-13
2250.0068065485366 9.15864701797161e-13
2259.0068337747302 5.591185996422381e-13
2268.0428611098296 9.044260182067347e-13
2277.115032554269 1.1064327183226357e-12
2286.223492684486 1.312796330934148e-12
2295.368386655224 2.985316431499766e-12
2304.549860201845 8.332082700934822e-13
2313.7680596426517 3.3486453531171776e-12
2323.0231318812225 2.9730473714342278e-12
2332.3152244087473 5.833711174003273e-12
2341.6444853063817 6.774536913192917e-12
2351.0110632476076 2.449771776638144e-12
2360.415107500598 7.919540854135309e-12
2369.8567679306 2.8296877333486973e-12
2379.3361950023227 1.1705877710594474e-11
2388.853539782332 9.78393042038889e-12
2398.4089539414617 2.2251285403846338e-11
2408.0025897572273 2.7791719385259944e-11
2417.6346001162565 1.3183502740839557e-11
2427.3051385167214 4.394256256565544e-11
2437.0143590707885 4.2784012543841554e-11
2446.762416507072 9.673119983176498e-11
2456.5494661731 5.832246513499463e-11
2466.375664037793 8.487330692735665e-11
2476.2411666939443 1.1835764637946904e-10
2486.1461313607197 3.991208046038949e-11
2496.090715886162 1.1034787467837126e-10
2506.075078749707 9.779624466341743e-11
2516.0993790647044 1.4034257925600296e-10
2526.163776580964 2.654612191512217e-10
2536.268431687288 4.145393621572363e-10
2546.4135054140374 5.172452404210846e-10
2556.599159435693 3.640428745639101e-10
2566.825556073436 2.870516445849767e-10
2577.09285829773 3.936878007208066e-10
2587.4012297309205 3.295970425981633e-10
2597.7508346498444 5.488161776490972e-10
2608.141837988444 6.26448119927e-10
2618.5744053403982 8.599855619133077e-10
2629.0487029617593 1.1047150248464769e-09
2639.5648977736064 1.0355464652330375e-09
2650.123157364701 1.0260036627904323e-09
2660.7236499941596 1.1098470116675587e-09
2671.366544594136 1.071012094464662e-09
2682.052010772512 1.3827696468916936e-09
2692.7802188156024 1.4339944414355722e-09
2703.551339690865 1.6528970860662311e-09
2714.365545049628 1.7143708188833367e-09
2725.223007229827 1.7157365301200396e-09
2736.123899258746 1.7062064718681947e-09
2747.0683948557817 1.7271735550469098e-09
2758.0566684352048 1.669273691710074e-09
2769.0888951089455 1.6491003863235301e-09
2780.165250689381 1.5787631782543901e-09
2791.2859116921386 1.4933497493461662e-09
2802.451055338907 1.4051438273507436e-09
2813.660859560263 1.3343517962340508e-09
2824.9155029985036 1.2989968794716087e-09
2836.2151650104965 1.322148470773066e-09
2847.5600256705393 1.3830795836575895e-09
2858.950265773222 1.6653717432004624e-09
2870.386066836315 2.0745896931467973e-09
2881.8676111036607 2.7050962126511664e-09
2893.3950815480757 3.627438887712322e-09
2904.968661874268 4.92219847943825e-09
2916.588536521764 6.686366582111943e-09
2928.254890667851 9.034330294052083e-09
2939.9679102305226 1.2095926363899124e-08
2951.727781871445 1.603424076138422e-08
2963.534692998931 2.0993689798331437e-08
2975.3888317709266 2.7297487920085518e-08
2987.2903870980094 3.511368425352736e-08
2999.2395486464025 4.466338775358507e-08
3011.2365068409886 5.671353815793593e-08
3023.2814528683516 6.924580226927685e-08
3035.374578679825 8.365660641129686e-08
3047.516076994544 1.0951224127318369e-07
3059.7061413025226 1.348075830573947e-07
3071.9449658677336 1.6620576019172895e-07
3084.232745731204 2.023842570380488e-07
3096.569676714128 2.281616388099302e-07
3108.955955420985 2.7450510002793446e-07
3121.3917792426687 3.5604426368400045e-07
3133.8773463596394 4.266259169161129e-07
3146.412855745078 5.090281317374611e-07
3158.998507168058 6.051194713059821e-07
3171.6345011967305 7.169486227420023e-07
3184.321039201517 8.455631228710045e-07
3197.0583233583234 9.920922792450496e-07
3209.8465566517566 1.142921315790058e-06
3222.6859428783637 1.0832999685322232e-06
3235.576686649877 1.5784271912973578e-06
3248.518993396477 1.8232665131435665e-06
3261.513069370063 2.0561893067295e-06
3274.559121647543 2.1773185726718554e-06
3287.6573581341336 1.652986654616715e-06
3300.8079875666704 1.3500807547324252e-07
3314.0112195169368 1.2107613861070332e-06
3327.2672643950045 3.618197953255073e-06
3340.5763334525845 4.948214539749722e-06
3353.938638786395 6.024768538255943e-06
3367.354393341541 7.105178134281675e-06
3380.8238109149074 8.290348748710422e-06
3394.347106158567 9.972210909462626e-06
3407.924494583201 1.1444312140088957e-05
3421.5561925615334 1.2751157878813764e-05
3435.2424173317804 1.2883148919517294e-05
3448.9833870011066 1.0105245200266369e-05
3462.7793205491116 1.7700311366896394e-05
3476.630437831308 1.988233906790128e-05
3490.536959582633 2.265054812479292e-05
3504.4991074209643 2.8860449730861162e-05
3518.5171038506473 3.3493065196400144e-05
3532.5911722660503 3.989030827747635e-05
3546.7215369551145 5.078627278235118e-05
3560.9084231029346 5.172815568713717e-05
3575.1520567953467 5.332520624809071e-05
3589.452665022528 6.786011234382748e-05
3603.810475682617 8.220514968027218e-05
3618.225717585348 8.990276818737553e-05
3632.698620455689 9.07305732418129e-05
3647.2294149375116 9.593266306630762e-05
3661.8183325972614 0.00012243893472562974
3676.4656059276513 0.00011552058471980833
3691.1714683513615 0.00013324580934812022
3705.936154224767 0.00013074916681786892
3720.7598988416657 0.00013202778398904588
3735.6429384370326 0.00015014210460937815
3750.585510190781 0.0001709265686084146
3765.587852231544 0.00022993984377015967
3780.6502036404704 0.00030716224380935865
3795.772804455032 0.0003274430532161125
3810.955895672852 0.00035736744680593105
3826.199719255544 0.00030606126200162135
3841.504518132566 0.00037976785725428176
3856.870536205096 0.0003400926839087173
3872.2980183499167 0.0004126432199065021
3887.7872104233156 0.0004381691305062154
3903.338359265009 0.0005133376581026965
3918.9517127020695 0.0005815951267702276
3934.6275195528774 0.0007123687585259405
3950.3660296310895 0.0009692298826010833
3966.1674937496136 0.0013209781021764116
3982.0321637246125 0.0014133711637527122
3997.9602923795105 0.0015798637359014825
4013.9521335490285 0.002104780799589453
4030.007942083225 0.002372291700659461
4046.1279738515577 0.0007145557272283021
4062.312485746964 0.002986016050164865
4078.5617356899515 0.00367182850426472
4094.8759826327114 0.004393671252846166
4111.255486563242 0.0048157284494497994
4127.700508509496 0.005302631004978295
4144.211310543533 0.005895998282532622
4160.788155785708 0.006872872472282989
4177.431308408849 0.007262127782485925
4194.141033642486 0.007897671833861853
4210.917597777056 0.006345726298095854
4227.761268168164 0.009265919433720557
4244.672313240838 0.009439315761065917
4261.651002493801 0.009404515088181504
4278.697606503776 0.010945790280735293
4295.812396929791 0.011024109948554755
4312.995646517511 0.0139294799246167
4330.24762910358 0.015514995465258617
4347.568619619994 0.017910237020021168
4364.958894098475 0.01579455044287839
4382.418729674868 0.01339220845658155
4399.948404593568 0.021606014742992403
4417.548198211942 0.022256557756302663
4435.21839100479 0.01897600830581975
4452.959264568809 0.02485103036876109
4470.771101627084 0.023013821439088387
4488.654186033592 0.02571663985296164
4506.608802777726 0.035493964100395355
4524.635237988838 0.03580949770387444
4542.733778940792 0.0394203815491414
4560.904714056555 0.03775828205702588
4579.148332912781 0.03845760357471551
4597.464926244433 0.03816082337369293
4615.85478594941 0.052262755302283775
4634.318205093208 0.044504550856466006
4652.855477913582 0.04995994218408757
4671.466899825236 0.05202929532768869
4690.152767424537 0.06124839700718102
4708.913378494234 0.08332844426431917
4727.749032008212 0.08541247341288065
4746.660028136244 0.09749020622997595
4765.646668248789 0.06580414629816601
4784.709254921784 0.05223248793929753
4803.8480919414715 0.053648276458648995
4823.063484309237 0.061875433326273634
4842.355738246474 0.08196057646228819
4861.72516119946 0.08871711118289273
4881.172061844257 0.11197562373929376
4900.6967500916335 0.12176621879273804
4920.299537092001 0.1369155307666557
4939.9807352403695 0.14337361683398972
4959.740658181329 0.0823857821063116
4979.5796208140555 0.06706874957578221
4999.497939297312 0.06376182499330053
5019.495931054502 0.05648815507990723
5039.57391477872 0.05718979272754259
5059.732210437835 0.0534023456223128
5079.971139279585 0.056482578083871214
5100.291023836704 0.04955242705686982
5120.692187932051 0.040301281340210736
5141.174956683781 0.030348877687544892
5161.739656510514 0.023027739197780103
5182.386615136556 0.021383758188938295
5203.116161597103 0.027299738547689373
5223.928626243489 0.05143757173070649
5244.824340748465 0.05472426499900783
5265.803638111459 0.0523066817071827
5286.866852663905 0.05402224581997522
5308.0143200745615 0.051819242426289824
5329.246377354859 0.04697414193574256
5350.563362864278 0.045365241751982706
5371.965616315736 0.041479055557821685
5393.453478780998 0.039042546236991056
5415.027292696122 0.03601746944867684
5436.687401866905 0.03292803357660205
5458.434151474374 0.029222388392750865
5480.267888080271 0.02691609677675599
5502.188959632591 0.024413124043100403
5524.197715471122 0.021968099827791722
5546.294506333006 0.019370743424084933
5568.479684358337 0.01690690930651317
5590.753603095771 0.014617322686291232
5613.1166175081535 0.012324213953377197
5635.569083978187 0.010389566253727445
5658.1113603140975 0.00836254750987069
5680.743805755354 0.006612263936054753
5703.466780978376 0.00503117486996814
5726.28064810229 0.0036979889671870693
5749.185770694699 0.0025644459590527424
5772.182513777476 0.0016571837029350294
5795.271243832587 0.0009754582136452337
5818.452328807918 0.000508166762972129
5841.72613812315 0.00022439301761404608
5865.093042675643 3.5983585037658046e-05
5888.553414846345 1.8751266939757864e-07
5912.10762850573 6.559144185796776e-06
5935.756059019754 0.0001764107031577783
5959.499083255832 0.0007365767845075227
5983.337079588855 0.0018991968038701186
6007.27042790721 0.004157483761554224
6031.299509618841 0.008278495170729257
6055.424707657316 0.014593440320626252
6079.646406487946 0.02368912466791389
6103.964992113897 0.03665612701988282
6128.380852082353 0.05437950749923519
6152.894375490681 0.07715802099923114
6177.505952992646 0.10253451907341272
6202.215976804616 0.13396673421897515
6227.024840711833 0.16983363714965688
6251.932940074681 0.2172515979302798
6276.940671834981 0.27536121222916626
6302.048434522321 0.3484549387524676
6327.256628260409 0.4360322199951904
6352.5656547734525 0.5303529921194721
6377.975917392546 0.6293492732798284
6403.487821062116 0.757427620725679
6429.101772346364 0.8518716801754506
6454.81817943575 1.0194509824676705
6480.637452153493 1.192936421547186
6506.560001962106 1.3845861992272381
6532.586241969955 1.6536180747750124
6558.716586937834 1.7035651534405385
6584.951453285586 1.798541188551213
6611.291259098727 1.9226673557643705
6637.7364241351215 1.988501153202397
6664.2873698316625 1.8858199406783895
6690.94451931099 1.927796856918821
6717.7082973882325 2.0274957538066642
6744.579130577787 2.145286127143797
6771.557447100097 2.500192210418576
6798.643676888497 2.5640205386898165
6825.838251596053 3.0025503320286644
6853.141604602436 3.3320898859986503
6880.554171020846 3.6843876178646373
6908.0763877049285 4.120982761021307
6935.708693255749 4.195403902176293
6963.4515280287715 4.575872352193753
6991.305334140887 4.81261039447562
7019.270555477449 4.99885625379019
7047.34763769936 4.796642636076825
7075.537028250157 3.224091334114891
7103.839176363159 3.0019488665007965
7132.254533068612 3.0704292677263303
7160.783551200888 3.240377584643037
7189.42668540569 3.7797392364881524
7218.184392147313 4.014098594292809
7247.0571297159 4.764372363884885
7276.045358234765 5.319546248523458
7305.149539667704 5.783429841379736
7334.370137826372 5.91367249488005
7363.707618377678 5.756658425680296
7393.162448851191 5.4385347111930145
7422.735098646595 5.0362133161714855
7452.426039041182 4.5720146330604
7482.235743197345 4.0824967572243125
7512.1646861701365 3.473180071587763
7542.213344914818 2.927818372120929
7572.382198294477 2.356847967398511
7602.671727087656 1.550039262812595
7633.082413996006 0.46788283494777494
7663.614743651989 0.00997803077213992
7694.269202626598 0.01389237121860405
7725.046279437104 0.2244290500971107
7755.946464554851 0.9092897718821757
7786.970250413072 2.115949254275698
7818.118131414723 3.3407549140172716
7849.390603940383 4.409003352714442
7880.788166356144 5.679183587161248
7912.311319021571 6.951201164411517
7943.960564297654 8.549055067875107
7975.736406554845 10.208478201356966
8007.639352181065 12.191881732672421
8039.669909589788 13.854491571432302
8071.828589228147 15.602135630072805
8104.115903585063 17.335626760252524
8136.532367199402 19.357922658911527
8169.078496668199 21.141641046063246
8201.754810654873 20.841826786931126
8234.561829897493 23.065730949201114
8267.500077217084 25.195995868663204
8300.570077525952 25.871443886737747
8333.772357836056 28.41184485216188
8367.1074472674 29.781646402475573
8400.575877056472 31.371502859672724
8434.178180564695 28.0285010672558
8467.914893286956 21.173716537435283
8501.786552860101 25.29967242959175
8535.793699071543 28.940144022652746
8569.936873867831 34.28953947707194
8604.216621363299 35.4287219210798
8638.633487848754 25.1348044630496
8673.18802180015 34.18104238144453
8707.880773887353 24.771383362125402
8742.7122969829 27.673587192747416
8777.68314617083 33.90398125073393
8812.793878755514 35.108751425134
8848.045054270535 40.4248267293939
8883.437234487617 31.769733695569393
8918.970983425568 39.985623565258365
8954.64686735927 41.42779634918429
8990.465454828707 48.35083929690621
9026.427316648023 47.15775520841621
9062.533025914616 46.487074807195896
9098.783158018272 54.08158592432316
9135.178290650345 56.343409374223654
9171.719003812947 61.2887854935765
9208.405879828202 65.79512662141623
9245.239503347511 65.58910984184187
9282.2204613609 60.886955976444156
9319.349343206346 61.07460116697032
9356.626740579171 64.66670013108127
9394.053247541488 69.14224619983611
9431.629460531654 72.90830713242266
9469.355978373778 76.67734948449652
9507.233402287276 78.28480386629403
9545.262335896427 80.90155570353218
9583.443385240013 79.86695634487361
9621.777158780975 79.21589074291761
9660.264267416096 81.38167215918568
9698.90532448576 85.08805982305378
9737.7009457837 82.21804662294873
9776.651749566838 83.04704422967238
9815.758356565104 86.06593210762975
9855.021389991363 83.32911946714414
9894.441475551332 66.41921778524114
9934.019241453534 39.428109340934014
9973.755318419348 44.144012029107536
10013.650339693024 44.6705720871783
10053.704941051796 44.15186376720061
10093.919760816003 51.11674880588906
10134.295439859268 50.15103948080104
10174.832621618703 51.30703669040567
10215.531952105179 53.24795916645837
10256.394079913602 53.43094950306279
10297.419656233254 51.79508177136071
10338.609334858189 52.627085127819264
10379.96377219762 58.207722630519704
10421.483627286412 56.98916358024231
10463.169561795556 60.03570223011819
10505.022240042741 58.8380151524914
10547.042329002912 61.38943991063012
10589.230498318922 60.62536192233558
10631.587420312197 60.62780684961833
10674.113769993448 58.900240669892206
10716.810225073421 59.07362843264918
10759.677465973711 60.38299218637837
10802.716175837608 59.81530498570193
10845.927040540959 60.699794222713805
10889.310748703121 60.95358886532528
10932.867991697934 59.234834733518476
10976.599463664725 57.62381630668617
11020.505861519383 56.065842838757106
11064.587884965462 53.411863989945665
11108.846236505324 51.1714351187977
11153.281621451348 49.156965012533924
11197.894747937147 51.87605676715183
11242.686326928899 53.64744900427153
11287.657072236614 56.72024133972
11332.807700525562 48.72997321826496
11378.138931327663 56.80917971042948
11423.651487052975 58.06394700473304
11469.346093001184 59.8372500176573
11515.22347737319 59.01321967541426
11561.284371282683 58.638505940669276
11607.529508767815 58.752615562957814
11653.959626802887 60.33978520945881
11700.5754653101 58.80047120249059
11747.377767171341 60.437982223726976
11794.367278240028 58.090429773821405
11841.544747352984 63.72352764093514
11888.9109263424 65.44613717946065
11936.46657004777 64.96857764072257
11984.212436327958 62.39661047479501
12032.149286073272 62.94687332614817
12080.277883217566 64.96561513448209
12128.598994750435 64.51278300866963
12177.113390729437 66.28324256804058
12225.821844292353 66.36248570152436
12274.725131669524 68.56336109814154
12323.824032196202 69.17964036436845
12373.119328324985 70.23001037085746
12422.611805638286 69.29843817096143
12472.302252860838 73.55653947566607
12522.19146187228 73.56855703300212
12572.280227719768 77.21873558571701
12622.569348630648 78.98108451966442
12673.059626025171 81.32978269937428
12723.751864529271 82.34371238123855
12774.646871987386 83.51472075942881
12825.74545947534 84.2338701369825
12877.04844131324 84.19286687207159
12928.556635078494 84.73818683849186
12980.270861618808 85.70546477814506
13032.191945065284 86.6942304382761
13084.320712845543 87.0996737568448
13136.657995696927 87.33944474846005
13189.204627679715 87.82336343800016
13241.961446190431 85.52471337130987
13294.929291975195 78.1966671886807
13348.109009143096 55.253358347286124
13401.50144517967 39.20503992687252
13455.107450960388 32.90008012740634
13508.927880764231 29.59682647279301
13562.963592287288 24.04021066768665
13617.215446656439 29.00027774816342
13671.684308443064 35.38443481671503
13726.371045676835 35.442913426491224
13781.276529859542 42.662277087605126
13836.40163597898 34.05131775861477
13891.747242522899 35.37608993556671
13947.314231492988 31.17831450255757
14003.103488418961 32.20127650032773
14059.115902372636 34.267412380287624
14115.352365982128 28.198569360957705
14171.813775446057 29.902863982184115
14228.501030547843 30.2890015822041
14285.41503467003 33.42307541643785
14342.556694808713 31.757708978598732
14399.926921587949 33.43793978787799
14457.5266292743 37.17387583334381
14515.356735791396 39.90174031115888
14573.418162734559 42.722184048770885
14631.711835385498 41.23229192007781
14690.238682727038 40.32475447229191
14748.999637457951 42.08797455408588
14807.995636007783 42.31743854842137
14867.227618551815 42.57774942794353
14926.69652902602 42.851038672754406
14986.403315142123 43.4275954067972
15046.348928402693 43.074825581386925
15106.534324116303 42.48784922181853
15166.96046141277 42.3056623068464
15227.62830325842 42.55538160607573
15288.538816471453 42.0237753709436
15349.692971737337 41.35634879721485
15411.091743624287 40.77278436835789
15472.736110598784 40.19486127905057
15534.62705504118 39.043969582341276
15596.765563261344 38.09553891496425
15659.152625514387 37.06346448258673
15721.789236016448 35.95510348456287
15784.676392960515 34.78489663016581
15847.815098532355 33.67675441324134
15911.206358926484 32.428893961613625
15974.85118436219 31.189678267472086
16038.75058909964 29.905394568836968
16102.905591456036 28.551282378235065
16167.31721382186 27.227175928226924
16231.986482677148 25.92382297754612
16296.914428607855 24.776005242188937
16362.102086322288 23.752835842652054
16427.550494667576 22.837588651254002
16493.260696646248 22.066978257061162
16559.23373943283 21.13410490452311
16625.470674390563 20.260071206855883
16691.972557088127 18.837821185448703
16758.74044731648 18.439483259261827
16825.775409105743 17.814434723060607
16893.07851074217 16.99224695807127
16960.650824785134 16.232366377419627
17028.493428084275 15.578794619676785
17096.607401796613 15.018468440436736
17164.993831403797 14.313170884765922
17233.653806729413 13.701234156493745
17302.588421956334 13.036334656987023
17371.798775644158 12.408173688945649
17441.285970746736 11.731248438077012
17511.05111462972 11.157712121907496
17581.095319088243 10.43879861301992
17651.419700364593 9.609666623915492
17722.02537916605 9.229585300897982
17792.913480682713 8.429606352847443
17864.085134605448 7.834605003592802
17935.54147514387 7.117207008485054
18007.283641044443 6.911807207809012
18079.312775608625 6.309691683000364
18151.630026711056 6.255029751400828
18224.236546817894 6.18500017963171
18297.133493005167 5.5536002081864595
18370.32202697719 5.4976670139324515
18443.803315085097 5.556763065517431
18517.578528345435 5.1895516912018556
18591.648842458817 4.687019052774318
18666.01543782865 4.366543103296584
18740.67949957997 4.473653766819493
18815.642217578286 5.108873640450193
18890.9047864486 4.966145849382186
18966.4684055944 4.997339786881941
19042.334279216768 4.507585920646361
19118.50361633364 4.435136485324536
19194.977630798967 4.132887566795719
19271.757541322168 3.948182326021085
19348.844571487454 3.8464397622237794
19426.239949773408 3.638738931407229
19503.9449095725 3.8356035522350136
19581.960689210795 3.675062307385224
19660.28853196764 3.877535980482213
19738.929686095507 3.799111086778818
19817.885404839893 3.909683513967921
19897.15694645925 3.9034779022826616
19976.745574245087 3.942813909194153
20056.65255654207 3.925922605294696
20136.879166768238 3.895133944686588
20217.426683435307 3.85664409728741
20298.296390169045 3.800866889646137
20379.489575729727 3.7632649823719606
20461.007534032648 3.71412193872462
20542.851564168777 3.6477107333159697
20625.02297042545 3.5829362485985756
20707.523062307162 3.5091124007241583
20790.353154556382 3.429055775877181
20873.514567174607 3.3558937335876133
20957.008625443308 3.282461317372797
21040.836659945082 3.217762680801841
21125.000006584854 3.164185928917564
21209.5000066112 3.117672815909308
21294.33800663765 3.079918758922149
21379.515358664197 3.0478203760082434
21465.033420098855 3.0157807191879287
21550.893553779246 2.9820220019234984
21637.097127994366 2.939345121526624
21723.645516506345 2.9003172742627723
21810.540098572368 2.842959213519505
21897.782258966654 2.7909357418106904
21985.37338800253 2.6895244662852433
22073.314881554532 2.6353285766938908
22161.60814108075 2.628116431659282
22250.25457364508 2.568501881587713
22339.25559193965 2.519560007108506
22428.61261430741 2.4521279475374804
22518.32706476464 2.3990873150101466
22608.400373023702 2.334540975487796
22698.833974515794 2.314698403922188
22789.62931041386 2.2752117918394106
22880.78782765551 2.2371765170591877
22972.310978966132 2.205410692148332
23064.200222882002 2.223389831112884
23156.457023773528 2.160415323843463
23249.082851868614 2.12743619617084
23342.079183276095 2.1009347992063554
23435.447500009202 2.0937938394596656
23529.18929000923 2.111904583464793
23623.306047169273 2.1383690714063577
23717.79927135796 2.087176202480424
23812.670468443375 2.131322177259932
23907.92115031715 2.19030102443121
24003.552834918424 2.2299580882265584
24099.56704625809 2.27903634799595
24195.96531444313 2.325363079849684
24292.749175700897 2.4257163826718497
24389.9201724037 2.4826852201790293
24487.479853093315 2.5405044382693096
24585.42977250569 2.655216341841992
24683.771491595708 2.7288884529977864
24782.50657756209 2.731275551314129
24881.636603872343 2.8114785639352755
24981.16315028783 2.9481103775033928
25081.087802888986 2.8097132508920772
25181.412154100537 2.9132873064264957
25282.137802716934 2.7633168436671283
25383.266353927807 2.887957612332445
25484.79941934352 2.776811376306549
25586.73861702089 3.1056398759692136
25689.08557148898 3.0335792537718502
25791.84191377493 3.094741286832969
25895.009281430033 3.2004885505735596
25998.589318555754 3.4641072441431904
26102.58367582998 4.059143621794489
26206.994010533297 4.3200163350004965
26311.821986575433 4.3075784778128
26417.069274521735 4.996820630338706
26522.737551619815 5.127332207115069
26628.828501826294 4.360620092477917
26735.343815833607 3.3314481770299804
26842.285191096937 3.457338564293439
26949.654331861326 3.953808920091282
27057.452949188766 4.175785160109921
27165.682760985525 4.477761144782598
27274.345492029468 5.574538128116409
27383.442873997585 4.529365544642744
27492.976645493567 6.127398071338678
27602.948552075544 4.877470701733576
27713.360346283847 4.88992070126791
27824.213787668985 4.394464885665857
27935.510642819663 6.074160329746071
28047.252685390937 4.5353135743849675
28159.441696132504 5.311649349527216
28272.079462917034 6.804750745783563
28385.167780768694 5.2742151741830865
28498.70845189177 5.981354781747677
28612.703285699336 6.8147443198384865
28727.154098842133 6.636811316687365
28842.062715237505 7.211778477132395
28957.430966098455 7.537020259141618
29073.260689962848 7.501652324989511
29189.553732722703 8.556622289601794
29306.311947653598 9.080270688884385
29423.537195444205 9.000184728109748
29541.231344225984 9.187891150942704
29659.396269602887 9.640923422962175
29778.033854681304 10.169759561562461
29897.14599010003 10.888748432532628
30016.734574060432 8.443130976471329
30136.80151235667 10.760261315372308
30257.348718406094 11.30449917790657
30378.37811327972 12.271579110555484
30499.89162573284 11.295213870263636
30621.891192235766 12.796295027505371
30744.37875700471 12.203945542787304
30867.356272032728 11.721782527622201
30990.825697120858 11.857238988121404
31114.78899990934 11.145855963988984
31239.24815590897 11.904724116979668
31364.20514853261 10.587144924837276
31489.661969126744 10.226612031744535
31615.62061700325 9.582025723580411
31742.083099471263 9.401713134540291
31869.05143186915 8.914814545839954
31996.527637596624 8.258064596609914
32124.51374814701 9.1232061790024
32253.011803139605 9.106643987443972
32382.02385035216 9.893124457455428
32511.55194575357 10.738309088642367
32641.598153536583 11.513959644528882
32772.16454615073 12.409377644696649
32903.25320433533 13.262917117954984
33034.86621715268 12.495996015713308
33167.005682021285 3.935721072062557
33299.673704749366 2.759420950869444
33432.87239956837 6.113543384273986
33566.60388916664 9.569993057126249
33700.87030472331 11.96435949023349
33835.6737859422 12.018453924891524
33971.016481085964 11.539302383092688
34106.900547010315 11.097272501117876
34243.32814919835 10.97991932440287
34380.30146179514 10.764795821926516
34517.82266764233 10.827522428672935
34655.893958312896 11.372170282740845
34794.51753414615 11.46128409722678
34933.69560428273 11.896597743377733
35073.43038669985 12.580228258392424
35213.72410824666 12.962081594102075
35354.57900467965 13.031494832868974
35495.99732069836 13.387966611553624
35637.98130998116 14.0768000602
35780.53323522108 14.698823619923322
35923.65536816197 15.57094052887797
36067.34998963462 15.778515344188133
36211.61938959315 16.44972714208992
36356.46586715153 16.96152589346549
36501.891730620126 17.176543278111172
36647.89929754261 17.41251526960044
36794.49089473278 17.754458780070177
36941.6688583117 17.647595687337574
37089.43553374496 17.684309325885454
37237.793275879936 17.685220016734476
37386.74444898345 17.764977364904585
37536.29142677938 17.72165482517644
37686.43659248651 17.49587309583228
37837.18233885645 17.418372116009255
37988.53106821188 17.352714550766635
38140.48519248474 17.349083569739538
38293.04713325467 17.229675095387424
38446.21932178769 16.971843058981108
38600.00419907484 16.943445910854766
38754.40421587113 16.791039108063423
38909.42183273463 16.666605875267475
39065.05952006556 16.482732561183074
39221.31975814583 16.361468096881847
39378.205037178406 16.229711873223042
39535.71785732712 16.008237428719916
39693.860728756415 15.864523284377245
39852.636171671445 15.6740822724695
40012.04671635814 15.44098571859764
40172.09490322357 15.280490069627648
40332.78328283648 15.025276199893979
40494.11441596781 14.803787581777904
40656.090873631685 14.615923729919533
40818.71523712622 14.304814567979625
40981.990098074726 14.10266990814968
41145.918058467025 13.935760131622905
41310.50173070089 13.571704203609617
41475.74373762369 13.559131843368238
41641.646712574184 13.14309733634212
41808.21329942448 12.882358314738132
41975.44615262219 12.858923307798007
42143.347937232684 12.460392146060975
42311.921328981625 12.542427612414036
42481.16901429755 11.93460039080949
42651.09369035474 12.018859909986553
42821.69806511615 11.661651633687077
42992.98485737662 10.964198133047075
43164.95679680613 10.900238925088328
43337.61662399335 10.950569809643955
43510.96709048933 10.799382584832388
43685.01095885128 10.785370262058812
43859.75100268668 10.657652181881542
44035.19000669744 10.319500191949514
44211.330766724226 10.378265197695901
44388.176089791115 9.915593278903579
44565.72879415028 10.164998311376293
44743.991709326874 9.630572858770668
44922.9676761642 9.796010077744144
45102.65954686885 9.749425470543445
45283.07018505633 9.046761309496103
45464.20246579656 9.60650895867746
45646.05927565975 9.231755149093866
45828.64351276236 9.270247566810784
46011.95808681343 9.128470948702942
46196.00591916067 8.44728515095
46380.78994283732 8.73981080939863
46566.31310260868 8.326666698894828
46752.578355019126 7.953491036777396
46939.588668439166 8.487274044341317
47127.34702311293 7.977729437037335
47315.85641120539 7.698990622994816
47505.11983685021 8.033519498841398
47695.14031619761 7.583163018594684
47885.9208774624 7.131995455640952
48077.46456097225 7.442326112182851
48269.774419216126 7.391136219806452
48462.853516892996 6.74058998885336
48656.70493096058 7.148914472607985
48851.33175068441 6.8404112941554915
49046.737077687154 6.649775045548202
49242.92402599791 6.690644312522966
49439.89572210189 6.309161658613944
49637.6553049903 5.973493928645781
49836.20592621027 6.5112397137291405
50035.55074991511 6.195967005672919
50235.69295291477 5.386224704930884
50436.63572472643 5.962481090273337
50638.382267625326 6.017615333445453
50840.935796695834 5.401390745254077
51044.2995398826 5.510300067109238
51248.47673804215 5.516095401478352
51453.47064499432 4.672976346073424
51659.28452757429 4.982754093581575
51865.92166568459 5.465105577121373
52073.38535234733 4.326425606214402
52281.67889375672 4.912728041133349
52490.80560933175 4.8015475126382725
52700.76883176907 4.489417614982048
52911.57190709616 4.520220628010535
53123.218194724526 4.467184648082193
53335.711067503435 4.900961112256666
53549.053911773444 3.7469059318315643
53763.25012742054 4.062359006845009
53978.303127930216 4.3017735195560585
54194.21634044194 3.08594387923681
54410.99320580371 4.148561396014033
54628.63717862692 3.6360506367479264
54847.15172734143 3.817259330385148
55066.540334250785 3.7212703352776746
55286.80649558781 3.4507744174230934
55507.95372157016 3.300132833204505
55729.985536456436 3.089051667877282
55952.90547860226 3.4359354029266385
56176.717100516675 3.2919043344776773
56401.42396891874 3.2277291981585723
56627.02966479442 3.2196476946942045
56853.5377834536 2.95697856004198
57080.95193458741 2.8542739100364676
57309.27574232576 2.7800940099506524
57538.51284529506 2.963972442516454
57768.666896676245 2.6575722267991364
57999.74156426295 3.1220797197729935
58231.74053052 2.40791233196359
58464.66749264208 2.934633767051161
58698.52616261265 2.481255687300114
58933.3202672631 2.4524881612550664
59169.05354833215 2.8706174897235432
59405.72976252549 2.3060688483296645
59643.3526815756 2.758244065308341
59881.926092301896 2.7089420511488087
60121.45379667111 2.8486669426542504
60361.93961185778 2.558150203571389
60603.38737030522 2.3400083178573494
60845.800919786445 2.678653921972575
61089.184123465595 2.368863882251751
61333.54085995945 2.583378379606369
61578.87502339928 2.1965035005164917
61825.19052349288 2.2997385566593165
62072.491285586846 2.4999171127827537
62320.7812507292 2.4749966539109822
62570.06437573213 2.557186527504904
62820.34463323505 2.522289306443819
63071.62601176801 2.586472935564534
63323.91251581507 2.439038578684456
63577.20816587833 2.4679765353103464
63831.51699854184 2.3500778280426715
64086.843066536014 1.9115436284923562
64343.19043880215 2.156414372086718
64600.563200557364 1.9772017342763792
64858.96545335958 1.6406569434056486
65118.401315173025 1.822669398894492
65378.87492043372 1.9007017244083042
65640.39042011545 1.6856527199228855
65902.95198179591 1.5480610263760208
66166.56378972309 1.585720460860149
66431.23004488199 1.6065218041790206
66696.95496506151 1.7702885758236149
66963.74278492175 1.836779931725188
67231.59775606144 1.665926380483326
67500.52414708569 1.8763677049145568
67770.52624367403 1.6791266406254635
68041.60834864872 1.6624646510963828
68313.77478204331 1.6397486389411242
68587.02988117147 1.4997835614173542
68861.37800069616 1.76785380661597
69136.82351269896 1.793755781103032
69413.37080674975 1.8118313105051018
69691.02428997675 1.616696502920845
69969.78838713666 1.7128330097031803
70249.6675406852 1.6781510544806428
70530.66621084794 1.5053817333775483
70812.78887569135 1.6517363448690194
71096.04003119409 1.586961677042648
71380.42419131887 1.6144529303411443
71665.94588808414 1.5021009724733316
71952.60967163648 1.5258677570843124
72240.42011032304 1.510048286983909
72529.38179076432 1.464415768447074
72819.49931792737 1.391743871455595
73110.77731519907 1.4511516159852584
73403.22042445988 1.2870775134427437
73696.83330615771 1.3462562001926663
73991.62063938235 1.4141363217120637
74287.58712193987 1.3474946405270207
74584.73747042764 1.2292196668070154
74883.07642030934 1.3314401028455705
75182.60872599059 1.41025091982878
75483.33916089457 1.3843240585476704
75785.27251753812 1.3390240630834132
76088.4136076083 1.287201080115866
76392.76726203872 1.4607258836543644
76698.33833108687 1.0922085249613283
77005.13168441122 1.1271477589825376
77313.15221114887 1.1140921603361604
77622.40481999348 1.1161909010956623
77932.89443927344 1.2226147325311505
78244.62601703055 1.236864000400789
78557.60452109865 1.2152897858779008
78871.83493918306 1.1455601874003019
79187.3222789398 1.2054080500091278
79504.07156805556 1.2273042287588516
79822.08785432778 1.2714689789512799
80141.37620574511 1.195818229885268
80461.94171056806 1.1508816728781548
80783.78947741033 1.2017713707969848
81106.92463531997 1.231742311918497
81431.35233386126 1.1423368023905924
81757.0777431967 1.1348591784340325
82084.10605416949 1.1342520723174303
82412.44247838613 1.1027637288496799
82742.09224829968 1.1620244592893856
83073.06061729288 1.1619630924306323
83405.35285976208 1.1206763122859889
83738.9742712011 1.0670451115211588
84073.93016828595 1.123517490737224
84410.22588895904 1.1107292158976945
84747.86679251489 1.1045605594167336
85086.85825968496 1.0318879434349333
85427.20569272367 1.0822054677962265
85768.91451549459 1.090412922098528
86111.99017355654 1.0646969043393542
86456.43813425078 0.9947453131568045
86802.2638867878 1.0322184140550128
87149.47294233493 1.0414750223407025
87498.07083410428 1.0160612204081816
87848.0631174407 0.9681274779262433
88199.45536991046 0.9857758138690419
88552.25319139009 1.0001063791488642
88906.46220415569 0.9946210466598514
89262.08805297229 0.9403212015205603
89619.1364051842 0.9075303116672536
89977.61295080492 0.9479773839139075
90337.52340260813 0.9380417404150989
90698.87349621857 0.9043446041041505
91061.66899020346 0.9055571669118536
91425.91566616425 0.8929115898959296
91791.61932882894 0.8941553389261994
92158.78580614422 0.8601375242257608
92527.4209493688 0.8843284009891234
92897.53063316627 0.8409295499537802
93269.12075569895 0.8388033732356841
93642.19723872172 0.8522980551153874
94016.76602767664 0.835303819450074
94392.83309178732 0.8189402243428151
94770.40442415449 0.8019215774362919
95149.48604185111 0.8082872624215014
95530.08398601852 0.7991041411273226
95912.20432196259 0.8013201432796921
96295.85313925042 0.7852218967628729
96681.0365518075 0.7617296498552797
97067.76069801472 0.7700210252304533
97456.03174080675 0.7634393443410546
97845.85586776999 0.7596193113539954
98237.23929124104 0.7473217672171769
98630.18824840599 0.7369372783181976
99024.70900139965 0.724168832325233
99420.80783740526 0.7244721897707865
99818.49106875488 0.7292689317408236
100217.76503302988 0.7186350974843345
100618.636093162 0.6954155278590468
101021.11063753467 0.697011101008625
101425.1950800848 0.697114748305961
101830.89586040513 0.6926696774083284
102238.21944384674 0.6860780666853308
102647.17232162213 0.6700288557117537
103057.7610109086 0.6589683987202757
103469.99205495225 0.5241354520555161
103883.87202317205 0.5193459361013708
104299.40751126477 0.5527161253227755
104716.60514130979 0.5583581480026064
105135.47156187505 0.5560720259923253
105556.01344812254 0.5792838851412468
105978.23750191503 0.5824123905855569
106402.15045192267 0.5682974592795712
106827.75905373038 0.5430676755777972
107255.07008994528 0.4837489018419521
107684.09037030509 0.5029129417852074
108114.8267317863 0.5306981067379191
108547.28603871344 0.5474478605675882
108981.47518286831 0.5400008184389731
109417.40108359976 0.5260628279688451
109855.0706879342 0.5205278944795069
110294.49097068593 0.5159503688687298
110735.66893456863 0.5387844584067953
111178.61161030692 0.5297961607757397
111623.32605674816 0.5332852656246302
112069.81936097513 0.5196644840983055
112518.09863841905 0.4906558537765793
112968.17103297272 0.5175914499709264
113420.0437171046 0.50847675873697
113873.72389197304 0.5003629997042808
114329.21878754091 0.5033788083321293
114786.53566269108 0.4864628763713952
115245.68180534184 0.4649714673621641
115706.66453256323 0.47175234596056564
116169.49119069346 0.47307000338722177
116634.16915545624 0.4640456593481823
117100.70583207808 0.422068683383902
117569.1086554064 0.44513205599610706
118039.385090028 0.4355821477793402
118511.54263038811 0.4454130165127174
118985.58880090967 0.44141589227852984
119461.5311561133 0.43255198253165894
119939.37728073777 0.41648787377670066
120419.13478986072 0.42579257679380556
120900.81132902016 0.3920820571163522
121384.41457433623 0.41629288338446085
121869.9522326336 0.41630944249488777
122357.43204156413 0.395888232077179
122846.86176973036 0.3846300702610217
123338.2492168093 0.394084751725393
123831.60221367657 0.35616346735050247
124326.92862253124 0.3751335739519833
124824.23633702139 0.3847424538487764
125323.53328236948 0.35174314031813086
125824.82741549893 0.3500629888427141
126328.12672516092 0.366673073337247
126833.43923206156 0.35100941498990157
127340.77298898982 0.3434241112950822
127850.13608094577 0.355264343614012
128361.53662526955 0.3365000813325816
128874.98277177062 0.3377747776015522
129390.4827028577 0.3362658247799387
129908.04463366912 0.3351565355737353
130427.67681220379 0.3130317225810702
130949.38751945265 0.3287798046815262
131473.18506953045 0.314737259261783
131999.07780980857 0.31835152514094806
132527.0741210478 0.3024618812606364
133057.182417532 0.29680653095219184
133589.4111472021 0.29923689554871963
134123.76879179094 0.2841555906439494
134660.26386695806 0.2843762172937742
135198.9049224259 0.29525849878707805
135739.7005421156 0.2870591571579409
136282.65934428407 0.28160383076875567
136827.78998166122 0.27833989840973217
137375.1011415879 0.27044292866668507
137924.60154615424 0.2742870661797532
138476.29995233883 0.2686013075292204
139030.20515214818 0.27006850414137784
139586.32597275675 0.2699210871664204
140144.6712766478 0.2518023171417139
140705.2499617544 0.25494960045115134
141268.0709616014 0.2522246136496917
141833.1432454478 0.23788044917247764
142400.4758184296 0.2438022495131704
142970.07772170333 0.24875576079100317
143541.95803259013 0.23122390279760643
144116.12586472047 0.23021592174281758
144692.59036817937 0.2235539055055055
145271.3607296521 0.22088490826068158
145852.44617257072 0.23114486704319273
146435.85595726097 0.2258744702515743
147021.59938109003 0.22218199768221605
147609.6857786144 0.22321510936093986
148200.12452172884 0.21538651361250585
148792.92501981577 0.2047239113389066
149388.09671989502 0.20501080510579023
149985.6491067746 0.20646395418598187
150585.59170320167 0.20241553158426265
151187.93407001448 0.2050590579605775
151792.68580629455 0.1927226448102281
152399.85654951975 0.20152084257618855
153009.45597571784 0.19780089831689893
153621.4937996207 0.189339810065091
154235.97977481916 0.18676211946224708
154852.92369391845 0.18288712385807337
155472.3353886941 0.17160829135902397
156094.2247302489 0.17516885228294496
156718.60162916992 0.17808561978762633
157345.47603568656 0.1633569800690856
157974.8579398293 0.1631186812717591
158606.75737158864 0.1670477688509611
159241.18440107498 0.1658595080994834
159878.14913867926 0.15091996803378854
160517.661735234 0.16526289825126156
161159.73238217493 0.15707092760660935
161804.3713117036 0.1632010332098414
162451.58879695044 0.14821046022282114
163101.39515213823 0.1528619882143744
163753.8007327468 0.15336380096024538
164408.81593567782 0.15185042112815791
165066.45119942052 0.14771504416936443
165726.71700421823 0.1453467232715434
166389.62387223504 0.13112198301836683
167055.18236772402 0.14167820132285117
167723.40309719497 0.1481379690892324
168394.2967095837 0.14021623467606376
169067.87389642204 0.13224699383259206
169744.14539200772 0.13443830964701145
170423.1219735757 0.14264392810850451
171104.81446147006 0.11999994522765925
171789.23371931593 0.13149281566834156
172476.3906541932 0.12323906253858509
173166.29621680998 0.1262031470372243
173858.96140167722 0.11054922113209419
174554.39724728392 0.12832685450558842
175252.61483627307 0.12070872208711812
175953.62529561817 0.12036264349453096
176657.43979680064 0.11884818659327918
177364.06955598784 0.11439311940174217
178073.52583421173 0.11518971610426748
178785.8199375486 0.11888520700619433
179500.9632172988 0.10590681217625617
180218.967070168 0.11246410899647315
180939.84293844865 0.11189836464862553
181663.60231020238 0.09533662231370274
182390.25671944322 0.10670539304303336
183119.81774632097 0.10781154277076525
183852.29701730626 0.10425998991508069
184587.7062053755 0.10375379799430039
185326.057030197 0.09335482959192323
186067.3612583178 0.08853694503326567
186811.63070335102 0.09658631273832419
187558.8772261645 0.09398958451973861
188309.11273506918 0.10383134172819586
189062.3491860094 0.09729246108132868
189818.59858275342 0.08479412004445071
190577.87297708448 0.0969433277183171
191340.18446899284 0.09381973016573122
192105.54520686882 0.08639131799800924
192873.9673876963 0.08104249306995409
193645.46325724703 0.08315661184167135
194420.04511027603 0.06936174814073268
195197.72529071715 0.08490379998109997
195978.51619188 0.07568673114324986
196762.4302566476 0.08001912371195374
199107.9942767367 0.074921255025644
203090.15416227144 0.06954070447341802
207151.95724551688 0.06836753972196867
211294.9963904272 0.05890853454203067
215520.89631823578 0.05651686570919312
219831.31424460045 0.05317232920266099
224227.94052949245 0.04757737884519929
228712.4993400823 0.04815100476749013
233286.74932688402 0.045988212852657404
237952.48431342165 0.0368130460868385
242711.5339996901 0.04109192270486391
247565.76467968393 0.03588537840993667
252517.0799732776 0.029677192585725834
257567.42157274322 0.03176572988631169
262718.770004198 0.029231911733835235
267973.145404282 0.023885443953675638
273332.6083123676 0.026813702824515107
278799.26047861495 0.02258598764067129
284375.2456881872 0.017984875049215192
290062.750601951 0.02018561839761629
295864.00561398995 0.018078923923351274
301781.2857262697 0.01713343633301594
307816.91144079523 0.014066599410643896
313973.24966961105 0.015249008357691721
320252.7146630032 0.013757299180279344
326657.7689562633 0.012361560104020935
333190.92433538847 0.01064177653973913
339854.7428220964 0.01158204215077543
346651.83767853834 0.009348656956050245
353584.87443210906 0.008345557569001636
360656.57192075124 0.008004713939026053
367869.70335916633 0.007811557497253263
375227.09742634965 0.007101168711890518
382731.63937487674 0.007724652260112976
390386.2721623741 0.006132198485023007
398193.99760562164 0.005481016727902007
406157.87755773397 0.004820842205146729
414281.0351088888 0.005639881637120138
422566.65581106645 0.004838859223925327
431017.98892728786 0.003977118763503757
439638.3487058336 0.003823083298626057
448431.11567995034 0.003603188094182835
457399.7379935492 0.003462500994654685
466547.7327534202 0.002843250460774323
475878.6874084886 0.0029922208436516592
485396.2611566584 0.0029043631969818844
495104.1863797916 0.0023595031750711795
505006.2701073874 0.0022088376446775825
515106.39550953516 0.002006003357518692
525408.5234197257 0.0023295491189038848
535916.6938881205 0.0020069700025788896
546635.0277658828 0.0018534126545353734
557567.7283212005 0.0015035226532885942
568719.0828876244 0.0013732276100518002
580093.4645453768 0.0013973863314031064
591695.3338362843 0.0013296851792167345
603529.2405130101 0.001200289109556703
615599.8253232702 0.0012606196613208559
627911.8218297358 0.0009531577119110759
640470.0582663304 0.0008807959889329448
653279.459431657 0.0008173631366975668
666345.04862029 0.0007430248826921732
679671.9495926959 0.0008493278569799793
693265.38858455 0.00080489807296272
707130.6963562409 0.0006450357532498717
721273.3102833657 0.0005315030737956223
735698.7764890331 0.0005679629370967399
750412.7520188137 0.00048267286646766895
765421.0070591901 0.0005033380377466462
780729.4272003738 0.0004430563862436885
796344.0157443815 0.0004269093659922857
812270.896059269 0.00035803598880747875
828516.3139804546 0.0003300418332069227
845086.6402600636 0.00030963316985545524
861988.3730652649 0.0003355932154211763
879228.14052657 0.00037468806235206267
896812.7033371016 0.0002813391126620942
914748.9574038435 0.0002718373433462515
933043.9365519203 0.0002246646306317179
951704.8152829591 0.00018931477586379405
970738.911588618 0.0002253811260783782
990153.6898203905 0.00016168837441867705
