1000.5530765187797 6.747942380101293e-31
1004.5552888248548 1.2782972135405677e-123
1008.5735099801544 5.259765970088174e-118
1012.607804020075 2.1326559609133483e-117
1016.6582352361554 2.2267078641773484e-123
1020.7248681770998 1.4878929356240644e-86
1024.8077676498083 7.551692135877519e-92
1028.9069987204075 6.251274927689045e-115
1033.022626715289 8.283489547431434e-80
1037.1547172221503 3.008009467767729e-120
1041.3033360910388 5.0123038511258946e-110
1045.468549435403 3.097360537933783e-104
1049.6504236331448 2.3983375721781603e-122
1053.8490253276773 7.220014845481589e-91
1058.064421428988 4.3283621777877365e-115
1062.296679114704 8.408153713912625e-90
1066.5458658311627 5.547402859368504e-101
1070.8120492944875 1.5948044230667803e-104
1075.0952974916654 1.834191453908594e-82
1079.3956786816323 6.898243978941291e-105
1083.7132613963586 6.359840981137667e-79
1088.048114441944 1.181209535290262e-84
1092.4003068997117 4.528777767895973e-56
1096.7699081273104 3.9272589539958766e-83
1101.15698775982 2.2367428908716033e-85
1105.561615710859 1.992051819804041e-57
1109.9838621737026 3.292075001886432e-67
1114.4237976223976 1.600504924479005e-76
1118.8814928128868 9.120851320669504e-84
1123.3570187841383 6.594419884023914e-77
1127.8504468592753 4.887740656780384e-44
1132.361848646712 1.8033270226243584e-54
1136.8912960412988 4.594789375747176e-53
1141.438861225464 1.2535153206160012e-51
1146.004616670366 1.0678068367638686e-49
1150.5886351370475 4.3881916686924195e-52
1155.190989677596 2.3047993481695166e-54
1159.8117536363065 1.2094149945896863e-49
1164.4510006508515 6.094000165774038e-55
1169.108804653455 1.4569417938639345e-57
1173.7852398720688 3.241205302671669e-46
1178.480380831557 2.640676516834464e-43
1183.1943023548836 2.3333173795200407e-44
1187.9270795643029 1.712843911692604e-48
1192.67878788256 5.1440292494948615e-42
1197.4495030340906 3.301912880744234e-38
1202.2393010462267 2.1402562978188084e-53
1207.0482582504117 5.246809982182397e-39
1211.8764512834132 1.5158885238279636e-42
1216.7239570885472 3.954842285875088e-36
1221.5908529169012 4.033553273465637e-32
1226.4772163285688 2.9166660840412456e-30
1231.383125193883 7.621362714589466e-32
1236.3086576946585 1.4727542942319945e-30
1241.2538923254372 6.800252380611462e-33
1246.2189078947392 1.543691570403654e-36
1251.203783526318 9.090154743209144e-31
1256.2085986604231 4.1278700653853345e-37
1261.233433055065 6.606436078568862e-32
1266.2783667872852 1.0448114676159568e-30
1271.3434802544346 8.453303737465779e-30
1276.4288541754522 2.315319369995952e-33
1281.534569592154 4.6276385221237095e-29
1286.6607078705229 2.0351096215295532e-29
1291.8073507020044 5.812199853633107e-28
1296.9745801048125 2.1394967461385464e-28
1302.162478425232 2.636103501731423e-28
1307.3711283389327 7.946569973012478e-28
1312.6006128522888 8.516491121139352e-28
1317.851015303698 2.0389307426000285e-27
1323.1224193649127 1.4088321066714419e-27
1328.4149090423725 2.866876457141941e-27
1333.728568678542 8.028199914667852e-27
1339.0634829532567 6.773320172789883e-27
1344.4197368850691 3.8196632489753534e-27
1349.7974158326099 1.550104744694991e-26
1355.1966054959403 2.685490443378851e-26
1360.6173919179244 2.7151301947037426e-26
1366.059861485596 9.656915847819856e-27
1371.5241009315384 4.193175151695442e-26
1377.0101973352646 4.9533232228817713e-26
1382.5182381246057 5.230684963339994e-26
1388.0483110771042 8.561358126863526e-26
1393.6005043214122 1.3522681421175487e-25
1399.1749063386976 1.7329299186264917e-25
1404.7716059640527 2.952573715769448e-25
1410.3906923879088 3.636145619268081e-25
1416.0322551574602 4.788711658367985e-25
1421.6963841780905 5.506439672416629e-25
1427.3831697148032 7.235952942096719e-25
1433.0927023936622 1.6937051366741552e-24
1438.8250732032368 1.366979725897728e-24
1444.5803734960498 2.6604929394488487e-24
1450.3586949900334 2.368187221569865e-24
1456.1601297699938 4.608140652361574e-24
1461.984770289074 4.3328521265155805e-24
1467.83270937023 5.7727293492587344e-24
1473.704040207711 9.045654347807059e-24
1479.5988563685412 9.04741458676797e-24
1485.5172517940157 1.154822265050553e-23
1491.459320801192 3.431258868951402e-23
1497.4251580843968 2.0111037019090344e-23
1503.4148587167342 5.016650160162058e-23
1509.4285181516007 4.655584295960898e-23
1515.4662322242077 1.8915487618326472e-23
1521.5280971531042 3.8163937906224855e-23
1527.6142095417167 4.889553545111168e-23
1533.7246663798837 5.830320119974177e-23
1539.859565045403 7.164991057869057e-23
1546.0190033055849 9.815797646302249e-24
1552.203079318807 2.5956476264939482e-23
1558.4118916360824 3.292575524914768e-23
1564.6455392026269 2.6051626105963024e-23
1570.9041213594373 1.1232284340001841e-23
1577.187737844875 1.5894800948992048e-23
1583.4964887962547 4.787373823653783e-24
1589.8304747514399 9.932657353613015e-24
1596.1897966504455 3.0744748148717134e-24
1602.5745558370472 5.9338376349472035e-24
1608.9848540603957 8.307430008612304e-24
1615.4207934766368 4.312113997663433e-24
1621.8824766505436 4.221552976591509e-24
1628.3700065571454 4.919835724818222e-24
1634.8834865833744 7.158802358578545e-24
1641.4230205297079 1.0451057182304716e-23
1647.9887126118267 1.563613157859511e-23
1654.580667462274 1.578992486391857e-23
1661.198990132123 4.725305068212773e-23
1667.8437860926513 5.750878853829276e-23
1674.515161237022 2.410128506506803e-22
1681.2132218819695 3.603424130717893e-22
1687.9380747694975 2.5210652723425776e-22
1694.6898270685758 3.7655534270429614e-21
1701.4685863768502 1.6820755502541558e-21
1708.2744607223572 1.1419312886168383e-21
1715.1075585652468 4.633875457043644e-21
1721.967988799508 5.081262792991629e-21
1728.8558607547059 1.096980835860345e-20
1735.7712841977245 5.493233644682481e-21
1742.7143693345156 1.695313212627503e-21
1749.6852268118535 5.5447147373505945e-21
1756.6839677191008 8.194134089433058e-21
1763.7107035899771 5.0113559583444716e-20
1770.7655464043373 7.234925684867647e-20
1777.8486085899544 2.318986570665316e-20
1784.9600030243143 1.3790037792727118e-19
1792.0998430364118 1.1567304930322928e-19
1799.2682424085576 1.0574089307064251e-19
1806.4653153781921 1.6275537971381124e-19
1813.6911766397043 3.135529986205055e-20
1820.945941346263 4.6046569443916995e-20
1828.2297251116483 3.702836103871265e-20
1835.5426440120948 1.638539226928359e-20
1842.8848145881432 2.301081478123564e-19
1850.2563538464956 6.054698039971704e-19
1857.657379261881 3.3171460836308945e-19
1865.0880087789287 1.6006584389538728e-18
1872.5483608140448 1.777796999093427e-18
1880.0385542573008 9.859620506491477e-19
1887.5587084743302 4.132212823448125e-18
1895.1089433082268 3.565930375034021e-18
1902.68937908146 2.6314502557545414e-18
1910.3001365977857 9.693054980920359e-18
1917.9413371441767 6.1742716746550705e-18
1925.6131024927531 8.27287966948514e-18
1933.3155549027244 1.7804678750498418e-17
1941.0488171223355 1.562167781854803e-17
1948.8130123908247 1.3369085192277004e-17
1956.608264440388 2.7348197362532265e-17
1964.434697498149 1.4480140694153956e-17
1972.2924362881417 1.7882208361146696e-17
1980.1816060332944 2.748891145069552e-17
1988.1023324574276 1.877977261256251e-17
1996.0547417872574 1.3284786897361787e-17
2004.0389607544066 1.638697314004433e-17
2012.0551165974243 1.3091078617077382e-17
2020.1033370638136 1.1515029567311297e-17
2028.1837504120688 1.5511957847161488e-17
2036.2964854137172 1.9939396758587988e-17
2044.4416713553724 2.2144298117443323e-17
2052.6194380407937 4.692199535219579e-17
2060.829915792957 6.292732651905948e-17
2069.0732354561287 8.653495666500743e-17
2077.3495283979532 1.2190482228126626e-16
2085.6589265115445 1.9323184440502242e-16
2094.001562217591 2.7255208755663226e-16
2102.3775684664615 3.3081730884474965e-16
2110.787078740328 3.2615793477065145e-16
2119.2302270552887 5.692985774038498e-16
2127.70714796351 7.403809002798023e-16
2136.217976555364 1.068418773082948e-15
2144.7628484615852 6.037140126828714e-16
2153.341899855432 1.4607321573296309e-15
2161.9552674548536 2.263050925793541e-15
2170.603088524673 2.7673599691557284e-15
2179.285500878772 2.190446039598931e-15
2188.0026428822866 2.518401790423571e-15
2196.754653453816 5.371559168096103e-15
2205.541672067631 4.711040751873864e-15
2214.3638387559017 1.026525239138806e-14
2223.2212941109246 5.81926685777458e-15
2232.114179287369 2.075883634199604e-14
2241.0426360045185 1.340740460852736e-14
2250.0068065485366 3.330872515676159e-14
2259.0068337747302 2.115583384541613e-14
2268.0428611098296 3.676788084812678e-14
2277.115032554269 4.3232921102188045e-14
2286.223492684486 5.45464192851628e-14
2295.368386655224 1.168557203503467e-13
2304.549860201845 3.496890424244579e-14
2313.7680596426517 1.3964441954438505e-13
2323.0231318812225 1.249014449133628e-13
2332.3152244087473 2.447869147695557e-13
2341.6444853063817 2.4514140667604397e-13
2351.0110632476076 9.794714896342825e-14
2360.415107500598 2.6651647618796923e-13
2369.8567679306 1.1633895462964488e-13
2379.3361950023227 4.092412404150944e-13
2388.853539782332 3.125807615352192e-13
2398.4089539414617 6.848792859424323e-13
2408.0025897572273 9.124499708155972e-13
2417.6346001162565 4.662485480981826e-13
2427.3051385167214 1.310626571931029e-12
2437.0143590707885 1.455944528422774e-12
2446.762416507072 2.5842118355953627e-12
2456.5494661731 1.8149968084377041e-12
2466.375664037793 2.39663624221694e-12
2476.2411666939443 3.2557918966357584e-12
2486.1461313607197 1.2635732470684615e-12
2496.090715886162 2.893109580385799e-12
2506.075078749707 2.810542829700293e-12
2516.0993790647044 3.696107523407592e-12
2526.163776580964 6.307781535987686e-12
2536.268431687288 8.47885396411407e-12
2546.4135054140374 1.015329008764338e-11
2556.599159435693 8.637336075744409e-12
2566.825556073436 6.5343947933065445e-12
2577.09285829773 9.368212767830884e-12
2587.4012297309205 8.84290992980065e-12
2597.7508346498444 1.3130294034760802e-11
2608.141837988444 1.5969037282550904e-11
2618.5744053403982 1.9221111367961877e-11
2629.0487029617593 2.1913575896904465e-11
2639.5648977736064 2.155776412883921e-11
2650.123157364701 2.265218135188692e-11
2660.7236499941596 2.6444624242333658e-11
2671.366544594136 2.828400991478434e-11
2682.052010772512 3.424194953136893e-11
2692.7802188156024 3.8153990873194235e-11
2703.551339690865 4.326703081194409e-11
2714.365545049628 4.790535494465282e-11
2725.223007229827 5.2689431030463836e-11
2736.123899258746 5.829900469004219e-11
2747.0683948557817 6.566846426940592e-11
2758.0566684352048 7.303236647646804e-11
2769.0888951089455 8.29089337297917e-11
2780.165250689381 9.347211935933421e-11
2791.2859116921386 1.0634016621928368e-10
2802.451055338907 1.2119035230708157e-10
2813.660859560263 1.3871583745402528e-10
2824.9155029985036 1.5944208143529377e-10
2836.2151650104965 1.84324060120098e-10
2847.5600256705393 2.136383968036505e-10
2858.950265773222 2.490701658325077e-10
2870.386066836315 2.9104906418564437e-10
2881.8676111036607 3.414092933970149e-10
2893.3950815480757 4.015259022204037e-10
2904.968661874268 4.732701205926562e-10
2916.588536521764 5.589733648209495e-10
2928.254890667851 6.611935263320533e-10
2939.9679102305226 7.829895113131053e-10
2951.727781871445 9.281044631799133e-10
2963.534692998931 1.1006302176526073e-09
2975.3888317709266 1.305567816492529e-09
2987.2903870980094 1.5487523220945731e-09
2999.2395486464025 1.836734383931456e-09
3011.2365068409886 1.9205333791115856e-09
3023.2814528683516 2.264942555847855e-09
3035.374578679825 2.1541290178937823e-09
3047.516076994544 3.1542704445298243e-09
3059.7061413025226 3.762501280479937e-09
3071.9449658677336 4.400117584744338e-09
3084.232745731204 5.047991942131585e-09
3096.569676714128 4.208607243851295e-09
3108.955955420985 4.87391040659766e-09
3121.3917792426687 7.902680390492927e-09
3133.8773463596394 9.262497476203352e-09
3146.412855745078 1.0621399764200432e-08
3158.998507168058 1.20367048670435e-08
3171.6345011967305 1.3462774408907025e-08
3184.321039201517 1.4780707260070352e-08
3197.0583233583234 1.562301165380558e-08
3209.8465566517566 1.2750622042081204e-08
3222.6859428783637 8.581975870105566e-09
3235.576686649877 1.5442878903861978e-08
3248.518993396477 1.3193684821546684e-08
3261.513069370063 8.806056070431606e-09
3274.559121647543 3.6475291858866658e-09
3287.6573581341336 4.443994573047477e-10
3300.8079875666704 7.928187272962927e-13
3314.0112195169368 9.896746791505994e-11
3327.2672643950045 3.2529251985000585e-09
3340.5763334525845 1.513523219945453e-08
3353.938638786395 3.5778479081969934e-08
3367.354393341541 6.23267609681795e-08
3380.8238109149074 9.260640179040452e-08
3394.347106158567 1.2545309613989168e-07
3407.924494583201 1.5966005407561e-07
3421.5561925615334 1.899971594307256e-07
3435.2424173317804 1.7135733118675062e-07
3448.9833870011066 4.639496625425159e-08
3462.7793205491116 2.720483713524978e-07
3476.630437831308 3.8945616759659364e-07
3490.536959582633 4.7231590430704103e-07
3504.4991074209643 5.559397408224175e-07
3518.5171038506473 6.467823840502044e-07
3532.5911722660503 7.476453019129869e-07
3546.7215369551145 8.605179677808887e-07
3560.9084231029346 9.872291058083122e-07
3575.1520567953467 1.1296130274331056e-06
3589.452665022528 1.2897177864084495e-06
3603.810475682617 1.469696599901186e-06
3618.225717585348 1.6719573040099477e-06
3632.698620455689 1.899104024079767e-06
3647.2294149375116 2.1541905848747934e-06
3661.8183325972614 2.440383393418295e-06
3676.4656059276513 2.761099986837481e-06
3691.1714683513615 3.1205397705374857e-06
3705.936154224767 3.523102087820395e-06
3720.7598988416657 3.973329383236608e-06
3735.6429384370326 4.476960542346074e-06
3750.585510190781 5.039347157976522e-06
3765.587852231544 5.666725446756682e-06
3780.6502036404704 6.366292894238883e-06
3795.772804455032 7.146376608756142e-06
3810.955895672852 8.014481924809009e-06
3826.199719255544 8.979582537297968e-06
3841.504518132566 1.0051729276435289e-05
3856.870536205096 1.1241617806714908e-05
3872.2980183499167 1.2556335400754392e-05
3887.7872104233156 1.4010651229104984e-05
3903.338359265009 1.561354920010309e-05
3918.9517127020695 1.7374195642034816e-05
3934.6275195528774 1.929020168790909e-05
3950.3660296310895 2.135161555963053e-05
3966.1674937496136 2.3507335098210712e-05
3982.0321637246125 2.5602120095058653e-05
3997.9602923795105 2.7215340750283265e-05
4013.9521335490285 2.662673752078261e-05
4030.007942083225 1.6379209285866398e-05
4046.1279738515577 9.344878914907691e-07
4062.312485746964 1.9593383352777677e-05
4078.5617356899515 4.032476822973258e-05
4094.8759826327114 5.088796305454761e-05
4111.255486563242 5.898703250246451e-05
4127.700508509496 6.66874252203695e-05
4144.211310543533 7.461138319740728e-05
4160.788155785708 8.3043979830387e-05
4177.431308408849 9.214465823900237e-05
4194.141033642486 0.00010204406287772584
4210.917597777056 0.00011280701535636721
4227.761268168164 0.00012453632598777596
4244.672313240838 0.00013742755055307814
4261.651002493801 0.00015152075889738267
4278.697606503776 0.00016688879858323688
4295.812396929791 0.00018371952706378958
4312.995646517511 0.00020209270620637204
4330.24762910358 0.00022210561578335405
4347.568619619994 0.0002439271942515997
4364.958894098475 0.00026779886703348724
4382.418729674868 0.00029382051988422283
4399.948404593568 0.0003221504909731142
4417.548198211942 0.0003530845885835924
4435.21839100479 0.0003865982265448857
4452.959264568809 0.00042329702097791027
4470.771101627084 0.00046294748478556083
4488.654186033592 0.0005056420124836789
4506.608802777726 0.0005523507978401722
4524.635237988838 0.0006025751177238844
4542.733778940792 0.0006543949653660259
4560.904714056555 0.0006804949439716412
4579.148332912781 0.0007188346031190839
4597.464926244433 0.0008307219191357926
4615.85478594941 0.0009065330788072266
4634.318205093208 0.000982960467844073
4652.855477913582 0.0010637247485948444
4671.466899825236 0.0011502394133832104
4690.152767424537 0.0012404356300124825
4708.913378494234 0.0013258556857350349
4727.749032008212 0.0013977642250547853
4746.660028136244 0.0014439921984026713
4765.646668248789 0.001453671752931824
4784.709254921784 0.0013906666829431099
4803.8480919414715 0.0013202688649686831
4823.063484309237 0.0012261955081318068
4842.355738246474 0.001085505007200016
4861.72516119946 0.0009626152725347879
4881.172061844257 0.000848909343773529
4900.6967500916335 0.0007542551766538585
4920.299537092001 0.0006461775889722749
4939.9807352403695 0.0005204463576950852
4959.740658181329 0.00038767696347389034
4979.5796208140555 0.00026151535398361475
4999.497939297312 0.00015804980385431916
5019.495931054502 9.026200148419888e-05
5039.57391477872 5.636769969156002e-05
5059.732210437835 4.361930105491561e-05
5079.971139279585 4.072096006460349e-05
5100.291023836704 3.978919585328672e-05
5120.692187932051 3.712351401441565e-05
5141.174956683781 3.403376349367463e-05
5161.739656510514 3.221499451939682e-05
5182.386615136556 3.0537665800813234e-05
5203.116161597103 2.7787002408349433e-05
5223.928626243489 2.4881355692653368e-05
5244.824340748465 2.2505826994294916e-05
5265.803638111459 2.0028385754407105e-05
5286.866852663905 1.753853717010915e-05
5308.0143200745615 1.56291223355393e-05
5329.246377354859 1.3943871092607909e-05
5350.563362864278 1.2312415743177642e-05
5371.965616315736 1.1091354242513321e-05
5393.453478780998 1.0008147061333253e-05
5415.027292696122 8.898109030139475e-06
5436.687401866905 8.037236466547638e-06
5458.434151474374 7.2152689611202776e-06
5480.267888080271 6.365508006984812e-06
5502.188959632591 5.677346127375882e-06
5524.197715471122 5.031074383946143e-06
5546.294506333006 4.387157389432625e-06
5568.479684358337 3.828359329916369e-06
5590.753603095771 3.3436564241862644e-06
5613.1166175081535 2.8674642981768354e-06
5635.569083978187 2.501525262768597e-06
5658.1113603140975 2.152141580819034e-06
5680.743805755354 1.8860609342311676e-06
5703.466780978376 1.6657955238392637e-06
5726.28064810229 1.496428866030923e-06
5749.185770694699 1.348255425632803e-06
5772.182513777476 1.2089473011796548e-06
5795.271243832587 1.0630042981059788e-06
5818.452328807918 9.107837439489174e-07
5841.72613812315 7.419120066268794e-07
5865.093042675643 4.3134210625572503e-07
5888.553414846345 1.6899116694465953e-07
5912.10762850573 3.1917036810237937e-07
5935.756059019754 8.88627060850455e-07
5959.499083255832 1.5378309815527637e-06
5983.337079588855 2.293095593079792e-06
6007.27042790721 3.314725224127529e-06
6031.299509618841 4.819624184855713e-06
6055.424707657316 7.043779024613808e-06
6079.646406487946 1.0470067999085886e-05
6103.964992113897 1.5919247245501312e-05
6128.380852082353 2.434377995934805e-05
6152.894375490681 3.692113472542463e-05
6177.505952992646 5.478893747434191e-05
6202.215976804616 7.96713822642999e-05
6227.024840711833 0.00011424213317186809
6251.932940074681 0.00016248767777912593
6276.940671834981 0.00022930972577369713
6302.048434522321 0.0003234024920074603
6327.256628260409 0.0004526251072977345
6352.5656547734525 0.0006256781790460324
6377.975917392546 0.0008582207110798883
6403.487821062116 0.001165354307391552
6429.101772346364 0.0015662878360675093
6454.81817943575 0.002091309720226808
6480.637452153493 0.0027735197652414617
6506.560001962106 0.0036554191969896013
6532.586241969955 0.004795965687360027
6558.716586937834 0.006255532466580906
6584.951453285586 0.008092168037436944
6611.291259098727 0.010400488605851693
6637.7364241351215 0.01328104040666086
6664.2873698316625 0.016766938603434887
6690.94451931099 0.020902517929159696
6717.7082973882325 0.025791989060419056
6744.579130577787 0.03142817510628956
6771.557447100097 0.03753732227652384
6798.643676888497 0.04354120902293888
6825.838251596053 0.04874175076358397
6853.141604602436 0.05226610311496568
6880.554171020846 0.05345513065074829
6908.0763877049285 0.05245362361405981
6935.708693255749 0.050570341558819086
6963.4515280287715 0.049589342160785435
6991.305334140887 0.05022973623385218
7019.270555477449 0.05283875948208182
7047.34763769936 0.0569405163011037
7075.537028250157 0.061591788567587596
7103.839176363159 0.06611575987459554
7132.254533068612 0.07047671708361347
7160.783551200888 0.07416217261324588
7189.42668540569 0.07655114376091282
7218.184392147313 0.07710919781503406
7247.0571297159 0.07562208937528228
7276.045358234765 0.07308974187441554
7305.149539667704 0.06912678772183944
7334.370137826372 0.06459618662148135
7363.707618377678 0.06006625665086957
7393.162448851191 0.05547381884411309
7422.735098646595 0.05022364871538825
7452.426039041182 0.045239710517002873
7482.235743197345 0.040241933464691924
7512.1646861701365 0.03434180638686466
7542.213344914818 0.029169039533673467
7572.382198294477 0.024337319217870572
7602.671727087656 0.018044492428478467
7633.082413996006 0.007726694891381799
7663.614743651989 0.0007122564904816328
7694.269202626598 0.0010147938776357286
7725.046279437104 0.004818628583869576
7755.946464554851 0.011541567646329711
7786.970250413072 0.024116517058146464
7818.118131414723 0.038703739943862364
7849.390603940383 0.053694041856146034
7880.788166356144 0.07143360222193106
7912.311319021571 0.09251358602226893
7943.960564297654 0.11788937528565345
7975.736406554845 0.14830794872429143
8007.639352181065 0.18322904471525311
8039.669909589788 0.22159085062961922
8071.828589228147 0.26401467218560193
8104.115903585063 0.31071435217262044
8136.532367199402 0.36104847676634366
8169.078496668199 0.4164369504584123
8201.754810654873 0.47492024017035095
8234.561829897493 0.5555936419026665
8267.500077217084 0.6414962832716493
8300.570077525952 0.7254636238656308
8333.772357836056 0.8110699166074538
8367.1074472674 0.8930929785349738
8400.575877056472 0.972017005900821
8434.178180564695 1.0447884777018392
8467.914893286956 1.1137545150143013
8501.786552860101 1.187655890570526
8535.793699071543 1.2852929277248313
8569.936873867831 1.409117254271345
8604.216621363299 1.5124405523484146
8638.633487848754 1.5331876257026156
8673.18802180015 1.764724738786362
8707.880773887353 1.91552806195982
8742.7122969829 2.0948338858791105
8777.68314617083 2.2766257006049613
8812.793878755514 2.4615707267494966
8848.045054270535 2.6374708624168193
8883.437234487617 2.769577488136368
8918.970983425568 2.902752017553105
8954.64686735927 3.0810844326702345
8990.465454828707 3.236971087905184
9026.427316648023 3.522127423819422
9062.533025914616 3.7611103153462784
9098.783158018272 3.967570764705697
9135.178290650345 4.181826625733561
9171.719003812947 4.375872178692001
9208.405879828202 4.619593450742698
9245.239503347511 4.807115210247815
9282.2204613609 4.539399803973225
9319.349343206346 4.537205128215184
9356.626740579171 4.847652535305561
9394.053247541488 5.352125005859351
9431.629460531654 5.419989340285162
9469.355978373778 5.52015745170255
9507.233402287276 5.666320919302978
9545.262335896427 5.855311331080689
9583.443385240013 5.892521499423388
9621.777158780975 6.086235011585419
9660.264267416096 6.279845071733128
9698.90532448576 6.485902818698527
9737.7009457837 6.50974582922194
9776.651749566838 6.532789312710849
9815.758356565104 6.50706852162163
9855.021389991363 6.441216799179861
9894.441475551332 6.314639353382213
9934.019241453534 6.125233096097097
9973.755318419348 5.676507846904716
10013.650339693024 4.521663446084989
10053.704941051796 4.328068653111533
10093.919760816003 4.121780036843906
10134.295439859268 3.900148643086534
10174.832621618703 3.652121126390905
10215.531952105179 3.4221204611342135
10256.394079913602 3.206662007918182
10297.419656233254 2.9884846775673646
10338.609334858189 2.7337615783264106
10379.96377219762 2.5277985427759617
10421.483627286412 2.3287206461399044
10463.169561795556 2.142553423940461
10505.022240042741 1.9690547911360625
10547.042329002912 1.8085935590080895
10589.230498318922 1.6571866359532534
10631.587420312197 1.5151190334732993
10674.113769993448 1.3822733239448517
10716.810225073421 1.2621971817008943
10759.677465973711 1.158984793847903
10802.716175837608 1.0778065398021024
10845.927040540959 1.0167731615231865
10889.310748703121 0.9673080398900858
10932.867991697934 0.9217023577490205
10976.599463664725 0.8773890807679214
11020.505861519383 0.8289687844754858
11064.587884965462 0.7744481348652535
11108.846236505324 0.7206383017340605
11153.281621451348 0.6628111333839356
11197.894747937147 0.6671243996432523
11242.686326928899 0.673440650454747
11287.657072236614 0.7284790355336265
11332.807700525562 0.6715979218164954
11378.138931327663 0.7864909440850155
11423.651487052975 0.8272883612713586
11469.346093001184 0.8384743428150231
11515.22347737319 0.8252017375506303
11561.284371282683 0.8275564276513412
11607.529508767815 0.8516177296474591
11653.959626802887 0.9351834613819924
11700.5754653101 0.9788741536349258
11747.377767171341 0.9719740311648734
11794.367278240028 1.0500522414382385
11841.544747352984 1.0679694110235998
11888.9109263424 1.0555412082369613
11936.46657004777 1.0269888917751901
11984.212436327958 1.0079181012482632
12032.149286073272 1.0018851437810654
12080.277883217566 1.0187718926684155
12128.598994750435 1.0577147479337912
12177.113390729437 1.1153180474181386
12225.821844292353 1.1833113821829744
12274.725131669524 1.2605420281455777
12323.824032196202 1.3391298556244153
12373.119328324985 1.4329134487349324
12422.611805638286 1.5483692295341598
12472.302252860838 1.694164589015374
12522.19146187228 1.8249095200754417
12572.280227719768 1.9991428121562596
12622.569348630648 2.2102307583304084
12673.059626025171 2.4180691873890807
12723.751864529271 2.605685802742002
12774.646871987386 2.7677885461179494
12825.74545947534 2.8951029836310394
12877.04844131324 3.0156132913784406
12928.556635078494 3.149268985290083
12980.270861618808 3.3063038331528265
13032.191945065284 3.4738370075039486
13084.320712845543 3.6703110986051586
13136.657995696927 3.854642082823143
13189.204627679715 4.044330968713469
13241.961446190431 4.191226732026789
13294.929291975195 4.101104938216851
13348.109009143096 3.7254281496558392
13401.50144517967 2.7297790474986177
13455.107450960388 1.961369158031682
13508.927880764231 1.5891506356347178
13562.963592287288 1.2271449622161668
13617.215446656439 1.420591803470219
13671.684308443064 2.067697787798117
13726.371045676835 2.2913620692834384
13781.276529859542 2.6844926642349165
13836.40163597898 1.6733979304357054
13891.747242522899 2.0230970986019527
13947.314231492988 1.7992722876710083
14003.103488418961 2.1978411919275693
14059.115902372636 2.2808984892832354
14115.352365982128 1.963756363708896
14171.813775446057 2.13884648011208
14228.501030547843 2.3246218151870544
14285.41503467003 2.7079085163516985
14342.556694808713 2.611006409939874
14399.926921587949 2.816026823998061
14457.5266292743 3.122388379393928
14515.356735791396 3.319699334236629
14573.418162734559 3.4390206976758857
14631.711835385498 3.2939375238440816
14690.238682727038 3.080874831770101
14748.999637457951 2.942643249952387
14807.995636007783 2.8666011745578848
14867.227618551815 2.8450362576426
14926.69652902602 2.767767622591088
14986.403315142123 2.813846838043374
15046.348928402693 2.73964258022736
15106.534324116303 2.5398281911157454
15166.96046141277 2.4241491701549274
15227.62830325842 2.4470755440473266
15288.538816471453 2.388981228680765
15349.692971737337 2.3337247415348905
15411.091743624287 2.2608969915212525
15472.736110598784 2.193000160547079
15534.62705504118 2.124071252413016
15596.765563261344 2.0567378420736544
15659.152625514387 1.9892610667914645
15721.789236016448 1.910493223097481
15784.676392960515 1.8220053420376092
15847.815098532355 1.7366199193188392
15911.206358926484 1.6472399235524116
15974.85118436219 1.557004725917659
16038.75058909964 1.4627237398730997
16102.905591456036 1.3614362894266816
16167.31721382186 1.2540831716191
16231.986482677148 1.1423524140579968
16296.914428607855 1.0473725637122808
16362.102086322288 0.9760145820696973
16427.550494667576 0.9254156279850989
16493.260696646248 0.898262479197426
16559.23373943283 0.8448655372884349
16625.470674390563 0.7908148526753533
16691.972557088127 0.6470570522784644
16758.74044731648 0.6876189746158533
16825.775409105743 0.6464080722876093
16893.07851074217 0.59481538279785
16960.650824785134 0.5456059702604035
17028.493428084275 0.5058188988647349
17096.607401796613 0.4834846111981506
17164.993831403797 0.4523126475512795
17233.653806729413 0.421909316128473
17302.588421956334 0.38442897980329643
17371.798775644158 0.35878894082212565
17441.285970746736 0.33520349715899334
17511.05111462972 0.3119631967474643
17581.095319088243 0.28571043351427566
17651.419700364593 0.2594776503102333
17722.02537916605 0.23944198522266047
17792.913480682713 0.21918509850381115
17864.085134605448 0.1953292049301501
17935.54147514387 0.17052100751563068
18007.283641044443 0.1575801924550546
18079.312775608625 0.13795739552283126
18151.630026711056 0.1273446718451626
18224.236546817894 0.11923960138742631
18297.133493005167 0.10244938738575105
18370.32202697719 0.09431257015172138
18443.803315085097 0.09506413036622259
18517.578528345435 0.0895258537072971
18591.648842458817 0.0796649462880551
18666.01543782865 0.06698257714963371
18740.67949957997 0.061108488140169205
18815.642217578286 0.07331061171575076
18890.9047864486 0.0661265061992258
18966.4684055944 0.06018873557483066
19042.334279216768 0.05003480310664853
19118.50361633364 0.04816706429673926
19194.977630798967 0.04336496649999611
19271.757541322168 0.04070359295770804
19348.844571487454 0.03906213213319357
19426.239949773408 0.036829752538917446
19503.9449095725 0.037621317728446485
19581.960689210795 0.0367635688953941
19660.28853196764 0.03725460735438221
19738.929686095507 0.036610763864010624
19817.885404839893 0.03573418608892856
19897.15694645925 0.035310822728074745
19976.745574245087 0.03404931373187841
20056.65255654207 0.032473533698107813
20136.879166768238 0.031157405422570447
20217.426683435307 0.02963544009721692
20298.296390169045 0.028563664981604817
20379.489575729727 0.027393621787149592
20461.007534032648 0.02609771902730732
20542.851564168777 0.02472184852897753
20625.02297042545 0.023228676798876066
20707.523062307162 0.021705035006530916
20790.353154556382 0.020233592920651265
20873.514567174607 0.018915281375839962
20957.008625443308 0.017843113823178863
21040.836659945082 0.01711266639389593
21125.000006584854 0.016762960861106298
21209.5000066112 0.016801741471194544
21294.33800663765 0.01715250133999643
21379.515358664197 0.017735202621842694
21465.033420098855 0.018384028356232752
21550.893553779246 0.019009875200218084
21637.097127994366 0.019348130174305755
21723.645516506345 0.01962041831402481
21810.540098572368 0.019447323411582482
21897.782258966654 0.01915631973383013
21985.37338800253 0.01747655927591331
22073.314881554532 0.01735390122888577
22161.60814108075 0.017395090439879843
22250.25457364508 0.016470118697392802
22339.25559193965 0.015913537694387588
22428.61261430741 0.01511497762918457
22518.32706476464 0.014589657064957214
22608.400373023702 0.013652913157663198
22698.833974515794 0.013703873782400537
22789.62931041386 0.013273981407176304
22880.78782765551 0.012871801613393232
22972.310978966132 0.012246694883298982
23064.200222882002 0.012494945134022325
23156.457023773528 0.011426341679988183
23249.082851868614 0.01151736040390021
23342.079183276095 0.011033199312497964
23435.447500009202 0.010487656992646534
23529.18929000923 0.010668628177123328
23623.306047169273 0.011121170319394913
23717.79927135796 0.009858832006332682
23812.670468443375 0.01121189009127653
23907.92115031715 0.01159415138017392
24003.552834918424 0.012327030146655564
24099.56704625809 0.013503835885643961
24195.96531444313 0.014776286234853601
24292.749175700897 0.016590125816783378
24389.9201724037 0.018866740427173064
24487.479853093315 0.021684210365198898
24585.42977250569 0.025330491480947532
24683.771491595708 0.029139445530735227
24782.50657756209 0.03374999688548981
24881.636603872343 0.038058140698502406
24981.16315028783 0.04378991538106624
25081.087802888986 0.04747400196439202
25181.412154100537 0.05252550010592047
25282.137802716934 0.05412734559147274
25383.266353927807 0.05864625762880716
25484.79941934352 0.05869911644616085
25586.73861702089 0.07183878240538553
25689.08557148898 0.06809962560572427
25791.84191377493 0.07259995523372685
25895.009281430033 0.07668338996811314
25998.589318555754 0.08792033777968263
26102.58367582998 0.11050870982802137
26206.994010533297 0.1261445324727967
26311.821986575433 0.1286814465041105
26417.069274521735 0.18672904904151583
26522.737551619815 0.19240466879482837
26628.828501826294 0.13176440498395303
26735.343815833607 0.09145703780171008
26842.285191096937 0.12653539217848456
26949.654331861326 0.17822141265110833
27057.452949188766 0.1994293017005609
27165.682760985525 0.20493837232048226
27274.345492029468 0.2780585231572647
27383.442873997585 0.18569321422262483
27492.976645493567 0.30706878544486316
27602.948552075544 0.20473631379506574
27713.360346283847 0.2255794478673465
27824.213787668985 0.21693505294048304
27935.510642819663 0.339431689652635
28047.252685390937 0.24314223471332266
28159.441696132504 0.3181480132301589
28272.079462917034 0.430860015552115
28385.167780768694 0.34001643115921315
28498.70845189177 0.42172483534086636
28612.703285699336 0.4992513418110718
28727.154098842133 0.5415944988278384
28842.062715237505 0.6099299513962887
28957.430966098455 0.6519105876123036
29073.260689962848 0.6815700614029985
29189.553732722703 0.791529189557247
29306.311947653598 0.8993276701605625
29423.537195444205 0.9039048556520681
29541.231344225984 0.9954099561237921
29659.396269602887 1.0666689123295146
29778.033854681304 1.1103024368473882
29897.14599010003 1.2711877412532868
30016.734574060432 0.6848858419911545
30136.80151235667 1.2558361638174451
30257.348718406094 1.4115007998663858
30378.37811327972 1.493397632692949
30499.89162573284 1.416829943247752
30621.891192235766 1.701634509274645
30744.37875700471 1.5957351136360978
30867.356272032728 1.5623540342808584
30990.825697120858 1.546875283995629
31114.78899990934 1.3595344377671483
31239.24815590897 1.5767256176004778
31364.20514853261 1.2808904188304537
31489.661969126744 1.239487609007193
31615.62061700325 0.9162269706590273
31742.083099471263 0.9448324451622778
31869.05143186915 0.728178430130601
31996.527637596624 0.6532812954712847
32124.51374814701 0.7299117410124278
32253.011803139605 0.6413051175185234
32382.02385035216 0.7394916442180144
32511.55194575357 0.8500010920078181
32641.598153536583 0.9693259697505108
32772.16454615073 1.357039305964268
32903.25320433533 1.7032881565803173
33034.86621715268 1.509070536709558
33167.005682021285 0.08358628951357434
33299.673704749366 0.1584255497479141
33432.87239956837 0.8022260509670208
33566.60388916664 1.2576759363763772
33700.87030472331 1.3789848509456009
33835.6737859422 1.1534929442414095
33971.016481085964 1.0404026354586275
34106.900547010315 1.0220549058880255
34243.32814919835 1.0244219694339411
34380.30146179514 1.1207321685313063
34517.82266764233 1.1269220166728044
34655.893958312896 1.3274493739555913
34794.51753414615 1.3144351563783017
34933.69560428273 1.551053499882587
35073.43038669985 1.8457607945227008
35213.72410824666 1.9437306491856041
35354.57900467965 1.8785832877297108
35495.99732069836 2.1417412095390103
35637.98130998116 2.5045393095479853
35780.53323522108 2.7090620003290247
35923.65536816197 2.986407589013732
36067.34998963462 3.0230714376835683
36211.61938959315 3.450358252488872
36356.46586715153 3.828185796333117
36501.891730620126 3.7716881152094586
36647.89929754261 3.9742231847720793
36794.49089473278 4.259538236375454
36941.6688583117 4.050543776156364
37089.43553374496 4.106428553291008
37237.793275879936 4.1477869819337005
37386.74444898345 4.390327933665368
37536.29142677938 4.3928997245908175
37686.43659248651 4.25427963147169
37837.18233885645 4.2587234402884055
37988.53106821188 4.304299247060861
38140.48519248474 4.478148775443137
38293.04713325467 4.525091174999878
38446.21932178769 4.206535034908041
38600.00419907484 4.385558047147702
38754.40421587113 4.3525652723761485
38909.42183273463 4.365199823464143
39065.05952006556 4.296778479055305
39221.31975814583 4.291556080029485
39378.205037178406 4.318038828327451
39535.71785732712 4.241154974105391
39693.860728756415 4.2409442058626565
39852.636171671445 4.211186349581388
40012.04671635814 4.140478362430086
40172.09490322357 4.11541247469153
40332.78328283648 4.068289669611802
40494.11441596781 4.004580344985813
40656.090873631685 3.995057207570409
40818.71523712622 3.9245946270013023
40981.990098074726 3.8649479683588517
41145.918058467025 3.806323823490571
41310.50173070089 3.7687941822464244
41475.74373762369 3.717602153758883
41641.646712574184 3.6736913465736247
41808.21329942448 3.616173518065415
41975.44615262219 3.548992677026047
42143.347937232684 3.5354134558061716
42311.921328981625 3.4880906565927288
42481.16901429755 3.4813295407607177
42651.09369035474 3.4229457949980047
42821.69806511615 3.365320027634412
42992.98485737662 3.09410387234958
43164.95679680613 3.0781560380611483
43337.61662399335 3.1862024160296603
43510.96709048933 3.148406510010119
43685.01095885128 3.125062924588249
43859.75100268668 3.0750894623411447
44035.19000669744 3.0090475942642168
44211.330766724226 2.9870595006001923
44388.176089791115 2.8785191293651966
44565.72879415028 2.893576560700937
44743.991709326874 2.8002260584870546
44922.9676761642 2.8063356375545654
45102.65954686885 2.7693467539965515
45283.07018505633 2.625335288271159
45464.20246579656 2.711168103638101
45646.05927565975 2.610301821009956
45828.64351276236 2.6048289313580555
46011.95808681343 2.5887795687508013
46196.00591916067 2.414073277053673
46380.78994283732 2.488527835398022
46566.31310260868 2.4067934860584255
46752.578355019126 2.2436485736940353
46939.588668439166 2.3885325616357114
47127.34702311293 2.2965081930781643
47315.85641120539 2.155334861859701
47505.11983685021 2.2575717264604247
47695.14031619761 2.1901651116431156
47885.9208774624 1.9751383579474564
48077.46456097225 2.0975471234676695
48269.774419216126 2.0995201913250376
48462.853516892996 1.8277000419157643
48656.70493096058 2.0423966168517946
48851.33175068441 1.9470418584981901
49046.737077687154 1.8147774262318557
49242.92402599791 1.9222380895776803
49439.89572210189 1.756101541812574
49637.6553049903 1.6344140232017002
49836.20592621027 1.800031140253688
50035.55074991511 1.7783069841191894
50235.69295291477 1.3838585414241267
50436.63572472643 1.7181646877083483
50638.382267625326 1.7135912856417452
50840.935796695834 1.4425527927364383
51044.2995398826 1.5484800366652194
51248.47673804215 1.5439624819972917
51453.47064499432 1.2136825235498365
51659.28452757429 1.435854207669536
51865.92166568459 1.5163544349793079
52073.38535234733 1.032806949520962
52281.67889375672 1.2893824345105638
52490.80560933175 1.3026479919281153
52700.76883176907 1.2084919839122708
52911.57190709616 1.1724597126054412
53123.218194724526 1.1931367833412951
53335.711067503435 1.3102178992742592
53549.053911773444 0.8160359971121399
53763.25012742054 1.0621168513867216
53978.303127930216 1.2061083984537806
54194.21634044194 0.6445932441581794
54410.99320580371 1.0553700340151662
54628.63717862692 0.836116439023105
54847.15172734143 0.8971154023048877
55066.540334250785 0.9136284570574417
55286.80649558781 0.8362114016523305
55507.95372157016 0.7316108514479228
55729.985536456436 0.6262149154526446
55952.90547860226 0.7616927536714836
56176.717100516675 0.734491905851858
56401.42396891874 0.620509532114118
56627.02966479442 0.6843004903365631
56853.5377834536 0.5982067193443954
57080.95193458741 0.5689684493539201
57309.27574232576 0.5421743314274
57538.51284529506 0.5066249460437714
57768.666896676245 0.5236643534188355
57999.74156426295 0.6781394040333855
58231.74053052 0.394621370549448
58464.66749264208 0.6192378215184813
58698.52616261265 0.4269326619718008
58933.3202672631 0.4161925859451393
59169.05354833215 0.5717600877763076
59405.72976252549 0.3841008939119353
59643.3526815756 0.5579127875419077
59881.926092301896 0.5173299098778618
60121.45379667111 0.6076329828368825
60361.93961185778 0.5088949166427551
60603.38737030522 0.381059321412452
60845.800919786445 0.5026583650816773
61089.184123465595 0.4097733406056197
61333.54085995945 0.43262511020766975
61578.87502339928 0.335253382083498
61825.19052349288 0.3742370278972793
62072.491285586846 0.5151497656378838
62320.7812507292 0.5122906081279905
62570.06437573213 0.5786862170366923
62820.34463323505 0.5495183210880282
63071.62601176801 0.612502089197374
63323.91251581507 0.48277422833729045
63577.20816587833 0.5045664819621145
63831.51699854184 0.47299413705311255
64086.843066536014 0.2963643836039311
64343.19043880215 0.4137367150596863
64600.563200557364 0.36792628252945586
64858.96545335958 0.2353180156413346
65118.401315173025 0.33449793757570645
65378.87492043372 0.35364916886631687
65640.39042011545 0.2808029321701828
65902.95198179591 0.27537564938568515
66166.56378972309 0.2981780431276066
66431.23004488199 0.2894564876263745
66696.95496506151 0.32919153602174683
66963.74278492175 0.38232458904116
67231.59775606144 0.340213631412135
67500.52414708569 0.4146531713586626
67770.52624367403 0.34703501853360363
68041.60834864872 0.34933843709107254
68313.77478204331 0.4039439203227369
68587.02988117147 0.27090196606824996
68861.37800069616 0.38809009109085746
69136.82351269896 0.4143863440566996
69413.37080674975 0.4271157488696429
69691.02428997675 0.3398576777089566
69969.78838713666 0.39899808848873497
70249.6675406852 0.3886560349644308
70530.66621084794 0.3063181366498949
70812.78887569135 0.3953825706634564
71096.04003119409 0.37614638844300646
71380.42419131887 0.3705749087257144
71665.94588808414 0.31081728046324614
71952.60967163648 0.32827627107260793
72240.42011032304 0.3336672971945351
72529.38179076432 0.3164426025756081
72819.49931792737 0.2654009313467452
73110.77731519907 0.2837472644322915
73403.22042445988 0.2105933310835738
73696.83330615771 0.2606384992375321
73991.62063938235 0.26451098886049845
74287.58712193987 0.2613876694072289
74584.73747042764 0.21210570003826634
74883.07642030934 0.2556035459983075
75182.60872599059 0.28264552568705353
75483.33916089457 0.29130514251788486
75785.27251753812 0.28809905347707154
76088.4136076083 0.295048780753367
76392.76726203872 0.3184090530656785
76698.33833108687 0.10645884330202204
77005.13168441122 0.1789856498443958
77313.15221114887 0.20188897215259421
77622.40481999348 0.21758891758627683
77932.89443927344 0.2450833406346972
78244.62601703055 0.2569969445088309
78557.60452109865 0.24754926524567408
78871.83493918306 0.23627490156747227
79187.3222789398 0.23371086486597917
79504.07156805556 0.2584632690080634
79822.08785432778 0.256307769572879
80141.37620574511 0.22848439464898043
80461.94171056806 0.23850902361949727
80783.78947741033 0.23258807227890635
81106.92463531997 0.27672968401124903
81431.35233386126 0.24449732429172133
81757.0777431967 0.2425873250631889
82084.10605416949 0.2424143166490964
82412.44247838613 0.2402999741214353
82742.09224829968 0.256189392271426
83073.06061729288 0.25722584357075656
83405.35285976208 0.2512813792900418
83738.9742712011 0.23099988487728285
84073.93016828595 0.24869311431949787
84410.22588895904 0.25174702127232773
84747.86679251489 0.24418465895011418
85086.85825968496 0.22188087651245295
85427.20569272367 0.2415251595269853
85768.91451549459 0.24248298579609529
86111.99017355654 0.23327208000920927
86456.43813425078 0.20425426605952204
86802.2638867878 0.22811570783623025
87149.47294233493 0.23078973787986762
87498.07083410428 0.22034379628383444
87848.0631174407 0.1992387961427257
88199.45536991046 0.2115283079139263
88552.25319139009 0.21730902147020373
88906.46220415569 0.2137558915061733
89262.08805297229 0.1950661216180967
89619.1364051842 0.18564865922445384
89977.61295080492 0.19948640677565627
90337.52340260813 0.2031984658099555
90698.87349621857 0.18434386102928121
91061.66899020346 0.19400607158905256
91425.91566616425 0.18042478760216263
91791.61932882894 0.18879912397018403
92158.78580614422 0.1705121746932821
92527.4209493688 0.19271774260809377
92897.53063316627 0.17155774018351086
93269.12075569895 0.16894837768527993
93642.19723872172 0.17905613954473656
94016.76602767664 0.17357847042287344
94392.83309178732 0.1822818196975852
94770.40442415449 0.16343770361756416
95149.48604185111 0.16550380212940666
95530.08398601852 0.16369127919111337
95912.20432196259 0.1766238528640109
96295.85313925042 0.17621663673273702
96681.0365518075 0.15409942868085577
97067.76069801472 0.16217472641068734
97456.03174080675 0.16344556152525497
97845.85586776999 0.1703056857308149
98237.23929124104 0.17230423884235357
98630.18824840599 0.15736968810351148
99024.70900139965 0.1613256217569582
99420.80783740526 0.15906266429042143
99818.49106875488 0.16880240699464183
100217.76503302988 0.1676145628221904
100618.636093162 0.1503494267892772
101021.11063753467 0.15898823838827925
101425.1950800848 0.16356312644103865
101830.89586040513 0.1642245591612926
102238.21944384674 0.16317974789819392
102647.17232162213 0.16103355057288254
103057.7610109086 0.1533460269398095
103469.99205495225 0.08361697482174851
103883.87202317205 0.09578181082817716
104299.40751126477 0.12606327627594982
104716.60514130979 0.13902369168918152
105135.47156187505 0.13247582341579836
105556.01344812254 0.1408904784980918
105978.23750191503 0.14568857555391548
106402.15045192267 0.14138259040045492
106827.75905373038 0.12521616837023414
107255.07008994528 0.08764095705212414
107684.09037030509 0.09414375875610376
108114.8267317863 0.11626650608289815
108547.28603871344 0.1300464499919837
108981.47518286831 0.13304609533432474
109417.40108359976 0.13265404773045833
109855.0706879342 0.13482625824285965
110294.49097068593 0.12843139149997487
110735.66893456863 0.13732224412623398
111178.61161030692 0.13590815280361812
111623.32605674816 0.13637007483159166
112069.81936097513 0.12491564628758028
112518.09863841905 0.11948858583928107
112968.17103297272 0.1321424090685367
113420.0437171046 0.13114795798112705
113873.72389197304 0.12910567410764434
114329.21878754091 0.1286387131210509
114786.53566269108 0.11877017611242693
115245.68180534184 0.10994895094830281
115706.66453256323 0.12337941950579874
116169.49119069346 0.12344315185147267
116634.16915545624 0.12159202435841426
117100.70583207808 0.10541911047004647
117569.1086554064 0.11383656616938735
118039.385090028 0.10419959105177322
118511.54263038811 0.11492631262826526
118985.58880090967 0.11589680769887173
119461.5311561133 0.11341956855049441
119939.37728073777 0.10035185608436409
120419.13478986072 0.10864669269494251
120900.81132902016 0.09416206499761087
121384.41457433623 0.10868124145888938
121869.9522326336 0.10859852096265789
122357.43204156413 0.09972126455804113
122846.86176973036 0.0991627468626883
123338.2492168093 0.10130459761171945
123831.60221367657 0.09271147347681374
124326.92862253124 0.10150047940974646
124824.23633702139 0.10216023121132592
125323.53328236948 0.09519595057852068
125824.82741549893 0.09419243920900934
126328.12672516092 0.0974722355971721
126833.43923206156 0.08979722393510527
127340.77298898982 0.09128874697492201
127850.13608094577 0.09556351993308457
128361.53662526955 0.08683306938560927
128874.98277177062 0.09189903463333379
129390.4827028577 0.09151098359216185
129908.04463366912 0.09063502453749665
130427.67681220379 0.08538637322305015
130949.38751945265 0.0882647605615919
131473.18506953045 0.08665309499177438
131999.07780980857 0.08643064768096678
132527.0741210478 0.085438872273169
133057.182417532 0.0862604641038033
133589.4111472021 0.08273303197060639
134123.76879179094 0.08046875585879372
134660.26386695806 0.08193428476314721
135198.9049224259 0.0828481142723107
135739.7005421156 0.07986171315620733
136282.65934428407 0.08056253756128018
136827.78998166122 0.07999788078971111
137375.1011415879 0.07727014105624193
137924.60154615424 0.07733050708506457
138476.29995233883 0.07722547561703526
139030.20515214818 0.0770453046347251
139586.32597275675 0.07642092393379607
140144.6712766478 0.07408931223906622
140705.2499617544 0.07279698516953594
141268.0709616014 0.07281125534271327
141833.1432454478 0.071346732888336
142400.4758184296 0.07173645434320343
142970.07772170333 0.0710496481778432
143541.95803259013 0.06948722299719332
144116.12586472047 0.06897309789642929
144692.59036817937 0.06625384972821426
145271.3607296521 0.0665843244628798
145852.44617257072 0.06707769398111794
146435.85595726097 0.0665198290773898
147021.59938109003 0.0655336876167276
147609.6857786144 0.06492616452807178
148200.12452172884 0.06416532127677858
148792.92501981577 0.06301532644986518
149388.09671989502 0.06172858370183051
149985.6491067746 0.06205033968731777
150585.59170320167 0.0610765828392728
151187.93407001448 0.06055153807424483
151792.68580629455 0.059125807070521286
152399.85654951975 0.059091024874664715
153009.45597571784 0.05849525217039109
153621.4937996207 0.05700667414907955
154235.97977481916 0.05692562573240439
154852.92369391845 0.05623083978635156
155472.3353886941 0.05503947941568147
156094.2247302489 0.05396976542389308
156718.60162916992 0.053781645318658894
157345.47603568656 0.05239578310526383
157974.8579398293 0.051426154657847854
158606.75737158864 0.05046200966416209
159241.18440107498 0.04937691953095128
159878.14913867926 0.04903998209105592
160517.661735234 0.04990761371914285
161159.73238217493 0.04920814955600456
161804.3713117036 0.049385636657879865
162451.58879695044 0.048156339999826756
163101.39515213823 0.048830220693622646
163753.8007327468 0.0483423306691644
164408.81593567782 0.048037036151606094
165066.45119942052 0.04767266699528204
165726.71700421823 0.046669729376724006
166389.62387223504 0.04543293956931145
167055.18236772402 0.046096618851628274
167723.40309719497 0.04586495233221882
168394.2967095837 0.044945926813233214
169067.87389642204 0.04300643926731429
169744.14539200772 0.04428687674459235
170423.1219735757 0.04430781153157527
171104.81446147006 0.042617149050520706
171789.23371931593 0.042936728361103384
172476.3906541932 0.041568775946953636
173166.29621680998 0.042424026971662955
173858.96140167722 0.04071722102518933
174554.39724728392 0.04195891860837405
175252.61483627307 0.04032520064123433
175953.62529561817 0.04004281482211816
176657.43979680064 0.040703189916155624
177364.06955598784 0.040134694738368684
178073.52583421173 0.040098683929606735
178785.8199375486 0.03984191943890608
179500.9632172988 0.03881567157985698
180218.967070168 0.03826443858417604
180939.84293844865 0.03835060207683004
181663.60231020238 0.036692601003526816
182390.25671944322 0.03723041772473968
183119.81774632097 0.036838231094608785
183852.29701730626 0.03743879420628717
184587.7062053755 0.03725614343658418
185326.057030197 0.03633139190058801
186067.3612583178 0.03584740465225951
186811.63070335102 0.035354074265230455
187558.8772261645 0.03576482096141086
188309.11273506918 0.03558785104234698
189062.3491860094 0.03540801353813051
189818.59858275342 0.03268182156396545
190577.87297708448 0.03469303935033068
191340.18446899284 0.034603265604148226
192105.54520686882 0.03246536066029326
192873.9673876963 0.03201665060111628
193645.46325724703 0.031656637474760024
194420.04511027603 0.030622082682091392
195197.72529071715 0.03280765061384264
195978.51619188 0.03083277545367479
196762.4302566476 0.031896011174445425
199107.9942767367 0.03007098981312309
203090.15416227144 0.02914000307563014
207151.95724551688 0.027932504295626687
211294.9963904272 0.025511219019361032
215520.89631823578 0.02466344569250627
219831.31424460045 0.02289802186439361
224227.94052949245 0.02137899716052916
228712.4993400823 0.02117372803893417
233286.74932688402 0.020335864651735803
237952.48431342165 0.016575071587012238
242711.5339996901 0.01880826101233328
247565.76467968393 0.016969415924041015
252517.0799732776 0.013460764546932381
257567.42157274322 0.015070801649545544
262718.770004198 0.013942814824152992
267973.145404282 0.011313245156300564
273332.6083123676 0.012840905142806452
278799.26047861495 0.010853124711884609
284375.2456881872 0.008296658535086585
290062.750601951 0.00995213221632937
295864.00561398995 0.008921575726653605
301781.2857262697 0.008538630025612346
307816.91144079523 0.0067635508780366
313973.24966961105 0.007878712589312496
320252.7146630032 0.00691723066946391
326657.7689562633 0.006161914094753727
333190.92433538847 0.005275216534014821
339854.7428220964 0.005987606568700522
346651.83767853834 0.004657913709709563
353584.87443210906 0.004072675366293169
360656.57192075124 0.003831286454955805
367869.70335916633 0.0040488934196469565
375227.09742634965 0.0037623440405743537
382731.63937487674 0.004240697481924589
390386.2721623741 0.002970475099723252
398193.99760562164 0.002666866792459405
406157.87755773397 0.002349511223122397
414281.0351088888 0.003170058798804748
422566.65581106645 0.0025523145556531875
431017.98892728786 0.001992080661178571
439638.3487058336 0.001829010111702409
448431.11567995034 0.0017988161736683505
457399.7379935492 0.0018850700849142208
466547.7327534202 0.0013881469647229953
475878.6874084886 0.0015352283366735385
485396.2611566584 0.0015373878517095263
495104.1863797916 0.001169817108149711
505006.2701073874 0.0011152613171374508
515106.39550953516 0.0010346949973952912
525408.5234197257 0.0012770205163136629
535916.6938881205 0.0010883790460838403
546635.0277658828 0.0010026157501776337
557567.7283212005 0.0007642469162628416
568719.0828876244 0.0006748882302608384
580093.4645453768 0.0007179869470628177
591695.3338362843 0.0006882858993372601
603529.2405130101 0.000667074538322716
615599.8253232702 0.0007163320824215125
627911.8218297358 0.0004725291233556576
640470.0582663304 0.00044259698467425724
653279.459431657 0.0004273212872410961
666345.04862029 0.0003573507476399275
679671.9495926959 0.0004635998839077901
693265.38858455 0.0004608284000563665
707130.6963562409 0.00034132815158832664
721273.3102833657 0.0002598514598523413
735698.7764890331 0.00032154165678115995
750412.7520188137 0.00025354811832558005
765421.0070591901 0.0002730281131713411
780729.4272003738 0.00022976887756884812
796344.0157443815 0.0002298941680550425
812270.896059269 0.00019377779575098272
828516.3139804546 0.0001713487430628153
845086.6402600636 0.00016083278924238674
861988.3730652649 0.00019168912918182126
879228.14052657 0.00020978433814225665
896812.7033371016 0.00015328998503268585
914748.9574038435 0.00015057731736073312
933043.9365519203 0.000118662569984554
951704.8152829591 9.806222081792205e-05
970738.911588618 0.0001214382012165877
990153.6898203905 8.458409423795677e-05
