1000.5530765187797 4.49097448131141e-09
1004.5552888248548 2.2579607677641118e-32
1008.5735099801544 3.018735279550664e-31
1012.607804020075 4.424338495841903e-31
1016.6582352361554 3.406469578016786e-32
1020.7248681770998 4.5041843468828925e-27
1024.8077676498083 1.0680425708385157e-27
1028.9069987204075 2.161692529269028e-30
1033.022626715289 4.806606791211973e-26
1037.1547172221503 3.3621482340663386e-31
1041.3033360910388 1.7721469867713236e-29
1045.468549435403 1.9642563083327033e-28
1049.6504236331448 9.647356129324225e-32
1053.8490253276773 6.637788784675806e-27
1058.064421428988 5.5086755366185844e-30
1062.296679114704 1.3583364129402113e-26
1066.5458658311627 1.316200662709151e-27
1070.8120492944875 3.738216845381994e-28
1075.0952974916654 1.723590665123897e-25
1079.3956786816323 4.83119911769758e-28
1083.7132613963586 3.5257863445172947e-25
1088.048114441944 1.4214634467719508e-25
1092.4003068997117 1.2008770884328965e-21
1096.7699081273104 3.073393457638332e-25
1101.15698775982 2.4520886954367916e-25
1105.561615710859 9.23738138334379e-22
1109.9838621737026 7.218398432101937e-23
1114.4237976223976 2.7138517033114532e-24
1118.8814928128868 7.411038495750307e-25
1123.3570187841383 3.677553883493026e-24
1127.8504468592753 3.874834843808761e-20
1132.361848646712 1.0691881771035381e-20
1136.8912960412988 1.399134538613611e-20
1141.438861225464 1.9295440050141287e-20
1146.004616670366 2.852916999520126e-20
1150.5886351370475 2.0428477894864542e-20
1155.190989677596 1.3791435738182062e-20
1159.8117536363065 2.943145737284446e-20
1164.4510006508515 2.6659225427612417e-21
1169.108804653455 2.965116780690387e-21
1173.7852398720688 2.6954075182946173e-22
1178.480380831557 6.678712728559432e-23
1183.1943023548836 1.1097004632610563e-21
1187.9270795643029 5.844553695979679e-23
1192.67878788256 6.550872777514232e-23
1197.4495030340906 3.4947581150030185e-23
1202.2393010462267 6.631988184795416e-24
1207.0482582504117 4.1891030944512464e-22
1211.8764512834132 1.4392068333980274e-22
1216.7239570885472 2.6098755186265845e-24
1221.5908529169012 3.36704111149241e-22
1226.4772163285688 3.860788968713336e-21
1231.383125193883 1.3972453866020177e-24
1236.3086576946585 8.052392575781411e-23
1241.2538923254372 1.8611941901771976e-22
1246.2189078947392 5.392091304819491e-24
1251.203783526318 3.7752653729359146e-22
1256.2085986604231 4.572309238163977e-21
1261.233433055065 1.662366489672892e-21
1266.2783667872852 4.31768031905533e-23
1271.3434802544346 1.735802319317394e-20
1276.4288541754522 3.706000263839792e-21
1281.534569592154 1.366132341430001e-21
1286.6607078705229 1.1637468854525025e-20
1291.8073507020044 2.0229268241067175e-20
1296.9745801048125 2.8077719500316465e-20
1302.162478425232 1.3299939378939096e-22
1307.3711283389327 1.8183879993006434e-20
1312.6006128522888 1.6622617816422605e-19
1317.851015303698 1.1899369343611109e-20
1323.1224193649127 1.241284612250913e-19
1328.4149090423725 3.356466801490568e-19
1333.728568678542 1.717296284722813e-19
1339.0634829532567 4.8617562922399895e-21
1344.4197368850691 2.574165942065274e-19
1349.7974158326099 5.489645588202602e-19
1355.1966054959403 3.8707742658577675e-19
1360.6173919179244 7.771247347156378e-19
1366.059861485596 2.4594325828039217e-19
1371.5241009315384 7.580337451824087e-21
1377.0101973352646 8.880791008637962e-20
1382.5182381246057 8.097050952983888e-18
1388.0483110771042 1.9493679450773414e-18
1393.6005043214122 1.5906186194989717e-19
1399.1749063386976 9.9160238581413e-20
1404.7716059640527 7.935849916860611e-18
1410.3906923879088 1.0975933227108397e-18
1416.0322551574602 2.4128250908918486e-17
1421.6963841780905 8.253857020024343e-21
1427.3831697148032 6.163862566706726e-18
1433.0927023936622 4.402261678309808e-16
1438.8250732032368 1.9795145532435084e-17
1444.5803734960498 3.0363849285293574e-16
1450.3586949900334 2.0486972766571533e-17
1456.1601297699938 5.796632824238515e-16
1461.984770289074 1.6144335922837942e-15
1467.83270937023 9.196081658709489e-17
1473.704040207711 1.0597978723878596e-15
1479.5988563685412 7.56839326080241e-18
1485.5172517940157 2.5562561797802296e-16
1491.459320801192 7.032160819811251e-16
1497.4251580843968 1.1586978331151742e-16
1503.4148587167342 3.355183980550033e-15
1509.4285181516007 3.498837385369426e-16
1515.4662322242077 4.9281400365275396e-17
1521.5280971531042 4.773988194168909e-16
1527.6142095417167 5.262458578362472e-17
1533.7246663798837 1.038325971571862e-16
1539.859565045403 1.134361834515837e-16
1546.0190033055849 1.1141766591826415e-18
1552.203079318807 5.114068543713278e-17
1558.4118916360824 5.1038537055476077e-17
1564.6455392026269 4.1724252821804906e-17
1570.9041213594373 8.390736172680442e-17
1577.187737844875 4.333627643521162e-17
1583.4964887962547 1.2333322028634087e-16
1589.8304747514399 2.7042322288427986e-16
1596.1897966504455 1.1483630850800943e-16
1602.5745558370472 1.717113283009343e-16
1608.9848540603957 3.1297214599074347e-16
1615.4207934766368 2.3058147200240535e-16
1621.8824766505436 4.681517808722626e-16
1628.3700065571454 4.189516150545858e-16
1634.8834865833744 6.276239157073024e-16
1641.4230205297079 1.072869030838145e-15
1647.9887126118267 8.353823991103176e-16
1654.580667462274 5.48022261756377e-16
1661.198990132123 1.660614517124352e-15
1667.8437860926513 1.5371043708985245e-15
1674.515161237022 2.755261510046064e-15
1681.2132218819695 5.225385832766302e-15
1687.9380747694975 5.234568942362316e-15
1694.6898270685758 1.2484137834543136e-14
1701.4685863768502 1.1324579444841164e-14
1708.2744607223572 1.1927896081463283e-14
1715.1075585652468 1.5774511922375065e-14
1721.967988799508 1.6629117054088376e-14
1728.8558607547059 2.3096830193169604e-14
1735.7712841977245 2.518378438199927e-14
1742.7143693345156 2.7741098376915722e-14
1749.6852268118535 5.852195323160672e-14
1756.6839677191008 5.4057883248978715e-14
1763.7107035899771 1.0810692729108789e-13
1770.7655464043373 1.1711751130310736e-13
1777.8486085899544 7.378482736828783e-14
1784.9600030243143 1.8108341571506085e-13
1792.0998430364118 1.6512431863945865e-13
1799.2682424085576 2.1519683658796761e-13
1806.4653153781921 4.1008095324321175e-13
1813.6911766397043 2.357192364901248e-13
1820.945941346263 4.3496152540799853e-13
1828.2297251116483 8.114053867074356e-13
1835.5426440120948 3.4340287281349676e-13
1842.8848145881432 7.556273959780919e-13
1850.2563538464956 1.5126279806053584e-12
1857.657379261881 7.539700660450417e-13
1865.0880087789287 1.920810661015641e-12
1872.5483608140448 1.743566099214766e-12
1880.0385542573008 1.320060751050091e-12
1887.5587084743302 3.2448707133030652e-12
1895.1089433082268 2.6340361840137304e-12
1902.68937908146 2.430360556995574e-12
1910.3001365977857 6.420065927569293e-12
1917.9413371441767 4.420779523643134e-12
1925.6131024927531 5.731185904763082e-12
1933.3155549027244 1.091673832343607e-11
1941.0488171223355 9.437881315372861e-12
1948.8130123908247 9.958011410112221e-12
1956.608264440388 2.0529245759124792e-11
1964.434697498149 1.290111843012059e-11
1972.2924362881417 1.815372352605647e-11
1980.1816060332944 2.86621408631072e-11
1988.1023324574276 2.4659032273386106e-11
1996.0547417872574 2.52965275223401e-11
2004.0389607544066 3.2994994596582666e-11
2012.0551165974243 3.6767882902126897e-11
2020.1033370638136 4.215224318227122e-11
2028.1837504120688 5.295547561212996e-11
2036.2964854137172 5.047214654497777e-11
2044.4416713553724 5.227886415270617e-11
2052.6194380407937 6.888093090280037e-11
2060.829915792957 7.335376278334125e-11
2069.0732354561287 8.136749838872177e-11
2077.3495283979532 9.395008061677963e-11
2085.6589265115445 1.1298005224420729e-10
2094.001562217591 1.2778378791635623e-10
2102.3775684664615 1.4348137790821303e-10
2110.787078740328 1.5286280967576165e-10
2119.2302270552887 1.8606892975298309e-10
2127.70714796351 2.159756424961061e-10
2136.217976555364 2.5365068353677193e-10
2144.7628484615852 2.586555836518617e-10
2153.341899855432 3.2478438660139487e-10
2161.9552674548536 3.946947738059885e-10
2170.603088524673 4.603712629042697e-10
2179.285500878772 4.792037320939753e-10
2188.0026428822866 5.554482142040109e-10
2196.754653453816 7.036932723737438e-10
2205.541672067631 7.661510014981711e-10
2214.3638387559017 1.0597923116772992e-09
2223.2212941109246 9.798995732702665e-10
2232.114179287369 1.5985321162874517e-09
2241.0426360045185 1.4666275468909689e-09
2250.0068065485366 2.4186149663447433e-09
2259.0068337747302 2.045968322310293e-09
2268.0428611098296 2.649314399935684e-09
2277.115032554269 3.149834992846669e-09
2286.223492684486 3.547224443995474e-09
2295.368386655224 6.0333675620772926e-09
2304.549860201845 3.697363012531813e-09
2313.7680596426517 6.426487663822111e-09
2323.0231318812225 6.510238941179661e-09
2332.3152244087473 9.558111078778992e-09
2341.6444853063817 1.1484730215705235e-08
2351.0110632476076 7.623410443679158e-09
2360.415107500598 1.477623341746182e-08
2369.8567679306 9.58444208672667e-09
2379.3361950023227 1.9238376210591284e-08
2388.853539782332 1.790708696900407e-08
2398.4089539414617 4.0342187977035724e-08
2408.0025897572273 4.612781044506993e-08
2417.6346001162565 2.3559857270067172e-08
2427.3051385167214 6.696839546802529e-08
2437.0143590707885 5.608791392947457e-08
2446.762416507072 1.5908871586315765e-07
2456.5494661731 7.874881007595478e-08
2466.375664037793 1.3454092627706695e-07
2476.2411666939443 2.072622225006677e-07
2486.1461313607197 6.312704909113398e-08
2496.090715886162 1.941112095473717e-07
2506.075078749707 1.2904794505669998e-07
2516.0993790647044 2.2844926811362092e-07
2526.163776580964 7.771394544521395e-07
2536.268431687288 1.3352997186794364e-06
2546.4135054140374 1.95273803971118e-06
2556.599159435693 6.968906689940593e-07
2566.825556073436 6.337761111898322e-07
2577.09285829773 7.402939921795924e-07
2587.4012297309205 5.511244099731946e-07
2597.7508346498444 1.054467989167377e-06
2608.141837988444 8.842370535822109e-07
2618.5744053403982 2.5002180610825726e-06
2629.0487029617593 4.876431101239545e-06
2639.5648977736064 4.907339700460373e-06
2650.123157364701 4.703628095079809e-06
2660.7236499941596 4.0012971850295136e-06
2671.366544594136 4.42420610004048e-06
2682.052010772512 6.035024490716583e-06
2692.7802188156024 4.657183600803766e-06
2703.551339690865 8.360144420699977e-06
2714.365545049628 8.034678553263599e-06
2725.223007229827 8.429012111353692e-06
2736.123899258746 1.058900962930238e-05
2747.0683948557817 1.6483504324328912e-05
2758.0566684352048 1.7229848404451734e-05
2769.0888951089455 3.04918429299416e-05
2780.165250689381 2.6871280676552774e-05
2791.2859116921386 3.608221375891002e-05
2802.451055338907 3.5251879043713435e-05
2813.660859560263 3.663315109214089e-05
2824.9155029985036 3.8723605617248647e-05
2836.2151650104965 5.244739259309359e-05
2847.5600256705393 5.367672044758537e-05
2858.950265773222 8.62726509240917e-05
2870.386066836315 8.212416428118921e-05
2881.8676111036607 0.0001160969358269604
2893.3950815480757 0.00013848016136263006
2904.968661874268 0.00014587645286951183
2916.588536521764 0.00017381923552759262
2928.254890667851 0.0001845413180903221
2939.9679102305226 0.00021084244896964736
2951.727781871445 0.00025106154907903643
2963.534692998931 0.00028695131491742034
2975.3888317709266 0.0003243773292793456
2987.2903870980094 0.0004083330053610683
2999.2395486464025 0.0004153656794841636
3011.2365068409886 0.0005059381269279353
3023.2814528683516 0.0005100037959550351
3035.374578679825 0.00045803380074148776
3047.516076994544 0.0006605263721728873
3059.7061413025226 0.0007500027796641101
3071.9449658677336 0.0008179840486253639
3084.232745731204 0.0009204204572735864
3096.569676714128 0.0007132308706690602
3108.955955420985 0.0008058949770868434
3121.3917792426687 0.0012017067357143413
3133.8773463596394 0.0013217330117075929
3146.412855745078 0.0014508756460187284
3158.998507168058 0.001537041689215052
3171.6345011967305 0.0016586901407677605
3184.321039201517 0.0017100845183172179
3197.0583233583234 0.0017313529790491922
3209.8465566517566 0.0013937566403803372
3222.6859428783637 0.0008597883371413087
3235.576686649877 0.0015878003973806855
3248.518993396477 0.0013519741903320435
3261.513069370063 0.0008728117548802049
3274.559121647543 0.00030623775120056004
3287.6573581341336 2.191003348793295e-05
3300.8079875666704 2.5289406186050005e-08
3314.0112195169368 3.1387741022090606e-06
3327.2672643950045 0.00017594894203805533
3340.5763334525845 0.0009534907617005497
3353.938638786395 0.0021074836563877548
3367.354393341541 0.003272980357257373
3380.8238109149074 0.004343231745416374
3394.347106158567 0.005306863967017248
3407.924494583201 0.0061509883806517935
3421.5561925615334 0.006705383310828248
3435.2424173317804 0.00543928236854565
3448.9833870011066 0.001258373608570127
3462.7793205491116 0.007513334909580515
3476.630437831308 0.009552927799656174
3490.536959582633 0.010736172036154014
3504.4991074209643 0.012584868749993497
3518.5171038506473 0.013734788398629107
3532.5911722660503 0.015107438395698116
3546.7215369551145 0.016850468251562813
3560.9084231029346 0.017447198919733516
3575.1520567953467 0.018101582462727243
3589.452665022528 0.02031143998992756
3603.810475682617 0.022345105666123872
3618.225717585348 0.023794337045996154
3632.698620455689 0.02556741783319207
3647.2294149375116 0.02727772751788689
3661.8183325972614 0.030302842026079663
3676.4656059276513 0.029978560446222456
3691.1714683513615 0.03278784649075835
3705.936154224767 0.032789837242278415
3720.7598988416657 0.03393565359116182
3735.6429384370326 0.03627075239642578
3750.585510190781 0.03927607559032395
3765.587852231544 0.044705654108517075
3780.6502036404704 0.05087542660923645
3795.772804455032 0.05276153248763101
3810.955895672852 0.056369261680310305
3826.199719255544 0.05496965668623354
3841.504518132566 0.06145177106641276
3856.870536205096 0.06081274931604416
3872.2980183499167 0.06655096554568846
3887.7872104233156 0.069568392218397
3903.338359265009 0.07563377993146614
3918.9517127020695 0.08097535273581942
3934.6275195528774 0.08821340952595585
3950.3660296310895 0.10320051497021461
3966.1674937496136 0.1088412053037948
3982.0321637246125 0.1138866776195838
3997.9602923795105 0.11462975762820757
4013.9521335490285 0.10518977567604437
4030.007942083225 0.05602438887205471
4046.1279738515577 0.0015831918837732205
4062.312485746964 0.059939613613855
4078.5617356899515 0.13016968780546043
4094.8759826327114 0.16060029923925448
4111.255486563242 0.17821149175483847
4127.700508509496 0.1903642828473172
4144.211310543533 0.20072765038437326
4160.788155785708 0.20937430115631245
4177.431308408849 0.21440455917235493
4194.141033642486 0.21726586362554604
4210.917597777056 0.22041384192488458
4227.761268168164 0.22961673621124645
4244.672313240838 0.24759568973107446
4261.651002493801 0.2730965685419996
4278.697606503776 0.29976088404130447
4295.812396929791 0.32658305705805035
4312.995646517511 0.3545980192269383
4330.24762910358 0.3812301616738309
4347.568619619994 0.4114009913783321
4364.958894098475 0.4359465101554322
4382.418729674868 0.4387898964528947
4399.948404593568 0.48784750416510453
4417.548198211942 0.5164863679030985
4435.21839100479 0.535325962896427
4452.959264568809 0.569544128056138
4470.771101627084 0.6079681546056278
4488.654186033592 0.6300580137203567
4506.608802777726 0.6856060034296328
4524.635237988838 0.7247969771970657
4542.733778940792 0.7622099814018923
4560.904714056555 0.7738396284913726
4579.148332912781 0.789614001187361
4597.464926244433 0.8744888756977268
4615.85478594941 0.9168594319779226
4634.318205093208 0.9547437706516345
4652.855477913582 0.9944638131589019
4671.466899825236 1.0244027290688347
4690.152767424537 1.0698430177387552
4708.913378494234 1.0900693979780816
4727.749032008212 1.0865771850171844
4746.660028136244 1.0537336402322932
4765.646668248789 0.9803012390937343
4784.709254921784 0.8097343441640511
4803.8480919414715 0.7001927330302429
4823.063484309237 0.5686283389166897
4842.355738246474 0.4474338429234904
4861.72516119946 0.35498343402875593
4881.172061844257 0.28007468339822783
4900.6967500916335 0.22462181761517444
4920.299537092001 0.17470386270931365
4939.9807352403695 0.1270217040319842
4959.740658181329 0.08545310002059926
4979.5796208140555 0.05242715778158973
4999.497939297312 0.03025694301857579
5019.495931054502 0.017218597448257843
5039.57391477872 0.011104670616772632
5059.732210437835 0.008834113452230511
5079.971139279585 0.008297856718586195
5100.291023836704 0.008114983788794017
5120.692187932051 0.007643600532761117
5141.174956683781 0.007099936086936255
5161.739656510514 0.006767642221163485
5182.386615136556 0.0064558741544115126
5203.116161597103 0.0059570049104752925
5223.928626243489 0.005435780337093493
5244.824340748465 0.005010345195736906
5265.803638111459 0.004563359982196482
5286.866852663905 0.004105476691114906
5308.0143200745615 0.0037454019828404555
5329.246377354859 0.003418765014354527
5350.563362864278 0.0030928132998721395
5371.965616315736 0.0028413368379005366
5393.453478780998 0.0026124289065863854
5415.027292696122 0.002372452786409701
5436.687401866905 0.0021826412872353903
5458.434151474374 0.001999117564081168
5480.267888080271 0.0018074564831019498
5502.188959632591 0.0016507470539516584
5524.197715471122 0.0015022551006116935
5546.294506333006 0.0013517931061467151
5568.479684358337 0.0012178264305704573
5590.753603095771 0.001097351228639285
5613.1166175081535 0.0009713725322058804
5635.569083978187 0.0008667341808134218
5658.1113603140975 0.000755449677031248
5680.743805755354 0.000657208026204852
5703.466780978376 0.0005647194361742051
5726.28064810229 0.0004800936322798402
5749.185770694699 0.00039951691054026015
5772.182513777476 0.00032559400035280086
5795.271243832587 0.00026063422865691636
5818.452328807918 0.00020715398440505277
5841.72613812315 0.0001654598655178004
5865.093042675643 0.0001048634321599649
5888.553414846345 5.771561215130522e-05
5912.10762850573 8.571706978206615e-05
5935.756059019754 0.00018823586210328408
5959.499083255832 0.0003174352558896235
5983.337079588855 0.0004967983404380692
6007.27042790721 0.0007724144951387662
6031.299509618841 0.0011912158068359757
6055.424707657316 0.001757954520776256
6079.646406487946 0.0025155367366656326
6103.964992113897 0.0035517068941771906
6128.380852082353 0.004943745543622136
6152.894375490681 0.006788395016777216
6177.505952992646 0.009153600125064366
6202.215976804616 0.012157147019670213
6227.024840711833 0.015985959089089175
6251.932940074681 0.020887765292879657
6276.940671834981 0.027094765906266964
6302.048434522321 0.03507478658703773
6327.256628260409 0.04505230164079528
6352.5656547734525 0.05723058447822952
6377.975917392546 0.07219504400211327
6403.487821062116 0.09035011015159088
6429.101772346364 0.112209153120025
6454.81817943575 0.13869770847350163
6480.637452153493 0.17093029823703382
6506.560001962106 0.2101831664626203
6532.586241969955 0.25797568286932504
6558.716586937834 0.31589914554626225
6584.951453285586 0.3852677576417658
6611.291259098727 0.46891400215063117
6637.7364241351215 0.5693251716229725
6664.2873698316625 0.6869729591151079
6690.94451931099 0.8222442376777572
6717.7082973882325 0.9781372702184534
6744.579130577787 1.15373229728573
6771.557447100097 1.3390514274371625
6798.643676888497 1.515487751000751
6825.838251596053 1.6614537620300172
6853.141604602436 1.7531461497290612
6880.554171020846 1.7739356270423714
6908.0763877049285 1.7287751903325401
6935.708693255749 1.6602927704130679
6963.4515280287715 1.6562895473872612
6991.305334140887 1.6823658606897796
7019.270555477449 1.7579377768200397
7047.34763769936 1.8739077255575523
7075.537028250157 1.9986552387949121
7103.839176363159 2.116180202137552
7132.254533068612 2.225441808536983
7160.783551200888 2.275142703179081
7189.42668540569 2.3296067611663767
7218.184392147313 2.3530814598163787
7247.0571297159 2.301075423408539
7276.045358234765 2.238441074877778
7305.149539667704 2.1141809303624464
7334.370137826372 2.0156076944711723
7363.707618377678 1.8973609968425007
7393.162448851191 1.7844076782521132
7422.735098646595 1.6545463358265007
7452.426039041182 1.5306665216088606
7482.235743197345 1.4021517971972004
7512.1646861701365 1.2466561976271004
7542.213344914818 1.1135051390139408
7572.382198294477 0.9734932167932955
7602.671727087656 0.7613504589813874
7633.082413996006 0.377081140682565
7663.614743651989 0.04680914874272512
7694.269202626598 0.06350862234728707
7725.046279437104 0.28226652597374646
7755.946464554851 0.6277646313002875
7786.970250413072 1.0642574654552235
7818.118131414723 1.4898190082697
7849.390603940383 1.912439672644283
7880.788166356144 2.3936253661813014
7912.311319021571 2.9446047631719945
7943.960564297654 3.588217145443505
7975.736406554845 4.322451957150237
8007.639352181065 5.142439309139603
8039.669909589788 6.019453504038104
8071.828589228147 6.954458718718253
8104.115903585063 7.885902320112021
8136.532367199402 8.872777601589181
8169.078496668199 10.062989745022998
8201.754810654873 10.423026365594604
8234.561829897493 12.846961178779548
8267.500077217084 14.887612949355551
8300.570077525952 16.360312511588344
8333.772357836056 18.18734574119829
8367.1074472674 19.92336847577239
8400.575877056472 22.06502589955468
8434.178180564695 24.29366202224068
8467.914893286956 26.696388297475664
8501.786552860101 29.134427452221352
8535.793699071543 31.727014862782386
8569.936873867831 34.35038261984252
8604.216621363299 33.23170179831622
8638.633487848754 23.358966993160134
8673.18802180015 28.73388416921763
8707.880773887353 29.027780788852265
8742.7122969829 31.50915127912721
8777.68314617083 34.30088512739719
8812.793878755514 38.20370718171222
8848.045054270535 43.31702272568426
8883.437234487617 45.96228115327374
8918.970983425568 48.304145327640704
8954.64686735927 49.43365917680448
8990.465454828707 53.34692702899074
9026.427316648023 59.30245917852762
9062.533025914616 62.1630098486155
9098.783158018272 65.81196399171156
9135.178290650345 68.37357901421431
9171.719003812947 68.87709790201319
9208.405879828202 74.37843117418043
9245.239503347511 74.7294855734093
9282.2204613609 44.42758308540141
9319.349343206346 48.261889005224006
9356.626740579171 53.98673657638609
9394.053247541488 65.66550370476973
9431.629460531654 66.47408186228151
9469.355978373778 67.80138816943777
9507.233402287276 66.68618246200619
9545.262335896427 71.35594272319697
9583.443385240013 65.26597155298349
9621.777158780975 69.3361217727301
9660.264267416096 74.35831153545213
9698.90532448576 80.425448470469
9737.7009457837 80.87506267869924
9776.651749566838 86.50729795252828
9815.758356565104 91.42003303476984
9855.021389991363 96.01753586451555
9894.441475551332 101.37815641888177
9934.019241453534 99.48780988593045
9973.755318419348 91.69803604765261
10013.650339693024 74.09160244821062
10053.704941051796 84.06577466247964
10093.919760816003 90.39155802526231
10134.295439859268 101.24016783838547
10174.832621618703 111.09428407386453
10215.531952105179 116.30735692225016
10256.394079913602 123.92515969690668
10297.419656233254 130.35725502444745
10338.609334858189 136.1498975807731
10379.96377219762 142.33229064183507
10421.483627286412 146.56467968532587
10463.169561795556 152.42734673284247
10505.022240042741 157.34096913183612
10547.042329002912 161.47297885220792
10589.230498318922 163.59280646395075
10631.587420312197 169.47629652838947
10674.113769993448 171.33448626249435
10716.810225073421 174.44045454443528
10759.677465973711 177.65055151654693
10802.716175837608 180.62587621076207
10845.927040540959 179.8401048498121
10889.310748703121 167.14408347224125
10932.867991697934 138.9954208122038
10976.599463664725 119.23229872355645
11020.505861519383 99.58494253918781
11064.587884965462 85.71738789337641
11108.846236505324 71.11163831445111
11153.281621451348 62.04581561506489
11197.894747937147 72.55077593134449
11242.686326928899 79.37033082203862
11287.657072236614 88.20798117144668
11332.807700525562 51.138246413655345
11378.138931327663 73.05980220998983
11423.651487052975 75.71150109946882
11469.346093001184 89.91476317247457
11515.22347737319 83.79821575103561
11561.284371282683 81.0925044228747
11607.529508767815 79.9856766880651
11653.959626802887 80.66505396588718
11700.5754653101 69.77549805022443
11747.377767171341 76.19394864592616
11794.367278240028 71.74471699756437
11841.544747352984 97.51662490435073
11888.9109263424 113.40950207295577
11936.46657004777 126.77689930596227
11984.212436327958 138.50367781702863
12032.149286073272 149.0684839734712
12080.277883217566 163.22962852652591
12128.598994750435 167.39462105436564
12177.113390729437 179.84198274956594
12225.821844292353 185.6406932095445
12274.725131669524 193.7000767166213
12323.824032196202 201.28574752101665
12373.119328324985 209.24572215130348
12422.611805638286 192.4826227837043
12472.302252860838 217.61843901058612
12522.19146187228 188.27644425614687
12572.280227719768 227.06120625536468
12622.569348630648 227.08582367487375
12673.059626025171 226.90260411478553
12723.751864529271 221.10055305152412
12774.646871987386 222.5324128320533
12825.74545947534 213.59825185046668
12877.04844131324 206.6068373879813
12928.556635078494 202.4284891630357
12980.270861618808 197.08343018736667
13032.191945065284 197.4332773371695
13084.320712845543 191.41829550540766
13136.657995696927 182.4151239891429
13189.204627679715 177.39756474908498
13241.961446190431 149.59705673782884
13294.929291975195 101.23435535161433
13348.109009143096 32.58226745847533
13401.50144517967 15.87072797345641
13455.107450960388 11.411464858779693
13508.927880764231 9.846992288656793
13562.963592287288 6.703296476757366
13617.215446656439 8.675385215893455
13671.684308443064 11.437812751250592
13726.371045676835 10.028571055084432
13781.276529859542 15.223281607999937
13836.40163597898 12.404373433230916
13891.747242522899 13.095770433904455
13947.314231492988 10.906001501485727
14003.103488418961 10.568355765966192
14059.115902372636 11.706653108194951
14115.352365982128 9.058872055692168
14171.813775446057 9.541294647039251
14228.501030547843 9.672969480510645
14285.41503467003 11.810778173130052
14342.556694808713 10.716193497843621
14399.926921587949 12.206045334540091
14457.5266292743 15.017984649984431
14515.356735791396 19.721968026953494
14573.418162734559 24.37789400978177
14631.711835385498 22.268634157843955
14690.238682727038 21.485463034206525
14748.999637457951 25.68981467648627
14807.995636007783 29.704418557806978
14867.227618551815 29.759852231928384
14926.69652902602 33.6597040411691
14986.403315142123 36.54533766528585
15046.348928402693 40.37680264440842
15106.534324116303 45.425203900790336
15166.96046141277 53.05452628541041
15227.62830325842 59.30062956999761
15288.538816471453 65.9693473699746
15349.692971737337 72.92998923056943
15411.091743624287 81.08763726770124
15472.736110598784 97.66586815315722
15534.62705504118 102.95789009724632
15596.765563261344 111.85437435462777
15659.152625514387 123.02707454779565
15721.789236016448 131.18944506014904
15784.676392960515 141.8270124135525
15847.815098532355 154.58770732383252
15911.206358926484 157.91679860973022
15974.85118436219 166.00843939119733
16038.75058909964 171.35251803435557
16102.905591456036 170.8405410824906
16167.31721382186 173.45730802658656
16231.986482677148 170.7589877371071
16296.914428607855 169.7700957277454
16362.102086322288 175.38667099783257
16427.550494667576 178.6572386673864
16493.260696646248 182.3370563053094
16559.23373943283 179.80655780234216
16625.470674390563 176.93778894619174
16691.972557088127 158.6982137274152
16758.74044731648 169.46406248131885
16825.775409105743 179.56976415635387
16893.07851074217 163.37956976955516
16960.650824785134 153.6233792372505
17028.493428084275 146.93769809432567
17096.607401796613 136.20483621503072
17164.993831403797 105.0832895102883
17233.653806729413 100.84942727818914
17302.588421956334 81.03377312680911
17371.798775644158 69.32799471041672
17441.285970746736 56.450764554458196
17511.05111462972 52.39495751287264
17581.095319088243 42.58242826542217
17651.419700364593 37.29006563793813
17722.02537916605 30.63322608058286
17792.913480682713 24.708119983902026
17864.085134605448 21.747212919543024
17935.54147514387 16.790105817478285
18007.283641044443 18.593844959968305
18079.312775608625 14.436155683523108
18151.630026711056 17.512624449596743
18224.236546817894 17.985450771985548
18297.133493005167 13.638684978761265
18370.32202697719 13.962596533919994
18443.803315085097 14.533800533865548
18517.578528345435 13.259963433468588
18591.648842458817 9.460216229318142
18666.01543782865 9.553337785884084
18740.67949957997 11.603905456063297
18815.642217578286 17.612625524733563
18890.9047864486 18.494788573750984
18966.4684055944 23.471948820466
19042.334279216768 20.074595887607284
19118.50361633364 23.716994544522247
19194.977630798967 21.95420801104276
19271.757541322168 18.13972053192298
19348.844571487454 15.227752324699521
19426.239949773408 12.790528192952092
19503.9449095725 17.014381641220503
19581.960689210795 14.160960744451137
19660.28853196764 17.687228772442253
19738.929686095507 17.60168230523944
19817.885404839893 19.294308595633836
19897.15694645925 20.732060399349916
19976.745574245087 23.80080089461151
20056.65255654207 26.074115526584166
20136.879166768238 28.660852121474726
20217.426683435307 35.85562584225222
20298.296390169045 34.76088733000925
20379.489575729727 40.571122070907926
20461.007534032648 45.88457355333389
20542.851564168777 50.9697725047177
20625.02297042545 55.188415384920596
20707.523062307162 61.48940368080311
20790.353154556382 62.4185899246878
20873.514567174607 68.10831148213757
20957.008625443308 71.80350195431973
21040.836659945082 76.37878733541609
21125.000006584854 79.79343913231234
21209.5000066112 79.8094131729938
21294.33800663765 81.69750270302426
21379.515358664197 83.09979216842494
21465.033420098855 85.46819654856859
21550.893553779246 82.5093374998697
21637.097127994366 80.74727305581057
21723.645516506345 80.15258993745114
21810.540098572368 76.09820523148255
21897.782258966654 70.63168581471061
21985.37338800253 56.717405673061734
22073.314881554532 50.04472336650154
22161.60814108075 55.643834075897566
22250.25457364508 53.712691920701204
22339.25559193965 50.11701539009032
22428.61261430741 44.889339878655676
22518.32706476464 42.29896002055738
22608.400373023702 39.183050351317966
22698.833974515794 37.42150852565794
22789.62931041386 36.028987099653605
22880.78782765551 32.563368005369625
22972.310978966132 28.06591961657485
23064.200222882002 34.83837514497681
23156.457023773528 32.40908141022277
23249.082851868614 24.540598690205616
23342.079183276095 22.679996429976217
23435.447500009202 21.82433342401034
23529.18929000923 24.840811802461886
23623.306047169273 27.610722905655408
23717.79927135796 22.090576324133295
23812.670468443375 19.02781034731816
23907.92115031715 24.700921477688706
24003.552834918424 25.61426246584384
24099.56704625809 23.569876485407537
24195.96531444313 21.00367116801529
24292.749175700897 20.636727585980942
24389.9201724037 18.044378212261016
24487.479853093315 15.239777077316537
24585.42977250569 16.690380230651467
24683.771491595708 14.68782394977555
24782.50657756209 11.30249037547814
24881.636603872343 11.977355475511073
24981.16315028783 11.304945545635656
25081.087802888986 8.069902887928485
25181.412154100537 7.722632378098094
25282.137802716934 6.367481339891723
25383.266353927807 6.341439588138479
25484.79941934352 5.335702359470133
25586.73861702089 6.2226606104908235
25689.08557148898 5.883700031326137
25791.84191377493 5.869410247777916
25895.009281430033 5.647773858866305
25998.589318555754 6.37361614122405
26102.58367582998 7.857894317391663
26206.994010533297 8.143334938402313
26311.821986575433 7.7521171810845715
26417.069274521735 10.325028349860512
26522.737551619815 9.346613700887643
26628.828501826294 7.656772800150781
26735.343815833607 4.541755418519125
26842.285191096937 4.51754037751369
26949.654331861326 5.2936866519787324
27057.452949188766 5.186099316562556
27165.682760985525 5.429775264713814
27274.345492029468 7.368484027760284
27383.442873997585 5.868789305430179
27492.976645493567 8.334455451317513
27602.948552075544 6.354333742100935
27713.360346283847 6.212061257840206
27824.213787668985 5.117704001641222
27935.510642819663 7.261787565428226
28047.252685390937 5.330049877252442
28159.441696132504 6.351273258645931
28272.079462917034 8.507595190121789
28385.167780768694 6.009336113946752
28498.70845189177 6.4641780758303895
28612.703285699336 7.762485500606265
28727.154098842133 7.460576412685762
28842.062715237505 7.747382985965128
28957.430966098455 8.264046363704262
29073.260689962848 7.993905420885394
29189.553732722703 8.869689420804301
29306.311947653598 10.124730801547816
29423.537195444205 9.735054987304544
29541.231344225984 9.753552974467299
29659.396269602887 10.044684870848718
29778.033854681304 10.855842639855336
29897.14599010003 11.604589767545203
30016.734574060432 11.204374624879
30136.80151235667 12.684962618063416
30257.348718406094 12.032802412298746
30378.37811327972 13.523463853568392
30499.89162573284 11.271809224170676
30621.891192235766 12.92389062670798
30744.37875700471 11.857327345901302
30867.356272032728 10.338044746642725
30990.825697120858 10.689632975576359
31114.78899990934 8.986324166803195
31239.24815590897 9.57990503073856
31364.20514853261 7.814236955307052
31489.661969126744 7.168341435208424
31615.62061700325 6.669406409340147
31742.083099471263 6.331496495890848
31869.05143186915 6.019309714892856
31996.527637596624 5.475146978842097
32124.51374814701 6.111136649977698
32253.011803139605 6.164607090009289
32382.02385035216 6.639146666292912
32511.55194575357 7.48291921897329
32641.598153536583 8.317621408648595
32772.16454615073 9.27599094076295
32903.25320433533 10.121683084832801
33034.86621715268 8.67357661443628
33167.005682021285 3.083819107305545
33299.673704749366 1.909206872781645
33432.87239956837 3.329259581845551
33566.60388916664 5.4061754610245085
33700.87030472331 7.563046759989825
33835.6737859422 8.097226878871602
33971.016481085964 8.046311063261443
34106.900547010315 7.584165997791379
34243.32814919835 7.177112408152656
34380.30146179514 6.713204521009957
34517.82266764233 6.8837227185526615
34655.893958312896 7.4366371455789615
34794.51753414615 7.421844234189909
34933.69560428273 7.7755289428864005
35073.43038669985 8.965787621215005
35213.72410824666 9.251705405875898
35354.57900467965 9.285365529581874
35495.99732069836 9.677088744751794
35637.98130998116 10.388973350923036
35780.53323522108 11.66115712623141
35923.65536816197 13.625147635266798
36067.34998963462 14.221778803450004
36211.61938959315 15.95631843740943
36356.46586715153 17.997104676981312
36501.891730620126 20.010795387639533
36647.89929754261 21.691696499742008
36794.49089473278 23.72547662232448
36941.6688583117 25.339223873272932
37089.43553374496 27.37449744275769
37237.793275879936 29.50024708547471
37386.74444898345 28.306750409350364
37536.29142677938 31.501663118964903
37686.43659248651 31.430600454198046
37837.18233885645 33.13750375132793
37988.53106821188 34.04964516210664
38140.48519248474 33.76928010721349
38293.04713325467 34.04677671789144
38446.21932178769 35.87000172858171
38600.00419907484 37.4864870086838
38754.40421587113 37.370408871534856
38909.42183273463 36.04532326334358
39065.05952006556 37.099305757992646
39221.31975814583 37.984079511722896
39378.205037178406 36.99193291112922
39535.71785732712 36.49682757963958
39693.860728756415 34.99372714140355
39852.636171671445 33.538721987615695
40012.04671635814 32.27127095935843
40172.09490322357 32.020804359059966
40332.78328283648 28.89446757515053
40494.11441596781 28.417358512638693
40656.090873631685 26.81679525450304
40818.71523712622 22.46941817530077
40981.990098074726 23.30475558731532
41145.918058467025 21.84857902262893
41310.50173070089 19.67975027381723
41475.74373762369 20.944189664991207
41641.646712574184 17.697786239953594
41808.21329942448 17.4666572782903
41975.44615262219 17.616133668078987
42143.347937232684 15.1144908296263
42311.921328981625 15.454483781130214
42481.16901429755 12.89008988116528
42651.09369035474 14.379846199289291
42821.69806511615 13.392189643393369
42992.98485737662 11.35095090422774
43164.95679680613 10.970071594480073
43337.61662399335 11.823150768751523
43510.96709048933 11.889317196451028
43685.01095885128 12.493459585562482
43859.75100268668 12.057489781092888
44035.19000669744 11.478138507278704
44211.330766724226 11.82664302216256
44388.176089791115 10.340546740088907
44565.72879415028 11.117561704844588
44743.991709326874 9.782453734691295
44922.9676761642 10.123683659290348
45102.65954686885 10.265631625169672
45283.07018505633 9.076300852400037
45464.20246579656 10.15450897326266
45646.05927565975 9.448225965232199
45828.64351276236 10.15748553128788
46011.95808681343 9.922499647803631
46196.00591916067 9.08728822996293
46380.78994283732 9.643554110227354
46566.31310260868 9.707727714854224
46752.578355019126 9.11798672766018
46939.588668439166 10.681919734581193
47127.34702311293 9.094186779187792
47315.85641120539 9.067867438315387
47505.11983685021 9.55107414337071
47695.14031619761 8.432635928035099
47885.9208774624 7.997205861089564
48077.46456097225 8.812039595629674
48269.774419216126 8.65702520686184
48462.853516892996 8.000256767507805
48656.70493096058 8.485218637289998
48851.33175068441 8.105942825883663
49046.737077687154 8.04462401565
49242.92402599791 8.022968387858311
49439.89572210189 7.692758771855658
49637.6553049903 6.862445631470185
49836.20592621027 8.550834742647666
50035.55074991511 7.6321819000157785
50235.69295291477 6.349605994713205
50436.63572472643 7.691040911847092
50638.382267625326 7.809537291932541
50840.935796695834 6.5752943052882316
51044.2995398826 6.920576728800014
51248.47673804215 7.266383587781787
51453.47064499432 5.393836306427691
51659.28452757429 5.672775345675695
51865.92166568459 7.147309146862534
52073.38535234733 4.946579188174585
52281.67889375672 6.148584472504913
52490.80560933175 5.911986057267449
52700.76883176907 5.456910615538185
52911.57190709616 5.4336208395152426
53123.218194724526 5.669042375248765
53335.711067503435 6.258400402143162
53549.053911773444 4.376466235085704
53763.25012742054 4.710339886160625
53978.303127930216 4.9628037608614495
54194.21634044194 3.403848821766945
54410.99320580371 4.97249200795552
54628.63717862692 4.317327958630546
54847.15172734143 4.613603255833378
55066.540334250785 4.498841755850001
55286.80649558781 3.9004156901030336
55507.95372157016 3.783041196703331
55729.985536456436 3.5842236686413167
55952.90547860226 4.189270411409407
56176.717100516675 3.9433534540517456
56401.42396891874 3.9084599417331956
56627.02966479442 3.914239029033613
56853.5377834536 3.4368331531774503
57080.95193458741 3.3841477813183896
57309.27574232576 3.2449487947909175
57538.51284529506 3.7179077978636164
57768.666896676245 3.143131970745732
57999.74156426295 3.8524164976406396
58231.74053052 2.820343315430804
58464.66749264208 3.4625704617298316
58698.52616261265 2.9314097652042
58933.3202672631 2.868143677407448
59169.05354833215 3.6470789132602865
59405.72976252549 2.741026379636983
59643.3526815756 3.460286747721826
59881.926092301896 3.459748491070424
60121.45379667111 3.742868322785893
60361.93961185778 3.166572069102093
60603.38737030522 2.8700025326386145
60845.800919786445 3.7853878376405725
61089.184123465595 3.1842184916903933
61333.54085995945 4.561206939952053
61578.87502339928 3.208241972480738
61825.19052349288 3.4898492603269062
62072.491285586846 3.825538501140687
62320.7812507292 3.867521420491413
62570.06437573213 4.062409650936003
62820.34463323505 4.0995036012618
63071.62601176801 4.196794747639621
63323.91251581507 3.961515734548666
63577.20816587833 3.6896309686048823
63831.51699854184 3.2231725906847686
64086.843066536014 2.511478220170561
64343.19043880215 2.678762445614985
64600.563200557364 2.4710734846084565
64858.96545335958 1.9407210926125689
65118.401315173025 2.157189465388443
65378.87492043372 2.319335029229939
65640.39042011545 1.997475503665197
65902.95198179591 1.8603115280368259
66166.56378972309 1.9059356853425928
66431.23004488199 1.9740644267791425
66696.95496506151 2.160421933156817
66963.74278492175 2.3180282740121343
67231.59775606144 2.0003831959442966
67500.52414708569 2.4395035211705207
67770.52624367403 2.032920896699729
68041.60834864872 2.0253463115748493
68313.77478204331 1.943581645322828
68587.02988117147 1.8368305814821664
68861.37800069616 2.360898885904198
69136.82351269896 2.3513594858229836
69413.37080674975 2.407460023233739
69691.02428997675 2.035238279987258
69969.78838713666 2.2232840820925115
70249.6675406852 2.0844936865760366
70530.66621084794 1.8491491066262666
70812.78887569135 2.0121293076836344
71096.04003119409 1.8908204743955996
71380.42419131887 1.9059101167052122
71665.94588808414 1.7523763657936664
71952.60967163648 1.7655267768682752
72240.42011032304 1.7074201575987882
72529.38179076432 1.6285419737591476
72819.49931792737 1.5467418152837096
73110.77731519907 1.6453496281386424
73403.22042445988 1.4127018701575538
73696.83330615771 1.4704637332465984
73991.62063938235 1.5658188296548852
74287.58712193987 1.473073238993121
74584.73747042764 1.367315189329777
74883.07642030934 1.4760644903036215
75182.60872599059 1.6286515084115787
75483.33916089457 1.5745274662009068
75785.27251753812 1.5531898721931212
76088.4136076083 1.5011846004609435
76392.76726203872 1.8489486694150208
76698.33833108687 1.2668359262090398
77005.13168441122 1.201023782728746
77313.15221114887 1.1586720204882444
77622.40481999348 1.1741637544549348
77932.89443927344 1.282988936655394
78244.62601703055 1.3319920409889283
78557.60452109865 1.3450578877344697
78871.83493918306 1.269215547121083
79187.3222789398 1.3675904845589744
79504.07156805556 1.4273302978149431
79822.08785432778 1.536462702902344
80141.37620574511 1.4268008178820464
80461.94171056806 1.3418429429382202
80783.78947741033 1.4807557627458185
81106.92463531997 1.5291862810460444
81431.35233386126 1.424862057970522
81757.0777431967 1.3674111400146824
82084.10605416949 1.378908596740288
82412.44247838613 1.434977592354489
82742.09224829968 1.4709960205360113
83073.06061729288 1.5117923711561698
83405.35285976208 1.3890815271299324
83738.9742712011 1.4311712476504
84073.93016828595 1.591184793163515
84410.22588895904 1.4553699886310212
84747.86679251489 1.5765582015732935
85086.85825968496 1.465211803777772
85427.20569272367 1.5740043826787273
85768.91451549459 1.5787270920571488
86111.99017355654 1.616734136976911
86456.43813425078 1.624119116216602
86802.2638867878 1.5933255929201056
87149.47294233493 1.6655413736766274
87498.07083410428 1.5993957108601504
87848.0631174407 1.6469849833485717
88199.45536991046 1.6328277638761552
88552.25319139009 1.726891349370242
88906.46220415569 1.7942882969435463
89262.08805297229 1.6783898107933082
89619.1364051842 1.588433069516725
89977.61295080492 1.7291948426627357
90337.52340260813 1.6449045336438084
90698.87349621857 1.718044138521233
91061.66899020346 1.708594932780447
91425.91566616425 1.7599894333243797
91791.61932882894 1.7361716562506446
92158.78580614422 1.7527836104585672
92527.4209493688 1.7242311380217177
92897.53063316627 1.640255749029772
93269.12075569895 1.70789960268044
93642.19723872172 1.760538130645441
94016.76602767664 1.6268123853782064
94392.83309178732 1.494313657630806
94770.40442415449 1.5814680015691336
95149.48604185111 1.6335153403266276
95530.08398601852 1.7998356967972668
95912.20432196259 1.5594130400938977
96295.85313925042 1.5619547801539673
96681.0365518075 1.5853598268138416
97067.76069801472 1.6064581553468424
97456.03174080675 1.6918533315249396
97845.85586776999 1.7667671697659157
98237.23929124104 1.3766848814602273
98630.18824840599 1.5496338066331572
99024.70900139965 1.1687680723853047
99420.80783740526 1.543768610774327
99818.49106875488 1.5294922642147564
100217.76503302988 1.4866329166018561
100618.636093162 1.4144390021950612
101021.11063753467 1.355258222253019
101425.1950800848 1.5305974614706648
101830.89586040513 1.5153274839149382
102238.21944384674 1.4458536379845217
102647.17232162213 1.330624556898084
103057.7610109086 1.2490941067653505
103469.99205495225 1.030198471143141
103883.87202317205 0.9679223455219672
104299.40751126477 0.9785625500800417
104716.60514130979 1.0091582867569444
105135.47156187505 1.158668736915116
105556.01344812254 1.128868952863692
105978.23750191503 1.0826317919006914
106402.15045192267 1.0910767893861777
106827.75905373038 1.1619053426239925
107255.07008994528 1.006219711189566
107684.09037030509 0.9906998947434188
108114.8267317863 1.158594158707188
108547.28603871344 1.0232336180353208
108981.47518286831 1.0130707445452718
109417.40108359976 0.9630817207808644
109855.0706879342 0.8048529016120941
110294.49097068593 0.8333924843191113
110735.66893456863 0.9682887153147353
111178.61161030692 1.0399457010268354
111623.32605674816 0.9649174582602106
112069.81936097513 1.0013453312176266
112518.09863841905 0.8634546014902638
112968.17103297272 0.9785721155708573
113420.0437171046 0.9228582501976192
113873.72389197304 0.9640326681962913
114329.21878754091 0.9602576149688653
114786.53566269108 0.9105588755345736
115245.68180534184 0.8980885437671747
115706.66453256323 0.7798213814700932
116169.49119069346 0.7775193770775911
116634.16915545624 0.7954999377936341
117100.70583207808 0.6806930792029189
117569.1086554064 0.6449430167779663
118039.385090028 0.7609724920565538
118511.54263038811 0.7888538129535242
118985.58880090967 0.7045935471131407
119461.5311561133 0.7645614066629115
119939.37728073777 0.7453153383280509
120419.13478986072 0.7649274253701679
120900.81132902016 0.6179260828906247
121384.41457433623 0.7029856670358138
121869.9522326336 0.7800819494366749
122357.43204156413 0.6638120894613566
122846.86176973036 0.6065662520706123
123338.2492168093 0.6805832381843666
123831.60221367657 0.5273095852653843
124326.92862253124 0.5396808026514223
124824.23633702139 0.6163317402634739
125323.53328236948 0.5096476268024914
125824.82741549893 0.5341916288297803
126328.12672516092 0.5702380176335058
126833.43923206156 0.5826788513323169
127340.77298898982 0.5372384943005899
127850.13608094577 0.5464930241597513
128361.53662526955 0.5180167899999627
128874.98277177062 0.5513761644886624
129390.4827028577 0.5156559159385331
129908.04463366912 0.5359733011309973
130427.67681220379 0.46580622143135847
130949.38751945265 0.5236424144392701
131473.18506953045 0.4601225502126923
131999.07780980857 0.5074937795239992
132527.0741210478 0.41557018524646516
133057.182417532 0.39143321786651925
133589.4111472021 0.4745997295488706
134123.76879179094 0.4209584396664069
134660.26386695806 0.3633914750047864
135198.9049224259 0.4248439210068666
135739.7005421156 0.42165177229651996
136282.65934428407 0.40771091495233086
136827.78998166122 0.395820033883125
137375.1011415879 0.3822428638035482
137924.60154615424 0.41661768922942355
138476.29995233883 0.35011736483707523
139030.20515214818 0.3899849214632965
139586.32597275675 0.3950301976543077
140144.6712766478 0.3291786508175406
140705.2499617544 0.39481057342975673
141268.0709616014 0.3494571385527362
141833.1432454478 0.29783397709484155
142400.4758184296 0.3252037501729237
142970.07772170333 0.37294624185903263
143541.95803259013 0.296699261901654
144116.12586472047 0.28599332541001254
144692.59036817937 0.2914234819120977
145271.3607296521 0.27022461815267745
145852.44617257072 0.3170945270427734
146435.85595726097 0.30514948021435134
147021.59938109003 0.2989427465223194
147609.6857786144 0.3177232125507736
148200.12452172884 0.2762592991666961
148792.92501981577 0.24802216545818614
149388.09671989502 0.26656333861648507
149985.6491067746 0.26346273685891025
150585.59170320167 0.26637748216050444
151187.93407001448 0.2704467880890639
151792.68580629455 0.23791033612979692
152399.85654951975 0.28618660095048265
153009.45597571784 0.27437832847014715
153621.4937996207 0.24260309466407193
154235.97977481916 0.23497777519905458
154852.92369391845 0.23629799837971124
155472.3353886941 0.2073227519341471
156094.2247302489 0.21738724397938403
156718.60162916992 0.23303755890755123
157345.47603568656 0.19230882443212446
157974.8579398293 0.2070019734937791
158606.75737158864 0.22139765412767567
159241.18440107498 0.24116865212684338
159878.14913867926 0.17341965415750527
160517.661735234 0.2111306960621085
161159.73238217493 0.1863713396357141
161804.3713117036 0.21451319752975959
162451.58879695044 0.17246765124506175
163101.39515213823 0.1895718340188096
163753.8007327468 0.19395611788681935
164408.81593567782 0.18356874338254348
165066.45119942052 0.1754488430708419
165726.71700421823 0.17616149469050643
166389.62387223504 0.14808065781461666
167055.18236772402 0.1679216752176806
167723.40309719497 0.19057979825058555
168394.2967095837 0.17728877198805296
169067.87389642204 0.152855485502013
169744.14539200772 0.15819874046764745
170423.1219735757 0.18061487011031227
171104.81446147006 0.13343223937817036
171789.23371931593 0.15789557648449193
172476.3906541932 0.14414770142864142
173166.29621680998 0.14617886353642345
173858.96140167722 0.12211242518192514
174554.39724728392 0.150685148130411
175252.61483627307 0.13971089093420122
175953.62529561817 0.13832581059109283
176657.43979680064 0.13777658468087384
177364.06955598784 0.13077791492617116
178073.52583421173 0.13203327535337497
178785.8199375486 0.14100581559593167
179500.9632172988 0.11959879527179033
180218.967070168 0.13358701021941236
180939.84293844865 0.12985933860291354
181663.60231020238 0.10543326908272418
182390.25671944322 0.12306010546081457
183119.81774632097 0.12469684877393514
183852.29701730626 0.11814030673944537
184587.7062053755 0.11689545707483712
185326.057030197 0.10260618084000062
186067.3612583178 0.09637326274332224
186811.63070335102 0.10794605102296757
187558.8772261645 0.10332595839882269
188309.11273506918 0.12764096665201477
189062.3491860094 0.110531826215842
189818.59858275342 0.0938877378813235
190577.87297708448 0.11235135783732217
191340.18446899284 0.10894317470059636
192105.54520686882 0.09518532531684874
192873.9673876963 0.08896651365243824
193645.46325724703 0.09182053961783528
194420.04511027603 0.07608406865018255
195197.72529071715 0.09623510205735634
195978.51619188 0.08299405761928424
196762.4302566476 0.0876641204916209
199107.9942767367 0.0856321652599578
203090.15416227144 0.07658939882254062
207151.95724551688 0.07509043251427988
211294.9963904272 0.06367959367101857
215520.89631823578 0.06149529082684035
219831.31424460045 0.05719607854234039
224227.94052949245 0.051335485632817805
228712.4993400823 0.052076452199118675
233286.74932688402 0.049711357489886296
237952.48431342165 0.03984145425277273
242711.5339996901 0.044419671711677086
247565.76467968393 0.038318480454933045
252517.0799732776 0.03204962858109249
257567.42157274322 0.033880229283310935
262718.770004198 0.03133857663712436
267973.145404282 0.02579617354905882
273332.6083123676 0.028811276562075588
278799.26047861495 0.02437892771323985
284375.2456881872 0.019622225045202703
290062.750601951 0.021801219762786324
295864.00561398995 0.019107854895666517
301781.2857262697 0.0182232581678456
307816.91144079523 0.015250952059424984
313973.24966961105 0.016134117611386434
320252.7146630032 0.014736810344311218
326657.7689562633 0.013490098825943372
333190.92433538847 0.011402682176961639
339854.7428220964 0.012686092259180673
346651.83767853834 0.010242882592732337
353584.87443210906 0.009010103880770132
360656.57192075124 0.008626785069717646
367869.70335916633 0.008903319520918235
375227.09742634965 0.007541980320752607
382731.63937487674 0.007909794499279517
390386.2721623741 0.006652167881136155
398193.99760562164 0.0060897836890393695
406157.87755773397 0.005221963629415241
414281.0351088888 0.00576548991439525
422566.65581106645 0.005332822533135965
431017.98892728786 0.004346962062090502
439638.3487058336 0.004085543588774075
448431.11567995034 0.0038422702384094316
457399.7379935492 0.0036636492077201034
466547.7327534202 0.0032056573620738485
475878.6874084886 0.0031328743879446403
485396.2611566584 0.0030109678317486945
495104.1863797916 0.002532745018493316
505006.2701073874 0.0024560679825624925
515106.39550953516 0.0021707856769255752
525408.5234197257 0.002363291219905091
535916.6938881205 0.002076745232470936
546635.0277658828 0.0019120571174047938
557567.7283212005 0.001614450359894488
568719.0828876244 0.0015304616568182269
580093.4645453768 0.0014691396077058673
591695.3338362843 0.0013876485983825577
603529.2405130101 0.0012587794143191183
615599.8253232702 0.0012797731708887794
627911.8218297358 0.0010562163072647742
640470.0582663304 0.0009442090634469805
653279.459431657 0.0008770973015690732
666345.04862029 0.0008051180235974013
679671.9495926959 0.0008574238658550601
693265.38858455 0.0008155250687560255
707130.6963562409 0.0006813009740526332
721273.3102833657 0.0005980552211747982
735698.7764890331 0.0005905723395439474
750412.7520188137 0.0005174712505072575
765421.0070591901 0.000519954690456035
780729.4272003738 0.0004646641980258609
796344.0157443815 0.0004423349018960758
812270.896059269 0.0003811612984163298
828516.3139804546 0.00035295717953024537
845086.6402600636 0.00034430366631274853
861988.3730652649 0.0003383365265800553
879228.14052657 0.0003606599383310583
896812.7033371016 0.00028772331656855884
914748.9574038435 0.00027328187167041125
933043.9365519203 0.00023546869397050133
951704.8152829591 0.00020416935721396707
970738.911588618 0.0002235314191744801
990153.6898203905 0.00017378792165730742
