1000.5530765187797 1.0531877588040142e-22
1004.5552888248548 1.745943885825459e-86
1008.5735099801544 5.0868371594179985e-82
1012.607804020075 1.36306570657149e-81
1016.6582352361554 1.3429767681459447e-86
1020.7248681770998 9.977438409452142e-60
1024.8077676498083 1.410584329625592e-63
1028.9069987204075 7.298880970372648e-80
1033.022626715289 2.8887815368982193e-55
1037.1547172221503 8.564165036654326e-84
1041.3033360910388 1.1618953453402572e-76
1045.468549435403 1.5777533134405179e-72
1049.6504236331448 2.8447351280069906e-86
1053.8490253276773 1.0160361983131307e-62
1058.064421428988 1.191955347220814e-79
1062.296679114704 5.535717004021169e-62
1066.5458658311627 6.829855846609103e-70
1070.8120492944875 6.867742493318852e-73
1075.0952974916654 7.391483087604328e-57
1079.3956786816323 4.693448444573991e-73
1083.7132613963586 2.444010838720208e-54
1088.048114441944 1.5548704329948528e-58
1092.4003068997117 2.790960479088862e-40
1096.7699081273104 1.7609976912765688e-57
1101.15698775982 6.570835475087456e-59
1105.561615710859 2.4527121411291083e-41
1109.9838621737026 7.847401424032374e-47
1114.4237976223976 1.2665543949202843e-52
1118.8814928128868 9.066759503664978e-58
1123.3570187841383 7.7696548660638215e-53
1127.8504468592753 1.7460011466448126e-32
1132.361848646712 4.2491364826433616e-39
1136.8912960412988 4.96817965600352e-38
1141.438861225464 3.683194501051581e-37
1146.004616670366 7.771426242407145e-36
1150.5886351370475 2.5308333959141866e-38
1155.190989677596 3.6147944680707154e-39
1159.8117536363065 4.5137749132486484e-38
1164.4510006508515 4.3743106159506947e-41
1169.108804653455 9.582882660527296e-42
1173.7852398720688 6.647268401221464e-40
1178.480380831557 9.495693137289171e-40
1183.1943023548836 1.0888138952125934e-38
1187.9270795643029 2.679800184177358e-41
1192.67878788256 4.752226996363472e-40
1197.4495030340906 2.113711506845728e-39
1202.2393010462267 9.33581611475075e-46
1207.0482582504117 1.98933692435348e-40
1211.8764512834132 7.632371856053933e-40
1216.7239570885472 4.01017819090461e-46
1221.5908529169012 5.090336204646614e-41
1226.4772163285688 1.3885694587727463e-38
1231.383125193883 1.2479797537265756e-39
1236.3086576946585 8.456893989224356e-39
1241.2538923254372 9.892650379834721e-39
1246.2189078947392 1.1130662338368061e-41
1251.203783526318 1.4559172939791644e-38
1256.2085986604231 5.186511576772552e-37
1261.233433055065 2.8452435182608395e-37
1266.2783667872852 4.569430942068938e-44
1271.3434802544346 2.417721933138579e-35
1276.4288541754522 1.1402128741763063e-35
1281.534569592154 8.206773727751871e-39
1286.6607078705229 2.362375550331657e-37
1291.8073507020044 1.648009428064822e-34
1296.9745801048125 1.1537196327888657e-34
1302.162478425232 2.5559923242316893e-36
1307.3711283389327 9.103993340334961e-35
1312.6006128522888 1.395645557069998e-33
1317.851015303698 2.5427154932109785e-34
1323.1224193649127 6.122395629141529e-34
1328.4149090423725 7.704550797693238e-33
1333.728568678542 7.227056020949375e-33
1339.0634829532567 1.4924189495333192e-33
1344.4197368850691 1.3402450931885372e-33
1349.7974158326099 3.7698495733555445e-31
1355.1966054959403 1.5100364971185817e-31
1360.6173919179244 2.4632955941405293e-30
1366.059861485596 3.887268763682868e-32
1371.5241009315384 5.044687743458692e-32
1377.0101973352646 2.1251448155048824e-31
1382.5182381246057 5.067684473551102e-29
1388.0483110771042 1.1165534825570521e-29
1393.6005043214122 1.1090798558944094e-30
1399.1749063386976 7.726386783844364e-31
1404.7716059640527 4.171216088346281e-28
1410.3906923879088 1.2274219836983585e-29
1416.0322551574602 1.4290074260441038e-27
1421.6963841780905 2.5839348611417763e-30
1427.3831697148032 2.1418356776207112e-28
1433.0927023936622 1.6477139381250888e-26
1438.8250732032368 7.7492478870977695e-28
1444.5803734960498 2.4852800634724383e-26
1450.3586949900334 1.827180798090784e-27
1456.1601297699938 1.7868162678075435e-26
1461.984770289074 5.781528761768822e-26
1467.83270937023 7.974948229924643e-27
1473.704040207711 1.0347642396993491e-25
1479.5988563685412 3.5628983372746723e-28
1485.5172517940157 5.337396924697839e-26
1491.459320801192 1.8938444367875337e-25
1497.4251580843968 1.3993150863817498e-26
1503.4148587167342 5.846455559272461e-24
1509.4285181516007 2.5838653912147567e-25
1515.4662322242077 3.996956054278083e-26
1521.5280971531042 1.1855643481270205e-21
1527.6142095417167 1.4839971751900894e-24
1533.7246663798837 6.227515140227113e-24
1539.859565045403 5.349566857579048e-22
1546.0190033055849 4.7522829136870464e-27
1552.203079318807 3.254065366290434e-23
1558.4118916360824 1.1763222446345026e-22
1564.6455392026269 1.523505700470445e-23
1570.9041213594373 6.954449328190236e-22
1577.187737844875 1.2387012678598558e-22
1583.4964887962547 1.0634808589661097e-21
1589.8304747514399 3.3475731302416774e-21
1596.1897966504455 1.8126131653346095e-22
1602.5745558370472 8.035197431765329e-22
1608.9848540603957 6.12704996544185e-21
1615.4207934766368 7.938880527526446e-22
1621.8824766505436 1.0486166286421782e-20
1628.3700065571454 1.1290369759470523e-20
1634.8834865833744 1.4689200067362477e-20
1641.4230205297079 8.63259623472077e-20
1647.9887126118267 8.64530922102216e-21
1654.580667462274 1.0833771868026066e-20
1661.198990132123 6.644660041621634e-20
1667.8437860926513 6.393229672852912e-20
1674.515161237022 1.2315361345197926e-19
1681.2132218819695 5.953737745867701e-19
1687.9380747694975 5.17776732347609e-19
1694.6898270685758 2.818069134749722e-18
1701.4685863768502 1.6608296548653111e-18
1708.2744607223572 4.958436658649033e-19
1715.1075585652468 1.1376739363754665e-18
1721.967988799508 1.0508757792664417e-18
1728.8558607547059 1.8621938859187364e-18
1735.7712841977245 4.063318739737391e-18
1742.7143693345156 3.784338512938273e-18
1749.6852268118535 8.735556838838038e-18
1756.6839677191008 1.4826075228748255e-17
1763.7107035899771 3.97057954608041e-17
1770.7655464043373 3.174604628276947e-17
1777.8486085899544 1.72348144947493e-17
1784.9600030243143 4.635690569448439e-17
1792.0998430364118 3.6310105468149835e-17
1799.2682424085576 8.228095532565575e-17
1806.4653153781921 9.738664393163507e-17
1813.6911766397043 7.419333314021478e-17
1820.945941346263 1.872252548125927e-16
1828.2297251116483 4.288477639383766e-16
1835.5426440120948 8.874826948355891e-17
1842.8848145881432 3.8533104093971054e-16
1850.2563538464956 7.850668178615539e-16
1857.657379261881 3.130923508196014e-16
1865.0880087789287 1.1856361399166152e-15
1872.5483608140448 9.85083982511457e-16
1880.0385542573008 5.627538721080365e-16
1887.5587084743302 2.2135818755077768e-15
1895.1089433082268 1.6921631668549817e-15
1902.68937908146 1.2833374279567796e-15
1910.3001365977857 4.793717524621912e-15
1917.9413371441767 3.087376821916677e-15
1925.6131024927531 4.281475466998296e-15
1933.3155549027244 9.573743660993389e-15
1941.0488171223355 8.360363520967925e-15
1948.8130123908247 8.49855531974585e-15
1956.608264440388 1.9626670023550203e-14
1964.434697498149 1.1925002408558547e-14
1972.2924362881417 1.7452487306057837e-14
1980.1816060332944 3.1478399653720626e-14
1988.1023324574276 2.6265238802735155e-14
1996.0547417872574 2.4931257822399514e-14
2004.0389607544066 3.800432141279681e-14
2012.0551165974243 4.162213310867137e-14
2020.1033370638136 4.712435739818856e-14
2028.1837504120688 6.586404324600282e-14
2036.2964854137172 5.757081011602981e-14
2044.4416713553724 5.1229903580947367e-14
2052.6194380407937 8.127321284277612e-14
2060.829915792957 8.163341851771586e-14
2069.0732354561287 8.952811059406475e-14
2077.3495283979532 1.0244173212481073e-13
2085.6589265115445 1.326775650665014e-13
2094.001562217591 1.5178994709753688e-13
2102.3775684664615 1.658838209595054e-13
2110.787078740328 1.5316421805222901e-13
2119.2302270552887 2.1630318241460617e-13
2127.70714796351 2.5606728780758486e-13
2136.217976555364 3.207287611098394e-13
2144.7628484615852 2.4031930452281773e-13
2153.341899855432 3.932167890437062e-13
2161.9552674548536 5.382279541012739e-13
2170.603088524673 6.468962887762172e-13
2179.285500878772 5.353237933155368e-13
2188.0026428822866 6.342592351539877e-13
2196.754653453816 1.0677377034380948e-12
2205.541672067631 1.0153500386583917e-12
2214.3638387559017 2.075603755497175e-12
2223.2212941109246 1.205521936048636e-12
2232.114179287369 3.694295986381289e-12
2241.0426360045185 2.5034072784485004e-12
2250.0068065485366 6.499541440419863e-12
2259.0068337747302 4.0729901402791456e-12
2268.0428611098296 6.2873442106856106e-12
2277.115032554269 7.741966859364284e-12
2286.223492684486 9.042129778187994e-12
2295.368386655224 2.0630176308572592e-11
2304.549860201845 6.458303309226795e-12
2313.7680596426517 2.1933798915111828e-11
2323.0231318812225 1.9756770460271748e-11
2332.3152244087473 3.817487519027799e-11
2341.6444853063817 4.628353128154168e-11
2351.0110632476076 1.747114060396562e-11
2360.415107500598 5.7878430278699026e-11
2369.8567679306 2.070520008910647e-11
2379.3361950023227 8.364511017678302e-11
2388.853539782332 6.873569795569349e-11
2398.4089539414617 1.8787103989730847e-10
2408.0025897572273 2.2671598589456882e-10
2417.6346001162565 8.994252027629631e-11
2427.3051385167214 3.61515887465928e-10
2437.0143590707885 3.111440870442108e-10
2446.762416507072 8.89580464841314e-10
2456.5494661731 4.6154502210653973e-10
2466.375664037793 7.911312211071112e-10
2476.2411666939443 1.1784174544780665e-09
2486.1461313607197 3.2372087001933984e-10
2496.090715886162 1.1464531088503423e-09
2506.075078749707 8.475681636212167e-10
2516.0993790647044 1.4753043201033296e-09
2526.163776580964 3.969601161208246e-09
2536.268431687288 6.670940912680242e-09
2546.4135054140374 9.228950862247249e-09
2556.599159435693 4.516715592225059e-09
2566.825556073436 4.0034859078345185e-09
2577.09285829773 5.130413384010221e-09
2587.4012297309205 4.142878988362637e-09
2597.7508346498444 7.95546542142227e-09
2608.141837988444 7.850013334080834e-09
2618.5744053403982 1.5907426099897562e-08
2629.0487029617593 2.79590404831262e-08
2639.5648977736064 2.8255498012199945e-08
2650.123157364701 2.8676342009401117e-08
2660.7236499941596 2.7843081670627383e-08
2671.366544594136 2.8081882420311432e-08
2682.052010772512 4.4818185940993724e-08
2692.7802188156024 3.9678747970174924e-08
2703.551339690865 6.515823418440884e-08
2714.365545049628 7.310440541165503e-08
2725.223007229827 7.759731284300227e-08
2736.123899258746 9.402593464583416e-08
2747.0683948557817 1.3634685003576873e-07
2758.0566684352048 1.3865537410976438e-07
2769.0888951089455 2.167651342976704e-07
2780.165250689381 2.1023405445136624e-07
2791.2859116921386 2.826002333818345e-07
2802.451055338907 3.1119199553416715e-07
2813.660859560263 3.5356789557664526e-07
2824.9155029985036 4.0174646138018643e-07
2836.2151650104965 5.203633774535521e-07
2847.5600256705393 5.512247830208228e-07
2858.950265773222 7.746947096462303e-07
2870.386066836315 7.97436369746754e-07
2881.8676111036607 1.023785297581798e-06
2893.3950815480757 1.2121554307963737e-06
2904.968661874268 1.3500565767604247e-06
2916.588536521764 1.6142572075174849e-06
2928.254890667851 1.8195462960846825e-06
2939.9679102305226 2.073955002816258e-06
2951.727781871445 2.438470398064313e-06
2963.534692998931 2.7769797024460472e-06
2975.3888317709266 3.142224359037312e-06
2987.2903870980094 3.7183144355888577e-06
2999.2395486464025 4.070108986513236e-06
3011.2365068409886 9.268963524694307e-07
3023.2814528683516 1.0004542694533344e-06
3035.374578679825 3.262646100377304e-07
3047.516076994544 1.2220985629040152e-06
3059.7061413025226 1.482975957848e-06
3071.9449658677336 1.5276462760788136e-06
3084.232745731204 1.3686775393918384e-06
3096.569676714128 4.468653182073957e-07
3108.955955420985 4.5458039012512574e-07
3121.3917792426687 1.3770339202771036e-06
3133.8773463596394 1.494761322532797e-06
3146.412855745078 1.3954044409647301e-06
3158.998507168058 1.2121302558422535e-06
3171.6345011967305 9.794122867046264e-07
3184.321039201517 7.183291009830787e-07
3197.0583233583234 4.4191377184974646e-07
3209.8465566517566 1.3705340818381348e-07
3222.6859428783637 4.562366106020906e-08
3235.576686649877 6.588227917318968e-08
3248.518993396477 2.6128239015544256e-08
3261.513069370063 7.613518124447358e-09
3274.559121647543 1.5100321597290817e-09
3287.6573581341336 1.1607026851249308e-10
3300.8079875666704 2.2907097178511407e-12
3314.0112195169368 2.5774848933818697e-11
3327.2672643950045 9.935710049259625e-10
3340.5763334525845 7.99332340544921e-09
3353.938638786395 3.946401368676486e-08
3367.354393341541 1.4481774493657634e-07
3380.8238109149074 4.3595515044643764e-07
3394.347106158567 1.0825362316964066e-06
3407.924494583201 2.1772028225303574e-06
3421.5561925615334 3.2013669475283195e-06
3435.2424173317804 1.8248761621350342e-06
3448.9833870011066 1.6106298237960468e-07
3462.7793205491116 4.8660997063260605e-06
3476.630437831308 1.6549474654736834e-05
3490.536959582633 2.8753522799769822e-05
3504.4991074209643 4.1573293666292845e-05
3518.5171038506473 5.578009773575848e-05
3532.5911722660503 7.172546580318416e-05
3546.7215369551145 8.969815680782394e-05
3560.9084231029346 0.00010991695139369083
3575.1520567953467 0.00013256891679061964
3589.452665022528 0.00015785966543313055
3603.810475682617 0.0001859924116127355
3618.225717585348 0.00021718181587466418
3632.698620455689 0.0002516445449775346
3647.2294149375116 0.00028961752412306254
3661.8183325972614 0.00033135957543277184
3676.4656059276513 0.00037713303621804097
3691.1714683513615 0.00042720229700924625
3705.936154224767 0.00048182231078901927
3720.7598988416657 0.0005412784279187703
3735.6429384370326 0.0006058248156924265
3750.585510190781 0.000675668602280726
3765.587852231544 0.0007510028590174912
3780.6502036404704 0.0008319597371577207
3795.772804455032 0.0009185774607036017
3810.955895672852 0.0010106610189058198
3826.199719255544 0.0011076632226103174
3841.504518132566 0.00120922248826889
3856.870536205096 0.0013140548282166468
3872.2980183499167 0.0014192858942511457
3887.7872104233156 0.001521758841142008
3903.338359265009 0.0016157101616607683
3918.9517127020695 0.0016919345829589255
3934.6275195528774 0.0017354656143786893
3950.3660296310895 0.0017225731936502272
3966.1674937496136 0.0016160885969166228
3982.0321637246125 0.0013636000502384759
3997.9602923795105 0.000922824007093717
4013.9521335490285 0.00037693063542209687
4030.007942083225 5.364319370287686e-05
4046.1279738515577 1.677056915652126e-06
4062.312485746964 5.9171163472084115e-05
4078.5617356899515 0.0005013061290702824
4094.8759826327114 0.0014754654967263116
4111.255486563242 0.0026053000020064532
4127.700508509496 0.0036751395663842694
4144.211310543533 0.004654560224003402
4160.788155785708 0.005566519431042173
4177.431308408849 0.0064415531472647196
4194.141033642486 0.007302799793772738
4210.917597777056 0.008125357288611953
4227.761268168164 0.009043681360714245
4244.672313240838 0.009850592728825361
4261.651002493801 0.010873825628886885
4278.697606503776 0.011753632281273206
4295.812396929791 0.01291687160297784
4312.995646517511 0.014042633247955663
4330.24762910358 0.014990063484300096
4347.568619619994 0.01637659279341519
4364.958894098475 0.017764219789968807
4382.418729674868 0.019069983873959577
4399.948404593568 0.020129060865579602
4417.548198211942 0.02212418618560664
4435.21839100479 0.023899298322464804
4452.959264568809 0.02567857303497303
4470.771101627084 0.027566999702001667
4488.654186033592 0.029151286945289547
4506.608802777726 0.031006810895227693
4524.635237988838 0.03394938631808353
4542.733778940792 0.036100732024088436
4560.904714056555 0.0386556745902109
4579.148332912781 0.035999001795685416
4597.464926244433 0.037098829851039176
4615.85478594941 0.037547198222855536
4634.318205093208 0.03735914363050909
4652.855477913582 0.03640573799781476
4671.466899825236 0.03426183512652634
4690.152767424537 0.034539454161449025
4708.913378494234 0.029390278415378113
4727.749032008212 0.021106807860970564
4746.660028136244 0.012298742083736955
4765.646668248789 0.006059593552269656
4784.709254921784 0.002592756325313083
4803.8480919414715 0.0010310830523964857
4823.063484309237 0.00043853579163771685
4842.355738246474 0.00022396435409542654
4861.72516119946 0.0001381850401229723
4881.172061844257 9.732775446613107e-05
4900.6967500916335 7.456522412762977e-05
4920.299537092001 5.676787410408101e-05
4939.9807352403695 4.163303100209038e-05
4959.740658181329 2.905404122236321e-05
4979.5796208140555 1.886961525766752e-05
4999.497939297312 1.1855507271955653e-05
5019.495931054502 7.711991619194607e-06
5039.57391477872 5.885051953134902e-06
5059.732210437835 5.369959517103914e-06
5079.971139279585 5.465899089658624e-06
5100.291023836704 5.705904619644651e-06
5120.692187932051 5.84146326362447e-06
5141.174956683781 5.941360604443184e-06
5161.739656510514 6.143254688921905e-06
5182.386615136556 6.362710075235782e-06
5203.116161597103 6.490621596836663e-06
5223.928626243489 6.5958130484980676e-06
5244.824340748465 6.740474842075946e-06
5265.803638111459 6.85824823826577e-06
5286.866852663905 6.941924913806788e-06
5308.0143200745615 7.069897405145237e-06
5329.246377354859 7.200751856058275e-06
5350.563362864278 7.301909894701282e-06
5371.965616315736 7.449337400530687e-06
5393.453478780998 7.591775158655699e-06
5415.027292696122 7.688824812713636e-06
5436.687401866905 7.837865964653888e-06
5458.434151474374 7.965336203625751e-06
5480.267888080271 8.05039010513707e-06
5502.188959632591 8.16883829917039e-06
5524.197715471122 8.27597063145072e-06
5546.294506333006 8.342046645149847e-06
5568.479684358337 8.415300923813538e-06
5590.753603095771 8.489638353692268e-06
5613.1166175081535 8.501043756183973e-06
5635.569083978187 8.545308978112988e-06
5658.1113603140975 8.505916089632213e-06
5680.743805755354 8.411989515414768e-06
5703.466780978376 8.380033990678173e-06
5726.28064810229 8.294312932448506e-06
5749.185770694699 8.161732165086872e-06
5772.182513777476 8.008673131412476e-06
5795.271243832587 7.839418259851357e-06
5818.452328807918 7.67704893280237e-06
5841.72613812315 7.543816308412975e-06
5865.093042675643 6.951754136255572e-06
5888.553414846345 6.515053577188851e-06
5912.10762850573 7.5257013141472805e-06
5935.756059019754 9.974463305627104e-06
5959.499083255832 1.2589028230631595e-05
5983.337079588855 1.5552237422046293e-05
6007.27042790721 1.9279020727369067e-05
6031.299509618841 2.401020660028505e-05
6055.424707657316 2.9538852896816385e-05
6079.646406487946 3.603079132717479e-05
6103.964992113897 4.380909388955586e-05
6128.380852082353 5.306504974691916e-05
6152.894375490681 6.404667764149857e-05
6177.505952992646 7.684046068057117e-05
6202.215976804616 9.172100420564551e-05
6227.024840711833 0.0001091219891188434
6251.932940074681 0.00012949293688620272
6276.940671834981 0.00015318668161707458
6302.048434522321 0.0001817835861653157
6327.256628260409 0.00021458056535452236
6352.5656547734525 0.00025272563032356903
6377.975917392546 0.00029684806065220505
6403.487821062116 0.0003482336431982611
6429.101772346364 0.00040782056976448855
6454.81817943575 0.00047403951334417364
6480.637452153493 0.0005552063778289978
6506.560001962106 0.0006588819397940975
6532.586241969955 0.0007807537045265203
6558.716586937834 0.0009253739988315218
6584.951453285586 0.001102175864489078
6611.291259098727 0.0013202247812259663
6637.7364241351215 0.0015849062175233297
6664.2873698316625 0.001902476005731031
6690.94451931099 0.002279770092007755
6717.7082973882325 0.0027309265821179344
6744.579130577787 0.0032702887779500686
6771.557447100097 0.0038978235785539685
6798.643676888497 0.004600860273590679
6825.838251596053 0.005385245190642104
6853.141604602436 0.00625878219511351
6880.554171020846 0.007197557854214808
6908.0763877049285 0.008053313954077533
6935.708693255749 0.008595532486260672
6963.4515280287715 0.010174571348660249
6991.305334140887 0.011474757088753987
7019.270555477449 0.012816198102747617
7047.34763769936 0.014630778719847108
7075.537028250157 0.016575901425389086
7103.839176363159 0.0186223282340162
7132.254533068612 0.020821135503711435
7160.783551200888 0.021268350503002825
7189.42668540569 0.02298236946996663
7218.184392147313 0.02621021027604861
7247.0571297159 0.02736250791179088
7276.045358234765 0.029909057309244844
7305.149539667704 0.030043391347650043
7334.370137826372 0.033291542278390394
7363.707618377678 0.03421351835912681
7393.162448851191 0.035739304512491916
7422.735098646595 0.03702198440452204
7452.426039041182 0.03788233856948202
7482.235743197345 0.03844188037145974
7512.1646861701365 0.03794831583631206
7542.213344914818 0.03735168945124213
7572.382198294477 0.03604061403665017
7602.671727087656 0.032218614831611654
7633.082413996006 0.020860236207366115
7663.614743651989 0.003009291304851221
7694.269202626598 0.004144218187889087
7725.046279437104 0.01840419324863073
7755.946464554851 0.03426501692256747
7786.970250413072 0.049296411532603675
7818.118131414723 0.06303398527724992
7849.390603940383 0.07619439046742656
7880.788166356144 0.09065942540530142
7912.311319021571 0.10758712069095971
7943.960564297654 0.12671529004281926
7975.736406554845 0.14502317861160663
8007.639352181065 0.1664466095280635
8039.669909589788 0.18842810288388137
8071.828589228147 0.20613064574402962
8104.115903585063 0.21232992473653464
8136.532367199402 0.21777177379517804
8169.078496668199 0.25482776873712754
8201.754810654873 0.2613431263430723
8234.561829897493 0.30799542923393525
8267.500077217084 0.38166646141745164
8300.570077525952 0.4027802798439356
8333.772357836056 0.4330550209363157
8367.1074472674 0.4301750477365115
8400.575877056472 0.4800484221226814
8434.178180564695 0.5345737338261765
8467.914893286956 0.5980395868088647
8501.786552860101 0.6562781221546243
8535.793699071543 0.732004541696598
8569.936873867831 0.812546487512567
8604.216621363299 0.8871625055204087
8638.633487848754 0.9556339202888432
8673.18802180015 1.0045019179980046
8707.880773887353 1.0389511585211522
8742.7122969829 1.1125350555667204
8777.68314617083 1.1820314795270357
8812.793878755514 1.1662178266647072
8848.045054270535 1.0389139496905344
8883.437234487617 0.5380102594028666
8918.970983425568 0.2980967814711221
8954.64686735927 0.6206181941472194
8990.465454828707 0.3557902286080145
9026.427316648023 0.6629310437955209
9062.533025914616 1.0061313764066853
9098.783158018272 1.1113935080088675
9135.178290650345 1.311270999412814
9171.719003812947 1.4492153262056977
9208.405879828202 2.026735669964673
9245.239503347511 2.056005513447712
9282.2204613609 0.7653724048729323
9319.349343206346 0.8311859255800367
9356.626740579171 0.8830575889586358
9394.053247541488 1.2318082426720471
9431.629460531654 1.30639782069475
9469.355978373778 1.3716384725547508
9507.233402287276 1.2463178576138072
9545.262335896427 1.4651943289914995
9583.443385240013 1.1121434745540508
9621.777158780975 1.374737555722564
9660.264267416096 1.5731384140903024
9698.90532448576 1.8650117667237127
9737.7009457837 1.8826860223705362
9776.651749566838 1.9424590596373905
9815.758356565104 2.086530421431312
9855.021389991363 2.2895343887238817
9894.441475551332 2.6562285990578953
9934.019241453534 2.5985277107829545
9973.755318419348 2.551088305411417
10013.650339693024 2.9924412339033997
10053.704941051796 2.999117007625725
10093.919760816003 3.708463173416537
10134.295439859268 4.505637439547024
10174.832621618703 5.101757018181805
10215.531952105179 6.2730634359658
10256.394079913602 6.812365255721239
10297.419656233254 7.697053836359027
10338.609334858189 9.087558676109063
10379.96377219762 10.91014354576766
10421.483627286412 12.354485274754285
10463.169561795556 13.484136742502036
10505.022240042741 14.56017740722699
10547.042329002912 15.684061385018612
10589.230498318922 16.20717445206857
10631.587420312197 16.650810955661907
10674.113769993448 16.78217459681713
10716.810225073421 16.781306298603887
10759.677465973711 16.380720100318516
10802.716175837608 15.789129501573434
10845.927040540959 14.184624010687486
10889.310748703121 11.184690595103335
10932.867991697934 6.862893059901152
10976.599463664725 4.70916486741713
11020.505861519383 2.995962484873055
11064.587884965462 1.8728221205892002
11108.846236505324 1.0099108907782313
11153.281621451348 0.4624640797017229
11197.894747937147 0.37398785579764754
11242.686326928899 0.40645130741156127
11287.657072236614 0.6071328102440421
11332.807700525562 0.3729164631064885
11378.138931327663 0.2756630617490305
11423.651487052975 0.4348129722232003
11469.346093001184 0.3692645449897658
11515.22347737319 0.11644410644159332
11561.284371282683 0.039875943419975184
11607.529508767815 0.06459001411149728
11653.959626802887 0.19717576900315864
11700.5754653101 0.1857948269462407
11747.377767171341 0.021125896742011024
11794.367278240028 0.15574200247621964
11841.544747352984 0.3476961714839826
11888.9109263424 0.5267679047333961
11936.46657004777 0.6783880695771324
11984.212436327958 1.166111228696531
12032.149286073272 2.0993077427474005
12080.277883217566 3.621030206990971
12128.598994750435 5.708626234826174
12177.113390729437 8.198278397617027
12225.821844292353 11.202800929285264
12274.725131669524 15.303859128741864
12323.824032196202 17.92123707511009
12373.119328324985 19.96491661224533
12422.611805638286 20.345376058676866
12472.302252860838 28.279615225578542
12522.19146187228 22.674215364776494
12572.280227719768 33.104766399002365
12622.569348630648 32.823024511287606
12673.059626025171 31.2916794845975
12723.751864529271 27.87163383779959
12774.646871987386 26.179138141462737
12825.74545947534 21.35176968987688
12877.04844131324 16.916938335023854
12928.556635078494 13.623625271848802
12980.270861618808 10.932919363084325
13032.191945065284 8.00519621427763
13084.320712845543 5.843693372219943
13136.657995696927 4.26165273119449
13189.204627679715 3.178176340040343
13241.961446190431 2.252471402356346
13294.929291975195 0.7682509027957971
13348.109009143096 0.26860690579095486
13401.50144517967 0.16885228185234327
13455.107450960388 0.0833863111804465
13508.927880764231 0.04662042812937827
13562.963592287288 0.019252776815777417
13617.215446656439 0.01162315063689268
13671.684308443064 0.0361121478643526
13726.371045676835 0.019361842608770618
13781.276529859542 0.02236064302229347
13836.40163597898 0.012491845803596104
13891.747242522899 0.018049033361580914
13947.314231492988 0.012613159007548237
14003.103488418961 0.013872005913472669
14059.115902372636 0.022754543799933455
14115.352365982128 0.029298623757353568
14171.813775446057 0.036145522493149895
14228.501030547843 0.04249806685872304
14285.41503467003 0.07832439497507626
14342.556694808713 0.09056162109459388
14399.926921587949 0.12220297283720147
14457.5266292743 0.18728941124628512
14515.356735791396 0.3131948008299696
14573.418162734559 0.49961140699541057
14631.711835385498 0.479814670466728
14690.238682727038 0.5148128504186642
14748.999637457951 0.6682127552030234
14807.995636007783 0.9052440596279689
14867.227618551815 0.9668931293765145
14926.69652902602 1.3562563922654807
14986.403315142123 1.7147505384181896
15046.348928402693 1.8748424006820252
15106.534324116303 2.4439784472931803
15166.96046141277 3.0404188394164584
15227.62830325842 3.750969757029709
15288.538816471453 4.650814773885665
15349.692971737337 5.481986085024007
15411.091743624287 6.522766421970643
15472.736110598784 8.188704856478928
15534.62705504118 8.334376899641619
15596.765563261344 8.824602770703997
15659.152625514387 9.093812184663323
15721.789236016448 9.526167468304507
15784.676392960515 9.168111007567209
15847.815098532355 8.573993034814036
15911.206358926484 6.22726950640904
15974.85118436219 4.15519626831617
16038.75058909964 1.956140118397673
16102.905591456036 0.9531914009712792
16167.31721382186 0.4933957877953973
16231.986482677148 0.2718697510875174
16296.914428607855 0.16654703091793727
16362.102086322288 0.18451763836383028
16427.550494667576 0.22933415876505606
16493.260696646248 0.20883875330158938
16559.23373943283 0.2059830474984186
16625.470674390563 0.26037313825864367
16691.972557088127 0.03373663388156131
16758.74044731648 0.08526316382012468
16825.775409105743 0.16495722158664666
16893.07851074217 0.11996531820446152
16960.650824785134 0.05983809531988929
17028.493428084275 0.05345496354663018
17096.607401796613 0.10765186045494513
17164.993831403797 0.08783417160920166
17233.653806729413 0.18615206617456675
17302.588421956334 0.08149131709075369
17371.798775644158 0.09446463736748845
17441.285970746736 0.16259360902659145
17511.05111462972 0.21450226557203414
17581.095319088243 0.1773727808345894
17651.419700364593 0.145047634674974
17722.02537916605 0.11129942881583353
17792.913480682713 0.19590178733859345
17864.085134605448 0.13839748563348758
17935.54147514387 0.07229808578630403
18007.283641044443 0.13120676888112992
18079.312775608625 0.14452867067288405
18151.630026711056 0.1805498633282149
18224.236546817894 0.19520239446827747
18297.133493005167 0.1373777809019755
18370.32202697719 0.10807350242230529
18443.803315085097 0.2037306826026926
18517.578528345435 0.20342450516536162
18591.648842458817 0.17520546069586587
18666.01543782865 0.13193194508966627
18740.67949957997 0.17878255710251179
18815.642217578286 0.5088240558962753
18890.9047864486 0.5321265919101248
18966.4684055944 0.7128757805503839
19042.334279216768 0.5183845789602308
19118.50361633364 0.5835736611868739
19194.977630798967 0.6342916981217811
19271.757541322168 0.45897891177702976
19348.844571487454 0.38227457262705167
19426.239949773408 0.3841911322378017
19503.9449095725 0.5741998529127442
19581.960689210795 0.529245306584596
19660.28853196764 0.8069729420380245
19738.929686095507 0.8593609778234867
19817.885404839893 1.0886924656304442
19897.15694645925 1.249448288015181
19976.745574245087 1.642492811377404
20056.65255654207 1.7349918726151234
20136.879166768238 2.0464765845603226
20217.426683435307 2.447629453647545
20298.296390169045 2.424382976096524
20379.489575729727 2.828338011460199
20461.007534032648 3.124894147660409
20542.851564168777 3.151432808503612
20625.02297042545 3.291087350992437
20707.523062307162 3.2676112385324227
20790.353154556382 2.9387083832095664
20873.514567174607 2.8467654591942564
20957.008625443308 2.4728786787836716
21040.836659945082 2.224214430037665
21125.000006584854 1.891678142276788
21209.5000066112 1.5633373567936821
21294.33800663765 1.2668784272586378
21379.515358664197 1.1166874599102465
21465.033420098855 0.8374183310814188
21550.893553779246 0.7219810840889688
21637.097127994366 0.4579005164197653
21723.645516506345 0.470902436667769
21810.540098572368 0.4031627267278053
21897.782258966654 0.25019131495024677
21985.37338800253 0.05794402630625688
22073.314881554532 0.03683185217485738
22161.60814108075 0.09796548735709297
22250.25457364508 0.07310119960014275
22339.25559193965 0.04772926189226596
22428.61261430741 0.02880522385826611
22518.32706476464 0.020838863545061547
22608.400373023702 0.01709612066970361
22698.833974515794 0.021826175121446793
22789.62931041386 0.017668726008613887
22880.78782765551 0.011259672204096632
22972.310978966132 0.011067093805123263
23064.200222882002 0.028065930662320968
23156.457023773528 0.04961426567524097
23249.082851868614 0.01050792631674274
23342.079183276095 0.013118097187957305
23435.447500009202 0.011214370090677956
23529.18929000923 0.014392454411123103
23623.306047169273 0.02721241593977136
23717.79927135796 0.013249733435683324
23812.670468443375 0.01693322245933308
23907.92115031715 0.03259038767611013
24003.552834918424 0.04661555229051417
24099.56704625809 0.06976446642415081
24195.96531444313 0.06085171305385422
24292.749175700897 0.06407430453362777
24389.9201724037 0.08273233754820192
24487.479853093315 0.11389508294067761
24585.42977250569 0.15206071496598605
24683.771491595708 0.16770120301098349
24782.50657756209 0.17402079748114596
24881.636603872343 0.184384800142643
24981.16315028783 0.22752794627217002
25081.087802888986 0.1975091867864388
25181.412154100537 0.1722578532952999
25282.137802716934 0.13438815614442326
25383.266353927807 0.14673662463069823
25484.79941934352 0.08002498573976582
25586.73861702089 0.08808493843771514
25689.08557148898 0.06684000807003718
25791.84191377493 0.06491206398015378
25895.009281430033 0.04053677096121337
25998.589318555754 0.06947533870432891
26102.58367582998 0.08223725974041603
26206.994010533297 0.11541466596283613
26311.821986575433 0.1334505996062846
26417.069274521735 0.31781113904194586
26522.737551619815 0.2571593390275065
26628.828501826294 0.1006642386591734
26735.343815833607 0.03157531410844309
26842.285191096937 0.05738301371238303
26949.654331861326 0.1257600982743121
27057.452949188766 0.11776907395226524
27165.682760985525 0.1336016493563238
27274.345492029468 0.3048424757284897
27383.442873997585 0.12938571526620807
27492.976645493567 0.3196126965437699
27602.948552075544 0.1358564486571619
27713.360346283847 0.1556003922924933
27824.213787668985 0.10608280852550372
27935.510642819663 0.25773813551273467
28047.252685390937 0.14627304239083394
28159.441696132504 0.25985683936391923
28272.079462917034 0.44538059588707885
28385.167780768694 0.2365655076697577
28498.70845189177 0.31046267591480475
28612.703285699336 0.45545072182377727
28727.154098842133 0.4704516651316556
28842.062715237505 0.5019248726070138
28957.430966098455 0.6466043134652365
29073.260689962848 0.5803805334158314
29189.553732722703 0.7068504662497865
29306.311947653598 1.0488047916578025
29423.537195444205 0.8945737640911674
29541.231344225984 0.9101200621467449
29659.396269602887 0.9680340549718089
29778.033854681304 0.9931758426584062
29897.14599010003 1.1853448745828816
30016.734574060432 0.6127985457194719
30136.80151235667 0.9903071157802955
30257.348718406094 1.0278815955845886
30378.37811327972 0.9157302312391232
30499.89162573284 0.6668293658590614
30621.891192235766 0.6555412134189504
30744.37875700471 0.547428647393572
30867.356272032728 0.4679181440310896
30990.825697120858 0.3590153770928621
31114.78899990934 0.3056348209330581
31239.24815590897 0.26792766697549186
31364.20514853261 0.1684770838924408
31489.661969126744 0.1377935639274376
31615.62061700325 0.0895603249581684
31742.083099471263 0.0786971542096606
31869.05143186915 0.05662731968309019
31996.527637596624 0.04916244934285584
32124.51374814701 0.04860433176907809
32253.011803139605 0.04250871338948412
32382.02385035216 0.04319865189795265
32511.55194575357 0.04241377095163547
32641.598153536583 0.06109999836075541
32772.16454615073 0.09133017386825858
32903.25320433533 0.11329338962578671
33034.86621715268 0.09809338468295739
33167.005682021285 0.003835130090219381
33299.673704749366 0.0050378747814984436
33432.87239956837 0.03211847788942231
33566.60388916664 0.059544270177653666
33700.87030472331 0.0675116203357652
33835.6737859422 0.061270825412017844
33971.016481085964 0.057432526433216585
34106.900547010315 0.055782327879160466
34243.32814919835 0.05897529003003524
34380.30146179514 0.059829269098435736
34517.82266764233 0.05483805299724356
34655.893958312896 0.07070957860257329
34794.51753414615 0.06525702207865519
34933.69560428273 0.08357430547013263
35073.43038669985 0.12124968504573885
35213.72410824666 0.12022865859736225
35354.57900467965 0.11610323460784196
35495.99732069836 0.15116791451035605
35637.98130998116 0.16459015011684902
35780.53323522108 0.19604014105730005
35923.65536816197 0.18316962693856245
36067.34998963462 0.15858436676690602
36211.61938959315 0.20437938583794257
36356.46586715153 0.27890734868614336
36501.891730620126 0.34375883321017886
36647.89929754261 0.40667007317920717
36794.49089473278 0.4748340265178317
36941.6688583117 0.4489001021154882
37089.43553374496 0.5285950836549344
37237.793275879936 0.5233677220598559
37386.74444898345 0.6312181783002465
37536.29142677938 0.7080066737479256
37686.43659248651 0.657813823521966
37837.18233885645 0.5518009230384576
37988.53106821188 0.7473280278510952
38140.48519248474 0.9801049410335373
38293.04713325467 1.2238782429721478
38446.21932178769 0.7246557484637572
38600.00419907484 0.8954399047163004
38754.40421587113 0.8727011765187069
38909.42183273463 1.0972606253358643
39065.05952006556 1.0845915838507632
39221.31975814583 1.1418063057953116
39378.205037178406 1.3736708338039774
39535.71785732712 1.31680085703172
39693.860728756415 1.479054534306173
39852.636171671445 1.6766715545344992
40012.04671635814 1.6637378358653432
40172.09490322357 1.8230508339417308
40332.78328283648 1.827024360177585
40494.11441596781 1.8391379210371674
40656.090873631685 1.7940979463369444
40818.71523712622 1.6638990201274861
40981.990098074726 1.7394740607666213
41145.918058467025 1.583463377209064
41310.50173070089 1.5885884469753246
41475.74373762369 1.6272220461877616
41641.646712574184 1.7923839762952312
41808.21329942448 1.7533546495704455
41975.44615262219 1.9433368620803553
42143.347937232684 2.230872198649484
42311.921328981625 2.1729259601630084
42481.16901429755 2.4704080811388103
42651.09369035474 2.4926117730951916
42821.69806511615 1.9078436135377572
42992.98485737662 0.6771935021615323
43164.95679680613 0.5897747715251906
43337.61662399335 1.2594251487179924
43510.96709048933 1.6752023575936874
43685.01095885128 2.4878154411068287
43859.75100268668 2.3281696695579397
44035.19000669744 2.3077675817057215
44211.330766724226 2.274856616137508
44388.176089791115 1.7727504655443458
44565.72879415028 1.8713096470372728
44743.991709326874 1.3830924450418052
44922.9676761642 1.5203873216099522
45102.65954686885 1.510460091686753
45283.07018505633 1.1633950575780352
45464.20246579656 1.4966375676598551
45646.05927565975 1.3414317926682988
45828.64351276236 1.5560448029107676
46011.95808681343 1.5590783410492315
46196.00591916067 1.4459825552655847
46380.78994283732 1.758224146204518
46566.31310260868 1.857326284445853
46752.578355019126 1.6477602618158784
46939.588668439166 2.221230492987565
47127.34702311293 1.6481884598881495
47315.85641120539 1.5282014914062276
47505.11983685021 1.9564474153660358
47695.14031619761 1.5489829871100653
47885.9208774624 1.347306145202664
48077.46456097225 1.8624375514936213
48269.774419216126 1.8472835607268951
48462.853516892996 1.4639305839788175
48656.70493096058 1.9623280236840541
48851.33175068441 1.78023241024186
49046.737077687154 1.7221857239352645
49242.92402599791 1.966845195374853
49439.89572210189 1.730831347582203
49637.6553049903 1.5619991053699984
49836.20592621027 2.036183819701434
50035.55074991511 2.0105745168011944
50235.69295291477 1.2024181297840406
50436.63572472643 1.934759797624479
50638.382267625326 1.9283938495304769
50840.935796695834 1.4628108832907452
51044.2995398826 1.4899169786272346
51248.47673804215 1.7283889538202857
51453.47064499432 0.8992811949627156
51659.28452757429 1.2750197150005478
51865.92166568459 1.5096534107001827
52073.38535234733 0.7315098906474531
52281.67889375672 1.1051162952081148
52490.80560933175 1.2538602330628519
52700.76883176907 0.9997782722721616
52911.57190709616 0.9874222305652145
53123.218194724526 1.065480406306745
53335.711067503435 1.274448415061014
53549.053911773444 0.5696273401757292
53763.25012742054 0.8216765075412639
53978.303127930216 0.9437577459745092
54194.21634044194 0.37045580510547166
54410.99320580371 0.7832920879297647
54628.63717862692 0.5952097561164028
54847.15172734143 0.6908374258535249
55066.540334250785 0.7391735420706711
55286.80649558781 0.5729259502988985
55507.95372157016 0.48436507396718914
55729.985536456436 0.3924088433739432
55952.90547860226 0.5151759310649783
56176.717100516675 0.49178697308435443
56401.42396891874 0.3773448996621938
56627.02966479442 0.46491036508519284
56853.5377834536 0.39216270256168295
57080.95193458741 0.380448380840793
57309.27574232576 0.32755473503518806
57538.51284529506 0.3712481334714138
57768.666896676245 0.3428388693987036
57999.74156426295 0.4991478296098921
58231.74053052 0.212385169526964
58464.66749264208 0.348532178395344
58698.52616261265 0.23662617463633356
58933.3202672631 0.229908591669684
59169.05354833215 0.3942057693890627
59405.72976252549 0.21661575967380148
59643.3526815756 0.32202986425821944
59881.926092301896 0.3261114121823575
60121.45379667111 0.398329639465761
60361.93961185778 0.33674748866775644
60603.38737030522 0.22807648155770197
60845.800919786445 0.3934566310937757
61089.184123465595 0.3115267170813676
61333.54085995945 0.4206234599303729
61578.87502339928 0.3156797104434413
61825.19052349288 0.3566468564982171
62072.491285586846 0.4628414374099513
62320.7812507292 0.5129948469512225
62570.06437573213 0.5338435982894112
62820.34463323505 0.5466859838231851
63071.62601176801 0.5957406524667012
63323.91251581507 0.45035861606769495
63577.20816587833 0.39120656937190973
63831.51699854184 0.33648777509234934
64086.843066536014 0.20006215458969764
64343.19043880215 0.21290339181128531
64600.563200557364 0.1927453811694857
64858.96545335958 0.1018527971239454
65118.401315173025 0.1559165820669355
65378.87492043372 0.2751240661572903
65640.39042011545 0.18368557254024795
65902.95198179591 0.18929015374374478
66166.56378972309 0.21751611750641647
66431.23004488199 0.22902661322445128
66696.95496506151 0.27360046237697666
66963.74278492175 0.3570235787822755
67231.59775606144 0.2614062714271312
67500.52414708569 0.34005257291541857
67770.52624367403 0.2317150434241017
68041.60834864872 0.2913138075387186
68313.77478204331 0.2831671049905209
68587.02988117147 0.18719072994806427
68861.37800069616 0.330462323369382
69136.82351269896 0.3380954048472768
69413.37080674975 0.39387085905834474
69691.02428997675 0.23214382963303457
69969.78838713666 0.327222729162127
70249.6675406852 0.27568346212765166
70530.66621084794 0.20313403109766495
70812.78887569135 0.27159485145468054
71096.04003119409 0.23576775668003724
71380.42419131887 0.2357580658885708
71665.94588808414 0.1870282925031764
71952.60967163648 0.1894928988783037
72240.42011032304 0.19904109982349338
72529.38179076432 0.17775155375429724
72819.49931792737 0.15150311211317014
73110.77731519907 0.15247453980797834
73403.22042445988 0.11629180460194861
73696.83330615771 0.12230309201184163
73991.62063938235 0.12359710635458777
74287.58712193987 0.11781727630917069
74584.73747042764 0.1090330876196696
74883.07642030934 0.1285642181573665
75182.60872599059 0.14842166652969085
75483.33916089457 0.16390935034997522
75785.27251753812 0.17821419238636255
76088.4136076083 0.18809360624735802
76392.76726203872 0.24007877445130352
76698.33833108687 0.0508217454021648
77005.13168441122 0.07174578883462873
77313.15221114887 0.08020166991246536
77622.40481999348 0.09672385536499103
77932.89443927344 0.11683168172298725
78244.62601703055 0.13308036463599943
78557.60452109865 0.14418702057026628
78871.83493918306 0.13992968908110734
79187.3222789398 0.12928547398414977
79504.07156805556 0.16974285775082648
79822.08785432778 0.1711923462051249
80141.37620574511 0.1442479229498035
80461.94171056806 0.15903582236238153
80783.78947741033 0.1522624367750718
81106.92463531997 0.21728165874563407
81431.35233386126 0.1797315729141523
81757.0777431967 0.1811100219015347
82084.10605416949 0.1860122607747857
82412.44247838613 0.228941433990606
82742.09224829968 0.2402398124141879
83073.06061729288 0.2219484568011025
83405.35285976208 0.24164038895646242
83738.9742712011 0.25083968816131474
84073.93016828595 0.2480348298961147
84410.22588895904 0.30247243168121585
84747.86679251489 0.30136374484573347
85086.85825968496 0.31623419929052327
85427.20569272367 0.3168127712631107
85768.91451549459 0.3530111381080506
86111.99017355654 0.34210880986092346
86456.43813425078 0.3496803902963375
86802.2638867878 0.3909022900179889
87149.47294233493 0.40962421753091843
87498.07083410428 0.4283179390998826
87848.0631174407 0.37052823288349296
88199.45536991046 0.4301763139638517
88552.25319139009 0.4556327090919452
88906.46220415569 0.4272139406154517
89262.08805297229 0.33082481581146544
89619.1364051842 0.367309960284297
89977.61295080492 0.4580485217493944
90337.52340260813 0.4679330297485353
90698.87349621857 0.44494829098774424
91061.66899020346 0.4834337890398308
91425.91566616425 0.47667284271737226
91791.61932882894 0.4786429781935217
92158.78580614422 0.4740661749945266
92527.4209493688 0.5028040400665185
92897.53063316627 0.44002695266684516
93269.12075569895 0.4592088522952695
93642.19723872172 0.47489046081886793
94016.76602767664 0.4736518975834064
94392.83309178732 0.44518262504218636
94770.40442415449 0.4583926494216905
95149.48604185111 0.4586279917017398
95530.08398601852 0.4876998084541277
95912.20432196259 0.5236672614722484
96295.85313925042 0.46034821343425886
96681.0365518075 0.47781935581702323
97067.76069801472 0.4798107479522473
97456.03174080675 0.4981940055261835
97845.85586776999 0.5466054710624458
98237.23929124104 0.503559070346056
98630.18824840599 0.5131534071339741
99024.70900139965 0.46043325899921256
99420.80783740526 0.5304320062731628
99818.49106875488 0.5798530932403082
100217.76503302988 0.5533488254249485
100618.636093162 0.40866333751235295
101021.11063753467 0.43270152493366465
101425.1950800848 0.486264545784314
101830.89586040513 0.49376693746741035
102238.21944384674 0.48522197748444923
102647.17232162213 0.4689153531311108
103057.7610109086 0.45631187402099266
103469.99205495225 0.2086202062746392
103883.87202317205 0.21865439584937385
104299.40751126477 0.2835802343897962
104716.60514130979 0.3195581954526802
105135.47156187505 0.3341377327768629
105556.01344812254 0.3859255894433222
105978.23750191503 0.3935750191137093
106402.15045192267 0.3751331959385465
106827.75905373038 0.3345510079159615
107255.07008994528 0.21327749047490951
107684.09037030509 0.24221294091466866
108114.8267317863 0.33107673216921313
108547.28603871344 0.34769729496441765
108981.47518286831 0.3719743258808748
109417.40108359976 0.3373770860116017
109855.0706879342 0.3007294184855208
110294.49097068593 0.3068170715485001
110735.66893456863 0.4099314485841897
111178.61161030692 0.41477743997150324
111623.32605674816 0.42134146545721
112069.81936097513 0.40669162957235333
112518.09863841905 0.30861007923552186
112968.17103297272 0.42028960214232086
113420.0437171046 0.405922348097271
113873.72389197304 0.38307915164243667
114329.21878754091 0.42998374183580507
114786.53566269108 0.380895038209596
115245.68180534184 0.34146240167015374
115706.66453256323 0.35321497939434604
116169.49119069346 0.36770148458941115
116634.16915545624 0.33755847931960997
117100.70583207808 0.23054275475491698
117569.1086554064 0.2844394626561249
118039.385090028 0.3074135226281991
118511.54263038811 0.35631718186612465
118985.58880090967 0.3179509374925991
119461.5311561133 0.32581217326475004
119939.37728073777 0.29578740172318707
120419.13478986072 0.33426900419199235
120900.81132902016 0.23516447071687968
121384.41457433623 0.33010564502360984
121869.9522326336 0.36022325187093845
122357.43204156413 0.2843099892416642
122846.86176973036 0.2385086866043647
123338.2492168093 0.31310321789579326
123831.60221367657 0.19201784126221985
124326.92862253124 0.2441027280322964
124824.23633702139 0.28283945050674786
125323.53328236948 0.20234503622389097
125824.82741549893 0.2023322064534812
126328.12672516092 0.26988765473024906
126833.43923206156 0.2500115211936178
127340.77298898982 0.21400533220819082
127850.13608094577 0.27132340746231015
128361.53662526955 0.2241633332269848
128874.98277177062 0.21681146916357671
129390.4827028577 0.24342762864331985
129908.04463366912 0.2374147901564554
130427.67681220379 0.19323886048723238
130949.38751945265 0.2548892791538944
131473.18506953045 0.20913668518598758
131999.07780980857 0.23216860398667968
132527.0741210478 0.1807617572887218
133057.182417532 0.18101642432935022
133589.4111472021 0.20921878083286993
134123.76879179094 0.16982596956621712
134660.26386695806 0.159976539717234
135198.9049224259 0.20073547374325637
135739.7005421156 0.20371448689289545
136282.65934428407 0.19297948974330456
136827.78998166122 0.1826755026290932
137375.1011415879 0.1718780062625795
137924.60154615424 0.1961198332608448
138476.29995233883 0.1806334964325297
139030.20515214818 0.19214212249178353
139586.32597275675 0.19545906993737747
140144.6712766478 0.1453582215544607
140705.2499617544 0.1767374112697995
141268.0709616014 0.16304368331245864
141833.1432454478 0.13099977750005645
142400.4758184296 0.15766830495625933
142970.07772170333 0.17410664940509424
143541.95803259013 0.128761238558183
144116.12586472047 0.12985897805496618
144692.59036817937 0.12742755679093656
145271.3607296521 0.11209886413140813
145852.44617257072 0.16338859777637527
146435.85595726097 0.16088260809019678
147021.59938109003 0.15114215009368973
147609.6857786144 0.15547614812196073
148200.12452172884 0.1455596246627801
148792.92501981577 0.11786913429236809
149388.09671989502 0.12056590724229137
149985.6491067746 0.1373554113002501
150585.59170320167 0.13295093703332714
151187.93407001448 0.13939241397359214
151792.68580629455 0.11284503286660773
152399.85654951975 0.14759571198661472
153009.45597571784 0.13701950190105702
153621.4937996207 0.1162968244269096
154235.97977481916 0.1237262655451774
154852.92369391845 0.11414942874806693
155472.3353886941 0.09706707671106478
156094.2247302489 0.09831928611963901
156718.60162916992 0.1033355602337201
157345.47603568656 0.08508148463824164
157974.8579398293 0.08767245837777386
158606.75737158864 0.10536216799152512
159241.18440107498 0.10818879692323159
159878.14913867926 0.07441374035635119
160517.661735234 0.10566794827917633
161159.73238217493 0.08775600447444858
161804.3713117036 0.10303815704260588
162451.58879695044 0.08003959386590467
163101.39515213823 0.09294298818553991
163753.8007327468 0.10067000576836885
164408.81593567782 0.0968909370027088
165066.45119942052 0.09011891751482094
165726.71700421823 0.08583238659385009
166389.62387223504 0.06755298377853089
167055.18236772402 0.08016817254027618
167723.40309719497 0.0937704974125123
168394.2967095837 0.08386487762636545
169067.87389642204 0.062443656600000425
169744.14539200772 0.08157062106095264
170423.1219735757 0.0931423883932516
171104.81446147006 0.05991559314860072
171789.23371931593 0.07310880876278579
172476.3906541932 0.0669926388168596
173166.29621680998 0.07254077758247722
173858.96140167722 0.05381699784173764
174554.39724728392 0.07655891834809715
175252.61483627307 0.06327298044926423
175953.62529561817 0.06292177603799845
176657.43979680064 0.07113596414738
177364.06955598784 0.062078703582358875
178073.52583421173 0.0710658207240188
178785.8199375486 0.07376865383616803
179500.9632172988 0.05799769381447026
180218.967070168 0.06591512581324066
180939.84293844865 0.0666248081612522
181663.60231020238 0.04648056724883641
182390.25671944322 0.05526089146094333
183119.81774632097 0.05200685315255592
183852.29701730626 0.05968033664890259
184587.7062053755 0.06134486157970428
185326.057030197 0.05037915393759948
186067.3612583178 0.045606162957539616
186811.63070335102 0.05007048612208748
187558.8772261645 0.05134760057554697
188309.11273506918 0.06932561559394695
189062.3491860094 0.057629900768969435
189818.59858275342 0.041379931857425
190577.87297708448 0.05367304978385391
191340.18446899284 0.05564868682010673
192105.54520686882 0.04495972589618342
192873.9673876963 0.036517404306349865
193645.46325724703 0.037117270574549326
194420.04511027603 0.03275146835751911
195197.72529071715 0.04563026278010456
195978.51619188 0.03702665012037276
196762.4302566476 0.04203829789449003
199107.9942767367 0.03947998478293786
203090.15416227144 0.03672576947206253
207151.95724551688 0.03534821423874448
211294.9963904272 0.02784743263396847
215520.89631823578 0.02793411639310608
219831.31424460045 0.02483461954098799
224227.94052949245 0.02233937204093245
228712.4993400823 0.02453497394195743
233286.74932688402 0.0240458685332332
237952.48431342165 0.015778350980631215
242711.5339996901 0.023823862007929304
247565.76467968393 0.019243850610705493
252517.0799732776 0.012533265728457204
257567.42157274322 0.016865915656155802
262718.770004198 0.014455949048177435
267973.145404282 0.010514628700688861
273332.6083123676 0.014743505045522125
278799.26047861495 0.010764880878556968
284375.2456881872 0.007303057059811535
290062.750601951 0.009814533869951502
295864.00561398995 0.00839787923698171
301781.2857262697 0.008223133288124051
307816.91144079523 0.0060025137172708
313973.24966961105 0.00781075323965587
320252.7146630032 0.006755106301734509
326657.7689562633 0.005900166497171617
333190.92433538847 0.004692897463521215
339854.7428220964 0.00613132805968398
346651.83767853834 0.00431144464652154
353584.87443210906 0.003588044982985368
360656.57192075124 0.003360349728849829
367869.70335916633 0.004181714534665716
375227.09742634965 0.0034330228220818605
382731.63937487674 0.004074115003510739
390386.2721623741 0.002784488679464209
398193.99760562164 0.002517903234068531
406157.87755773397 0.0020444902190859685
414281.0351088888 0.0029724628096221583
422566.65581106645 0.002587532518284764
431017.98892728786 0.001898672619911298
439638.3487058336 0.0015877545041555856
448431.11567995034 0.0015662347301057336
457399.7379935492 0.0017845270585668271
466547.7327534202 0.0013517058306603913
475878.6874084886 0.0013283768722067914
485396.2611566584 0.0013271748621253244
495104.1863797916 0.0010060707820717804
505006.2701073874 0.001101568455127147
515106.39550953516 0.0009378701939322032
525408.5234197257 0.0011130437946433713
535916.6938881205 0.000955558878005256
546635.0277658828 0.000874628763423666
557567.7283212005 0.000721277200364465
568719.0828876244 0.0006490565975421763
580093.4645453768 0.000623445021262043
591695.3338362843 0.0005933510619905321
603529.2405130101 0.0005831662678768908
615599.8253232702 0.0006247704817801262
627911.8218297358 0.0004656923771874944
640470.0582663304 0.0004248046729607952
653279.459431657 0.00037534767596480827
666345.04862029 0.0003093479841857387
679671.9495926959 0.0003851693770979298
693265.38858455 0.00039840207019381957
707130.6963562409 0.0003005989007747939
721273.3102833657 0.00025531319341985203
735698.7764890331 0.0002763761583947893
750412.7520188137 0.00022231123340715422
765421.0070591901 0.0002364562076934285
780729.4272003738 0.00019774591166086625
796344.0157443815 0.0001982062912639463
812270.896059269 0.00017062078403574335
828516.3139804546 0.00015140375055641591
845086.6402600636 0.00015009002233623683
861988.3730652649 0.00016887388610905307
879228.14052657 0.0001857501784355933
896812.7033371016 0.00013137349583640173
914748.9574038435 0.0001238395889088112
933043.9365519203 0.00010498356530933382
951704.8152829591 8.64445595385375e-05
970738.911588618 0.00010074197419986144
990153.6898203905 7.441910883853316e-05
