1000.5530765187797 1.3814767574191549e-14
1004.5552888248548 1.2872089286882904e-52
1008.5735099801544 3.7100802132646038e-50
1012.607804020075 6.977268237704648e-50
1016.6582352361554 1.955426737493306e-52
1020.7248681770998 1.586522840412973e-37
1024.8077676498083 1.1070228081962444e-39
1028.9069987204075 8.932346133061108e-49
1033.022626715289 4.711812702799719e-35
1037.1547172221503 7.958185091715352e-51
1041.3033360910388 9.254360515850678e-47
1045.468549435403 2.136138349537589e-44
1049.6504236331448 1.2554679722179333e-51
1053.8490253276773 4.489473970053922e-39
1058.064421428988 1.7189858051137402e-48
1062.296679114704 1.3661704009129057e-38
1066.5458658311627 6.616594007440971e-43
1070.8120492944875 2.3454925510752644e-44
1075.0952974916654 1.6345007767128035e-35
1079.3956786816323 1.938438716911021e-44
1083.7132613963586 3.320380565341892e-34
1088.048114441944 2.3037082568031644e-36
1092.4003068997117 1.0275234735528703e-27
1096.7699081273104 1.0801580369426928e-35
1101.15698775982 1.4366059111767695e-36
1105.561615710859 1.0703559727921976e-27
1109.9838621737026 9.287453020301655e-30
1114.4237976223976 4.663539785847069e-33
1118.8814928128868 8.147249864469141e-36
1123.3570187841383 4.337942328918693e-33
1127.8504468592753 8.686391446915494e-26
1132.361848646712 1.3056453640562026e-26
1136.8912960412988 2.4704784070908403e-26
1141.438861225464 2.415445110236057e-26
1146.004616670366 6.701028365327923e-26
1150.5886351370475 2.3277868761777965e-29
1155.190989677596 2.7553022913035965e-27
1159.8117536363065 2.094052873310403e-31
1164.4510006508515 1.8519478705669968e-35
1169.108804653455 4.476650908250565e-34
1173.7852398720688 2.1521272437068206e-36
1178.480380831557 1.0304854963612337e-38
1183.1943023548836 2.514415175667914e-36
1187.9270795643029 9.751632958652274e-34
1192.67878788256 4.843402613504602e-34
1197.4495030340906 8.183939276593651e-36
1202.2393010462267 2.9652327198854615e-39
1207.0482582504117 1.3947300742044037e-33
1211.8764512834132 4.990822176588709e-34
1216.7239570885472 1.0582230718665396e-39
1221.5908529169012 4.928502849245795e-35
1226.4772163285688 7.952957243951452e-33
1231.383125193883 2.5717368086347812e-39
1236.3086576946585 2.5928167746362527e-36
1241.2538923254372 4.524692419870737e-35
1246.2189078947392 2.2154403038736977e-38
1251.203783526318 1.633698384702662e-33
1256.2085986604231 1.0101540026775646e-31
1261.233433055065 3.001321468438158e-32
1266.2783667872852 1.5730960282902197e-36
1271.3434802544346 1.042383341587938e-28
1276.4288541754522 1.505025410334356e-30
1281.534569592154 9.526839332826193e-33
1286.6607078705229 7.849320281230162e-31
1291.8073507020044 8.258661438735383e-29
1296.9745801048125 1.0385817493521588e-28
1302.162478425232 8.03496275283913e-34
1307.3711283389327 3.7974912096484284e-30
1312.6006128522888 1.922648515669016e-26
1317.851015303698 1.8026476874984427e-30
1323.1224193649127 6.020322178644807e-29
1328.4149090423725 2.7151726239354603e-28
1333.728568678542 1.3825103604177727e-28
1339.0634829532567 1.2924329792755886e-30
1344.4197368850691 2.208295466293793e-28
1349.7974158326099 7.308430785812271e-28
1355.1966054959403 4.228622797026316e-28
1360.6173919179244 1.0046894938301385e-27
1366.059861485596 2.7603540706018533e-28
1371.5241009315384 8.491239129933731e-31
1377.0101973352646 4.224624823251628e-29
1382.5182381246057 2.845261765900463e-31
1388.0483110771042 1.1963989545396896e-29
1393.6005043214122 1.4631440851669356e-28
1399.1749063386976 1.5698133138515052e-28
1404.7716059640527 4.261701240310222e-27
1410.3906923879088 2.879653266005664e-28
1416.0322551574602 7.354109932296384e-26
1421.6963841780905 3.365020955303967e-30
1427.3831697148032 3.3702040253124323e-26
1433.0927023936622 7.646193775451389e-25
1438.8250732032368 4.115621273982126e-26
1444.5803734960498 1.7679647889002104e-26
1450.3586949900334 1.1901916288875016e-25
1456.1601297699938 2.288805819650693e-24
1461.984770289074 5.062522037696094e-23
1467.83270937023 5.226730150517164e-25
1473.704040207711 3.4321568310737153e-23
1479.5988563685412 5.1424920859542016e-26
1485.5172517940157 3.718649916986794e-24
1491.459320801192 2.5284533843087785e-23
1497.4251580843968 1.0761776937084723e-24
1503.4148587167342 2.114379135486377e-22
1509.4285181516007 1.302814473115441e-23
1515.4662322242077 2.6071000276284687e-24
1521.5280971531042 3.63292456838414e-21
1527.6142095417167 7.642168742058044e-25
1533.7246663798837 4.487074435155714e-22
1539.859565045403 1.9505330702949046e-21
1546.0190033055849 5.68479670929393e-26
1552.203079318807 3.545113710240256e-20
1558.4118916360824 1.1127896808090464e-19
1564.6455392026269 6.421468820892873e-21
1570.9041213594373 3.850908857817063e-19
1577.187737844875 1.4413582571598932e-19
1583.4964887962547 4.300879326310611e-19
1589.8304747514399 3.208617056732788e-19
1596.1897966504455 5.693103754429594e-22
1602.5745558370472 5.589959510279666e-22
1608.9848540603957 2.745351449934731e-20
1615.4207934766368 7.784994828244384e-21
1621.8824766505436 6.57290102105387e-22
1628.3700065571454 7.726472164213078e-24
1634.8834865833744 6.422166353411662e-22
1641.4230205297079 3.3710603404187928e-22
1647.9887126118267 6.487594070678669e-23
1654.580667462274 2.6680918675878544e-20
1661.198990132123 2.0362258608579425e-19
1667.8437860926513 7.232673674115066e-20
1674.515161237022 1.9706051951459116e-18
1681.2132218819695 1.5743247448743558e-17
1687.9380747694975 2.1233467716617865e-18
1694.6898270685758 2.1373390551351843e-17
1701.4685863768502 1.1139534720347364e-16
1708.2744607223572 2.6429008921690487e-17
1715.1075585652468 7.191598785490497e-17
1721.967988799508 2.796895719672387e-18
1728.8558607547059 4.6050745486113766e-18
1735.7712841977245 1.8398684000185585e-16
1742.7143693345156 2.8923114396906387e-16
1749.6852268118535 3.7023693975831766e-16
1756.6839677191008 2.832538798502168e-16
1763.7107035899771 1.92192525133619e-17
1770.7655464043373 3.176879731559493e-17
1777.8486085899544 3.1734505314198226e-18
1784.9600030243143 1.6351166023748253e-19
1792.0998430364118 8.352554281404535e-18
1799.2682424085576 3.813425325720161e-16
1806.4653153781921 1.0250159173921e-15
1813.6911766397043 2.8708040783143085e-15
1820.945941346263 5.0483008799744064e-15
1828.2297251116483 7.36914208674094e-15
1835.5426440120948 6.231044176829313e-15
1842.8848145881432 6.639055794228999e-15
1850.2563538464956 6.008444289792139e-15
1857.657379261881 4.577914202584524e-15
1865.0880087789287 2.652053853497365e-15
1872.5483608140448 4.4108768367555767e-16
1880.0385542573008 7.774711740736253e-18
1887.5587084743302 2.180396901988456e-17
1895.1089433082268 1.4478975876591605e-15
1902.68937908146 6.7313565482689485e-15
1910.3001365977857 1.4669091898367542e-14
1917.9413371441767 2.0526629233698087e-14
1925.6131024927531 1.8935490540442785e-14
1933.3155549027244 2.2009481298811658e-14
1941.0488171223355 2.663552417409551e-14
1948.8130123908247 2.600615569188618e-14
1956.608264440388 2.2496439921226302e-14
1964.434697498149 1.7998643988105445e-14
1972.2924362881417 1.3080532064128324e-14
1980.1816060332944 8.511360133473821e-15
1988.1023324574276 4.907274267086125e-15
1996.0547417872574 2.522336229904865e-15
2004.0389607544066 1.2481906890803757e-15
2012.0551165974243 6.485050318866485e-16
2020.1033370638136 3.0349908140554756e-16
2028.1837504120688 8.180336233554601e-17
2036.2964854137172 6.404963826614769e-18
2044.4416713553724 2.1515470128232864e-19
2052.6194380407937 1.2246701565709249e-20
2060.829915792957 1.767238643173335e-18
2069.0732354561287 2.063066946024453e-17
2077.3495283979532 1.8752948173900327e-16
2085.6589265115445 5.056900287027729e-16
2094.001562217591 6.900824829684494e-16
2102.3775684664615 2.899863387747032e-15
2110.787078740328 1.724520634290445e-14
2119.2302270552887 3.1203074965844005e-14
2127.70714796351 4.7413787725687065e-14
2136.217976555364 2.5189620922970654e-14
2144.7628484615852 3.0905023371937397e-15
2153.341899855432 4.2186136586964526e-16
2161.9552674548536 2.1478273691420622e-14
2170.603088524673 7.851776006436441e-14
2179.285500878772 7.332661913415679e-14
2188.0026428822866 2.2072672325745996e-14
2196.754653453816 5.544519016723941e-16
2205.541672067631 1.253656780340067e-15
2214.3638387559017 4.735152320291093e-14
2223.2212941109246 2.347399640600169e-13
2232.114179287369 5.281345076253638e-13
2241.0426360045185 5.193397664939817e-13
2250.0068065485366 2.5883247794112885e-13
2259.0068337747302 7.393513207873722e-14
2268.0428611098296 3.625765626389488e-15
2277.115032554269 7.265054748169763e-17
2286.223492684486 2.4359771518203038e-14
2295.368386655224 2.957905137297909e-13
2304.549860201845 1.5315281622505608e-12
2313.7680596426517 6.1135499832413446e-12
2323.0231318812225 1.6345244013444876e-11
2332.3152244087473 3.116068654404437e-11
2341.6444853063817 4.5137902037213824e-11
2351.0110632476076 4.52921824854793e-11
2360.415107500598 3.938999679889538e-11
2369.8567679306 1.848066748309645e-11
2379.3361950023227 4.1703356200848396e-12
2388.853539782332 4.4250580127793205e-13
2398.4089539414617 1.4398393816679344e-15
2408.0025897572273 5.550373086370447e-13
2417.6346001162565 8.006353656575466e-12
2427.3051385167214 5.921337211052081e-11
2437.0143590707885 2.2626908614453837e-10
2446.762416507072 5.57284914851228e-10
2456.5494661731 1.10188215663449e-09
2466.375664037793 1.9623745656126485e-09
2476.2411666939443 3.3031455512494256e-09
2486.1461313607197 5.336272384631308e-09
2496.090715886162 8.306636516254486e-09
2506.075078749707 1.247687983980913e-08
2516.0993790647044 1.808383274004395e-08
2526.163776580964 2.4989239957929048e-08
2536.268431687288 2.170593712776187e-08
2546.4135054140374 2.8974281601329563e-08
2556.599159435693 6.092071732237543e-08
2566.825556073436 8.108175268585658e-08
2577.09285829773 1.0405413904010612e-07
2587.4012297309205 1.3019945438930417e-07
2597.7508346498444 1.582141747318634e-07
2608.141837988444 1.6718536230958738e-07
2618.5744053403982 6.957301723783319e-08
2629.0487029617593 2.508977921228089e-07
2639.5648977736064 3.123265284951982e-07
2650.123157364701 3.5294173148067575e-07
2660.7236499941596 3.7841018487087326e-07
2671.366544594136 3.778340621641926e-07
2682.052010772512 3.345047614346305e-07
2692.7802188156024 2.3563731096612498e-07
2703.551339690865 1.0482761236141845e-07
2714.365545049628 1.7212072514479384e-08
2725.223007229827 3.545670115638526e-10
2736.123899258746 1.4935983044862208e-10
2747.0683948557817 1.9692321505990326e-08
2758.0566684352048 1.4556789513099818e-07
2769.0888951089455 4.84285144726449e-07
2780.165250689381 1.0129262910020314e-06
2791.2859116921386 1.6322658556017038e-06
2802.451055338907 2.2910326460688848e-06
2813.660859560263 2.975115438426552e-06
2824.9155029985036 3.6888574486972082e-06
2836.2151650104965 4.436500874251092e-06
2847.5600256705393 5.2268277683287365e-06
2858.950265773222 6.067469404157378e-06
2870.386066836315 6.96532623144161e-06
2881.8676111036607 7.92677855806943e-06
2893.3950815480757 8.957406293643913e-06
2904.968661874268 1.0062364027423805e-05
2916.588536521764 1.1246247678160725e-05
2928.254890667851 1.2512868123157273e-05
2939.9679102305226 1.3865444514427288e-05
2951.727781871445 1.5303600527088542e-05
2963.534692998931 1.677801509679861e-05
2975.3888317709266 1.8088004651067976e-05
2987.2903870980094 1.9495426276565613e-05
2999.2395486464025 1.637253018031464e-05
3011.2365068409886 1.4092531652682988e-06
3023.2814528683516 1.5959600543566013e-06
3035.374578679825 4.891688474410368e-07
3047.516076994544 1.7342405236678071e-06
3059.7061413025226 2.0087490934929584e-06
3071.9449658677336 1.8864305856666898e-06
3084.232745731204 1.5009486612085394e-06
3096.569676714128 4.6723082361974346e-07
3108.955955420985 4.4197819994285744e-07
3121.3917792426687 1.1097461967109819e-06
3133.8773463596394 1.0607029321830137e-06
3146.412855745078 8.685235346263749e-07
3158.998507168058 6.6786734984368e-07
3171.6345011967305 4.782292901099324e-07
3184.321039201517 3.160600881841859e-07
3197.0583233583234 1.8726087183404116e-07
3209.8465566517566 7.397204393778864e-08
3222.6859428783637 3.0060531488202924e-08
3235.576686649877 3.480257812489768e-08
3248.518993396477 1.653899294439805e-08
3261.513069370063 5.724699585061329e-09
3274.559121647543 1.8212051994067397e-09
3287.6573581341336 6.218643697987437e-10
3300.8079875666704 9.946836269219568e-11
3314.0112195169368 3.9825103092101715e-10
3327.2672643950045 1.877040315491869e-09
3340.5763334525845 6.564641194589416e-09
3353.938638786395 2.4690337874034713e-08
3367.354393341541 7.177327309203429e-08
3380.8238109149074 1.6511549945414928e-07
3394.347106158567 3.3885802862145955e-07
3407.924494583201 6.426923426892123e-07
3421.5561925615334 1.0427626731690144e-06
3435.2424173317804 8.90862961705067e-07
3448.9833870011066 1.443903551583012e-07
3462.7793205491116 2.2127015176054175e-06
3476.630437831308 5.61581564431257e-06
3490.536959582633 8.947079282823426e-06
3504.4991074209643 1.2479987599324349e-05
3518.5171038506473 1.6270341158618305e-05
3532.5911722660503 2.0307491458493964e-05
3546.7215369551145 2.452585127267541e-05
3560.9084231029346 2.8846701315030454e-05
3575.1520567953467 3.3176657579077774e-05
3589.452665022528 3.743835654005178e-05
3603.810475682617 4.154981327370985e-05
3618.225717585348 4.505897245333423e-05
3632.698620455689 4.757188045120906e-05
3647.2294149375116 5.043747886836602e-05
3661.8183325972614 5.54271900681872e-05
3676.4656059276513 5.806240809119958e-05
3691.1714683513615 6.029023088486943e-05
3705.936154224767 6.207793859341157e-05
3720.7598988416657 6.341622222714428e-05
3735.6429384370326 6.429075667981543e-05
3750.585510190781 6.46789915484709e-05
3765.587852231544 6.459295979579359e-05
3780.6502036404704 6.401232245913597e-05
3795.772804455032 6.294644000123127e-05
3810.955895672852 6.140848136108079e-05
3826.199719255544 5.942126226230893e-05
3841.504518132566 5.702180700514597e-05
3856.870536205096 5.4229616062066357e-05
3872.2980183499167 5.114824554566292e-05
3887.7872104233156 4.7834297781870766e-05
3903.338359265009 4.4338264356078255e-05
3918.9517127020695 4.073257295106706e-05
3934.6275195528774 3.708267442397081e-05
3950.3660296310895 3.335421017210514e-05
3966.1674937496136 2.975494446493224e-05
3982.0321637246125 2.6138382292732406e-05
3997.9602923795105 2.227491492427743e-05
4013.9521335490285 1.744227683197647e-05
4030.007942083225 9.150742847631139e-06
4046.1279738515577 6.999700255047624e-07
4062.312485746964 7.328352168937535e-06
4078.5617356899515 9.469791133415e-06
4094.8759826327114 7.768220293354206e-06
4111.255486563242 5.658393277348085e-06
4127.700508509496 3.7782356352489594e-06
4144.211310543533 2.3300225288927762e-06
4160.788155785708 1.3281776605775396e-06
4177.431308408849 6.43064901530607e-07
4194.141033642486 1.9466117238819574e-07
4210.917597777056 2.2083840239800212e-08
4227.761268168164 7.761292944295681e-10
4244.672313240838 3.800883383130596e-08
4261.651002493801 3.426944945468281e-07
4278.697606503776 1.236272991286195e-06
4295.812396929791 2.914401118830364e-06
4312.995646517511 5.8907306864291636e-06
4330.24762910358 1.0977637122149457e-05
4347.568619619994 1.8880431248400307e-05
4364.958894098475 3.0327730079696442e-05
4382.418729674868 4.5960168134846364e-05
4399.948404593568 6.645594694572783e-05
4417.548198211942 9.200030925982081e-05
4435.21839100479 0.00012275928605467678
4452.959264568809 0.0001618747150675495
4470.771101627084 0.00021634885781121648
4488.654186033592 0.0002777885119006653
4506.608802777726 0.0003528782029648626
4524.635237988838 0.00044407937913661116
4542.733778940792 0.000553231809878442
4560.904714056555 0.0006837661829541462
4579.148332912781 0.0007596320779705137
4597.464926244433 0.0008930626579660646
4615.85478594941 0.0010309630270710333
4634.318205093208 0.001164057276076111
4652.855477913582 0.0012898070853635272
4671.466899825236 0.0014124226602306624
4690.152767424537 0.0015194448325603419
4708.913378494234 0.0014891332892533458
4727.749032008212 0.001296755096818758
4746.660028136244 0.0009894412053744672
4765.646668248789 0.0006860483738848757
4784.709254921784 0.0004446278877612969
4803.8480919414715 0.0002721954578945429
4823.063484309237 0.0001645063287321002
4842.355738246474 0.00010915814860964317
4861.72516119946 8.358471359098938e-05
4881.172061844257 7.067806192180887e-05
4900.6967500916335 6.315732759206105e-05
4920.299537092001 5.7456439100828404e-05
4939.9807352403695 5.185745933191681e-05
4959.740658181329 4.639608317185016e-05
4979.5796208140555 4.0986415546404805e-05
4999.497939297312 3.611139390448077e-05
5019.495931054502 3.2394503406786486e-05
5039.57391477872 3.061910114035362e-05
5059.732210437835 3.085600087153477e-05
5079.971139279585 3.246916769717011e-05
5100.291023836704 3.452120162837327e-05
5120.692187932051 3.6386172606429645e-05
5141.174956683781 3.825968635940809e-05
5161.739656510514 4.0493320920032946e-05
5182.386615136556 4.287819432371573e-05
5203.116161597103 4.510937927027589e-05
5223.928626243489 4.739288120658501e-05
5244.824340748465 4.993594821432823e-05
5265.803638111459 5.2556309046076134e-05
5286.866852663905 5.525105113507132e-05
5308.0143200745615 5.828413730969288e-05
5329.246377354859 6.155129371175916e-05
5350.563362864278 6.497215591528866e-05
5371.965616315736 6.880604702368496e-05
5393.453478780998 7.289613605003987e-05
5415.027292696122 7.716295078227255e-05
5436.687401866905 8.194782360484534e-05
5458.434151474374 8.702508918881387e-05
5480.267888080271 9.238315263920638e-05
5502.188959632591 9.825676158198239e-05
5524.197715471122 0.00010455925383310127
5546.294506333006 0.00011123409603025525
5568.479684358337 0.00011846053783625372
5590.753603095771 0.00012624382327369716
5613.1166175081535 0.00013446372198413006
5635.569083978187 0.00014341846689615976
5658.1113603140975 0.00015282254629297157
5680.743805755354 0.00016228372149747658
5703.466780978376 0.00017361646806904953
5726.28064810229 0.0001852977725709428
5749.185770694699 0.00019773171466509298
5772.182513777476 0.00021120474337189797
5795.271243832587 0.00022569271670624068
5818.452328807918 0.0002413597291865128
5841.72613812315 0.0002582040098629362
5865.093042675643 0.0002750449268415121
5888.553414846345 0.00029224657639783026
5912.10762850573 0.00031520688854401295
5935.756059019754 0.0003445821280580267
5959.499083255832 0.0003744707064823859
5983.337079588855 0.0004071207878153752
6007.27042790721 0.00044350111359068927
6031.299509618841 0.0004841774177511293
6055.424707657316 0.0005281596276708371
6079.646406487946 0.000576243550838906
6103.964992113897 0.0006289235470171474
6128.380852082353 0.0006866506017282047
6152.894375490681 0.0007497625676914409
6177.505952992646 0.0008202470362082437
6202.215976804616 0.0008964207359241512
6227.024840711833 0.0009797362762022544
6251.932940074681 0.0010706843773024954
6276.940671834981 0.0011697100684129292
6302.048434522321 0.0012826053572813209
6327.256628260409 0.0014070678838081505
6352.5656547734525 0.0015444171633240621
6377.975917392546 0.0016600289222191307
6403.487821062116 0.0018601623424307201
6429.101772346364 0.0020508728823376557
6454.81817943575 0.002241989366534583
6480.637452153493 0.002461982987502053
6506.560001962106 0.0027220241486771903
6532.586241969955 0.0030026241689381982
6558.716586937834 0.0032863137570757076
6584.951453285586 0.003488077444832417
6611.291259098727 0.0040494559121839495
6637.7364241351215 0.004488459168855937
6664.2873698316625 0.004975689190433131
6690.94451931099 0.005512169551830291
6717.7082973882325 0.006107031223568992
6744.579130577787 0.006762290670285052
6771.557447100097 0.007460766750248679
6798.643676888497 0.008151980642155675
6825.838251596053 0.008803989816048456
6853.141604602436 0.009406370924103232
6880.554171020846 0.009732153604156695
6908.0763877049285 0.00937005908710313
6935.708693255749 0.010409846436746924
6963.4515280287715 0.012068871901132525
6991.305334140887 0.01312926683417451
7019.270555477449 0.014664173927292648
7047.34763769936 0.016339577602640435
7075.537028250157 0.01785416797340463
7103.839176363159 0.019401900359680428
7132.254533068612 0.021036288279525025
7160.783551200888 0.021665905807625157
7189.42668540569 0.022828667276206843
7218.184392147313 0.025191607794210934
7247.0571297159 0.02589376281637281
7276.045358234765 0.027415333127886223
7305.149539667704 0.027485002962069946
7334.370137826372 0.029197657045646447
7363.707618377678 0.029699210019164778
7393.162448851191 0.030194080924032567
7422.735098646595 0.030376908568406833
7452.426039041182 0.03019882855784283
7482.235743197345 0.02967966966271847
7512.1646861701365 0.028289625327778897
7542.213344914818 0.026763960506451537
7572.382198294477 0.024738757967090914
7602.671727087656 0.02071547640801808
7633.082413996006 0.010693079418465793
7663.614743651989 0.0014539792185354593
7694.269202626598 0.00181097305003466
7725.046279437104 0.007998689784692085
7755.946464554851 0.018128479528059103
7786.970250413072 0.030078685179882297
7818.118131414723 0.04102421262358045
7849.390603940383 0.051237711511357475
7880.788166356144 0.06230883907459926
7912.311319021571 0.07465935063212041
7943.960564297654 0.08847322130108291
7975.736406554845 0.10290623929813808
8007.639352181065 0.11881650061780089
8039.669909589788 0.1353355992272973
8071.828589228147 0.15157544664650632
8104.115903585063 0.16253114681532932
8136.532367199402 0.17064819954075144
8169.078496668199 0.1936520187055076
8201.754810654873 0.2103774265875619
8234.561829897493 0.237298964668178
8267.500077217084 0.2843711668949321
8300.570077525952 0.3053414123255913
8333.772357836056 0.3366840477550802
8367.1074472674 0.3659846159603495
8400.575877056472 0.4109510997465798
8434.178180564695 0.4578260492821808
8467.914893286956 0.509435150699642
8501.786552860101 0.561768842496728
8535.793699071543 0.6208598486310111
8569.936873867831 0.6815326901461678
8604.216621363299 0.7447828387594634
8638.633487848754 0.8108527133572024
8673.18802180015 0.8781025582454557
8707.880773887353 0.9460489101245727
8742.7122969829 1.0211286962121013
8777.68314617083 1.098808064896238
8812.793878755514 1.1740878728790172
8848.045054270535 1.2389550743061755
8883.437234487617 1.224285335732536
8918.970983425568 1.073860927488896
8954.64686735927 1.154224026120218
8990.465454828707 1.125670211431162
9026.427316648023 1.4454013092465385
9062.533025914616 1.6399674382851408
9098.783158018272 1.660813458251117
9135.178290650345 1.7370364386675339
9171.719003812947 1.7079821188833577
9208.405879828202 2.016554155841644
9245.239503347511 1.977272843474936
9282.2204613609 0.8062901763376006
9319.349343206346 0.7636685260741767
9356.626740579171 0.928236916923021
9394.053247541488 1.4842522186726288
9431.629460531654 1.4681432437743156
9469.355978373778 1.4200467678297823
9507.233402287276 1.3820876733313168
9545.262335896427 1.5333161873390229
9583.443385240013 1.2925811668510867
9621.777158780975 1.5646187475961029
9660.264267416096 1.968358628226409
9698.90532448576 2.5080432090979285
9737.7009457837 2.558438848659585
9776.651749566838 2.8411951117494723
9815.758356565104 3.205689398742017
9855.021389991363 3.619583147627285
9894.441475551332 4.179801716616048
9934.019241453534 4.5951361652110005
9973.755318419348 5.137138173465765
10013.650339693024 5.695412443434464
10053.704941051796 6.327625885752505
10093.919760816003 6.907300188617237
10134.295439859268 7.565356273065398
10174.832621618703 8.10718040300393
10215.531952105179 8.767659680977484
10256.394079913602 9.425433047766036
10297.419656233254 10.213802355686484
10338.609334858189 10.800686391964264
10379.96377219762 11.611342789516476
10421.483627286412 12.26547866675728
10463.169561795556 12.896092101771162
10505.022240042741 13.517624652636696
10547.042329002912 14.202628878948985
10589.230498318922 14.681409211182656
10631.587420312197 15.231726487617705
10674.113769993448 15.610582032481593
10716.810225073421 16.030950579485417
10759.677465973711 16.279982533893595
10802.716175837608 16.749779630858225
10845.927040540959 16.533696075493012
10889.310748703121 14.643154409034961
10932.867991697934 10.474226212221067
10976.599463664725 7.555580808609898
11020.505861519383 4.769798712909482
11064.587884965462 3.338403899556774
11108.846236505324 2.136942299175726
11153.281621451348 1.4450894837413872
11197.894747937147 1.8898000327176145
11242.686326928899 2.413222282680569
11287.657072236614 3.0789518516787457
11332.807700525562 1.2698774973686928
11378.138931327663 2.535165336220748
11423.651487052975 2.978746642629017
11469.346093001184 3.2083590548687275
11515.22347737319 2.429614555500392
11561.284371282683 1.7691685708685403
11607.529508767815 1.8872926956231881
11653.959626802887 2.5420172898389244
11700.5754653101 2.584202769587467
11747.377767171341 2.157114563042263
11794.367278240028 3.573891975956569
11841.544747352984 6.007086729218216
11888.9109263424 7.873048928989062
11936.46657004777 10.031096207119493
11984.212436327958 13.065912793204436
12032.149286073272 16.21721154148955
12080.277883217566 20.20584273833274
12128.598994750435 22.503975165855994
12177.113390729437 26.67046055599869
12225.821844292353 29.25791829548036
12274.725131669524 33.128071357725666
12323.824032196202 36.3672370389356
12373.119328324985 39.110362943885924
12422.611805638286 35.88258088257752
12472.302252860838 42.15840355514653
12522.19146187228 35.989929557081574
12572.280227719768 49.57756702260793
12622.569348630648 51.51707679812947
12673.059626025171 50.25370396936594
12723.751864529271 45.35276423453722
12774.646871987386 43.97776076229346
12825.74545947534 37.60491431642657
12877.04844131324 31.916947392872707
12928.556635078494 29.146510938076545
12980.270861618808 26.1250412087019
13032.191945065284 23.740294333568368
13084.320712845543 22.316450303234358
13136.657995696927 19.031990938160376
13189.204627679715 17.844612108839467
13241.961446190431 12.409014872282949
13294.929291975195 6.124371455163963
13348.109009143096 1.6054100015164263
13401.50144517967 0.43923473756613574
13455.107450960388 0.20715451890456266
13508.927880764231 0.13166216310589643
13562.963592287288 0.04929351538724003
13617.215446656439 0.06353725577645566
13671.684308443064 0.12205094259439515
13726.371045676835 0.10868910634004011
13781.276529859542 0.2727795569403195
13836.40163597898 0.12496306442444606
13891.747242522899 0.15831632498248724
13947.314231492988 0.12590562193039592
14003.103488418961 0.14591549275891136
14059.115902372636 0.1816875426969866
14115.352365982128 0.15229977188437874
14171.813775446057 0.1619109793740624
14228.501030547843 0.18832183934861682
14285.41503467003 0.37839335981869754
14342.556694808713 0.2882027841859571
14399.926921587949 0.3466042095376586
14457.5266292743 0.5835255316122785
14515.356735791396 0.9935029928955793
14573.418162734559 1.3968236850762068
14631.711835385498 1.2158717677563096
14690.238682727038 1.0832152432388638
14748.999637457951 1.4615914972164559
14807.995636007783 1.749471139388899
14867.227618551815 1.7856258940936378
14926.69652902602 2.3861207734750307
14986.403315142123 2.9087471514066356
15046.348928402693 3.2221345674695505
15106.534324116303 3.859089541501543
15166.96046141277 4.726336215281711
15227.62830325842 5.9962425509456345
15288.538816471453 7.151984574237437
15349.692971737337 8.799138914273438
15411.091743624287 10.402192244596499
15472.736110598784 13.37929853259842
15534.62705504118 14.054796056423928
15596.765563261344 12.774857610861961
15659.152625514387 14.661690176821933
15721.789236016448 18.70839302828185
15784.676392960515 19.106313066233284
15847.815098532355 21.197818873307725
15911.206358926484 20.80817584286091
15974.85118436219 20.009801034533872
16038.75058909964 15.644460396500525
16102.905591456036 12.306006687479451
16167.31721382186 9.104657258921426
16231.986482677148 6.849328782606654
16296.914428607855 5.763847836681738
16362.102086322288 6.492757085000214
16427.550494667576 7.536000763934662
16493.260696646248 8.254966888993266
16559.23373943283 7.88685965250463
16625.470674390563 8.356120934915571
16691.972557088127 2.417224073807556
16758.74044731648 4.639954747179924
16825.775409105743 6.4860620209135735
16893.07851074217 5.313919284320413
16960.650824785134 4.289393451420309
17028.493428084275 4.0374792773509895
17096.607401796613 5.399480413912683
17164.993831403797 4.830475223969468
17233.653806729413 5.422002067487104
17302.588421956334 3.987030762552103
17371.798775644158 3.6317911482134977
17441.285970746736 3.413799793379396
17511.05111462972 3.3753492694319336
17581.095319088243 2.591627121643265
17651.419700364593 1.9976648153859768
17722.02537916605 1.5526724336191404
17792.913480682713 1.3035881464152261
17864.085134605448 0.9954260772746903
17935.54147514387 0.5319688460860459
18007.283641044443 0.7263858874359134
18079.312775608625 0.4291628824676566
18151.630026711056 0.5920927589932636
18224.236546817894 0.6618631876328905
18297.133493005167 0.28427398657458197
18370.32202697719 0.26204059121497547
18443.803315085097 0.47677858542904855
18517.578528345435 0.43338570175112434
18591.648842458817 0.29380076513641107
18666.01543782865 0.1670881440341687
18740.67949957997 0.2404150955959433
18815.642217578286 0.9281301183412168
18890.9047864486 0.7678523967562678
18966.4684055944 1.1869474281759185
19042.334279216768 0.6825337307697474
19118.50361633364 0.744364421465608
19194.977630798967 0.7722106191685592
19271.757541322168 0.48799512072242124
19348.844571487454 0.3876293504200212
19426.239949773408 0.42081897512125255
19503.9449095725 0.6184179800555397
19581.960689210795 0.575275352463779
19660.28853196764 0.9574534098351456
19738.929686095507 0.9879853894771019
19817.885404839893 1.3440626198127885
19897.15694645925 1.5948491448706232
19976.745574245087 2.221763468433165
20056.65255654207 2.514902987548696
20136.879166768238 3.0760982185543173
20217.426683435307 3.816589309579688
20298.296390169045 3.897135149440253
20379.489575729727 4.889352757193444
20461.007534032648 5.868404037694726
20542.851564168777 6.278552520612152
20625.02297042545 7.087180051862892
20707.523062307162 7.6023523922958836
20790.353154556382 7.458588135682228
20873.514567174607 8.090606411871017
20957.008625443308 8.011677545749398
21040.836659945082 7.856303850165215
21125.000006584854 7.711386281621374
21209.5000066112 7.229732814783107
21294.33800663765 6.910230985807518
21379.515358664197 6.496650357662817
21465.033420098855 5.924228302947665
21550.893553779246 5.3473321288506
21637.097127994366 4.411445138972381
21723.645516506345 4.294257439324845
21810.540098572368 3.577464430270705
21897.782258966654 2.7191183911779673
21985.37338800253 1.0980901641253482
22073.314881554532 0.9219837365396352
22161.60814108075 1.4949939225797264
22250.25457364508 1.2266265878205125
22339.25559193965 0.9363139684327967
22428.61261430741 0.6896933649932897
22518.32706476464 0.5788828272961225
22608.400373023702 0.4814840798613868
22698.833974515794 0.5895375103056147
22789.62931041386 0.4888409270704971
22880.78782765551 0.39619936346667645
22972.310978966132 0.3340677523673083
23064.200222882002 0.49507862656716284
23156.457023773528 0.43476623037070933
23249.082851868614 0.20300898662750447
23342.079183276095 0.23881918674763905
23435.447500009202 0.24264212286516795
23529.18929000923 0.29245136245825243
23623.306047169273 0.39297170154281524
23717.79927135796 0.22624862506019025
23812.670468443375 0.2675785461400502
23907.92115031715 0.43469216196100285
24003.552834918424 0.5559361510235059
24099.56704625809 0.6128663280233466
24195.96531444313 0.6193147897305026
24292.749175700897 0.7408981724387458
24389.9201724037 0.8188430347119726
24487.479853093315 0.774975798891216
24585.42977250569 1.028595126134936
24683.771491595708 0.9568112033437265
24782.50657756209 0.7352609375526147
24881.636603872343 0.76702639086894
24981.16315028783 0.6364461864280786
25081.087802888986 0.3915370179835316
25181.412154100537 0.29821436510913635
25282.137802716934 0.17498871231918825
25383.266353927807 0.18876017069656767
25484.79941934352 0.10360968191466169
25586.73861702089 0.17175099939938762
25689.08557148898 0.09285372969972115
25791.84191377493 0.09816486611383396
25895.009281430033 0.07089521814152833
25998.589318555754 0.11081445748398529
26102.58367582998 0.13837717865302132
26206.994010533297 0.20296390312696178
26311.821986575433 0.1929837318163597
26417.069274521735 0.49839899804453575
26522.737551619815 0.33929207927531924
26628.828501826294 0.10476606198972309
26735.343815833607 0.03580623022670259
26842.285191096937 0.05908975781644537
26949.654331861326 0.12459998558644188
27057.452949188766 0.11757067362368501
27165.682760985525 0.1354388072698336
27274.345492029468 0.30292160383181005
27383.442873997585 0.11836467556989928
27492.976645493567 0.30253309670074785
27602.948552075544 0.1252518695771532
27713.360346283847 0.14681206715134715
27824.213787668985 0.10353746560893401
27935.510642819663 0.2417443630941546
28047.252685390937 0.13474752230177733
28159.441696132504 0.23717179653137205
28272.079462917034 0.4161880198280615
28385.167780768694 0.23217530731756578
28498.70845189177 0.32474820084917777
28612.703285699336 0.4306380246003086
28727.154098842133 0.44862158131322316
28842.062715237505 0.5065973337035808
28957.430966098455 0.630365673413806
29073.260689962848 0.5906338006841292
29189.553732722703 0.7463659893968204
29306.311947653598 1.1301774542821408
29423.537195444205 0.9919014025521273
29541.231344225984 0.971583500455572
29659.396269602887 1.0011036487764335
29778.033854681304 0.9769454881097933
29897.14599010003 1.1233933657877597
30016.734574060432 0.6110900545505317
30136.80151235667 1.2071603981861319
30257.348718406094 1.4969527615956602
30378.37811327972 1.5299317589622012
30499.89162573284 1.070069341023244
30621.891192235766 1.4384661617579628
30744.37875700471 1.2849797062421502
30867.356272032728 1.1289264220991833
30990.825697120858 1.0901558300226473
31114.78899990934 0.8680863242297133
31239.24815590897 0.988815099933503
31364.20514853261 0.7309104725423268
31489.661969126744 0.6109497005092631
31615.62061700325 0.44159775450732763
31742.083099471263 0.4123250681776425
31869.05143186915 0.3221459737790482
31996.527637596624 0.26608063770567775
32124.51374814701 0.2777195724181881
32253.011803139605 0.27112979587802744
32382.02385035216 0.30275293317235447
32511.55194575357 0.3376186688881337
32641.598153536583 0.413464928429334
32772.16454615073 0.5913259629140886
32903.25320433533 0.7288118382627395
33034.86621715268 0.5888374743061817
33167.005682021285 0.037999954430501165
33299.673704749366 0.04648192087941257
33432.87239956837 0.23362548463482874
33566.60388916664 0.4080188031073984
33700.87030472331 0.4879238776026248
33835.6737859422 0.4235949052044917
33971.016481085964 0.384714823042123
34106.900547010315 0.36988842878925143
34243.32814919835 0.38002579673598874
34380.30146179514 0.3893390216181309
34517.82266764233 0.36870118617224495
34655.893958312896 0.4439594525536202
34794.51753414615 0.4245251953242757
34933.69560428273 0.5321904833598682
35073.43038669985 0.7240177454381748
35213.72410824666 0.7263440822980148
35354.57900467965 0.686769810706379
35495.99732069836 0.8589642656320962
35637.98130998116 0.9495335474517985
35780.53323522108 1.1067756782923048
35923.65536816197 1.203592750695396
36067.34998963462 1.1374050413641763
36211.61938959315 1.4760160541287348
36356.46586715153 1.8801004443770053
36501.891730620126 2.069232425617216
36647.89929754261 2.382788184921241
36794.49089473278 2.701507448658302
36941.6688583117 2.7151894116709294
37089.43553374496 2.954593226413321
37237.793275879936 3.0244416219901042
37386.74444898345 3.5750520940934063
37536.29142677938 3.9307308958118585
37686.43659248651 3.7307720676933056
37837.18233885645 3.4545192422043867
37988.53106821188 4.018925015056177
38140.48519248474 4.870043626612382
38293.04713325467 5.6795636811159005
38446.21932178769 4.167989253831131
38600.00419907484 4.9403141884181405
38754.40421587113 5.204272636214775
38909.42183273463 5.532434248522998
39065.05952006556 5.621697508609538
39221.31975814583 5.749087607228241
39378.205037178406 6.389634554618966
39535.71785732712 6.024596029196924
39693.860728756415 6.351756040343735
39852.636171671445 6.357141729162136
40012.04671635814 5.761390764001762
40172.09490322357 5.827246332890288
40332.78328283648 5.122203958019564
40494.11441596781 4.601633988064693
40656.090873631685 4.104589701439056
40818.71523712622 3.433291077203738
40981.990098074726 3.4130948965442873
41145.918058467025 3.083028708629563
41310.50173070089 2.6483576905509514
41475.74373762369 2.993257529363961
41641.646712574184 2.8544214780326844
41808.21329942448 2.699152164243985
41975.44615262219 3.2114109899149628
42143.347937232684 3.3232336687649435
42311.921328981625 3.5030279788493317
42481.16901429755 3.4633031360243205
42651.09369035474 3.898242203342298
42821.69806511615 2.6115026239330184
42992.98485737662 0.7743545057089594
43164.95679680613 0.7196524740010173
43337.61662399335 1.7173273097458026
43510.96709048933 2.314225109881862
43685.01095885128 2.573996302605873
43859.75100268668 2.1026271921956337
44035.19000669744 1.5893855109137511
44211.330766724226 1.3028924249692608
44388.176089791115 0.859850312929786
44565.72879415028 0.6821669987283713
44743.991709326874 0.4625729319387015
44922.9676761642 0.35879819604987806
45102.65954686885 0.2854925622326204
45283.07018505633 0.22683519187757678
45464.20246579656 0.17713807109260674
45646.05927565975 0.16200234528866947
45828.64351276236 0.16453536560744084
46011.95808681343 0.1516375567676288
46196.00591916067 0.18196981745218407
46380.78994283732 0.2218136394427093
46566.31310260868 0.4045343987612554
46752.578355019126 0.3664849686319202
46939.588668439166 0.25983119363401275
47127.34702311293 0.23363584495217787
47315.85641120539 0.19107497379650903
47505.11983685021 0.21256657425585251
47695.14031619761 0.22945528687564504
47885.9208774624 0.23198730875585544
48077.46456097225 0.29461304327893395
48269.774419216126 0.3434246916710153
48462.853516892996 0.3456984350732673
48656.70493096058 0.4444749735890611
48851.33175068441 0.5349589275171065
49046.737077687154 0.580629060413845
49242.92402599791 0.5987864021275644
49439.89572210189 0.7057078177932661
49637.6553049903 0.6579152324288605
49836.20592621027 1.0540572437236677
50035.55074991511 1.1439687584707818
50235.69295291477 0.8067128519990635
50436.63572472643 1.3086138105544909
50638.382267625326 1.5911158284808384
50840.935796695834 1.1986028702107485
51044.2995398826 1.5717970228679758
51248.47673804215 1.6275065798669133
51453.47064499432 0.9395326886613757
51659.28452757429 1.3262352906579924
51865.92166568459 1.9364415586304022
52073.38535234733 0.735546111792777
52281.67889375672 1.3345257039170229
52490.80560933175 1.430445210446232
52700.76883176907 1.249080603189036
52911.57190709616 1.0987955080952512
53123.218194724526 1.3902045433771297
53335.711067503435 1.67384876481493
53549.053911773444 0.6025142409413752
53763.25012742054 0.8974936923774448
53978.303127930216 1.2002113762552582
54194.21634044194 0.3983302760466658
54410.99320580371 0.9579861660799197
54628.63717862692 0.6374899999426606
54847.15172734143 0.7995820386070367
55066.540334250785 0.8717666748083759
55286.80649558781 0.6426811898086605
55507.95372157016 0.5568147629587625
55729.985536456436 0.4391852057702898
55952.90547860226 0.6392186838883305
56176.717100516675 0.6089258185585282
56401.42396891874 0.44622718002662903
56627.02966479442 0.5918154990510119
56853.5377834536 0.45061535886708864
57080.95193458741 0.4367660908360911
57309.27574232576 0.37175134249986647
57538.51284529506 0.419522647637683
57768.666896676245 0.3906939177853506
57999.74156426295 0.637180602034058
58231.74053052 0.28361371301265714
58464.66749264208 0.518521880232101
58698.52616261265 0.28309472428691873
58933.3202672631 0.27162612401863084
59169.05354833215 0.5211254900288328
59405.72976252549 0.2576344325891894
59643.3526815756 0.4607323172923301
59881.926092301896 0.4289305504397178
60121.45379667111 0.584708097260514
60361.93961185778 0.4702979813733041
60603.38737030522 0.2806767183973103
60845.800919786445 0.5538329415783493
61089.184123465595 0.3703076181833295
61333.54085995945 0.5605156817921566
61578.87502339928 0.35505405969040654
61825.19052349288 0.41456165918146975
62072.491285586846 0.6337026729118105
62320.7812507292 0.676607659088933
62570.06437573213 0.8470739021636786
62820.34463323505 0.7715289764660368
63071.62601176801 0.9647744553112538
63323.91251581507 0.6913419858563395
63577.20816587833 0.5721779451055538
63831.51699854184 0.48649052373845725
64086.843066536014 0.27780044903205
64343.19043880215 0.32975761850315116
64600.563200557364 0.3325195540782337
64858.96545335958 0.1768293857192854
65118.401315173025 0.261586637189912
65378.87492043372 0.3362164091783772
65640.39042011545 0.22158099170489895
65902.95198179591 0.22278831751642136
66166.56378972309 0.25145216129348785
66431.23004488199 0.2649247062079816
66696.95496506151 0.30431757744015686
66963.74278492175 0.4213767507637554
67231.59775606144 0.30352553803782867
67500.52414708569 0.49464085892629367
67770.52624367403 0.30324496844540616
68041.60834864872 0.36737872842742186
68313.77478204331 0.37896531816200635
68587.02988117147 0.2334663928376
68861.37800069616 0.4588142632264336
69136.82351269896 0.4785544453572766
69413.37080674975 0.5550379610644628
69691.02428997675 0.3392564093177373
69969.78838713666 0.43742071115582504
70249.6675406852 0.42991561829359687
70530.66621084794 0.29176053824298004
70812.78887569135 0.4445826173034876
71096.04003119409 0.38844528102988746
71380.42419131887 0.38316496382388543
71665.94588808414 0.2990756746270331
71952.60967163648 0.3316022398890821
72240.42011032304 0.324418047111016
72529.38179076432 0.30388634562222966
72819.49931792737 0.25142333437897363
73110.77731519907 0.30478863824369185
73403.22042445988 0.2028693851056097
73696.83330615771 0.2523412931709867
73991.62063938235 0.27523911443043847
74287.58712193987 0.2652525291613817
74584.73747042764 0.20253023821550037
74883.07642030934 0.25093341730148866
75182.60872599059 0.3216938129134163
75483.33916089457 0.3291912798306406
75785.27251753812 0.2980084421827427
76088.4136076083 0.3062394058949578
76392.76726203872 0.4325099211416485
76698.33833108687 0.12390433807551357
77005.13168441122 0.1707706708577521
77313.15221114887 0.18730053070105368
77622.40481999348 0.21016949061195242
77932.89443927344 0.26727503767273353
78244.62601703055 0.2869730694784938
78557.60452109865 0.2930677855972246
78871.83493918306 0.2508742516737329
79187.3222789398 0.2809209841528939
79504.07156805556 0.3315849514931416
79822.08785432778 0.3693314311726763
80141.37620574511 0.30883209002743356
80461.94171056806 0.30207643802373935
80783.78947741033 0.3126199381482226
81106.92463531997 0.4354542149871902
81431.35233386126 0.3586436778735249
81757.0777431967 0.34648859842495966
82084.10605416949 0.3522232432666996
82412.44247838613 0.39525438532384805
82742.09224829968 0.4449882438473641
83073.06061729288 0.43658193532616707
83405.35285976208 0.43439711053946567
83738.9742712011 0.4094887910403485
84073.93016828595 0.46690275436114775
84410.22588895904 0.48877981140641524
84747.86679251489 0.5296016211084438
85086.85825968496 0.41268020895633734
85427.20569272367 0.5440693365323591
85768.91451549459 0.5747534462067286
86111.99017355654 0.5670929710109701
86456.43813425078 0.4972799429896087
86802.2638867878 0.5423991148859364
87149.47294233493 0.6284175135016796
87498.07083410428 0.5574999796331964
87848.0631174407 0.4968463241282449
88199.45536991046 0.5369939864212364
88552.25319139009 0.6489121399001877
88906.46220415569 0.5992507871260985
89262.08805297229 0.4323062359972897
89619.1364051842 0.43550780841847875
89977.61295080492 0.5788124316896371
90337.52340260813 0.5897024852275213
90698.87349621857 0.5479929642278103
91061.66899020346 0.5955525508712812
91425.91566616425 0.573321494909651
91791.61932882894 0.5712748570871045
92158.78580614422 0.5207562892072228
92527.4209493688 0.6317551397942969
92897.53063316627 0.4937514726340205
93269.12075569895 0.5180992746021028
93642.19723872172 0.5640592808095329
94016.76602767664 0.5555156221979882
94392.83309178732 0.5099858449688451
94770.40442415449 0.49952872437620477
95149.48604185111 0.52858318779129
95530.08398601852 0.5541618453571489
95912.20432196259 0.607220296717592
96295.85313925042 0.5352800200214909
96681.0365518075 0.5067755932770214
97067.76069801472 0.5424631550218829
97456.03174080675 0.5886710893168289
97845.85586776999 0.6519885747141532
98237.23929124104 0.5492292582777581
98630.18824840599 0.5572419096823117
99024.70900139965 0.4876400278099813
99420.80783740526 0.6059806692261539
99818.49106875488 0.679368224024568
100217.76503302988 0.6328812590022731
100618.636093162 0.4388302618689755
101021.11063753467 0.4584295153615908
101425.1950800848 0.5555167820181253
101830.89586040513 0.5687575822741877
102238.21944384674 0.5759529148213698
102647.17232162213 0.5112192790197129
103057.7610109086 0.46869533508370237
103469.99205495225 0.1744541545561552
103883.87202317205 0.18216736705087722
104299.40751126477 0.2552009350565493
104716.60514130979 0.29379298146113053
105135.47156187505 0.29292085893824615
105556.01344812254 0.36026771897784965
105978.23750191503 0.38621030724700317
106402.15045192267 0.3501889041304778
106827.75905373038 0.28956395761219156
107255.07008994528 0.1747156051153285
107684.09037030509 0.19437474980257985
108114.8267317863 0.27661576125822274
108547.28603871344 0.3258076357995952
108981.47518286831 0.34924356103464965
109417.40108359976 0.31950572825872287
109855.0706879342 0.2950452806624181
110294.49097068593 0.3008518032512478
110735.66893456863 0.41494208527255216
111178.61161030692 0.4174983171677833
111623.32605674816 0.446317359506414
112069.81936097513 0.4072745720768113
112518.09863841905 0.2920811339293255
112968.17103297272 0.4393043617114881
113420.0437171046 0.4335219301801942
113873.72389197304 0.40183751555885844
114329.21878754091 0.4599305095600733
114786.53566269108 0.3820459562196637
115245.68180534184 0.3212175844690129
115706.66453256323 0.3582674223293399
116169.49119069346 0.3769848740060939
116634.16915545624 0.3461785834043217
117100.70583207808 0.21808151314010601
117569.1086554064 0.2794238867106131
118039.385090028 0.2965861001180379
118511.54263038811 0.3579900710619672
118985.58880090967 0.3310399889411686
119461.5311561133 0.33304831180551475
119939.37728073777 0.2683273648752564
120419.13478986072 0.33606330119425837
120900.81132902016 0.21518932363642895
121384.41457433623 0.33955391728910345
121869.9522326336 0.3741524298766557
122357.43204156413 0.27065731636001367
122846.86176973036 0.22942563892249368
123338.2492168093 0.30960058796287104
123831.60221367657 0.18287061358869203
124326.92862253124 0.23835704946076303
124824.23633702139 0.2847654829068875
125323.53328236948 0.1894547340912996
125824.82741549893 0.19562057558940113
126328.12672516092 0.2654124321584602
126833.43923206156 0.23239394534055013
127340.77298898982 0.2028000810438089
127850.13608094577 0.25939178831040943
128361.53662526955 0.20584798214468633
128874.98277177062 0.2036244555120437
129390.4827028577 0.22593509501734121
129908.04463366912 0.212127121122233
130427.67681220379 0.17446007954239975
130949.38751945265 0.21691040890063162
131473.18506953045 0.18569391804093185
131999.07780980857 0.20297707004416007
132527.0741210478 0.1675944075651266
133057.182417532 0.16679546568061648
133589.4111472021 0.17815263224914035
134123.76879179094 0.15058346597357544
134660.26386695806 0.14811306447646627
135198.9049224259 0.1812791539555452
135739.7005421156 0.17894519837100914
136282.65934428407 0.1740676226043628
136827.78998166122 0.16977343422497385
137375.1011415879 0.16013471220807246
137924.60154615424 0.17427192537517525
138476.29995233883 0.1620242565578553
139030.20515214818 0.14663894237772052
139586.32597275675 0.1156865148623568
140144.6712766478 0.08105847668909719
140705.2499617544 0.15097571177481697
141268.0709616014 0.15002746339095832
141833.1432454478 0.1253954818400508
142400.4758184296 0.14595403806462795
142970.07772170333 0.1426493079002066
143541.95803259013 0.1276655912418178
144116.12586472047 0.12759387630694563
144692.59036817937 0.12184438156524577
145271.3607296521 0.1104073289705924
145852.44617257072 0.15016072634598443
146435.85595726097 0.15132752607699718
147021.59938109003 0.1423013648550013
147609.6857786144 0.14756711147186805
148200.12452172884 0.1393438409934923
148792.92501981577 0.1175877060271958
149388.09671989502 0.11720864617826869
149985.6491067746 0.13244332278906906
150585.59170320167 0.12703991219084576
151187.93407001448 0.13459842843264005
151792.68580629455 0.1123384888482486
152399.85654951975 0.14142324660921332
153009.45597571784 0.1350365656908804
153621.4937996207 0.11441157949727293
154235.97977481916 0.12239450257261225
154852.92369391845 0.11262184385600472
155472.3353886941 0.09652632757534989
156094.2247302489 0.09700510868268611
156718.60162916992 0.10135994144884145
157345.47603568656 0.08546166085236181
157974.8579398293 0.08611214562238835
158606.75737158864 0.10232135273183494
159241.18440107498 0.10093343288304764
159878.14913867926 0.07542784759084631
160517.661735234 0.10419484389389126
161159.73238217493 0.08806749802745509
161804.3713117036 0.10227105895533589
162451.58879695044 0.08067583493820263
163101.39515213823 0.09209218666850218
163753.8007327468 0.10033180041885394
164408.81593567782 0.09771489078253545
165066.45119942052 0.09058599009671196
165726.71700421823 0.08609274645947644
166389.62387223504 0.069216564762723
167055.18236772402 0.08063825423882276
167723.40309719497 0.09518755721581572
168394.2967095837 0.0823931203775103
169067.87389642204 0.06443466919178929
169744.14539200772 0.08121937860554963
170423.1219735757 0.09330278796567089
171104.81446147006 0.06138203762981261
171789.23371931593 0.0740252098715083
172476.3906541932 0.06803581620862856
173166.29621680998 0.07298142771982653
173858.96140167722 0.055460629348584645
174554.39724728392 0.07660169820939537
175252.61483627307 0.06430744823791526
175953.62529561817 0.06429388161197067
176657.43979680064 0.07147065352329758
177364.06955598784 0.0629147902783961
178073.52583421173 0.07143755067308677
178785.8199375486 0.07417150272994902
179500.9632172988 0.05878342275097995
180218.967070168 0.06555779424061334
180939.84293844865 0.06589927534452808
181663.60231020238 0.047678325968506456
182390.25671944322 0.05573657665047115
183119.81774632097 0.053347303315672494
183852.29701730626 0.06026636945133032
184587.7062053755 0.061927916900849
185326.057030197 0.05119330797363918
186067.3612583178 0.04676915339031665
186811.63070335102 0.050750995899804925
187558.8772261645 0.05224062822107746
188309.11273506918 0.06866328491206675
189062.3491860094 0.05830584187291445
189818.59858275342 0.042606843551584804
190577.87297708448 0.0537745192037004
191340.18446899284 0.05570648336096502
192105.54520686882 0.045643647377518
192873.9673876963 0.03794713804962191
193645.46325724703 0.038432461709170154
194420.04511027603 0.034109445370857486
195197.72529071715 0.04615021702195093
195978.51619188 0.037872493114472876
196762.4302566476 0.042503020146781485
199107.9942767367 0.039942609049370206
203090.15416227144 0.03717356801466653
207151.95724551688 0.035908553978561714
211294.9963904272 0.028810787133365906
215520.89631823578 0.028644165898270218
219831.31424460045 0.025696968699395955
224227.94052949245 0.023174049072152734
228712.4993400823 0.02493098861715556
233286.74932688402 0.02439518286817773
237952.48431342165 0.016780865533397887
242711.5339996901 0.023867088919909518
247565.76467968393 0.019525859114533303
252517.0799732776 0.013407333419511334
257567.42157274322 0.017171599691150726
262718.770004198 0.014856065236327648
267973.145404282 0.011187195238043403
273332.6083123676 0.014856718923205038
278799.26047861495 0.011181143542308309
284375.2456881872 0.007974471952846014
290062.750601951 0.010142155188434808
295864.00561398995 0.008809132321820302
301781.2857262697 0.00856347746894232
307816.91144079523 0.006485455552122452
313973.24966961105 0.007985321277749072
320252.7146630032 0.0070006359379745494
326657.7689562633 0.006186512043382515
333190.92433538847 0.005031683105940477
339854.7428220964 0.00617772282962289
346651.83767853834 0.004590614354113824
353584.87443210906 0.003891708426336073
360656.57192075124 0.0036517315398101593
367869.70335916633 0.004205301261035874
375227.09742634965 0.0036133161822687427
382731.63937487674 0.004130413047702122
390386.2721623741 0.0029711628886041268
398193.99760562164 0.0027055776223421655
406157.87755773397 0.0022443331539781218
414281.0351088888 0.003035183142570229
422566.65581106645 0.0026097062668846665
431017.98892728786 0.002024237252550569
439638.3487058336 0.0017389426694174284
448431.11567995034 0.0016983715868194918
457399.7379935492 0.0018310644603643865
466547.7327534202 0.001444843734488672
475878.6874084886 0.001427334768919399
485396.2611566584 0.0014182365832165432
495104.1863797916 0.0011018977791566029
505006.2701073874 0.0011464821907063432
515106.39550953516 0.0010055810793036706
525408.5234197257 0.0011451951721692735
535916.6938881205 0.0010028448473643654
546635.0277658828 0.0009202475471418229
557567.7283212005 0.0007715500389245581
568719.0828876244 0.0006927721883634034
580093.4645453768 0.0006736772148970183
591695.3338362843 0.000638329127398838
603529.2405130101 0.0006128925459592463
615599.8253232702 0.0006420650886346883
627911.8218297358 0.0004904504725283456
640470.0582663304 0.00045110834063055125
653279.459431657 0.00040802130262759784
666345.04862029 0.00034140244139083597
679671.9495926959 0.00040658719871593046
693265.38858455 0.00040927456551591914
707130.6963562409 0.00032110096451536184
721273.3102833657 0.00027142708610790756
735698.7764890331 0.00028943430941007507
750412.7520188137 0.00024102787520345107
765421.0070591901 0.00025091765073999094
780729.4272003738 0.0002101547738250414
796344.0157443815 0.00021233659418151208
812270.896059269 0.00018357661809651065
828516.3139804546 0.00016400497628962863
845086.6402600636 0.00015674872125152949
861988.3730652649 0.00017503946963572648
879228.14052657 0.00018793849636410755
896812.7033371016 0.00013930062803917652
914748.9574038435 0.00012810846352069802
933043.9365519203 0.0001125316122828352
951704.8152829591 9.406117812205388e-05
970738.911588618 0.00010656675442163181
990153.6898203905 8.07923185915278e-05
