1000.5530765187797 5.475107107106137e-21
1004.5552888248548 4.734487382829418e-82
1008.5735099801544 3.6943041290102074e-78
1012.607804020075 9.54692259243426e-78
1016.6582352361554 9.084427597957105e-82
1020.7248681770998 3.1218253060867424e-57
1024.8077676498083 5.8692938666580366e-61
1028.9069987204075 4.433023197596604e-76
1033.022626715289 8.254480070600448e-53
1037.1547172221503 2.129102551751385e-79
1041.3033360910388 6.474570121370126e-73
1045.468549435403 3.4170757944223707e-69
1049.6504236331448 1.3269918612053086e-80
1053.8490253276773 3.4982395158290053e-60
1058.064421428988 7.161766638505002e-76
1062.296679114704 1.8266223019369059e-59
1066.5458658311627 6.286114984999807e-67
1070.8120492944875 2.926780543793814e-69
1075.0952974916654 1.8295188568743692e-54
1079.3956786816323 1.93115136651554e-69
1083.7132613963586 5.236990669202295e-52
1088.048114441944 4.559796551651409e-56
1092.4003068997117 2.3495628750794835e-37
1096.7699081273104 4.84187613575392e-55
1101.15698775982 1.788726690446938e-56
1105.561615710859 4.147020772523941e-38
1109.9838621737026 2.197437200660108e-44
1114.4237976223976 2.345629466671508e-50
1118.8814928128868 2.261063465813021e-55
1123.3570187841383 1.3981653660135368e-50
1127.8504468592753 7.592058198267981e-31
1132.361848646712 3.7708291079704367e-36
1136.8912960412988 2.473182404503226e-35
1141.438861225464 1.416364289595356e-34
1146.004616670366 1.3971490795333836e-33
1150.5886351370475 1.0669675765203008e-34
1155.190989677596 5.552338454857031e-36
1159.8117536363065 2.058854635655335e-33
1164.4510006508515 2.5871379867515764e-36
1169.108804653455 6.100403520507994e-38
1173.7852398720688 1.380389563303144e-31
1178.480380831557 4.49439467411546e-30
1183.1943023548836 1.5419713905705321e-30
1187.9270795643029 1.0612657933863077e-32
1192.67878788256 1.4157948634843368e-29
1197.4495030340906 2.1215613719532715e-28
1202.2393010462267 2.2601996415390243e-35
1207.0482582504117 5.222672455664872e-29
1211.8764512834132 2.7944237303364828e-30
1216.7239570885472 3.987880882538421e-30
1221.5908529169012 3.673813420750798e-28
1226.4772163285688 2.8526906594773472e-27
1231.383125193883 3.090360199695973e-30
1236.3086576946585 4.365005513173158e-28
1241.2538923254372 2.847883319129921e-27
1246.2189078947392 4.142284625734668e-30
1251.203783526318 2.5373782935583246e-30
1256.2085986604231 1.1832505177071172e-27
1261.233433055065 5.139078465160245e-27
1266.2783667872852 3.275493401365384e-32
1271.3434802544346 4.675699593971898e-27
1276.4288541754522 7.559101458892703e-27
1281.534569592154 2.1067637547529896e-28
1286.6607078705229 8.703777673835712e-29
1291.8073507020044 2.980480855870323e-26
1296.9745801048125 1.414726895700267e-26
1302.162478425232 1.0687864390889157e-27
1307.3711283389327 1.0770493883289487e-25
1312.6006128522888 3.0129617243558587e-25
1317.851015303698 6.428449113767453e-26
1323.1224193649127 3.5777739587008687e-26
1328.4149090423725 5.20473222428765e-25
1333.728568678542 4.060675366324008e-24
1339.0634829532567 5.463185778449634e-26
1344.4197368850691 1.8178403526393526e-25
1349.7974158326099 3.794055465235756e-25
1355.1966054959403 1.3662082559831574e-24
1360.6173919179244 5.427305510382586e-24
1366.059861485596 3.026280011954476e-25
1371.5241009315384 1.12988489140388e-24
1377.0101973352646 9.963392263697822e-24
1382.5182381246057 2.3105742796076817e-23
1388.0483110771042 2.9366116809654226e-23
1393.6005043214122 1.5593124752554005e-22
1399.1749063386976 2.4464653504286806e-23
1404.7716059640527 3.384325041740918e-22
1410.3906923879088 3.697339974813504e-22
1416.0322551574602 1.1009642712452055e-21
1421.6963841780905 4.786855269346987e-22
1427.3831697148032 4.907208270148227e-22
1433.0927023936622 4.394599115096064e-21
1438.8250732032368 1.5958612562648018e-21
1444.5803734960498 6.0917358192828965e-21
1450.3586949900334 7.378093845985228e-21
1456.1601297699938 1.0177616242263841e-20
1461.984770289074 7.948735999843414e-21
1467.83270937023 1.0352866817615683e-20
1473.704040207711 1.602656401252536e-20
1479.5988563685412 1.897603318023817e-20
1485.5172517940157 1.6939512675858097e-20
1491.459320801192 2.065335413809163e-20
1497.4251580843968 1.6065822367990807e-20
1503.4148587167342 3.42195924924529e-20
1509.4285181516007 2.9691363330849403e-20
1515.4662322242077 2.948066614364503e-21
1521.5280971531042 7.91114290917525e-21
1527.6142095417167 2.1143160481079014e-21
1533.7246663798837 4.501880868716262e-21
1539.859565045403 6.411259845369387e-21
1546.0190033055849 9.03452586834869e-22
1552.203079318807 2.6847109390133897e-21
1558.4118916360824 3.5954625102211e-21
1564.6455392026269 3.46132241026463e-21
1570.9041213594373 4.673017910842265e-21
1577.187737844875 4.9815126867391524e-21
1583.4964887962547 5.469790588888657e-21
1589.8304747514399 7.596029388570676e-21
1596.1897966504455 5.93374389767288e-21
1602.5745558370472 8.085103566208483e-21
1608.9848540603957 1.0239684194268528e-20
1615.4207934766368 1.0219923693647113e-20
1621.8824766505436 1.1006232946959644e-20
1628.3700065571454 9.944897375914914e-21
1634.8834865833744 1.3669753836461136e-20
1641.4230205297079 1.8956763139856924e-20
1647.9887126118267 2.730416511871811e-20
1654.580667462274 3.046259637772436e-20
1661.198990132123 5.933883559274928e-20
1667.8437860926513 7.025777076982359e-20
1674.515161237022 1.1888622759577951e-19
1681.2132218819695 1.686349615212842e-19
1687.9380747694975 1.7465939343534465e-19
1694.6898270685758 5.294297412197564e-19
1701.4685863768502 4.407226667626755e-19
1708.2744607223572 3.2066967754569634e-19
1715.1075585652468 9.869656470309326e-19
1721.967988799508 9.757118040724665e-19
1728.8558607547059 1.8638790555964972e-18
1735.7712841977245 1.4150105987340954e-18
1742.7143693345156 1.2253751109243204e-18
1749.6852268118535 1.0009965721674998e-18
1756.6839677191008 2.4344209086262087e-18
1763.7107035899771 6.564814431862728e-18
1770.7655464043373 8.477744485469022e-18
1777.8486085899544 4.581854513198041e-18
1784.9600030243143 1.530465718828351e-17
1792.0998430364118 1.2564313059363353e-17
1799.2682424085576 1.4415670520439906e-17
1806.4653153781921 2.6403810084520905e-17
1813.6911766397043 1.0125582550697714e-17
1820.945941346263 1.2148751922064302e-17
1828.2297251116483 3.827234178209853e-18
1835.5426440120948 1.031716767215305e-17
1842.8848145881432 4.6713622065473584e-17
1850.2563538464956 9.56885925950188e-17
1857.657379261881 5.4407955329147964e-17
1865.0880087789287 1.771942413771535e-16
1872.5483608140448 1.8854919261928043e-16
1880.0385542573008 1.0505356020585477e-16
1887.5587084743302 3.7863946053687396e-16
1895.1089433082268 3.165768530603366e-16
1902.68937908146 2.518382234768219e-16
1910.3001365977857 8.387774589858713e-16
1917.9413371441767 6.196575950139337e-16
1925.6131024927531 7.864501866162166e-16
1933.3155549027244 1.6209411388919885e-15
1941.0488171223355 1.5677847847306824e-15
1948.8130123908247 1.4989676007145011e-15
1956.608264440388 3.0300776008650796e-15
1964.434697498149 2.1116344239683426e-15
1972.2924362881417 2.6711338633961497e-15
1980.1816060332944 4.39429602656764e-15
1988.1023324574276 3.6977022625665445e-15
1996.0547417872574 3.0618134771500744e-15
2004.0389607544066 3.612135533327327e-15
2012.0551165974243 2.470816458152531e-15
2020.1033370638136 1.0410556470262709e-15
2028.1837504120688 6.828585606601856e-16
2036.2964854137172 3.107397831976534e-15
2044.4416713553724 5.58636293310484e-15
2052.6194380407937 1.0289480567405776e-14
2060.829915792957 1.315255252686066e-14
2069.0732354561287 1.601608366047772e-14
2077.3495283979532 1.9054601755034224e-14
2085.6589265115445 2.5821659541860505e-14
2094.001562217591 3.0850194965621743e-14
2102.3775684664615 3.460745392900431e-14
2110.787078740328 3.0709508354746864e-14
2119.2302270552887 4.678750911326217e-14
2127.70714796351 5.5733913376492717e-14
2136.217976555364 7.23292206335783e-14
2144.7628484615852 4.507251001850399e-14
2153.341899855432 8.650480379942058e-14
2161.9552674548536 1.2485303576954748e-13
2170.603088524673 1.4900027881863568e-13
2179.285500878772 1.109124735905476e-13
2188.0026428822866 1.3169270077350567e-13
2196.754653453816 2.5519629803920324e-13
2205.541672067631 2.2575257080836392e-13
2214.3638387559017 5.142015453139287e-13
2223.2212941109246 2.504061287344684e-13
2232.114179287369 9.486466794337797e-13
2241.0426360045185 5.903453248341131e-13
2250.0068065485366 1.6335409432670577e-12
2259.0068337747302 9.907844749229528e-13
2268.0428611098296 1.6350716857103622e-12
2277.115032554269 1.98568706316236e-12
2286.223492684486 2.380449892830273e-12
2295.368386655224 5.313978761348816e-12
2304.549860201845 1.4562075600450856e-12
2313.7680596426517 6.0583857465762275e-12
2323.0231318812225 5.424496750503062e-12
2332.3152244087473 1.0659314482793702e-11
2341.6444853063817 1.2117331957095383e-11
2351.0110632476076 4.257335891844735e-12
2360.415107500598 1.3690744270857059e-11
2369.8567679306 4.831227319317242e-12
2379.3361950023227 2.0109600229423523e-11
2388.853539782332 1.660064551938929e-11
2398.4089539414617 3.8272228998864366e-11
2408.0025897572273 4.786520518343453e-11
2417.6346001162565 2.2480733654813226e-11
2427.3051385167214 7.322699234248122e-11
2437.0143590707885 7.343860864944073e-11
2446.762416507072 1.5618538951820394e-10
2456.5494661731 9.731054684006703e-11
2466.375664037793 1.3729638586708407e-10
2476.2411666939443 1.9105170306993673e-10
2486.1461313607197 6.996699956462508e-11
2496.090715886162 1.7412880145430716e-10
2506.075078749707 1.5779168099616143e-10
2516.0993790647044 2.215618416848901e-10
2526.163776580964 4.2986203948177945e-10
2536.268431687288 6.049240482706226e-10
2546.4135054140374 7.514473426309274e-10
2556.599159435693 5.549938158656594e-10
2566.825556073436 4.2519062604293274e-10
2577.09285829773 5.949228664717132e-10
2587.4012297309205 5.047047971365749e-10
2597.7508346498444 8.151528227959871e-10
2608.141837988444 9.487684344953549e-10
2618.5744053403982 1.2419977271899188e-09
2629.0487029617593 1.5200814907079014e-09
2639.5648977736064 1.4196135609799989e-09
2650.123157364701 1.4019607710866915e-09
2660.7236499941596 1.5393404128194614e-09
2671.366544594136 1.5076928228280186e-09
2682.052010772512 1.8650546596764115e-09
2692.7802188156024 1.9321619156992733e-09
2703.551339690865 2.130287845402156e-09
2714.365545049628 2.1930638366847226e-09
2725.223007229827 2.1712352677494664e-09
2736.123899258746 2.130760370326737e-09
2747.0683948557817 2.1065982280831284e-09
2758.0566684352048 1.9970117656844773e-09
2769.0888951089455 1.943310389981152e-09
2780.165250689381 1.8032832347783241e-09
2791.2859116921386 1.6609230572314553e-09
2802.451055338907 1.5147451939909316e-09
2813.660859560263 1.3862867045035275e-09
2824.9155029985036 1.2967576511811693e-09
2836.2151650104965 1.2736472502340309e-09
2847.5600256705393 1.3523532922161074e-09
2858.950265773222 1.5773659059995565e-09
2870.386066836315 2.003907449266578e-09
2881.8676111036607 2.699948507723505e-09
2893.3950815480757 3.748308613516687e-09
2904.968661874268 5.249766972475646e-09
2916.588536521764 7.32551235969036e-09
2928.254890667851 1.0119377999918873e-08
2939.9679102305226 1.3804268809907612e-08
2951.727781871445 1.8586389406853718e-08
2963.534692998931 2.4704230115963183e-08
2975.3888317709266 3.244437957991552e-08
2987.2903870980094 4.214246438707694e-08
2999.2395486464025 5.417141735111635e-08
3011.2365068409886 6.884880596554479e-08
3023.2814528683516 8.692768250131889e-08
3035.374578679825 1.0558302245392833e-07
3047.516076994544 1.35574309528233e-07
3059.7061413025226 1.676973921646758e-07
3071.9449658677336 2.0608951771693682e-07
3084.232745731204 2.518321243856339e-07
3096.569676714128 2.9020253607386443e-07
3108.955955420985 3.5045949524790965e-07
3121.3917792426687 4.4727053328378953e-07
3133.8773463596394 5.376688639146965e-07
3146.412855745078 6.437555108973281e-07
3158.998507168058 7.687731085001686e-07
3171.6345011967305 9.152556882242644e-07
3184.321039201517 1.0796711797002684e-06
3197.0583233583234 1.2688086330508297e-06
3209.8465566517566 1.4899577780423562e-06
3222.6859428783637 1.4677383825740313e-06
3235.576686649877 2.0716250379670582e-06
3248.518993396477 2.4445521451267363e-06
3261.513069370063 2.8023193235654633e-06
3274.559121647543 3.062460878798196e-06
3287.6573581341336 2.423900443951728e-06
3300.8079875666704 2.103799733254377e-07
3314.0112195169368 1.827442119990145e-06
3327.2672643950045 5.365941216626905e-06
3340.5763334525845 7.1759973694283815e-06
3353.938638786395 8.686673626301559e-06
3367.354393341541 1.0196343455836852e-05
3380.8238109149074 1.1889840212285071e-05
3394.347106158567 1.5141906975533349e-05
3407.924494583201 1.7145152628427674e-05
3421.5561925615334 1.813140825062073e-05
3435.2424173317804 1.725233667368291e-05
3448.9833870011066 1.3626180731840389e-05
3462.7793205491116 2.3371975864830537e-05
3476.630437831308 2.5833919945814806e-05
3490.536959582633 2.918908469782265e-05
3504.4991074209643 4.114861161179575e-05
3518.5171038506473 4.855601233660132e-05
3532.5911722660503 5.9996315865096306e-05
3546.7215369551145 8.278135595137621e-05
3560.9084231029346 7.79488428891286e-05
3575.1520567953467 7.387433436566198e-05
3589.452665022528 0.00010255723168913057
3603.810475682617 0.0001284824765694135
3618.225717585348 0.00013654142026177626
3632.698620455689 0.0001283495414607844
3647.2294149375116 0.00012956104586276908
3661.8183325972614 0.000177618902408476
3676.4656059276513 0.00015033995085345447
3691.1714683513615 0.00017260312447713768
3705.936154224767 0.00015930211533322005
3720.7598988416657 0.00016646735864376278
3735.6429384370326 0.0001846822854626509
3750.585510190781 0.00021167646172082777
3765.587852231544 0.0002919803797206702
3780.6502036404704 0.0004201658663628065
3795.772804455032 0.000443941446513866
3810.955895672852 0.00047238567008020776
3826.199719255544 0.00036628178313577415
3841.504518132566 0.00046518308556270263
3856.870536205096 0.00041169017090202364
3872.2980183499167 0.00048099993596522874
3887.7872104233156 0.0005084411374527192
3903.338359265009 0.0006024142510650278
3918.9517127020695 0.0006859487882167336
3934.6275195528774 0.0008728511722249373
3950.3660296310895 0.0012629097113987001
3966.1674937496136 0.0018304905410589949
3982.0321637246125 0.0019263282423124055
3997.9602923795105 0.00214913084784084
4013.9521335490285 0.0030234094104199115
4030.007942083225 0.0034238427775115407
4046.1279738515577 0.0010034568598650154
4062.312485746964 0.0043681310415493845
4078.5617356899515 0.005611354277141197
4094.8759826327114 0.006482593160335352
4111.255486563242 0.007038650888663042
4127.700508509496 0.007588025433370085
4144.211310543533 0.00842789382496495
4160.788155785708 0.009670720990568921
4177.431308408849 0.010229540566126656
4194.141033642486 0.010980399902572359
4210.917597777056 0.008264700030923843
4227.761268168164 0.01268523215149601
4244.672313240838 0.014710835940567433
4261.651002493801 0.015173957872462557
4278.697606503776 0.01645540046515348
4295.812396929791 0.016102937173999427
4312.995646517511 0.019309032245441463
4330.24762910358 0.02132726810060343
4347.568619619994 0.02480013596579974
4364.958894098475 0.023048276184110206
4382.418729674868 0.01710618605369696
4399.948404593568 0.02959424100770929
4417.548198211942 0.029484087485141197
4435.21839100479 0.024928775495665117
4452.959264568809 0.033118478823416425
4470.771101627084 0.030838424019684032
4488.654186033592 0.03369093106838816
4506.608802777726 0.049026172731765745
4524.635237988838 0.04981258140751547
4542.733778940792 0.05481271614713593
4560.904714056555 0.05223847966742481
4579.148332912781 0.05279955870918725
4597.464926244433 0.051923903162767335
4615.85478594941 0.07069197214866757
4634.318205093208 0.06037091470583205
4652.855477913582 0.06624228532626567
4671.466899825236 0.06791830738321242
4690.152767424537 0.08168638920491522
4708.913378494234 0.1125044374528089
4727.749032008212 0.11659532925022097
4746.660028136244 0.12909985407409044
4765.646668248789 0.08431090401132628
4784.709254921784 0.06720440758146282
4803.8480919414715 0.0705822144185754
4823.063484309237 0.07978611145680908
4842.355738246474 0.10649911370434097
4861.72516119946 0.11577321993023869
4881.172061844257 0.14428068373098626
4900.6967500916335 0.15394305452937038
4920.299537092001 0.16980332296862824
4939.9807352403695 0.1736024533196922
4959.740658181329 0.09516357935672062
4979.5796208140555 0.07536094606821252
4999.497939297312 0.07341612685657031
5019.495931054502 0.06392347586525338
5039.57391477872 0.06344961469525962
5059.732210437835 0.058923631277639985
5079.971139279585 0.06329207976758958
5100.291023836704 0.054659091120374946
5120.692187932051 0.045501809776886226
5141.174956683781 0.03540547646279058
5161.739656510514 0.026272609278110846
5182.386615136556 0.023776816316157683
5203.116161597103 0.030544670051961216
5223.928626243489 0.05234145686262793
5244.824340748465 0.05702782475991477
5265.803638111459 0.0537487625122769
5286.866852663905 0.0555855369559826
5308.0143200745615 0.05277718868687504
5329.246377354859 0.04720849644762548
5350.563362864278 0.04529248567797672
5371.965616315736 0.041046075020512246
5393.453478780998 0.038283639447884404
5415.027292696122 0.03500413156802686
5436.687401866905 0.031753449999577715
5458.434151474374 0.02789518464509706
5480.267888080271 0.025495353440735658
5502.188959632591 0.022937822042572276
5524.197715471122 0.02048653897707999
5546.294506333006 0.017907668444976533
5568.479684358337 0.015508585339712376
5590.753603095771 0.013317013503868734
5613.1166175081535 0.011132861780441575
5635.569083978187 0.009310870583111096
5658.1113603140975 0.0074423528637785254
5680.743805755354 0.00584612468899731
5703.466780978376 0.0044128003791975325
5726.28064810229 0.0032197122230798966
5749.185770694699 0.0022161345702194713
5772.182513777476 0.0014227546831702582
5795.271243832587 0.0008324897392608183
5818.452328807918 0.00043177433717244475
5841.72613812315 0.00018904110317876025
5865.093042675643 3.078527671283512e-05
5888.553414846345 2.087354447415564e-07
5912.10762850573 6.021460731027108e-06
5935.756059019754 0.00014912469419446533
5959.499083255832 0.0006238358296339164
5983.337079588855 0.0016186664713128452
6007.27042790721 0.003568310215396653
6031.299509618841 0.007165678923442473
6055.424707657316 0.012743605539250843
6079.646406487946 0.020852180587343682
6103.964992113897 0.03252008073087336
6128.380852082353 0.048636764812171905
6152.894375490681 0.06956629141323206
6177.505952992646 0.09297768708911797
6202.215976804616 0.1222576575651969
6227.024840711833 0.1557562132143216
6251.932940074681 0.20203431744733888
6276.940671834981 0.25999777303640315
6302.048434522321 0.33379756172635683
6327.256628260409 0.4221319962938197
6352.5656547734525 0.5172794314857803
6377.975917392546 0.6181062592762462
6403.487821062116 0.7488403007592653
6429.101772346364 0.8530123343645538
6454.81817943575 1.028260525491487
6480.637452153493 1.2116300261021513
6506.560001962106 1.413428267199577
6532.586241969955 1.6904209948832336
6558.716586937834 1.7768118647698012
6584.951453285586 1.8945684040755841
6611.291259098727 2.0502945019837675
6637.7364241351215 2.1271274555413386
6664.2873698316625 1.9586340390639667
6690.94451931099 1.9816754163996675
6717.7082973882325 2.0673511707243843
6744.579130577787 2.197415637396438
6771.557447100097 2.61890377232934
6798.643676888497 2.686611949741259
6825.838251596053 3.2097862279507
6853.141604602436 3.569992582872635
6880.554171020846 3.9068275128151577
6908.0763877049285 4.2906602283497675
6935.708693255749 4.347106568500563
6963.4515280287715 4.632378160263089
6991.305334140887 4.81110379923752
7019.270555477449 5.0130038805911115
7047.34763769936 4.790977491164373
7075.537028250157 3.172408108095506
7103.839176363159 2.925008011825695
7132.254533068612 2.9777883299749885
7160.783551200888 3.2001681831208852
7189.42668540569 3.8262367436890363
7218.184392147313 4.151974317824653
7247.0571297159 4.976945669099489
7276.045358234765 5.529266229844833
7305.149539667704 5.87806308949573
7334.370137826372 5.87043628430492
7363.707618377678 5.632967662790172
7393.162448851191 5.280212246121126
7422.735098646595 4.844877155109197
7452.426039041182 4.380821374431538
7482.235743197345 3.89041068567766
7512.1646861701365 3.2909786877333764
7542.213344914818 2.751639052968827
7572.382198294477 2.2048979011792333
7602.671727087656 1.4587070401829272
7633.082413996006 0.4360210031180272
7663.614743651989 0.009850967959546462
7694.269202626598 0.013772124941843452
7725.046279437104 0.1955280484383225
7755.946464554851 0.7747902943900323
7786.970250413072 1.9020973785596134
7818.118131414723 3.1054480825776163
7849.390603940383 4.179660122326435
7880.788166356144 5.432946377026112
7912.311319021571 6.725881376890304
7943.960564297654 8.294497679663252
7975.736406554845 9.932471098358265
8007.639352181065 11.81988325811788
8039.669909589788 13.461154424834554
8071.828589228147 15.138844057903755
8104.115903585063 16.86000603716367
8136.532367199402 18.812865783811763
8169.078496668199 20.582174415059058
8201.754810654873 21.158756117843822
8234.561829897493 23.162195561444346
8267.500077217084 25.263511653566972
8300.570077525952 26.269541867093103
8333.772357836056 28.611912130489312
8367.1074472674 30.192034502650362
8400.575877056472 31.69860855117557
8434.178180564695 29.171593810364847
8467.914893286956 23.31699143345245
8501.786552860101 27.561043345924723
8535.793699071543 31.367371266218683
8569.936873867831 36.09759412274677
8604.216621363299 36.09874137595181
8638.633487848754 25.862494057910222
8673.18802180015 34.59337176515159
8707.880773887353 24.418588434727376
8742.7122969829 27.74341125068909
8777.68314617083 33.931237901905625
8812.793878755514 34.87775127189968
8848.045054270535 39.929395014911556
8883.437234487617 33.30220309463877
8918.970983425568 40.8235415621355
8954.64686735927 42.83687025431341
8990.465454828707 49.06577917524502
9026.427316648023 47.32557867767
9062.533025914616 46.04283546634882
9098.783158018272 53.44858055197665
9135.178290650345 55.48974139124388
9171.719003812947 60.70296023021832
9208.405879828202 64.33197454829389
9245.239503347511 65.18441572492776
9282.2204613609 62.744229449479064
9319.349343206346 63.10739744972304
9356.626740579171 66.33828567499329
9394.053247541488 70.2671450928406
9431.629460531654 73.83757483311852
9469.355978373778 77.4103958041751
9507.233402287276 79.38517963126452
9545.262335896427 81.56371816055352
9583.443385240013 81.26943485706484
9621.777158780975 81.04140039123693
9660.264267416096 83.11844671530932
9698.90532448576 86.57568091764158
9737.7009457837 85.12971341825603
9776.651749566838 85.52339910044161
9815.758356565104 87.35031009863984
9855.021389991363 84.27012655838183
9894.441475551332 64.14296242818341
9934.019241453534 36.784910761525424
9973.755318419348 41.19852853445226
10013.650339693024 42.86010304318291
10053.704941051796 41.88318198443217
10093.919760816003 48.67594011886073
10134.295439859268 46.72482452722642
10174.832621618703 47.65875482036816
10215.531952105179 49.59129566450357
10256.394079913602 50.50964808395372
10297.419656233254 48.92982953504337
10338.609334858189 50.263619793838956
10379.96377219762 55.22225371546581
10421.483627286412 54.250775703962134
10463.169561795556 56.9970812988533
10505.022240042741 55.77685673387145
10547.042329002912 57.90923928035857
10589.230498318922 57.14326342068399
10631.587420312197 57.354000124726525
10674.113769993448 55.678936793752605
10716.810225073421 56.031374489082154
10759.677465973711 57.04903081348238
10802.716175837608 56.39738094839512
10845.927040540959 57.19330839539428
10889.310748703121 57.63738498877241
10932.867991697934 56.37264864543464
10976.599463664725 55.3826292099244
11020.505861519383 54.54992194172086
11064.587884965462 52.67694184838896
11108.846236505324 51.23667163939257
11153.281621451348 49.651720010256916
11197.894747937147 51.70423766683243
11242.686326928899 53.23896251372
11287.657072236614 55.7868158923858
11332.807700525562 50.01874178913541
11378.138931327663 56.593893907915
11423.651487052975 57.80434794770693
11469.346093001184 58.88326897128059
11515.22347737319 58.39742976008241
11561.284371282683 58.2959980762687
11607.529508767815 58.55858392433846
11653.959626802887 59.9938968099427
11700.5754653101 59.25326484293593
11747.377767171341 60.21229587994416
11794.367278240028 58.9395014890076
11841.544747352984 62.40073771727219
11888.9109263424 63.426996231304685
11936.46657004777 62.635838066772536
11984.212436327958 60.148771011345914
12032.149286073272 60.40859424461483
12080.277883217566 61.82570611542426
12128.598994750435 61.4801525150374
12177.113390729437 62.88990890206251
12225.821844292353 63.00005363974469
12274.725131669524 64.83820000012591
12323.824032196202 65.45048596826096
12373.119328324985 66.44272772510234
12422.611805638286 66.08724890200621
12472.302252860838 69.60378286823901
12522.19146187228 70.31423018719033
12572.280227719768 73.1406288608251
12622.569348630648 74.8798167241987
12673.059626025171 77.05324632045527
12723.751864529271 78.22950320841188
12774.646871987386 79.45471802530032
12825.74545947534 80.40202360873734
12877.04844131324 80.66426942721613
12928.556635078494 81.38932290154712
12980.270861618808 82.40895623037558
13032.191945065284 83.40039552268102
13084.320712845543 84.0070791843778
13136.657995696927 84.44823484998034
13189.204627679715 85.0336242458062
13241.961446190431 83.69350805369844
13294.929291975195 78.61964274653471
13348.109009143096 60.80822110517629
13401.50144517967 43.8056609322534
13455.107450960388 36.093313338743705
13508.927880764231 32.57185899790946
13562.963592287288 27.5043040645512
13617.215446656439 32.959149967095634
13671.684308443064 40.66889400702226
13726.371045676835 41.99738629138375
13781.276529859542 48.25446364725216
13836.40163597898 37.307998397131726
13891.747242522899 38.9034542392472
13947.314231492988 34.61790389589928
14003.103488418961 37.07263367091541
14059.115902372636 38.88856882912793
14115.352365982128 32.27439094447158
14171.813775446057 34.219244902073726
14228.501030547843 34.929766678277794
14285.41503467003 38.21612483526808
14342.556694808713 36.349708673530586
14399.926921587949 38.001222031803366
14457.5266292743 41.77011986973481
14515.356735791396 43.76972405234585
14573.418162734559 46.018493986269704
14631.711835385498 44.995423149029676
14690.238682727038 44.07881338908681
14748.999637457951 45.46987521534796
14807.995636007783 45.07821669231718
14867.227618551815 45.15145138280322
14926.69652902602 44.95797589436971
14986.403315142123 44.99394556469077
15046.348928402693 44.31500964927749
15106.534324116303 43.460026776357424
15166.96046141277 42.91775906182817
15227.62830325842 42.56400086260612
15288.538816471453 41.69562810178036
15349.692971737337 40.7480140755481
15411.091743624287 39.81159255744514
15472.736110598784 38.919668176757746
15534.62705504118 37.6639512896305
15596.765563261344 36.53285526809129
15659.152625514387 35.40578121684933
15721.789236016448 34.22549992258657
15784.676392960515 33.01550923532373
15847.815098532355 31.848156545304644
15911.206358926484 30.623714070988402
15974.85118436219 29.423874844827296
16038.75058909964 28.222457238356874
16102.905591456036 27.01000118702441
16167.31721382186 25.81753145623145
16231.986482677148 24.655536057564593
16296.914428607855 23.58432756118077
16362.102086322288 22.59455824244432
16427.550494667576 21.67974981633776
16493.260696646248 20.853099725903196
16559.23373943283 19.967185198131514
16625.470674390563 19.12695558444717
16691.972557088127 18.00779878080543
16758.74044731648 17.464290814423045
16825.775409105743 16.799290492659996
16893.07851074217 16.045857066567624
16960.650824785134 15.346608354652126
17028.493428084275 14.707779252630164
17096.607401796613 14.12940793581606
17164.993831403797 13.489185471379633
17233.653806729413 12.881270519605318
17302.588421956334 12.273133594735423
17371.798775644158 11.695956365495302
17441.285970746736 11.104137262014836
17511.05111462972 10.557553995380571
17581.095319088243 9.906483505456892
17651.419700364593 9.176298267362784
17722.02537916605 8.792387100079878
17792.913480682713 8.059886190525612
17864.085134605448 7.457187986465127
17935.54147514387 6.770767392681367
18007.283641044443 6.546043469542457
18079.312775608625 5.968649243377149
18151.630026711056 5.8770130107400576
18224.236546817894 5.8219648796142724
18297.133493005167 5.244007963029266
18370.32202697719 5.197281365288007
18443.803315085097 5.269159936420539
18517.578528345435 4.953767125658842
18591.648842458817 4.49047124860288
18666.01543782865 4.146691070727813
18740.67949957997 4.2192343846958895
18815.642217578286 4.855763150185155
18890.9047864486 4.6820069375884525
18966.4684055944 4.667072331188322
19042.334279216768 4.201003852600597
19118.50361633364 4.1484612272683945
19194.977630798967 3.858918198720243
19271.757541322168 3.711955619466394
19348.844571487454 3.632335449015745
19426.239949773408 3.4572793071868784
19503.9449095725 3.6375437783621334
19581.960689210795 3.4978980016036934
19660.28853196764 3.67655133456214
19738.929686095507 3.6119455569938794
19817.885404839893 3.706017400795565
19897.15694645925 3.685840934437178
19976.745574245087 3.707661430964113
20056.65255654207 3.685107591044356
20136.879166768238 3.642067988383224
20217.426683435307 3.593433094962633
20298.296390169045 3.534234409700385
20379.489575729727 3.4854900072537
20461.007534032648 3.4291474123505323
20542.851564168777 3.3612259404599536
20625.02297042545 3.2930740259803777
20707.523062307162 3.2186518697285016
20790.353154556382 3.142257916107205
20873.514567174607 3.0707642759525924
20957.008625443308 3.0028022633012488
21040.836659945082 2.943576978466007
21125.000006584854 2.894551320485451
21209.5000066112 2.853786443963155
21294.33800663765 2.821086340601051
21379.515358664197 2.7940815692525796
21465.033420098855 2.7691759302994297
21550.893553779246 2.7433205787941617
21637.097127994366 2.711786348971552
21723.645516506345 2.679965419600755
21810.540098572368 2.6359252439766534
21897.782258966654 2.5940585206123057
21985.37338800253 2.526628348025433
22073.314881554532 2.4816869774552575
22161.60814108075 2.4598923234632983
22250.25457364508 2.4121695694491985
22339.25559193965 2.3692985310121855
22428.61261430741 2.317706095718268
22518.32706476464 2.274912535948571
22608.400373023702 2.223470240096689
22698.833974515794 2.197520412946894
22789.62931041386 2.162933676864824
22880.78782765551 2.1295897408797755
22972.310978966132 2.0994663222263346
23064.200222882002 2.095002865901758
23156.457023773528 2.0507718095544916
23249.082851868614 2.0267827051292526
23342.079183276095 2.007110533947429
23435.447500009202 1.995922539890289
23529.18929000923 2.002098959894985
23623.306047169273 2.0186814362929737
23717.79927135796 1.994181967352016
23812.670468443375 2.021216175320631
23907.92115031715 2.0631277819233653
24003.552834918424 2.1002528770090945
24099.56704625809 2.1461243426861953
24195.96531444313 2.1917413275645297
24292.749175700897 2.28294719896016
24389.9201724037 2.3403436276497467
24487.479853093315 2.3981424930138004
24585.42977250569 2.508289493074123
24683.771491595708 2.5793984954690052
24782.50657756209 2.588141833380758
24881.636603872343 2.659815378778091
24981.16315028783 2.7832159737463846
25081.087802888986 2.6568290019012455
25181.412154100537 2.7429199630158534
25282.137802716934 2.6106886120415354
25383.266353927807 2.710169732444771
25484.79941934352 2.601671586219346
25586.73861702089 2.9406368317900866
25689.08557148898 2.852338865888623
25791.84191377493 2.9121328538129996
25895.009281430033 3.049095964668861
25998.589318555754 3.2826536615475366
26102.58367582998 3.8512109497028293
26206.994010533297 4.103062573535224
26311.821986575433 4.0989634126803365
26417.069274521735 4.803403655975592
26522.737551619815 4.909122232963217
26628.828501826294 4.1079961374724725
26735.343815833607 3.096770755327878
26842.285191096937 3.2262759975957698
26949.654331861326 3.786456108667812
27057.452949188766 4.0258029564593
27165.682760985525 4.295261943916132
27274.345492029468 5.414885260321843
27383.442873997585 4.2857148932912645
27492.976645493567 5.949203839714153
27602.948552075544 4.599848685946309
27713.360346283847 4.6535970695669615
27824.213787668985 4.236726401029171
27935.510642819663 5.973512028870391
28047.252685390937 4.361605505288485
28159.441696132504 5.188354601296754
28272.079462917034 6.717062673080745
28385.167780768694 5.16151748389117
28498.70845189177 5.926703347431871
28612.703285699336 6.771336217337281
28727.154098842133 6.4687458433244975
28842.062715237505 7.264510766412362
28957.430966098455 7.535130470513432
29073.260689962848 7.507132870303402
29189.553732722703 8.697040787102432
29306.311947653598 9.161538734192712
29423.537195444205 9.055116234213394
29541.231344225984 9.423794370460877
29659.396269602887 9.78938869721108
29778.033854681304 10.269389299474387
29897.14599010003 11.112378366877236
30016.734574060432 9.346169561538698
30136.80151235667 11.43959747787557
30257.348718406094 11.66324913253939
30378.37811327972 12.61976541300494
30499.89162573284 11.670555975563882
30621.891192235766 13.383368607479172
30744.37875700471 12.86745127175808
30867.356272032728 12.82729878461543
30990.825697120858 12.701801148893614
31114.78899990934 12.227881504391345
31239.24815590897 12.934427714269555
31364.20514853261 11.809044788083744
31489.661969126744 11.665911908153916
31615.62061700325 11.047028926047968
31742.083099471263 11.038838138089844
31869.05143186915 10.506719247359385
31996.527637596624 9.810521875251753
32124.51374814701 10.671981334614069
32253.011803139605 10.676463990495211
32382.02385035216 11.572235077547601
32511.55194575357 12.424024294674412
32641.598153536583 12.969349283481312
32772.16454615073 13.81395758431784
32903.25320433533 14.673740756082996
33034.86621715268 14.08928155747653
33167.005682021285 4.667148448439513
33299.673704749366 4.140133300128197
33432.87239956837 8.429461130420433
33566.60388916664 11.761510015890495
33700.87030472331 13.929324441786063
33835.6737859422 13.760823002226404
33971.016481085964 13.18378683679164
34106.900547010315 12.776551934715927
34243.32814919835 12.87935463577577
34380.30146179514 12.81128266979573
34517.82266764233 12.917859830879271
34655.893958312896 13.3782434614417
34794.51753414615 13.520842441022332
34933.69560428273 13.864338211009844
35073.43038669985 14.463436479119784
35213.72410824666 14.814616280812633
35354.57900467965 14.981499519900554
35495.99732069836 15.284794778038416
35637.98130998116 15.896112685576613
35780.53323522108 16.322756446555214
35923.65536816197 16.961883774732346
36067.34998963462 17.085047605805656
36211.61938959315 17.486143160897576
36356.46586715153 17.779293287844226
36501.891730620126 17.851120947374433
36647.89929754261 17.933437567089427
36794.49089473278 18.08319060181193
36941.6688583117 17.95534143642668
37089.43553374496 17.910700009664254
37237.793275879936 17.852407647406515
37386.74444898345 17.825048150236796
37536.29142677938 17.73595055335949
37686.43659248651 17.534672628960276
37837.18233885645 17.423856831231063
37988.53106821188 17.317786024346653
38140.48519248474 17.235527630388876
38293.04713325467 17.09366147154145
38446.21932178769 16.87691894287731
38600.00419907484 16.78304021698356
38754.40421587113 16.620299486609028
38909.42183273463 16.46920807003643
39065.05952006556 16.28780552125633
39221.31975814583 16.14180241467384
39378.205037178406 15.98322301257544
39535.71785732712 15.781515503323414
39693.860728756415 15.616646214084197
39852.636171671445 15.424736410264115
40012.04671635814 15.214392587608613
40172.09490322357 15.04179606516047
40332.78328283648 14.81846420393546
40494.11441596781 14.602954515180096
40656.090873631685 14.424134421643016
40818.71523712622 14.147935906567964
40981.990098074726 13.949154135053853
41145.918058467025 13.784529625107352
41310.50173070089 13.465725262972196
41475.74373762369 13.395121933982685
41641.646712574184 13.05525568690599
41808.21329942448 12.804555997079486
41975.44615262219 12.74210729794477
42143.347937232684 12.38582646256261
42311.921328981625 12.394848290253181
42481.16901429755 11.901113406811346
42651.09369035474 11.907767313421916
42821.69806511615 11.605738430231087
42992.98485737662 11.070371436221667
43164.95679680613 11.017235523556092
43337.61662399335 10.9595651138206
43510.96709048933 10.7872623131229
43685.01095885128 10.701481568335502
43859.75100268668 10.571638235386045
44035.19000669744 10.252630427317245
44211.330766724226 10.244608575675189
44388.176089791115 9.723744922291173
44565.72879415028 9.738574412795273
44743.991709326874 9.053712239080632
44922.9676761642 9.180125770323224
45102.65954686885 9.147385146476703
45283.07018505633 8.274227181333494
45464.20246579656 8.750260980252145
45646.05927565975 8.407610417884404
45828.64351276236 8.585372258548235
46011.95808681343 8.359152386156236
46196.00591916067 7.9417733452216135
46380.78994283732 8.266891146028263
46566.31310260868 8.116792193923885
46752.578355019126 7.76708027926513
46939.588668439166 8.034138872588862
47127.34702311293 7.597841297457879
47315.85641120539 7.330923402729459
47505.11983685021 7.511912644812247
47695.14031619761 7.160649858248399
47885.9208774624 6.7989386429885545
48077.46456097225 6.922343298036516
48269.774419216126 6.974591916544437
48462.853516892996 6.509939667893729
48656.70493096058 6.936361847561367
48851.33175068441 6.61219839999618
49046.737077687154 6.455266632641724
49242.92402599791 6.528653232506898
49439.89572210189 6.206732501870931
49637.6553049903 5.865816702859098
49836.20592621027 6.39327863297845
50035.55074991511 6.151828939905038
50235.69295291477 5.271934476766467
50436.63572472643 5.890613141104462
50638.382267625326 5.947009307996508
50840.935796695834 5.32070096006608
51044.2995398826 5.4548841781264334
51248.47673804215 5.432952404560819
51453.47064499432 4.6351718003673135
51659.28452757429 4.936238776974834
51865.92166568459 5.401390111241922
52073.38535234733 4.218911342131461
52281.67889375672 4.812942843341208
52490.80560933175 4.751802332938909
52700.76883176907 4.416510591209163
52911.57190709616 4.4514769433882355
53123.218194724526 4.390906498802711
53335.711067503435 4.863648238167882
53549.053911773444 3.63383223929612
53763.25012742054 3.9995828301569767
53978.303127930216 4.316661502731713
54194.21634044194 3.0022950796443704
54410.99320580371 4.1081707200447966
54628.63717862692 3.5481976154491313
54847.15172734143 3.75212364211996
55066.540334250785 3.671267981787641
55286.80649558781 3.4159757142251523
55507.95372157016 3.243160645395058
55729.985536456436 3.015198862241122
55952.90547860226 3.37922699372141
56176.717100516675 3.2367443819519663
56401.42396891874 3.164373469179995
56627.02966479442 3.1617914989381815
56853.5377834536 2.886953089606913
57080.95193458741 2.7839744940779827
57309.27574232576 2.7112846633429104
57538.51284529506 2.906642239947704
57768.666896676245 2.581415600920397
57999.74156426295 3.09783703028712
58231.74053052 2.3273897787924764
58464.66749264208 2.906289022801944
58698.52616261265 2.4090062455031416
58933.3202672631 2.3802574003832557
59169.05354833215 2.823054633584189
59405.72976252549 2.2285029194040495
59643.3526815756 2.7132991244212645
59881.926092301896 2.6460671795674187
60121.45379667111 2.8052109707931567
60361.93961185778 2.514829289375972
60603.38737030522 2.283159785074907
60845.800919786445 2.6659136971965474
61089.184123465595 2.367508992263632
61333.54085995945 2.6500626965686203
61578.87502339928 2.277866762056833
61825.19052349288 2.359739272413916
62072.491285586846 2.5594134208750074
62320.7812507292 2.524359623478909
62570.06437573213 2.6158577453270304
62820.34463323505 2.552941560905003
63071.62601176801 2.6063951910420577
63323.91251581507 2.438334579196881
63577.20816587833 2.4556346278113543
63831.51699854184 2.334820588515085
64086.843066536014 1.8593286815165861
64343.19043880215 2.1278533538585584
64600.563200557364 1.934076782280736
64858.96545335958 1.5879144306033282
65118.401315173025 1.780104068111751
65378.87492043372 1.8619224481695529
65640.39042011545 1.6429631975508594
65902.95198179591 1.5126890112891649
66166.56378972309 1.5418299953168613
66431.23004488199 1.5736161329597824
66696.95496506151 1.736464617306382
66963.74278492175 1.815892721681666
67231.59775606144 1.635981675365483
67500.52414708569 1.8648640127545641
67770.52624367403 1.6414712066149542
68041.60834864872 1.6605604609088709
68313.77478204331 1.6285563322279373
68587.02988117147 1.4584092699416453
68861.37800069616 1.7673559239917094
69136.82351269896 1.7762851271897926
69413.37080674975 1.8096505542874106
69691.02428997675 1.5862008302019721
69969.78838713666 1.6969779600526826
70249.6675406852 1.6625782364597896
70530.66621084794 1.4737908498856935
70812.78887569135 1.6539154332737875
71096.04003119409 1.5848090107923285
71380.42419131887 1.6124034421339672
71665.94588808414 1.4922409577357223
71952.60967163648 1.5326706235835679
72240.42011032304 1.525848001717251
72529.38179076432 1.497922818848281
72819.49931792737 1.4111439614342487
73110.77731519907 1.4764276530954372
73403.22042445988 1.3132660415899593
73696.83330615771 1.3864335333539608
73991.62063938235 1.444165510797799
74287.58712193987 1.3837822734538094
74584.73747042764 1.2500156204724744
74883.07642030934 1.3637228547147628
75182.60872599059 1.4358019586829904
75483.33916089457 1.400355033571171
75785.27251753812 1.330055920821625
76088.4136076083 1.270211824658116
76392.76726203872 1.4518797393497627
76698.33833108687 1.1314883158456095
77005.13168441122 1.1828644706516456
77313.15221114887 1.1777223570230995
77622.40481999348 1.166018735387803
77932.89443927344 1.2677899989625936
78244.62601703055 1.2720847196081089
78557.60452109865 1.2437790889698144
78871.83493918306 1.160299655531892
79187.3222789398 1.2301685844100967
79504.07156805556 1.2395333002150084
79822.08785432778 1.2835355609684898
80141.37620574511 1.2088175041444595
80461.94171056806 1.1672266925565669
80783.78947741033 1.2139623903401773
81106.92463531997 1.2355752137231497
81431.35233386126 1.1569319101341207
81757.0777431967 1.1465359925731968
82084.10605416949 1.144963058243713
82412.44247838613 1.1145738531672111
82742.09224829968 1.1650675378873452
83073.06061729288 1.1637238874494409
83405.35285976208 1.125635162684918
83738.9742712011 1.0789661328898887
84073.93016828595 1.1269559092283117
84410.22588895904 1.1082515815480969
84747.86679251489 1.1000263878086378
85086.85825968496 1.0359925582057734
85427.20569272367 1.0821888951773957
85768.91451549459 1.0813862850967677
86111.99017355654 1.059366641674483
86456.43813425078 0.9930018926887769
86802.2638867878 1.0282202815029309
87149.47294233493 1.030800661686168
87498.07083410428 1.0059682307869748
87848.0631174407 0.9625040758165408
88199.45536991046 0.9762540752259431
88552.25319139009 0.9864779694236607
88906.46220415569 0.979303067388929
89262.08805297229 0.9309530183289658
89619.1364051842 0.9038419977575605
89977.61295080492 0.9336570952141988
90337.52340260813 0.9241707575863642
90698.87349621857 0.8933225849911246
91061.66899020346 0.896266864183217
91425.91566616425 0.8790943079866057
91791.61932882894 0.8803238033848612
92158.78580614422 0.8481789194696161
92527.4209493688 0.871033410717844
92897.53063316627 0.8318108244139685
93269.12075569895 0.8270555870445266
93642.19723872172 0.8370968468427931
94016.76602767664 0.8202295617445732
94392.83309178732 0.8106794903261652
94770.40442415449 0.7910527173790359
95149.48604185111 0.7939738996926852
95530.08398601852 0.7844447012362885
95912.20432196259 0.7876722004849884
96295.85313925042 0.7748013482857049
96681.0365518075 0.7496772606982001
97067.76069801472 0.7560443629231169
97456.03174080675 0.7499566676030321
97845.85586776999 0.7470181370676042
98237.23929124104 0.7374502698821036
98630.18824840599 0.7241473451460876
99024.70900139965 0.7137827010679472
99420.80783740526 0.7118655939410129
99818.49106875488 0.7155252450017568
100217.76503302988 0.7060852452996885
100618.636093162 0.6842318032318256
101021.11063753467 0.6862585079639825
101425.1950800848 0.684813812280884
101830.89586040513 0.6800321008007901
102238.21944384674 0.6734182578746069
102647.17232162213 0.660425753601295
103057.7610109086 0.6496989390562754
103469.99205495225 0.5290073265298265
103883.87202317205 0.5271680089880685
104299.40751126477 0.5605635432855866
104716.60514130979 0.5684428051293191
105135.47156187505 0.563995768213174
105556.01344812254 0.5824155179368224
105978.23750191503 0.5838234192699788
106402.15045192267 0.57320347793378
106827.75905373038 0.5483059170747335
107255.07008994528 0.49080553993257525
107684.09037030509 0.5045170997654642
108114.8267317863 0.5300234682236801
108547.28603871344 0.5443409744922956
108981.47518286831 0.5392656794044121
109417.40108359976 0.5283775326396164
109855.0706879342 0.5212326708231024
110294.49097068593 0.5145480951839072
110735.66893456863 0.5337216610540316
111178.61161030692 0.5262102500700163
111623.32605674816 0.526931475244633
112069.81936097513 0.5139017196593387
112518.09863841905 0.4905972923392716
112968.17103297272 0.5104245734431048
113420.0437171046 0.5019736275462868
113873.72389197304 0.49545486231531566
114329.21878754091 0.4956583446542141
114786.53566269108 0.4811927090141496
115245.68180534184 0.4614045309243034
115706.66453256323 0.4673558544127621
116169.49119069346 0.4668329141320041
116634.16915545624 0.45888303965927035
117100.70583207808 0.421483331145761
117569.1086554064 0.44233154053271123
118039.385090028 0.43220600616240634
118511.54263038811 0.4410339848941409
118985.58880090967 0.4362477311865831
119461.5311561133 0.4279829560445287
119939.37728073777 0.4134390918670994
120419.13478986072 0.4210664560752261
120900.81132902016 0.39059253870219063
121384.41457433623 0.41174789186466737
121869.9522326336 0.4105774402837364
122357.43204156413 0.39244004581221037
122846.86176973036 0.3823326628281779
123338.2492168093 0.3900292308513009
123831.60221367657 0.3559704090620784
124326.92862253124 0.3720027978493724
124824.23633702139 0.3799742069534373
125323.53328236948 0.35187850154824035
125824.82741549893 0.3500582359534565
126328.12672516092 0.3638768214301614
126833.43923206156 0.3491095861422032
127340.77298898982 0.34223240848195186
127850.13608094577 0.3517084260238961
128361.53662526955 0.3348145921579826
128874.98277177062 0.33514783566410994
129390.4827028577 0.3355160436124612
129908.04463366912 0.3317209343148817
130427.67681220379 0.31304084460481674
130949.38751945265 0.3257405044973807
131473.18506953045 0.313237739497531
131999.07780980857 0.3158396240364097
132527.0741210478 0.30212202488176665
133057.182417532 0.2961102357669542
133589.4111472021 0.2994247557360621
134123.76879179094 0.2840505977327505
134660.26386695806 0.28311490840870085
135198.9049224259 0.2921580844049541
135739.7005421156 0.2856102347646224
136282.65934428407 0.28073426368577403
136827.78998166122 0.2770724386981469
137375.1011415879 0.2716262455672401
137924.60154615424 0.2737824799791135
138476.29995233883 0.26772684685014925
139030.20515214818 0.26770250903343584
139586.32597275675 0.2674197393868971
140144.6712766478 0.25180809953632444
140705.2499617544 0.25528284983233057
141268.0709616014 0.25139764344603155
141833.1432454478 0.23638966597145714
142400.4758184296 0.24306523594458238
142970.07772170333 0.2466148782410616
143541.95803259013 0.2301540006141411
144116.12586472047 0.22773315740354888
144692.59036817937 0.22410211160304966
145271.3607296521 0.21951578061965613
145852.44617257072 0.2298283194444634
146435.85595726097 0.2248207655597528
147021.59938109003 0.22141998396053544
147609.6857786144 0.2218161535092639
148200.12452172884 0.21483372624242322
148792.92501981577 0.2027886186848521
149388.09671989502 0.20425542551544837
149985.6491067746 0.20558835839426048
150585.59170320167 0.20257237717548246
151187.93407001448 0.2044379424601223
151792.68580629455 0.1913396647729289
152399.85654951975 0.2009557794950249
153009.45597571784 0.19647597511920614
153621.4937996207 0.1885539113639545
154235.97977481916 0.18609360274263825
154852.92369391845 0.18331182616914854
155472.3353886941 0.1709879950845284
156094.2247302489 0.17415154144385425
156718.60162916992 0.17810377914197684
157345.47603568656 0.1614153341265041
157974.8579398293 0.16405583816044753
158606.75737158864 0.16797190135531223
159241.18440107498 0.1661359091607248
159878.14913867926 0.1499341037997391
160517.661735234 0.16404931302735273
161159.73238217493 0.15557108081710722
161804.3713117036 0.16233480328223657
162451.58879695044 0.14736953758274932
163101.39515213823 0.15226523179492782
163753.8007327468 0.15251041520180703
164408.81593567782 0.15146176196515682
165066.45119942052 0.14623973355575567
165726.71700421823 0.1447748096955106
166389.62387223504 0.12966969691351724
167055.18236772402 0.1401858427137533
167723.40309719497 0.14720811575334788
168394.2967095837 0.14017859395189924
169067.87389642204 0.13079587175063126
169744.14539200772 0.1329207269259321
170423.1219735757 0.14084709340679535
171104.81446147006 0.11837624577367017
171789.23371931593 0.1305836453628127
172476.3906541932 0.12134855237994677
173166.29621680998 0.1248558276375681
173858.96140167722 0.10870212437175532
174554.39724728392 0.12652364623521456
175252.61483627307 0.11954479486321405
175953.62529561817 0.11926795430685526
176657.43979680064 0.1185946502809254
177364.06955598784 0.11275801816198473
178073.52583421173 0.11380173996956772
178785.8199375486 0.11790176857815907
179500.9632172988 0.10443904001490537
180218.967070168 0.1111098683571821
180939.84293844865 0.1111337106329642
181663.60231020238 0.09373964704444301
182390.25671944322 0.10560427425496953
183119.81774632097 0.10676161690421529
183852.29701730626 0.10294142509137424
184587.7062053755 0.10294383786563076
185326.057030197 0.0920141936721242
186067.3612583178 0.08755174825563171
186811.63070335102 0.09531358215790738
187558.8772261645 0.09283965662669096
188309.11273506918 0.10296836682969981
189062.3491860094 0.09663212604631599
189818.59858275342 0.08346513995688834
190577.87297708448 0.09588961413422703
191340.18446899284 0.09311166792086467
192105.54520686882 0.0860743315692038
192873.9673876963 0.07980036593658153
193645.46325724703 0.0816523944478933
194420.04511027603 0.06828228176034269
195197.72529071715 0.08458140462548458
195978.51619188 0.07441787188655531
196762.4302566476 0.07911183400156135
199107.9942767367 0.07501207207661806
203090.15416227144 0.06900907649891913
207151.95724551688 0.06772033491263801
211294.9963904272 0.058104573260452166
215520.89631823578 0.05569078554572551
219831.31424460045 0.052502232219942255
224227.94052949245 0.046905467806786824
228712.4993400823 0.04759996299953058
233286.74932688402 0.04584549192579979
237952.48431342165 0.03623001967981653
242711.5339996901 0.041145336911807794
247565.76467968393 0.03559923294506964
252517.0799732776 0.02921406155926348
257567.42157274322 0.03164428348456361
262718.770004198 0.028991146099718954
267973.145404282 0.023543888460114945
273332.6083123676 0.026869364290006432
278799.26047861495 0.022357917406106723
284375.2456881872 0.017704905797857023
290062.750601951 0.020131886933782383
295864.00561398995 0.017898086904791402
301781.2857262697 0.01698991246536059
307816.91144079523 0.01389996696247394
313973.24966961105 0.015139048546079092
320252.7146630032 0.013696370921287225
326657.7689562633 0.012322727487163537
333190.92433538847 0.010497627082687179
339854.7428220964 0.011661612324176732
346651.83767853834 0.009307002558586719
353584.87443210906 0.008212718073460632
360656.57192075124 0.00789900868885377
367869.70335916633 0.007856306723414551
375227.09742634965 0.007011463910466873
382731.63937487674 0.0077320603680326675
390386.2721623741 0.006100146460408569
398193.99760562164 0.005469187554549185
406157.87755773397 0.004754643515649226
414281.0351088888 0.005631087646589833
422566.65581106645 0.004862569266470858
431017.98892728786 0.003944747339405736
439638.3487058336 0.003761854704452661
448431.11567995034 0.003545960221198805
457399.7379935492 0.0034458362789018294
466547.7327534202 0.002842356377259979
475878.6874084886 0.0029574842486203216
485396.2611566584 0.00287857212256824
495104.1863797916 0.002327663515797712
505006.2701073874 0.0021974275844631815
515106.39550953516 0.0019838533832050352
525408.5234197257 0.002329226101369247
535916.6938881205 0.0019825694172601535
546635.0277658828 0.0018417615444590646
557567.7283212005 0.0014863241800357537
568719.0828876244 0.0013670652562481013
580093.4645453768 0.0013773417114748888
591695.3338362843 0.0013108485660701923
603529.2405130101 0.0011868820633038292
615599.8253232702 0.0012466239876831535
627911.8218297358 0.0009473654481784079
640470.0582663304 0.0008744045810844815
653279.459431657 0.0008066948968287396
666345.04862029 0.0007315303423740034
679671.9495926959 0.0008489220031084405
693265.38858455 0.000797927789853611
707130.6963562409 0.0006346627472176411
721273.3102833657 0.000530096225463076
735698.7764890331 0.0005633526751928069
750412.7520188137 0.00047569281114362194
765421.0070591901 0.0004966322318960153
780729.4272003738 0.000436604839271056
796344.0157443815 0.0004214661810008224
812270.896059269 0.00035348281396835633
828516.3139804546 0.0003260991013316411
845086.6402600636 0.00030844976702553746
861988.3730652649 0.00033262587334116286
879228.14052657 0.0003762003075028381
896812.7033371016 0.0002783873703190805
914748.9574038435 0.0002716771836348185
933043.9365519203 0.00022052252725595812
951704.8152829591 0.00018648335236790556
970738.911588618 0.00022333109412341268
990153.6898203905 0.00015958297237529112
