1000.5530765187797 1.7588905324537838e-16
1004.5552888248548 2.6768986674633467e-56
1008.5735099801544 2.562589010024067e-53
1012.607804020075 5.054903436427226e-53
1016.6582352361554 3.4226405994588936e-56
1020.7248681770998 6.302321427161308e-39
1024.8077676498083 2.441806174339451e-41
1028.9069987204075 7.88676329398786e-52
1033.022626715289 2.761385228128715e-36
1037.1547172221503 2.0152886804221384e-54
1041.3033360910388 1.5700545221043584e-49
1045.468549435403 8.194196176140909e-47
1049.6504236331448 1.8133962704609008e-55
1053.8490253276773 8.389931041295468e-41
1058.064421428988 9.675155088604193e-52
1062.296679114704 2.7516610707165997e-40
1066.5458658311627 3.197013885555997e-45
1070.8120492944875 6.739502988862111e-47
1075.0952974916654 7.479594256162718e-37
1079.3956786816323 4.797267488110761e-47
1083.7132613963586 1.8085848487321768e-35
1088.048114441944 7.793752756722272e-38
1092.4003068997117 1.5262264372912581e-27
1096.7699081273104 4.181970826115247e-37
1101.15698775982 3.8625646131108085e-38
1105.561615710859 1.1138278265342168e-27
1109.9838621737026 2.122748442058579e-30
1114.4237976223976 2.8036110149513423e-34
1118.8814928128868 2.372325134786589e-37
1123.3570187841383 2.5844096893665963e-34
1127.8504468592753 5.45953678800984e-25
1132.361848646712 1.824624583663432e-26
1136.8912960412988 4.1194575670743334e-26
1141.438861225464 8.022567579292718e-26
1146.004616670366 1.9755401549766649e-25
1150.5886351370475 2.7469570213593094e-26
1155.190989677596 2.8882903282395634e-26
1159.8117536363065 6.838842049513864e-27
1164.4510006508515 4.829660346606257e-30
1169.108804653455 1.355309733616516e-29
1173.7852398720688 1.223258135697504e-33
1178.480380831557 1.2694592979614443e-34
1183.1943023548836 1.4791541157082418e-31
1187.9270795643029 1.987733677162124e-34
1192.67878788256 1.847697752732824e-34
1197.4495030340906 2.7828689767496246e-35
1202.2393010462267 9.03463877781006e-39
1207.0482582504117 3.049353538833269e-31
1211.8764512834132 9.05961265254273e-34
1216.7239570885472 6.225599292423407e-35
1221.5908529169012 7.575503082674092e-31
1226.4772163285688 9.287583264309233e-29
1231.383125193883 2.315837069904588e-34
1236.3086576946585 2.013560592819409e-31
1241.2538923254372 7.931162755550322e-31
1246.2189078947392 3.611107726235578e-34
1251.203783526318 1.0751506509704181e-33
1256.2085986604231 5.271070377545066e-28
1261.233433055065 1.3245059379391077e-28
1266.2783667872852 2.304967907151823e-34
1271.3434802544346 5.697603367681525e-28
1276.4288541754522 1.3713731328681631e-29
1281.534569592154 1.2881391166037723e-31
1286.6607078705229 3.395917322289735e-29
1291.8073507020044 3.189124264239604e-28
1296.9745801048125 3.614725650718394e-28
1302.162478425232 5.2882541300634394e-30
1307.3711283389327 9.278182270706146e-27
1312.6006128522888 2.3156107754528495e-26
1317.851015303698 5.696753937943741e-27
1323.1224193649127 1.3950134574830934e-25
1328.4149090423725 4.996974060037864e-25
1333.728568678542 3.016691326769826e-25
1339.0634829532567 3.788706814627809e-27
1344.4197368850691 3.22430530680604e-25
1349.7974158326099 2.152786808202944e-24
1355.1966054959403 1.2783220359557306e-24
1360.6173919179244 3.883639206038557e-24
1366.059861485596 7.6523885842152e-25
1371.5241009315384 7.31653649797932e-27
1377.0101973352646 2.3979783767361216e-25
1382.5182381246057 6.329692412521301e-23
1388.0483110771042 1.34691674021871e-23
1393.6005043214122 7.45652812939603e-25
1399.1749063386976 4.0484542342935094e-25
1404.7716059640527 9.078730548791012e-23
1410.3906923879088 8.990305768690538e-24
1416.0322551574602 2.2880266652818726e-22
1421.6963841780905 1.1405054046163261e-26
1427.3831697148032 8.349248326612932e-23
1433.0927023936622 4.3512676793303416e-21
1438.8250732032368 2.139944447557009e-22
1444.5803734960498 5.215951101900499e-21
1450.3586949900334 3.149438374967474e-22
1456.1601297699938 3.362904327946026e-21
1461.984770289074 3.0014604796477176e-20
1467.83270937023 1.176612703350549e-21
1473.704040207711 1.7067250291116636e-20
1479.5988563685412 9.478193646304724e-23
1485.5172517940157 4.5261445937613835e-21
1491.459320801192 1.7308318063421767e-20
1497.4251580843968 2.197464887841247e-21
1503.4148587167342 2.579107810590176e-18
1509.4285181516007 1.496521888366407e-20
1515.4662322242077 4.372990989047637e-21
1521.5280971531042 5.050140233713698e-18
1527.6142095417167 6.39071599830944e-20
1533.7246663798837 2.163320270794712e-19
1539.859565045403 4.761900508558282e-18
1546.0190033055849 9.401097426738129e-23
1552.203079318807 9.10383821577905e-19
1558.4118916360824 1.805661514046968e-18
1564.6455392026269 3.7210487028376543e-19
1570.9041213594373 2.6603970450762756e-18
1577.187737844875 1.753495813205375e-18
1583.4964887962547 3.8105129118781244e-18
1589.8304747514399 1.2257790434143641e-17
1596.1897966504455 2.6360765191267027e-18
1602.5745558370472 5.4293400181401036e-18
1608.9848540603957 1.5725585713714886e-17
1615.4207934766368 8.259458899418157e-18
1621.8824766505436 2.7482585697848046e-17
1628.3700065571454 2.576288415150045e-17
1634.8834865833744 3.7057407267598185e-17
1641.4230205297079 8.550803231823537e-17
1647.9887126118267 3.7815821365675184e-17
1654.580667462274 3.414919187119319e-17
1661.198990132123 1.24338053937237e-16
1667.8437860926513 9.353635447373673e-17
1674.515161237022 2.402894714809866e-16
1681.2132218819695 4.302385628850913e-16
1687.9380747694975 4.16983387703145e-16
1694.6898270685758 1.218378094456937e-15
1701.4685863768502 9.93706533844721e-16
1708.2744607223572 8.490214690825602e-16
1715.1075585652468 1.26238797586513e-15
1721.967988799508 1.2255288654758029e-15
1728.8558607547059 1.5193854327377888e-15
1735.7712841977245 2.6527870522565895e-15
1742.7143693345156 2.653544569178813e-15
1749.6852268118535 5.447560450560109e-15
1756.6839677191008 6.556522325866056e-15
1763.7107035899771 1.2968243896656985e-14
1770.7655464043373 1.3439378885228285e-14
1777.8486085899544 9.037337903892432e-15
1784.9600030243143 1.9875337904255106e-14
1792.0998430364118 1.8076982790313556e-14
1799.2682424085576 2.6271679391771848e-14
1806.4653153781921 4.1763562139089726e-14
1813.6911766397043 3.0669493447958824e-14
1820.945941346263 5.6712108032080365e-14
1828.2297251116483 1.0273870791931969e-13
1835.5426440120948 4.9106246712588935e-14
1842.8848145881432 9.795039243710104e-14
1850.2563538464956 1.8308261284206928e-13
1857.657379261881 1.1244431961310756e-13
1865.0880087789287 2.582644148611336e-13
1872.5483608140448 2.4462723544724156e-13
1880.0385542573008 2.2923262560655e-13
1887.5587084743302 4.793164598847381e-13
1895.1089433082268 4.5231969896501415e-13
1902.68937908146 4.4052609028044177e-13
1910.3001365977857 9.508049696673294e-13
1917.9413371441767 7.703429206632637e-13
1925.6131024927531 9.930825049271184e-13
1933.3155549027244 1.7004667610401975e-12
1941.0488171223355 1.619809667336045e-12
1948.8130123908247 1.8242614636371142e-12
1956.608264440388 3.2620449037913784e-12
1964.434697498149 2.505637649983017e-12
1972.2924362881417 3.36772794571487e-12
1980.1816060332944 4.9497208745803344e-12
1988.1023324574276 4.7357564316589525e-12
1996.0547417872574 5.13882291621146e-12
2004.0389607544066 6.576177778596065e-12
2012.0551165974243 7.548693947708478e-12
2020.1033370638136 8.846878378453355e-12
2028.1837504120688 1.0999053179949252e-11
2036.2964854137172 1.1434699139302512e-11
2044.4416713553724 1.2601949741913166e-11
2052.6194380407937 1.6040106486674185e-11
2060.829915792957 1.7962456451217148e-11
2069.0732354561287 2.0622715629627476e-11
2077.3495283979532 2.4236168201176968e-11
2085.6589265115445 2.9151598828093e-11
2094.001562217591 3.38278700388904e-11
2102.3775684664615 3.909750854849859e-11
2110.787078740328 4.390186153279322e-11
2119.2302270552887 5.303417052971656e-11
2127.70714796351 6.239540071145244e-11
2136.217976555364 7.386004428878402e-11
2144.7628484615852 8.101239924866994e-11
2153.341899855432 9.926196984121848e-11
2161.9552674548536 1.1956703864836328e-10
2170.603088524673 1.4079312067033769e-10
2179.285500878772 1.558802162848132e-10
2188.0026428822866 1.8279356546364702e-10
2196.754653453816 2.247201903323994e-10
2205.541672067631 2.545852247122365e-10
2214.3638387559017 3.287935054502103e-10
2223.2212941109246 3.401831699660495e-10
2232.114179287369 4.824759234972669e-10
2241.0426360045185 4.935618213858001e-10
2250.0068065485366 7.108237036678345e-10
2259.0068337747302 6.892092161868853e-10
2268.0428611098296 8.587310873047753e-10
2277.115032554269 1.0188303131886142e-09
2286.223492684486 1.1705080623790872e-09
2295.368386655224 1.7434942487602288e-09
2304.549860201845 1.3821111919724993e-09
2313.7680596426517 2.0458619686766584e-09
2323.0231318812225 2.1969846439734787e-09
2332.3152244087473 2.9789610662955525e-09
2341.6444853063817 3.5574024823588565e-09
2351.0110632476076 2.9514687010887057e-09
2360.415107500598 4.697907952016057e-09
2369.8567679306 3.858338745362291e-09
2379.3361950023227 6.259203292238119e-09
2388.853539782332 6.335024337013792e-09
2398.4089539414617 1.1593479832359285e-08
2408.0025897572273 1.3427217826507125e-08
2417.6346001162565 9.010704927539803e-09
2427.3051385167214 1.939373417492291e-08
2437.0143590707885 1.783223923754957e-08
2446.762416507072 4.164234063034886e-08
2456.5494661731 2.4955308455642362e-08
2466.375664037793 3.881413568511362e-08
2476.2411666939443 5.687936676598208e-08
2486.1461313607197 2.5016258363949037e-08
2496.090715886162 5.765487038433893e-08
2506.075078749707 4.463327466967914e-08
2516.0993790647044 7.067488090396118e-08
2526.163776580964 2.114217375773612e-07
2536.268431687288 3.5733165500052575e-07
2546.4135054140374 5.420636091133809e-07
2556.599159435693 1.999461524218925e-07
2566.825556073436 1.8810997021745269e-07
2577.09285829773 2.2183095197093378e-07
2587.4012297309205 1.8122585529070106e-07
2597.7508346498444 3.1815759751456955e-07
2608.141837988444 2.8502456112623996e-07
2618.5744053403982 7.560418620741825e-07
2629.0487029617593 1.5182793987356792e-06
2639.5648977736064 1.5426401941467622e-06
2650.123157364701 1.5228464836414667e-06
2660.7236499941596 1.2728385061921548e-06
2671.366544594136 1.4982139599898825e-06
2682.052010772512 1.9804237140064052e-06
2692.7802188156024 1.5384844878310472e-06
2703.551339690865 2.897353235768814e-06
2714.365545049628 2.6973227012315107e-06
2725.223007229827 2.9196593636558494e-06
2736.123899258746 3.7107361527707434e-06
2747.0683948557817 5.877304312385472e-06
2758.0566684352048 6.419061800765787e-06
2769.0888951089455 1.1896746032628988e-05
2780.165250689381 1.04759563084725e-05
2791.2859116921386 1.4466669320371612e-05
2802.451055338907 1.3966869322207534e-05
2813.660859560263 1.4500309461047372e-05
2824.9155029985036 1.4931784961163396e-05
2836.2151650104965 2.0779671104560882e-05
2847.5600256705393 2.143784797667363e-05
2858.950265773222 3.553427291365349e-05
2870.386066836315 3.4713794521349724e-05
2881.8676111036607 5.1507873278521e-05
2893.3950815480757 6.267638046368609e-05
2904.968661874268 6.636281145049368e-05
2916.588536521764 7.760077523985743e-05
2928.254890667851 8.16500804233794e-05
2939.9679102305226 9.37892910285284e-05
2951.727781871445 0.00011317449781496098
2963.534692998931 0.00013234981377427263
2975.3888317709266 0.00015308986487454383
2987.2903870980094 0.00020087495493379434
2999.2395486464025 0.00020285856020262223
3011.2365068409886 2.7002053912831146e-05
3023.2814528683516 2.6916984338479207e-05
3035.374578679825 7.534123325554959e-06
3047.516076994544 3.066460382609909e-05
3059.7061413025226 3.8271659740147455e-05
3071.9449658677336 3.610530600151789e-05
3084.232745731204 2.7545812188033453e-05
3096.569676714128 6.061047413627353e-06
3108.955955420985 5.628796955074339e-06
3121.3917792426687 1.9818797881179162e-05
3133.8773463596394 2.008982166936515e-05
3146.412855745078 1.6035657670387186e-05
3158.998507168058 1.1336407419281153e-05
3171.6345011967305 7.267677172266863e-06
3184.321039201517 4.138949239775538e-06
3197.0583233583234 2.0285709054300786e-06
3209.8465566517566 5.896448959706406e-07
3222.6859428783637 1.8031544388197316e-07
3235.576686649877 1.8365707695393684e-07
3248.518993396477 5.614391465747822e-08
3261.513069370063 1.441144083533222e-08
3274.559121647543 2.3522878344973553e-09
3287.6573581341336 2.499605062773741e-10
3300.8079875666704 2.5794920505046832e-11
3314.0112195169368 1.445756226661815e-10
3327.2672643950045 1.3099156953086944e-09
3340.5763334525845 1.344555685044339e-08
3353.938638786395 6.873086758727862e-08
3367.354393341541 2.877446926188083e-07
3380.8238109149074 9.944554049318692e-07
3394.347106158567 2.7158024321167777e-06
3407.924494583201 6.0621097585406145e-06
3421.5561925615334 1.0074115602015081e-05
3435.2424173317804 6.866143684219941e-06
3448.9833870011066 7.140939653419596e-07
3462.7793205491116 1.9376540575588066e-05
3476.630437831308 7.942175057478989e-05
3490.536959582633 0.000174393334022075
3504.4991074209643 0.00030045332344941293
3518.5171038506473 0.00046212791433876925
3532.5911722660503 0.0006633798815099054
3546.7215369551145 0.0009086361676958315
3560.9084231029346 0.0012015549687137198
3575.1520567953467 0.001545082199765393
3589.452665022528 0.001942072047015576
3603.810475682617 0.0023951514802063863
3618.225717585348 0.0029064934088959757
3632.698620455689 0.00347808875674963
3647.2294149375116 0.004111778823185548
3661.8183325972614 0.004809586717490671
3676.4656059276513 0.005573337779898153
3691.1714683513615 0.006403790220697954
3705.936154224767 0.007301376430511958
3720.7598988416657 0.008266356735677922
3735.6429384370326 0.009297416356155443
3750.585510190781 0.0103913489639195
3765.587852231544 0.011544010031668873
3780.6502036404704 0.012747809945705069
3795.772804455032 0.013990907838718609
3810.955895672852 0.015255941731127072
3826.199719255544 0.016517393634975508
3841.504518132566 0.01774217142974609
3856.870536205096 0.01887945107130233
3872.2980183499167 0.019849993494528363
3887.7872104233156 0.02055327175882031
3903.338359265009 0.02084608829607264
3918.9517127020695 0.020533187508352178
3934.6275195528774 0.019361662742670697
3950.3660296310895 0.01706061979090972
3966.1674937496136 0.013458838982805749
3982.0321637246125 0.008791071998348337
3997.9602923795105 0.004152721523907481
4013.9521335490285 0.0011977130503659573
4030.007942083225 0.00018014202016357532
4046.1279738515577 4.792753186410154e-06
4062.312485746964 0.00019522717153245804
4078.5617356899515 0.0015091164914557476
4094.8759826327114 0.006004415989139809
4111.255486563242 0.014791396522925724
4127.700508509496 0.026496121084680586
4144.211310543533 0.03937637255937701
4160.788155785708 0.052407373510528946
4177.431308408849 0.0651986718795099
4194.141033642486 0.07767076831296982
4210.917597777056 0.08969202506736627
4227.761268168164 0.1018347212898008
4244.672313240838 0.11353767542662808
4261.651002493801 0.12618928848903052
4278.697606503776 0.137885683480727
4295.812396929791 0.15140316179064064
4312.995646517511 0.16423155426345956
4330.24762910358 0.17668354013118023
4347.568619619994 0.1917604189337697
4364.958894098475 0.20701933507608172
4382.418729674868 0.22055649766814242
4399.948404593568 0.2341284313318861
4417.548198211942 0.2539589627276832
4435.21839100479 0.27207415054316975
4452.959264568809 0.2904584740076341
4470.771101627084 0.30927587327589906
4488.654186033592 0.32373062352780135
4506.608802777726 0.34359240650252976
4524.635237988838 0.3715970691103821
4542.733778940792 0.3928247140737594
4560.904714056555 0.41396615206907167
4579.148332912781 0.1796683782429977
4597.464926244433 0.1598005499634187
4615.85478594941 0.1378743186813395
4634.318205093208 0.11607827298121033
4652.855477913582 0.09507217327701699
4671.466899825236 0.07754403108224787
4690.152767424537 0.06126216549452988
4708.913378494234 0.04055370779869562
4727.749032008212 0.02252177684001497
4746.660028136244 0.010728457013468012
4765.646668248789 0.004716287697988104
4784.709254921784 0.0019752273036839642
4803.8480919414715 0.0007996861067218084
4823.063484309237 0.0003511129825388015
4842.355738246474 0.00018597921837224446
4861.72516119946 0.00011768046184689956
4881.172061844257 8.330740714320211e-05
4900.6967500916335 6.411654871560984e-05
4920.299537092001 4.9757780605157965e-05
4939.9807352403695 3.8677907875575136e-05
4959.740658181329 3.061520259008951e-05
4979.5796208140555 2.4765021265321536e-05
4999.497939297312 2.046088592621001e-05
5019.495931054502 1.736622149363891e-05
5039.57391477872 1.566896635876335e-05
5059.732210437835 1.5344715630391606e-05
5079.971139279585 1.594662615656142e-05
5100.291023836704 1.6812397258291252e-05
5120.692187932051 1.749334307558197e-05
5141.174956683781 1.8123092153185194e-05
5161.739656510514 1.894967412319965e-05
5182.386615136556 1.981866884283009e-05
5203.116161597103 2.0503668521574965e-05
5223.928626243489 2.1146471535151237e-05
5244.824340748465 2.1891307703054562e-05
5265.803638111459 2.2595940896011778e-05
5286.866852663905 2.3250964442576144e-05
5308.0143200745615 2.4044846642973074e-05
5329.246377354859 2.488985854643244e-05
5350.563362864278 2.5719444692011142e-05
5371.965616315736 2.6713972995098998e-05
5393.453478780998 2.7758413722531163e-05
5415.027292696122 2.8772967249952155e-05
5436.687401866905 2.998599369436466e-05
5458.434151474374 3.123371318198602e-05
5480.267888080271 3.2481888135851344e-05
5502.188959632591 3.39034098822097e-05
5524.197715471122 3.540929718060658e-05
5546.294506333006 3.694383234937426e-05
5568.479684358337 3.8623187801311096e-05
5590.753603095771 4.043960301481197e-05
5613.1166175081535 4.227350936729773e-05
5635.569083978187 4.433573901630634e-05
5658.1113603140975 4.639357369823557e-05
5680.743805755354 4.839106990096016e-05
5703.466780978376 5.093734030700388e-05
5726.28064810229 5.350661497326397e-05
5749.185770694699 5.6203354777943206e-05
5772.182513777476 5.9146667759024154e-05
5795.271243832587 6.232877487421845e-05
5818.452328807918 6.583004788755166e-05
5841.72613812315 6.9639136635988e-05
5865.093042675643 7.288778521222026e-05
5888.553414846345 7.64430731195709e-05
5912.10762850573 8.339241593877178e-05
5935.756059019754 9.39057797944285e-05
5959.499083255832 0.00010475417530286584
5983.337079588855 0.00011675276094362518
6007.27042790721 0.0001306837669562812
6031.299509618841 0.00014696977524539787
6055.424707657316 0.00016509001812649096
6079.646406487946 0.00018543728894619834
6103.964992113897 0.00020854967525216181
6128.380852082353 0.00023479152969105676
6152.894375490681 0.00026458601589475494
6177.505952992646 0.00029807047549510634
6202.215976804616 0.00033574658146801083
6227.024840711833 0.0003783116995938176
6251.932940074681 0.0004264277045995055
6276.940671834981 0.00048073400023647595
6302.048434522321 0.0005441568382772063
6327.256628260409 0.000614728457425428
6352.5656547734525 0.0006946600560424857
6377.975917392546 0.0007841876303271083
6403.487821062116 0.0008851148539115243
6429.101772346364 0.0009978664831852653
6454.81817943575 0.0011178640174912809
6480.637452153493 0.0012588955394271261
6506.560001962106 0.0014298909183306549
6532.586241969955 0.0016188720380852087
6558.716586937834 0.0018300724746255382
6584.951453285586 0.002072727744904342
6611.291259098727 0.0023541842338714405
6637.7364241351215 0.002674666689807473
6664.2873698316625 0.0030380270960636115
6690.94451931099 0.00344756828772545
6717.7082973882325 0.003913892142308129
6744.579130577787 0.004445584574312845
6771.557447100097 0.0050431043071591285
6798.643676888497 0.0057070682383423416
6825.838251596053 0.006446306496769648
6853.141604602436 0.007278028547644267
6880.554171020846 0.008197907216391888
6908.0763877049285 0.009115047458498624
6935.708693255749 0.009821433537515451
6963.4515280287715 0.011379875673379792
6991.305334140887 0.012751850981434177
7019.270555477449 0.01418484969754692
7047.34763769936 0.01602564218818383
7075.537028250157 0.0180508727835956
7103.839176363159 0.02021631023061633
7132.254533068612 0.022592733026081342
7160.783551200888 0.023496108713041124
7189.42668540569 0.02539981025256697
7218.184392147313 0.029510077960620464
7247.0571297159 0.03119805164448701
7276.045358234765 0.034556463944741586
7305.149539667704 0.035627637372082424
7334.370137826372 0.04022488705770713
7363.707618377678 0.042657957420547156
7393.162448851191 0.04552124201741594
7422.735098646595 0.04836392741624057
7452.426039041182 0.05075282086416858
7482.235743197345 0.052995080295528976
7512.1646861701365 0.05400682310968989
7542.213344914818 0.05463684595072605
7572.382198294477 0.05430570912493122
7602.671727087656 0.05049144152442677
7633.082413996006 0.03152684137477801
7663.614743651989 0.005560763008706034
7694.269202626598 0.0073231098689510166
7725.046279437104 0.02501265748958172
7755.946464554851 0.04959565453124762
7786.970250413072 0.07443676661771945
7818.118131414723 0.09391114649646573
7849.390603940383 0.11059111760295218
7880.788166356144 0.1277347321637025
7912.311319021571 0.14728491466761606
7943.960564297654 0.1686694739230566
7975.736406554845 0.1894987662168391
8007.639352181065 0.21364872563948561
8039.669909589788 0.2387394530688496
8071.828589228147 0.2605991041621577
8104.115903585063 0.26758018384737503
8136.532367199402 0.26754669156657424
8169.078496668199 0.3094106680054621
8201.754810654873 0.33559179624180097
8234.561829897493 0.3730425564884496
8267.500077217084 0.4662231664132034
8300.570077525952 0.4933088497013478
8333.772357836056 0.5471759695345673
8367.1074472674 0.5983958222517181
8400.575877056472 0.6830770134739763
8434.178180564695 0.7707291202440453
8467.914893286956 0.8677981137175383
8501.786552860101 0.9668570456698605
8535.793699071543 1.0819550193050818
8569.936873867831 1.1963962475046144
8604.216621363299 1.3172745355043187
8638.633487848754 1.4420843433340076
8673.18802180015 1.5733792493388101
8707.880773887353 1.7044336746308089
8742.7122969829 1.844728763539172
8777.68314617083 1.991654152977165
8812.793878755514 2.147920470177226
8848.045054270535 2.3041148275217527
8883.437234487617 2.3892785861402728
8918.970983425568 1.9861593784150333
8954.64686735927 1.9255267323847882
8990.465454828707 2.0914229339567063
9026.427316648023 2.674506319245749
9062.533025914616 2.991459033881591
9098.783158018272 2.8808592335040486
9135.178290650345 2.9221870234813054
9171.719003812947 2.6769792054434864
9208.405879828202 3.3016220837189176
9245.239503347511 3.012940246609658
9282.2204613609 0.7421143015740612
9319.349343206346 0.6310952443819055
9356.626740579171 0.8475578714026428
9394.053247541488 1.6584401496687662
9431.629460531654 1.5943548417454136
9469.355978373778 1.4781298668109302
9507.233402287276 1.3811557326306165
9545.262335896427 1.5357453676791277
9583.443385240013 1.1852472843014037
9621.777158780975 1.5271051556276103
9660.264267416096 2.1319100267901634
9698.90532448576 2.9588694053157134
9737.7009457837 2.947072289568097
9776.651749566838 3.4125627567126866
9815.758356565104 4.036227276587917
9855.021389991363 4.746220057072921
9894.441475551332 5.8424243212563
9934.019241453534 6.722035664584133
9973.755318419348 7.868049228427081
10013.650339693024 8.790765609552185
10053.704941051796 10.379686226782773
10093.919760816003 11.50828947429249
10134.295439859268 12.901243605740316
10174.832621618703 14.199977511242999
10215.531952105179 15.449882655648745
10256.394079913602 16.81313261936551
10297.419656233254 18.42747352400304
10338.609334858189 19.635800694359705
10379.96377219762 21.147578731789284
10421.483627286412 22.21133527894554
10463.169561795556 23.394596443134443
10505.022240042741 24.54437658430242
10547.042329002912 25.782033456059537
10589.230498318922 26.3480048566371
10631.587420312197 27.478504917473003
10674.113769993448 27.936347277705714
10716.810225073421 28.49603323568475
10759.677465973711 28.66675835053747
10802.716175837608 29.371788644647886
10845.927040540959 28.05315212468149
10889.310748703121 21.701251520117644
10932.867991697934 12.310250612807181
10976.599463664725 7.469232652739712
11020.505861519383 3.840993709971808
11064.587884965462 2.4479973731441924
11108.846236505324 1.4327529335137095
11153.281621451348 0.8663103216932295
11197.894747937147 1.1410256996332833
11242.686326928899 1.6407175661692084
11287.657072236614 2.097863750364112
11332.807700525562 0.7362174425720577
11378.138931327663 1.9689966430897186
11423.651487052975 2.30655259191279
11469.346093001184 2.4541524629471647
11515.22347737319 2.1401292865600827
11561.284371282683 1.6631758904005733
11607.529508767815 1.7763739101414824
11653.959626802887 1.9848529436617928
11700.5754653101 2.2662495260206463
11747.377767171341 3.249582604427201
11794.367278240028 4.089159489074826
11841.544747352984 6.741122065447628
11888.9109263424 8.748896636720621
11936.46657004777 11.79218626528394
11984.212436327958 15.437823876402458
12032.149286073272 18.85967839662029
12080.277883217566 23.616531640827247
12128.598994750435 25.308558350726237
12177.113390729437 30.434755938705802
12225.821844292353 32.93714077761251
12274.725131669524 37.48759818470947
12323.824032196202 41.722306246004976
12373.119328324985 46.676610103033006
12422.611805638286 45.17539014127649
12472.302252860838 51.958565739967575
12522.19146187228 48.55600255476945
12572.280227719768 60.38529090186731
12622.569348630648 60.57812430062932
12673.059626025171 57.912600406726895
12723.751864529271 50.41938010832613
12774.646871987386 49.0915254499561
12825.74545947534 40.603008366312714
12877.04844131324 32.695427575427104
12928.556635078494 29.775027259888528
12980.270861618808 26.45607099961136
13032.191945065284 24.202090863224985
13084.320712845543 23.180626210940538
13136.657995696927 19.33973647418723
13189.204627679715 18.387650545586634
13241.961446190431 11.540114556992739
13294.929291975195 5.285122244944641
13348.109009143096 1.0554745432648749
13401.50144517967 0.2093292672425491
13455.107450960388 0.08407346795788338
13508.927880764231 0.05042487894269757
13562.963592287288 0.015261371342954352
13617.215446656439 0.021230379200083967
13671.684308443064 0.04214584021985311
13726.371045676835 0.040609662384760145
13781.276529859542 0.13516558909186016
13836.40163597898 0.04962656345566562
13891.747242522899 0.06588762053642833
13947.314231492988 0.054443909742304224
14003.103488418961 0.0675073092173248
14059.115902372636 0.08146651153529151
14115.352365982128 0.06654915582540516
14171.813775446057 0.06947810653469591
14228.501030547843 0.08119954115509108
14285.41503467003 0.19834076679277843
14342.556694808713 0.1302729667146675
14399.926921587949 0.15633169738534214
14457.5266292743 0.29521720684371716
14515.356735791396 0.5425841090959932
14573.418162734559 0.8067449855591085
14631.711835385498 0.6853343768190319
14690.238682727038 0.5736408082633242
14748.999637457951 0.8344340495412772
14807.995636007783 1.0120379488546625
14867.227618551815 1.0027869141553392
14926.69652902602 1.451067292382081
14986.403315142123 1.8114834757370306
15046.348928402693 2.0317255153089504
15106.534324116303 2.5877035635820804
15166.96046141277 3.32337144049262
15227.62830325842 4.402571518245226
15288.538816471453 5.460491144129869
15349.692971737337 6.945515752600795
15411.091743624287 8.46146296380799
15472.736110598784 11.451951333099421
15534.62705504118 12.422097809488244
15596.765563261344 14.15072025145908
15659.152625514387 16.26440551796602
15721.789236016448 18.80796759918057
15784.676392960515 20.640300107878808
15847.815098532355 24.02349317850612
15911.206358926484 24.35459414651161
15974.85118436219 25.98058466462284
16038.75058909964 25.497792916556406
16102.905591456036 24.135062085478754
16167.31721382186 22.959026784522568
16231.986482677148 20.966422548858837
16296.914428607855 19.96651968191153
16362.102086322288 20.072023730443057
16427.550494667576 20.02722794239869
16493.260696646248 20.88006895834068
16559.23373943283 19.960492041526066
16625.470674390563 18.856429855483505
16691.972557088127 13.213508369407297
16758.74044731648 15.5611854303596
16825.775409105743 17.82783544262058
16893.07851074217 14.241427325077687
16960.650824785134 13.659301329362394
17028.493428084275 12.963691452664913
17096.607401796613 12.512477763631145
17164.993831403797 9.841658604184042
17233.653806729413 8.622260803424822
17302.588421956334 7.081831909077264
17371.798775644158 5.680251616931064
17441.285970746736 4.0910544303124246
17511.05111462972 3.512217860406357
17581.095319088243 2.4979011939261717
17651.419700364593 1.7859376407623988
17722.02537916605 1.259587412692743
17792.913480682713 0.8685421506888971
17864.085134605448 0.6465377238427924
17935.54147514387 0.32641813445214807
18007.283641044443 0.43451819669673786
18079.312775608625 0.20468422825441102
18151.630026711056 0.28392875258868827
18224.236546817894 0.3256412225119786
18297.133493005167 0.11494429688622228
18370.32202697719 0.10497842209103149
18443.803315085097 0.2238833614689297
18517.578528345435 0.20139733425427486
18591.648842458817 0.1331932523155847
18666.01543782865 0.06551558473364977
18740.67949957997 0.09023697586630697
18815.642217578286 0.4621139408069633
18890.9047864486 0.3550005194593266
18966.4684055944 0.6133428525911221
19042.334279216768 0.3018911575252217
19118.50361633364 0.3243062468004825
19194.977630798967 0.3583914244413799
19271.757541322168 0.2128817873866161
19348.844571487454 0.169585748791087
19426.239949773408 0.20279771342817385
19503.9449095725 0.3035769542194406
19581.960689210795 0.2891691358514663
19660.28853196764 0.5341920811596974
19738.929686095507 0.5662903820945405
19817.885404839893 0.8076515681498474
19897.15694645925 0.9708215899476141
19976.745574245087 1.3854556276648644
20056.65255654207 1.5954048411172277
20136.879166768238 2.0180661466278615
20217.426683435307 2.5114843757119374
20298.296390169045 2.5355155770398854
20379.489575729727 3.219711986280669
20461.007534032648 3.87278069806587
20542.851564168777 4.021853685942674
20625.02297042545 4.563860145380292
20707.523062307162 4.816252893287653
20790.353154556382 4.7025486484456644
20873.514567174607 5.134904223764698
20957.008625443308 5.162344233243504
21040.836659945082 5.131867231344968
21125.000006584854 5.246220770882068
21209.5000066112 5.120327191425515
21294.33800663765 5.176045263177136
21379.515358664197 5.05358983610945
21465.033420098855 4.966060103989992
21550.893553779246 4.652331765238856
21637.097127994366 4.4131417502153365
21723.645516506345 4.213878609196599
21810.540098572368 3.860899084232674
21897.782258966654 3.60890125410375
21985.37338800253 2.583432519682712
22073.314881554532 2.501197976512552
22161.60814108075 2.7894599308806165
22250.25457364508 2.5625866184222454
22339.25559193965 2.4290728050130626
22428.61261430741 2.0830924232586443
22518.32706476464 1.956241481576779
22608.400373023702 1.7159265511298123
22698.833974515794 1.712093121422387
22789.62931041386 1.710746246944327
22880.78782765551 1.588606546153694
22972.310978966132 1.3990649756426896
23064.200222882002 1.6299627502870935
23156.457023773528 1.2309936098574743
23249.082851868614 1.0307945131743896
23342.079183276095 1.1181901400600616
23435.447500009202 1.0660428388175236
23529.18929000923 1.200729584354748
23623.306047169273 1.366502481789873
23717.79927135796 0.8876679356498124
23812.670468443375 1.080108350228896
23907.92115031715 1.3205845921489752
24003.552834918424 1.500910577601593
24099.56704625809 1.4404335719438148
24195.96531444313 1.3116056817187927
24292.749175700897 1.5983590066257958
24389.9201724037 1.3556374885196043
24487.479853093315 0.9050954304992618
24585.42977250569 1.1757329638229115
24683.771491595708 0.9129592609622458
24782.50657756209 0.5434165457054982
24881.636603872343 0.5552309542407161
24981.16315028783 0.39526845671137717
25081.087802888986 0.2275142664709347
25181.412154100537 0.16335560499710178
25282.137802716934 0.08865289157741715
25383.266353927807 0.09526610730859746
25484.79941934352 0.05046810181036856
25586.73861702089 0.09188687781296499
25689.08557148898 0.043239294207807956
25791.84191377493 0.04589362050353104
25895.009281430033 0.032473654409168544
25998.589318555754 0.05237436295309095
26102.58367582998 0.062407648626704046
26206.994010533297 0.09838210001266692
26311.821986575433 0.09692245618423677
26417.069274521735 0.27016532955843586
26522.737551619815 0.17732254042824921
26628.828501826294 0.045490520455430734
26735.343815833607 0.015394889051594364
26842.285191096937 0.027634930657970107
26949.654331861326 0.06101376161360665
27057.452949188766 0.058595318685564564
27165.682760985525 0.06781282704275084
27274.345492029468 0.15339569876959638
27383.442873997585 0.05458941837190625
27492.976645493567 0.14655146514562067
27602.948552075544 0.05798525283506782
27713.360346283847 0.07029017814429984
27824.213787668985 0.05009917233320123
27935.510642819663 0.12045337840953883
28047.252685390937 0.06858126836012277
28159.441696132504 0.12519539008311062
28272.079462917034 0.22862881682236083
28385.167780768694 0.12510136414417178
28498.70845189177 0.1849618406681692
28612.703285699336 0.24691314114212637
28727.154098842133 0.26097375146363905
28842.062715237505 0.3014241382795665
28957.430966098455 0.3912701157447361
29073.260689962848 0.3562166092526444
29189.553732722703 0.4656075542025039
29306.311947653598 0.7580231519645079
29423.537195444205 0.6480126883545484
29541.231344225984 0.6583847119169449
29659.396269602887 0.6944183074642333
29778.033854681304 0.72473902659457
29897.14599010003 1.0494613414442504
30016.734574060432 0.5136031510846685
30136.80151235667 1.0753135074556863
30257.348718406094 1.2605817828745223
30378.37811327972 1.3307503817052821
30499.89162573284 0.8753280882031458
30621.891192235766 1.7144464731036042
30744.37875700471 1.6293098303599398
30867.356272032728 1.6367270073506657
30990.825697120858 1.6762696343764378
31114.78899990934 1.3648044421015304
31239.24815590897 1.9631948037313793
31364.20514853261 1.350128002242325
31489.661969126744 1.3190590376814162
31615.62061700325 1.2222330986511023
31742.083099471263 1.0841878444551405
31869.05143186915 0.8928928581370364
31996.527637596624 0.5913579144859691
32124.51374814701 0.6733831045388804
32253.011803139605 0.7278637384810407
32382.02385035216 1.0406375694551957
32511.55194575357 1.285366142669432
32641.598153536583 1.2264331231505716
32772.16454615073 1.5212158841982326
32903.25320433533 2.02092733931034
33034.86621715268 1.4475625943461936
33167.005682021285 0.18148559716536977
33299.673704749366 0.225921813085104
33432.87239956837 0.7523840905379467
33566.60388916664 1.1784490638405092
33700.87030472331 1.5800913743955856
33835.6737859422 1.3603021247564189
33971.016481085964 1.3674122470079013
34106.900547010315 1.2081826557195463
34243.32814919835 1.4833729412338708
34380.30146179514 1.3947101957096752
34517.82266764233 1.5267966054786264
34655.893958312896 1.7945530792041084
34794.51753414615 1.8347120980278289
34933.69560428273 2.017560521479933
35073.43038669985 2.69255859525965
35213.72410824666 2.7829610016990096
35354.57900467965 2.7933098852229996
35495.99732069836 3.1253018490241966
35637.98130998116 3.6132991240385484
35780.53323522108 4.030835753451232
35923.65536816197 4.690300333685337
36067.34998963462 4.694580476503721
36211.61938959315 5.43831866171293
36356.46586715153 6.403374771973714
36501.891730620126 6.765545719833918
36647.89929754261 7.229888318585168
36794.49089473278 7.929478662291511
36941.6688583117 8.239328482464781
37089.43553374496 8.58869853721802
37237.793275879936 8.989748530405672
37386.74444898345 9.470951759682515
37536.29142677938 10.262832782472712
37686.43659248651 10.084871564817352
37837.18233885645 10.152683061753494
37988.53106821188 10.707607155924407
38140.48519248474 11.017644265823625
38293.04713325467 11.545265630452807
38446.21932178769 11.270393258839151
38600.00419907484 11.90156862341341
38754.40421587113 12.081476005441008
38909.42183273463 11.63308632078233
39065.05952006556 11.99894709414845
39221.31975814583 12.438730583601453
39378.205037178406 12.191320261643488
39535.71785732712 11.726665381922816
39693.860728756415 11.592845450646577
39852.636171671445 10.869653278689826
40012.04671635814 9.953816228011751
40172.09490322357 9.90850398800976
40332.78328283648 8.485099205406643
40494.11441596781 7.700985931243196
40656.090873631685 6.991749844271534
40818.71523712622 5.663718276630826
40981.990098074726 5.479172124441213
41145.918058467025 5.226533707544026
41310.50173070089 4.113239007772048
41475.74373762369 4.797933306848758
41641.646712574184 4.132286461872849
41808.21329942448 3.768481851713858
41975.44615262219 4.586922911474206
42143.347937232684 4.175734272604813
42311.921328981625 4.605028579790175
42481.16901429755 3.598852825536322
42651.09369035474 4.638480942502856
42821.69806511615 3.1479892687335638
42992.98485737662 1.3534216771268057
43164.95679680613 1.318427862362794
43337.61662399335 2.4517071808915287
43510.96709048933 2.8000033283406944
43685.01095885128 3.2443249751048553
43859.75100268668 2.7747084453002806
44035.19000669744 2.251990690681159
44211.330766724226 2.1312247880782276
44388.176089791115 1.434253775025946
44565.72879415028 1.4177216287144299
44743.991709326874 0.9739608698716169
44922.9676761642 0.9123955327263659
45102.65954686885 0.7736202971870693
45283.07018505633 0.5861375662018956
45464.20246579656 0.5363687349179906
45646.05927565975 0.488304418385354
45828.64351276236 0.5235522725151521
46011.95808681343 0.49186910540442697
46196.00591916067 0.5407105389284685
46380.78994283732 0.698952540237307
46566.31310260868 0.9546234289580925
46752.578355019126 0.8274061351113293
46939.588668439166 0.8701769622738975
47127.34702311293 0.679739532242218
47315.85641120539 0.5551381674875387
47505.11983685021 0.660144467479549
47695.14031619761 0.6223320684871839
47885.9208774624 0.5650933087444868
48077.46456097225 0.7720906800825734
48269.774419216126 0.8570321543476823
48462.853516892996 0.6658403691679408
48656.70493096058 1.054950847815481
48851.33175068441 1.0549445175061167
49046.737077687154 0.9533096870436257
49242.92402599791 1.099077278826526
49439.89572210189 1.0593305064644734
49637.6553049903 0.9429386596233256
49836.20592621027 1.389413166627921
50035.55074991511 1.4846147527608795
50235.69295291477 0.8323581232415778
50436.63572472643 1.631055220135775
50638.382267625326 1.8442884070332664
50840.935796695834 1.1730669151564912
51044.2995398826 1.428094780932546
51248.47673804215 1.5936987246096597
51453.47064499432 0.678658302019027
51659.28452757429 1.0519908163021734
51865.92166568459 1.6057431955509793
52073.38535234733 0.512669127249508
52281.67889375672 0.9915690730211583
52490.80560933175 1.0820041895015107
52700.76883176907 0.9589160163965245
52911.57190709616 0.8044248786910897
53123.218194724526 1.0811536478972976
53335.711067503435 1.300462177295159
53549.053911773444 0.41816666567480626
53763.25012742054 0.6665177889323758
53978.303127930216 0.9309950484564521
54194.21634044194 0.27866156518335083
54410.99320580371 0.6976020189549536
54628.63717862692 0.44755831591918016
54847.15172734143 0.575287562286632
55066.540334250785 0.6578996499389165
55286.80649558781 0.46785486712129204
55507.95372157016 0.39982419887990783
55729.985536456436 0.30419830316993857
55952.90547860226 0.46046672350977125
56176.717100516675 0.4373314422527798
56401.42396891874 0.3043108238137259
56627.02966479442 0.42960817189004624
56853.5377834536 0.32075283270203697
57080.95193458741 0.30963536951293513
57309.27574232576 0.2597192922487927
57538.51284529506 0.28686072000630125
57768.666896676245 0.27451880719674043
57999.74156426295 0.4726125456121171
58231.74053052 0.1974200091604573
58464.66749264208 0.3816029711285608
58698.52616261265 0.19284056610949057
58933.3202672631 0.18424786960054285
59169.05354833215 0.37016451562068187
59405.72976252549 0.17597383419581503
59643.3526815756 0.32702055520862733
59881.926092301896 0.29764341316735826
60121.45379667111 0.4237456668883989
60361.93961185778 0.3484949719985809
60603.38737030522 0.190008331742899
60845.800919786445 0.4037256892254315
61089.184123465595 0.26202464017534677
61333.54085995945 0.46771754988888875
61578.87502339928 0.2788924599009568
61825.19052349288 0.315832932565477
62072.491285586846 0.5331564644134366
62320.7812507292 0.5701836310937204
62570.06437573213 0.7754251077148411
62820.34463323505 0.6351627576875533
63071.62601176801 0.901170545706598
63323.91251581507 0.57640338085768
63577.20816587833 0.41585326739627604
63831.51699854184 0.35768072264611483
64086.843066536014 0.19458427484766186
64343.19043880215 0.2397611375143129
64600.563200557364 0.26146438658332605
64858.96545335958 0.12465860882028351
65118.401315173025 0.19361278093447623
65378.87492043372 0.24839298223904754
65640.39042011545 0.15698553078151786
65902.95198179591 0.16071279311149045
66166.56378972309 0.18429308346164527
66431.23004488199 0.1900339843896945
66696.95496506151 0.22240812964627732
66963.74278492175 0.31877925429446224
67231.59775606144 0.226977175635857
67500.52414708569 0.4024747299774868
67770.52624367403 0.22700466032009023
68041.60834864872 0.2891786083033876
68313.77478204331 0.2957600432595907
68587.02988117147 0.1703101245569074
68861.37800069616 0.36089043095493584
69136.82351269896 0.37993710751256005
69413.37080674975 0.4771899962237063
69691.02428997675 0.2602366855564711
69969.78838713666 0.34242394143368704
70249.6675406852 0.35747245860337656
70530.66621084794 0.22356578141205155
70812.78887569135 0.4102777700010409
71096.04003119409 0.36134321051653506
71380.42419131887 0.3698151706070005
71665.94588808414 0.2620915394782854
71952.60967163648 0.3380585833279842
72240.42011032304 0.3676437939091281
72529.38179076432 0.35862502211048236
72819.49931792737 0.2716312485559442
73110.77731519907 0.36529460229892163
73403.22042445988 0.24311497366829665
73696.83330615771 0.3071371130080229
73991.62063938235 0.37307499639895436
74287.58712193987 0.3500038140384751
74584.73747042764 0.25003528891742755
74883.07642030934 0.314246882643751
75182.60872599059 0.42855056025880556
75483.33916089457 0.3971192325219789
75785.27251753812 0.32460500008657844
76088.4136076083 0.28624687566780727
76392.76726203872 0.5081391713022344
76698.33833108687 0.2130108789592159
77005.13168441122 0.2892460856979501
77313.15221114887 0.30699844431509105
77622.40481999348 0.2765215383895626
77932.89443927344 0.4087197418528548
78244.62601703055 0.42744671356082525
78557.60452109865 0.38392920785378154
78871.83493918306 0.2934180929316947
79187.3222789398 0.392984216687338
79504.07156805556 0.4200720263555274
79822.08785432778 0.5850216074126764
80141.37620574511 0.4500896502088285
80461.94171056806 0.380901963829073
80783.78947741033 0.4801365492326963
81106.92463531997 0.6035078424843237
81431.35233386126 0.48871935705688135
81757.0777431967 0.43967745105694866
82084.10605416949 0.46356794737167845
82412.44247838613 0.4679497512559237
82742.09224829968 0.5680991967360681
83073.06061729288 0.6413701196965008
83405.35285976208 0.5352063428827321
83738.9742712011 0.5054515724611298
84073.93016828595 0.6535431055232398
84410.22588895904 0.5993111826498165
84747.86679251489 0.6518311157924888
85086.85825968496 0.46188332905209234
85427.20569272367 0.6553591666115408
85768.91451549459 0.6878933925546149
86111.99017355654 0.6710455486652194
86456.43813425078 0.5439159950966918
86802.2638867878 0.5925156441417577
87149.47294233493 0.6976029500674581
87498.07083410428 0.6017642192830309
87848.0631174407 0.5265096339616281
88199.45536991046 0.5588332712328292
88552.25319139009 0.717031285023053
88906.46220415569 0.6926837111811743
89262.08805297229 0.4939855018890446
89619.1364051842 0.4627170854724338
89977.61295080492 0.6028035376997845
90337.52340260813 0.5968298772631678
90698.87349621857 0.5603806071667706
91061.66899020346 0.5935361901545715
91425.91566616425 0.5773757253611188
91791.61932882894 0.5778447403224577
92158.78580614422 0.5142402246385666
92527.4209493688 0.6446940115695584
92897.53063316627 0.4998133213456983
93269.12075569895 0.497221686544223
93642.19723872172 0.5568107665476619
94016.76602767664 0.5497628261593063
94392.83309178732 0.5022084022183058
94770.40442415449 0.48423458100283245
95149.48604185111 0.5274487932407846
95530.08398601852 0.556149590111945
95912.20432196259 0.5784541658731452
96295.85313925042 0.5268868887868555
96681.0365518075 0.4747415736539962
97067.76069801472 0.5014066128819672
97456.03174080675 0.5705150027539808
97845.85586776999 0.6279302074041366
98237.23929124104 0.5142798761048369
98630.18824840599 0.5047147929127164
99024.70900139965 0.44080304304872897
99420.80783740526 0.5592633629513578
99818.49106875488 0.62183281504358
100217.76503302988 0.5843738489783337
100618.636093162 0.4457796088158916
101021.11063753467 0.4615000654436393
101425.1950800848 0.5599152813651899
101830.89586040513 0.5799809805296433
102238.21944384674 0.5767034033205656
102647.17232162213 0.49243303122724263
103057.7610109086 0.43519466154760456
103469.99205495225 0.15803841425098453
103883.87202317205 0.16994820315275383
104299.40751126477 0.2404751487312904
104716.60514130979 0.28143443828187176
105135.47156187505 0.2819668261175999
105556.01344812254 0.34126479105733326
105978.23750191503 0.36471413978672923
106402.15045192267 0.3333449949455534
106827.75905373038 0.2759684618631675
107255.07008994528 0.16116535836126192
107684.09037030509 0.17990764462750208
108114.8267317863 0.25904139778541047
108547.28603871344 0.29774875397756473
108981.47518286831 0.32716051454399164
109417.40108359976 0.30100634663830994
109855.0706879342 0.27232701510396157
110294.49097068593 0.2736148696197118
110735.66893456863 0.38552765432272096
111178.61161030692 0.3896622656672725
111623.32605674816 0.40968695811242345
112069.81936097513 0.3724486839121459
112518.09863841905 0.26743352109724533
112968.17103297272 0.3966056446243185
113420.0437171046 0.3924600746713608
113873.72389197304 0.3637710560490641
114329.21878754091 0.41588883030513807
114786.53566269108 0.34747067185424946
115245.68180534184 0.29357445014944167
115706.66453256323 0.3247683554900839
116169.49119069346 0.33768192576109
116634.16915545624 0.31247881699392915
117100.70583207808 0.19429997289983864
117569.1086554064 0.2518932282189803
118039.385090028 0.2695201614538379
118511.54263038811 0.3304148909054711
118985.58880090967 0.2907109321753335
119461.5311561133 0.3036320989112883
119939.37728073777 0.2472326824763124
120419.13478986072 0.30852755712719393
120900.81132902016 0.19618370525764545
121384.41457433623 0.3128273961267243
121869.9522326336 0.3448189928375941
122357.43204156413 0.24867200083504926
122846.86176973036 0.20780413827034105
123338.2492168093 0.2847656392849426
123831.60221367657 0.16534212706140644
124326.92862253124 0.21356081328168044
124824.23633702139 0.2583208183898357
125323.53328236948 0.17243153744860046
125824.82741549893 0.17640134347273725
126328.12672516092 0.25211614496952667
126833.43923206156 0.2189175931753897
127340.77298898982 0.18755535804784046
127850.13608094577 0.25206093889458514
128361.53662526955 0.194489848561245
128874.98277177062 0.19146111633647483
129390.4827028577 0.22955639268423245
129908.04463366912 0.20999875185700137
130427.67681220379 0.16928251124190297
130949.38751945265 0.2303807038623837
131473.18506953045 0.18662849571887496
131999.07780980857 0.2109002520292716
132527.0741210478 0.15951916579115494
133057.182417532 0.16328677704770825
133589.4111472021 0.18294956610561933
134123.76879179094 0.14606155733193113
134660.26386695806 0.14075242672324995
135198.9049224259 0.1812108612678967
135739.7005421156 0.1840594231179256
136282.65934428407 0.17590962193091408
136827.78998166122 0.16601980858839757
137375.1011415879 0.15698757676357172
137924.60154615424 0.18193974751475706
138476.29995233883 0.16607424433872212
139030.20515214818 0.1728776420012718
139586.32597275675 0.1769024922236801
140144.6712766478 0.12308067460821309
140705.2499617544 0.1629008554015247
141268.0709616014 0.14676882363028
141833.1432454478 0.11574562910914162
142400.4758184296 0.14349527553740524
142970.07772170333 0.15569616295852434
143541.95803259013 0.11507936423945873
144116.12586472047 0.11547360256287209
144692.59036817937 0.11491334367289928
145271.3607296521 0.09954893635927427
145852.44617257072 0.15178570369233485
146435.85595726097 0.15062249652217038
147021.59938109003 0.14098745664760418
147609.6857786144 0.14405022131033604
148200.12452172884 0.13567782501005635
148792.92501981577 0.10675536531007569
149388.09671989502 0.106588861902653
149985.6491067746 0.12819098241412644
150585.59170320167 0.12252572907121637
151187.93407001448 0.13098024018387952
151792.68580629455 0.1028548949276269
152399.85654951975 0.14069011665346082
153009.45597571784 0.1290999958639902
153621.4937996207 0.10571298125469669
154235.97977481916 0.11514116269162236
154852.92369391845 0.10549555330378586
155472.3353886941 0.08775177035681372
156094.2247302489 0.08728598139380934
156718.60162916992 0.09169029797772535
157345.47603568656 0.07644687140108578
157974.8579398293 0.07882233003811887
158606.75737158864 0.09594818684412161
159241.18440107498 0.0937293382793426
159878.14913867926 0.06745881380411906
160517.661735234 0.09547694719587721
161159.73238217493 0.0790053239990125
161804.3713117036 0.09295991527573665
162451.58879695044 0.0725881920940275
163101.39515213823 0.08431661255647088
163753.8007327468 0.09263443116403018
164408.81593567782 0.09030356865503729
165066.45119942052 0.08210266439511801
165726.71700421823 0.07800664236350367
166389.62387223504 0.062408227426749785
167055.18236772402 0.0723638898649898
167723.40309719497 0.08548953903598723
168394.2967095837 0.07423599513752932
169067.87389642204 0.0564765644250779
169744.14539200772 0.07369395499954681
170423.1219735757 0.08310660281916266
171104.81446147006 0.05513235660632345
171789.23371931593 0.06581893900030769
172476.3906541932 0.06030073084186421
173166.29621680998 0.06559587447118075
173858.96140167722 0.05007686818161283
174554.39724728392 0.06873383895436218
175252.61483627307 0.05701415924475637
175953.62529561817 0.056619095935190385
176657.43979680064 0.06469685331319609
177364.06955598784 0.05642829629584425
178073.52583421173 0.0650863433166317
178785.8199375486 0.06724475413808054
179500.9632172988 0.053289280722099396
180218.967070168 0.059073964861240655
180939.84293844865 0.06025356643483928
181663.60231020238 0.042915897809433536
182390.25671944322 0.04953888513930849
183119.81774632097 0.04652224993752822
183852.29701730626 0.05450415291921983
184587.7062053755 0.05615496676748678
185326.057030197 0.046734550591603335
186067.3612583178 0.042682365802425314
186811.63070335102 0.04551049616719811
187558.8772261645 0.04751350532779114
188309.11273506918 0.062222098122719026
189062.3491860094 0.05275960646931606
189818.59858275342 0.03817833922036485
190577.87297708448 0.047702524052039154
191340.18446899284 0.050208073593808134
192105.54520686882 0.04095779274523601
192873.9673876963 0.033808721207420296
193645.46325724703 0.03413984628451422
194420.04511027603 0.03112222609743801
195197.72529071715 0.04182934714155205
195978.51619188 0.03425258780366605
196762.4302566476 0.03834545194725984
199107.9942767367 0.036117353389375204
203090.15416227144 0.03383915161265135
207151.95724551688 0.03232352363516632
211294.9963904272 0.02600140995278489
215520.89631823578 0.025904835985485104
219831.31424460045 0.023022677037356765
224227.94052949245 0.020917591242745958
228712.4993400823 0.022500919849331134
233286.74932688402 0.021978270066358586
237952.48431342165 0.015040259789516905
242711.5339996901 0.021722880735218927
247565.76467968393 0.017798073608706153
252517.0799732776 0.012006149627107077
257567.42157274322 0.01553161541477262
262718.770004198 0.013434819349929994
267973.145404282 0.010040968168177851
273332.6083123676 0.01351962828634737
278799.26047861495 0.010080270390235537
284375.2456881872 0.007130733711616583
290062.750601951 0.009156634476789006
295864.00561398995 0.007941851436767502
301781.2857262697 0.0077409861521894035
307816.91144079523 0.0058141428170704465
313973.24966961105 0.007311021195825893
320252.7146630032 0.0063534057866543115
326657.7689562633 0.005587160764314289
333190.92433538847 0.00453864770935174
339854.7428220964 0.005700504258102257
346651.83767853834 0.0041573468809227914
353584.87443210906 0.0035059117323227905
360656.57192075124 0.003267347911129625
367869.70335916633 0.003950982865529958
375227.09742634965 0.003301130163745359
382731.63937487674 0.0038279486197458396
390386.2721623741 0.0026822229280587377
398193.99760562164 0.002451799482576044
406157.87755773397 0.002012340836779513
414281.0351088888 0.0027961916707091605
422566.65581106645 0.0024722071942289646
431017.98892728786 0.0018539517943093045
439638.3487058336 0.0015560789943771813
448431.11567995034 0.0015312160585858035
457399.7379935492 0.001731015545530658
466547.7327534202 0.0013234099825707054
475878.6874084886 0.0012939973240091742
485396.2611566584 0.001287624183743372
495104.1863797916 0.0009884918847944324
505006.2701073874 0.0010655630141513889
515106.39550953516 0.0009227298710178944
525408.5234197257 0.0010840358718645856
535916.6938881205 0.0009214556188077044
546635.0277658828 0.0008494782433822342
557567.7283212005 0.000708521218973657
568719.0828876244 0.0006354696856460246
580093.4645453768 0.0006106034089903413
591695.3338362843 0.00057798515275953
603529.2405130101 0.0005714544187609361
615599.8253232702 0.0006006672456919199
627911.8218297358 0.00045484021549391473
640470.0582663304 0.0004204473037219062
653279.459431657 0.00037120299121537795
666345.04862029 0.0003053936915962156
679671.9495926959 0.00038127115888672737
693265.38858455 0.00038679500946493984
707130.6963562409 0.0002947822923925269
721273.3102833657 0.0002499772350445
735698.7764890331 0.0002773308201964529
750412.7520188137 0.00021885239502061253
765421.0070591901 0.00023068293610510528
780729.4272003738 0.0001964265586057217
796344.0157443815 0.00019386821891564482
812270.896059269 0.00016820821719400173
828516.3139804546 0.00014992497966525193
845086.6402600636 0.00014943269684120398
861988.3730652649 0.00016273538482307714
879228.14052657 0.00017530699062165596
896812.7033371016 0.00012743256974428587
914748.9574038435 0.00012344947098944049
933043.9365519203 0.00010324459244653752
951704.8152829591 8.549400159207485e-05
970738.911588618 9.950152276738051e-05
990153.6898203905 7.36481689170448e-05
