1000.5530765187797 1.3395352174494e-17
1004.5552888248548 6.169621250271279e-62
1008.5735099801544 2.1781143999965477e-59
1012.607804020075 4.425926981605522e-59
1016.6582352361554 9.458464722175852e-62
1020.7248681770998 7.384977894840139e-46
1024.8077676498083 1.3325655406579474e-48
1028.9069987204075 7.667581709142818e-58
1033.022626715289 4.978506989954429e-43
1037.1547172221503 7.054054720415594e-60
1041.3033360910388 8.012265910261251e-56
1045.468549435403 2.293076373204356e-53
1049.6504236331448 7.508916872106535e-61
1053.8490253276773 8.9752620270949e-48
1058.064421428988 2.8984686074192817e-57
1062.296679114704 3.2127233690597957e-47
1066.5458658311627 1.3232001809327974e-51
1070.8120492944875 3.291959174074841e-53
1075.0952974916654 1.7404889841815273e-43
1079.3956786816323 3.3272022013944167e-53
1083.7132613963586 7.042116205378041e-42
1088.048114441944 1.195918021434362e-44
1092.4003068997117 5.508666222133863e-32
1096.7699081273104 8.029484828544234e-44
1101.15698775982 7.203005987663899e-45
1105.561615710859 2.545103653829133e-32
1109.9838621737026 4.3666525135112636e-36
1114.4237976223976 1.6476161614285795e-40
1118.8814928128868 5.65100620180005e-44
1123.3570187841383 1.5590934839806132e-40
1127.8504468592753 5.69425777549162e-28
1132.361848646712 7.861313268556948e-31
1136.8912960412988 2.688163764820775e-30
1141.438861225464 8.085130358343876e-30
1146.004616670366 3.334020997930487e-29
1150.5886351370475 5.472050003845368e-30
1155.190989677596 1.5085337805691783e-30
1159.8117536363065 1.1554663738953664e-29
1164.4510006508515 8.525806725360938e-32
1169.108804653455 3.2971976368568945e-32
1173.7852398720688 1.988320797645176e-33
1178.480380831557 1.0223386300342207e-33
1183.1943023548836 6.059513314010981e-32
1187.9270795643029 1.9048765617132287e-35
1192.67878788256 1.3535837742159217e-34
1197.4495030340906 3.479113804224288e-34
1202.2393010462267 7.873899932790564e-38
1207.0482582504117 6.244656649594519e-35
1211.8764512834132 3.1285744070453584e-35
1216.7239570885472 1.9135241995176144e-36
1221.5908529169012 6.216100449739029e-34
1226.4772163285688 1.176165450544223e-30
1231.383125193883 1.056944043814299e-33
1236.3086576946585 6.581325120407985e-32
1241.2538923254372 7.180480628738398e-33
1246.2189078947392 1.8264605693151304e-34
1251.203783526318 5.287646999752264e-34
1256.2085986604231 8.702412393250243e-30
1261.233433055065 1.3542290185732908e-30
1266.2783667872852 3.800385467886831e-37
1271.3434802544346 9.41363737572179e-31
1276.4288541754522 3.914575235146601e-30
1281.534569592154 4.183851922388674e-34
1286.6607078705229 1.4636592265541563e-32
1291.8073507020044 1.724414249993629e-29
1296.9745801048125 7.774536029878595e-30
1302.162478425232 2.037806082476807e-30
1307.3711283389327 1.1607975024057588e-28
1312.6006128522888 4.277707917056446e-29
1317.851015303698 1.4878114456294468e-28
1323.1224193649127 3.0244065488731615e-27
1328.4149090423725 2.0335329144575655e-26
1333.728568678542 9.423189298700563e-27
1339.0634829532567 3.7342516214461027e-28
1344.4197368850691 3.44463803047561e-27
1349.7974158326099 2.975444608982203e-25
1355.1966054959403 1.1636414786068712e-25
1360.6173919179244 9.145154999427185e-25
1366.059861485596 3.889309207516499e-26
1371.5241009315384 3.390009550353961e-27
1377.0101973352646 2.491116903052485e-26
1382.5182381246057 1.4209790956914552e-23
1388.0483110771042 2.558035646519061e-24
1393.6005043214122 9.368229205018139e-26
1399.1749063386976 5.737955338435721e-26
1404.7716059640527 3.9783994297766765e-23
1410.3906923879088 1.361899573581115e-24
1416.0322551574602 1.1357226587337702e-22
1421.6963841780905 3.37087115697316e-26
1427.3831697148032 2.1293821186457552e-23
1433.0927023936622 9.073934023196115e-22
1438.8250732032368 7.357290940827614e-23
1444.5803734960498 1.3488456086261749e-21
1450.3586949900334 1.0862591789906073e-22
1456.1601297699938 1.3284058812568478e-21
1461.984770289074 3.453352918182261e-21
1467.83270937023 5.3317898783910015e-22
1473.704040207711 4.713598059316057e-21
1479.5988563685412 1.693900589467444e-23
1485.5172517940157 2.4505702207933572e-21
1491.459320801192 6.3506911827593284e-21
1497.4251580843968 7.747355719428171e-22
1503.4148587167342 3.451188839950675e-20
1509.4285181516007 5.7035042841630904e-21
1515.4662322242077 4.76439622342944e-22
1521.5280971531042 3.1732854296095245e-20
1527.6142095417167 3.1262278602348227e-21
1533.7246663798837 5.738886455969593e-21
1539.859565045403 8.832970309450476e-21
1546.0190033055849 5.407032183305914e-23
1552.203079318807 4.463096818511729e-21
1558.4118916360824 5.29507265508327e-21
1564.6455392026269 3.3800206083388047e-21
1570.9041213594373 1.120176662024736e-20
1577.187737844875 5.714025797323257e-21
1583.4964887962547 1.7101591674192514e-20
1589.8304747514399 3.729721668242268e-20
1596.1897966504455 1.605403099537231e-20
1602.5745558370472 2.770311016244939e-20
1608.9848540603957 5.187896900008964e-20
1615.4207934766368 3.7162958877074716e-20
1621.8824766505436 8.023173404368334e-20
1628.3700065571454 6.256837826958378e-20
1634.8834865833744 1.1116335675485952e-19
1641.4230205297079 2.324103180887261e-19
1647.9887126118267 1.6028916656113608e-19
1654.580667462274 1.3102759896670228e-19
1661.198990132123 4.0537136326383627e-19
1667.8437860926513 3.498146881788121e-19
1674.515161237022 7.506434611927385e-19
1681.2132218819695 1.3640347457171657e-18
1687.9380747694975 1.437808334817809e-18
1694.6898270685758 3.679998804393086e-18
1701.4685863768502 3.3786568639729653e-18
1708.2744607223572 3.022991142229447e-18
1715.1075585652468 4.896491945589906e-18
1721.967988799508 5.198072067122863e-18
1728.8558607547059 7.434935681385947e-18
1735.7712841977245 9.26477069482544e-18
1742.7143693345156 1.0163513715939073e-17
1749.6852268118535 1.620350242051303e-17
1756.6839677191008 2.2878994812254754e-17
1763.7107035899771 4.525888140452551e-17
1770.7655464043373 4.878119485266517e-17
1777.8486085899544 3.3894825738161703e-17
1784.9600030243143 8.139867291222042e-17
1792.0998430364118 7.760314747193616e-17
1799.2682424085576 1.0545409665329224e-16
1806.4653153781921 1.8439070090645132e-16
1813.6911766397043 1.3232664595826002e-16
1820.945941346263 2.012181727418722e-16
1828.2297251116483 2.0607045672705121e-16
1835.5426440120948 2.1513602021038053e-16
1842.8848145881432 4.1987370980405926e-16
1850.2563538464956 7.905772809187812e-16
1857.657379261881 5.283419488526066e-16
1865.0880087789287 1.2323109899580252e-15
1872.5483608140448 1.1866906228238708e-15
1880.0385542573008 1.0582398538352684e-15
1887.5587084743302 2.3824663907992964e-15
1895.1089433082268 2.1046019492965912e-15
1902.68937908146 2.1042827638895243e-15
1910.3001365977857 4.947695993988824e-15
1917.9413371441767 3.820904592493089e-15
1925.6131024927531 5.0845097271995796e-15
1933.3155549027244 9.050190195365012e-15
1941.0488171223355 8.569335381995408e-15
1948.8130123908247 9.377340430927316e-15
1956.608264440388 1.6904820970429864e-14
1964.434697498149 1.3187923373841787e-14
1972.2924362881417 1.7653795260166327e-14
1980.1816060332944 2.580395845450925e-14
1988.1023324574276 2.5119353861922837e-14
1996.0547417872574 2.7195788870583504e-14
2004.0389607544066 3.432569225318906e-14
2012.0551165974243 3.75133936450502e-14
2020.1033370638136 3.8555327391920105e-14
2028.1837504120688 4.433151314933868e-14
2036.2964854137172 6.181121834713362e-14
2044.4416713553724 7.495425575952377e-14
2052.6194380407937 9.872318352079539e-14
2060.829915792957 1.151866248641756e-13
2069.0732354561287 1.3650527933708651e-13
2077.3495283979532 1.634974519012242e-13
2085.6589265115445 2.0159382412459811e-13
2094.001562217591 2.403568647115873e-13
2102.3775684664615 2.829543202882488e-13
2110.787078740328 3.2249459105197357e-13
2119.2302270552887 4.010001080614228e-13
2127.70714796351 4.816054493460417e-13
2136.217976555364 5.843655538786812e-13
2144.7628484615852 6.438483156969084e-13
2153.341899855432 8.148938264680702e-13
2161.9552674548536 1.0060395612768682e-12
2170.603088524673 1.2081353318905941e-12
2179.285500878772 1.3467076753766845e-12
2188.0026428822866 1.6076547098328783e-12
2196.754653453816 2.0493748308929604e-12
2205.541672067631 2.338258101431912e-12
2214.3638387559017 3.197880433314518e-12
2223.2212941109246 3.2369694234939983e-12
2232.114179287369 4.902951707996017e-12
2241.0426360045185 4.9296044104361755e-12
2250.0068065485366 7.669667719014997e-12
2259.0068337747302 7.243380099512042e-12
2268.0428611098296 9.236531915148293e-12
2277.115032554269 1.1111620798549588e-11
2286.223492684486 1.2991070104221238e-11
2295.368386655224 2.0781775680216346e-11
2304.549860201845 1.5513882561507915e-11
2313.7680596426517 2.484245408181264e-11
2323.0231318812225 2.6243840368930823e-11
2332.3152244087473 3.8204330283721166e-11
2341.6444853063817 4.679836394216257e-11
2351.0110632476076 3.675315115814346e-11
2360.415107500598 6.328294527502312e-11
2369.8567679306 4.9454849627724195e-11
2379.3361950023227 8.822923643408164e-11
2388.853539782332 8.76047282993e-11
2398.4089539414617 1.654328119013555e-10
2408.0025897572273 1.9259640595338301e-10
2417.6346001162565 1.2949432891224735e-10
2427.3051385167214 2.845404981001433e-10
2437.0143590707885 2.653125233233565e-10
2446.762416507072 5.721627271885322e-10
2456.5494661731 3.805412518574685e-10
2466.375664037793 5.605800044906077e-10
2476.2411666939443 7.535419533374084e-10
2486.1461313607197 4.077766984239362e-10
2496.090715886162 8.026426366963924e-10
2506.075078749707 7.228508483301412e-10
2516.0993790647044 1.0190997088621859e-09
2526.163776580964 1.928048414380148e-09
2536.268431687288 2.8618974878659497e-09
2546.4135054140374 3.570331030617022e-09
2556.599159435693 2.2962794411281183e-09
2566.825556073436 2.153212400965649e-09
2577.09285829773 2.607903519515553e-09
2587.4012297309205 2.468189120639265e-09
2597.7508346498444 3.5998983961227727e-09
2608.141837988444 3.8460413524720385e-09
2618.5744053403982 5.454891913971394e-09
2629.0487029617593 7.459696069806421e-09
2639.5648977736064 7.450349312978877e-09
2650.123157364701 7.622528663569143e-09
2660.7236499941596 8.013675807579703e-09
2671.366544594136 8.087802158438521e-09
2682.052010772512 1.0388432643798951e-08
2692.7802188156024 1.0640722699368286e-08
2703.551339690865 1.2946701406232736e-08
2714.365545049628 1.4234549200249167e-08
2725.223007229827 1.50528663681944e-08
2736.123899258746 1.6164150857041885e-08
2747.0683948557817 1.7879285179577787e-08
2758.0566684352048 1.874445382870777e-08
2769.0888951089455 2.053524187162456e-08
2780.165250689381 2.1927788882435568e-08
2791.2859116921386 2.3672444499454077e-08
2802.451055338907 2.5604160055472175e-08
2813.660859560263 2.7831087102616884e-08
2824.9155029985036 3.058243693143353e-08
2836.2151650104965 3.401412728022872e-08
2847.5600256705393 3.83070894950776e-08
2858.950265773222 4.367696552334549e-08
2870.386066836315 5.037733490127098e-08
2881.8676111036607 5.8710385815487026e-08
2893.3950815480757 6.903150674746021e-08
2904.968661874268 8.175205107626748e-08
2916.588536521764 9.73764639931993e-08
2928.254890667851 1.1645717064751049e-07
2939.9679102305226 1.3968169353240173e-07
2951.727781871445 1.6790146913036483e-07
2963.534692998931 2.0188670342897062e-07
2975.3888317709266 2.4283151736681784e-07
2987.2903870980094 2.922300191763718e-07
2999.2395486464025 3.505668048299061e-07
3011.2365068409886 4.1898441721352366e-07
3023.2814528683516 5.006295317569202e-07
3035.374578679825 5.456574341342211e-07
3047.516076994544 7.131062237270606e-07
3059.7061413025226 8.492281997916102e-07
3071.9449658677336 1.00678811520404e-06
3084.232745731204 1.1917279380696137e-06
3096.569676714128 1.2749509827063312e-06
3108.955955420985 1.4966205912501808e-06
3121.3917792426687 1.949138683525153e-06
3133.8773463596394 2.2883538626423924e-06
3146.412855745078 2.6783765198693803e-06
3158.998507168058 3.1228168043181485e-06
3171.6345011967305 3.6350066108338162e-06
3184.321039201517 4.212368558269436e-06
3197.0583233583234 4.86258083992471e-06
3209.8465566517566 5.40398710218143e-06
3222.6859428783637 4.7911166967254475e-06
3235.576686649877 7.269994735244439e-06
3248.518993396477 8.148978216417642e-06
3261.513069370063 8.79568145577115e-06
3274.559121647543 8.497853062297398e-06
3287.6573581341336 4.80798073440303e-06
3300.8079875666704 1.4925442955302698e-07
3314.0112195169368 2.6677556007332688e-06
3327.2672643950045 1.2139539311370827e-05
3340.5763334525845 1.8625702159365575e-05
3353.938638786395 2.341409864112241e-05
3367.354393341541 2.781547165500971e-05
3380.8238109149074 3.2334960228803886e-05
3394.347106158567 3.72185357244653e-05
3407.924494583201 4.2493728962022555e-05
3421.5561925615334 4.812258435149433e-05
3435.2424173317804 5.2487261276145854e-05
3448.9833870011066 3.302106669394264e-05
3462.7793205491116 6.842072524505337e-05
3476.630437831308 7.871966996198752e-05
3490.536959582633 8.897022276463157e-05
3504.4991074209643 0.00010090141880121445
3518.5171038506473 0.00011354361380428096
3532.5911722660503 0.00012814528332521878
3546.7215369551145 0.0001453332719882428
3560.9084231029346 0.00016094669184147788
3575.1520567953467 0.00017851327191092532
3589.452665022528 0.00020209363279112048
3603.810475682617 0.00022771961775935244
3618.225717585348 0.00025289305160589335
3632.698620455689 0.00027930106163607843
3647.2294149375116 0.0003086068293933071
3661.8183325972614 0.00034893739429112027
3676.4656059276513 0.00037862911581124087
3691.1714683513615 0.00042056715086169873
3705.936154224767 0.0004600154718153649
3720.7598988416657 0.0005066274668534023
3735.6429384370326 0.0005607964728434183
3750.585510190781 0.0006207590522376748
3765.587852231544 0.0006963654598539568
3780.6502036404704 0.0007900936669175437
3795.772804455032 0.0008639578178946812
3810.955895672852 0.0009513206694222756
3826.199719255544 0.0010057872440860224
3841.504518132566 0.0011214735644636193
3856.870536205096 0.001211117326859054
3872.2980183499167 0.0013319089178371421
3887.7872104233156 0.001454009427884408
3903.338359265009 0.0016046158554973101
3918.9517127020695 0.001767170608796691
3934.6275195528774 0.0019691539734603496
3950.3660296310895 0.0022677508740955366
3966.1674937496136 0.0026128696504046536
3982.0321637246125 0.0028394256831697036
3997.9602923795105 0.003111974524569627
4013.9521335490285 0.00349954932975073
4030.007942083225 0.00341360863134544
4046.1279738515577 0.0007067589371202456
4062.312485746964 0.004050177266124418
4078.5617356899515 0.005379674082775148
4094.8759826327114 0.006052515330469189
4111.255486563242 0.006691005590376489
4127.700508509496 0.007227356624931852
4144.211310543533 0.00782533530986389
4160.788155785708 0.008962815268288824
4177.431308408849 0.009341659310950027
4194.141033642486 0.010251914720051346
4210.917597777056 0.009878230658401366
4227.761268168164 0.011868541969371605
4244.672313240838 0.013497445126478028
4261.651002493801 0.014058467668913048
4278.697606503776 0.014895297238153969
4295.812396929791 0.01497866010499068
4312.995646517511 0.017365169832769915
4330.24762910358 0.018693365183671675
4347.568619619994 0.021126528468231993
4364.958894098475 0.020976245915465763
4382.418729674868 0.02026502018017137
4399.948404593568 0.025217468780392105
4417.548198211942 0.026146843656494896
4435.21839100479 0.025314537116357592
4452.959264568809 0.02925228515762589
4470.771101627084 0.02949833161818461
4488.654186033592 0.0319588453859464
4506.608802777726 0.03723326756656747
4524.635237988838 0.03954024078882361
4542.733778940792 0.04287577068575218
4560.904714056555 0.03928482150641716
4579.148332912781 0.03820168051136824
4597.464926244433 0.04592971135624167
4615.85478594941 0.0550557085853555
4634.318205093208 0.05274635212279184
4652.855477913582 0.05910949280725669
4671.466899825236 0.06241587643602039
4690.152767424537 0.0689704266519777
4708.913378494234 0.07845288137308708
4727.749032008212 0.0786727883094086
4746.660028136244 0.08626834325036598
4765.646668248789 0.07425090011616825
4784.709254921784 0.05354909027677441
4803.8480919414715 0.053385367998989006
4823.063484309237 0.06481445142864037
4842.355738246474 0.07729224876880335
4861.72516119946 0.0863966184527627
4881.172061844257 0.09343631688909408
4900.6967500916335 0.09425026793407508
4920.299537092001 0.09767667131440749
4939.9807352403695 0.09594094223059021
4959.740658181329 0.07480992276505134
4979.5796208140555 0.06370770642544901
4999.497939297312 0.053194765483383824
5019.495931054502 0.041580115626584854
5039.57391477872 0.03390697131390342
5059.732210437835 0.02919800325784379
5079.971139279585 0.027475956363079857
5100.291023836704 0.024916523632755185
5120.692187932051 0.021207886014621678
5141.174956683781 0.017927789991500274
5161.739656510514 0.016146024617389287
5182.386615136556 0.015749044546896795
5203.116161597103 0.016798090791023595
5223.928626243489 0.024061574637683242
5244.824340748465 0.023424741709470433
5265.803638111459 0.02196288455737233
5286.866852663905 0.02028713495817233
5308.0143200745615 0.018806089237285054
5329.246377354859 0.017342836743366577
5350.563362864278 0.0158261711460802
5371.965616315736 0.014577526242645593
5393.453478780998 0.0133981305663244
5415.027292696122 0.012122431866864456
5436.687401866905 0.011066020393515863
5458.434151474374 0.010034384232823029
5480.267888080271 0.008948568317140028
5502.188959632591 0.008047922900339706
5524.197715471122 0.007189992215572262
5546.294506333006 0.006332305122604953
5568.479684358337 0.0055641016563275645
5590.753603095771 0.004873174842646487
5613.1166175081535 0.004165037711694767
5635.569083978187 0.0035721525985871055
5658.1113603140975 0.0029555720268586738
5680.743805755354 0.002409800699298287
5703.466780978376 0.0019234529480757704
5726.28064810229 0.0014915445046549192
5749.185770694699 0.001104423883217672
5772.182513777476 0.000773805455468534
5795.271243832587 0.000506166210271241
5818.452328807918 0.00030272506384548304
5841.72613812315 0.00016268467572730415
5865.093042675643 3.81901348312552e-05
5888.553414846345 1.2688969042188109e-06
5912.10762850573 1.0903473375334913e-05
5935.756059019754 0.00014195615485137992
5959.499083255832 0.0004508093707209526
5983.337079588855 0.000986430820285283
6007.27042790721 0.0019195725653121678
6031.299509618841 0.003489280097781269
6055.424707657316 0.005758742222697492
6079.646406487946 0.008910258762704529
6103.964992113897 0.013329480292771645
6128.380852082353 0.01933430467893671
6152.894375490681 0.027309690685867714
6177.505952992646 0.03756784385101531
6202.215976804616 0.05051086595739787
6227.024840711833 0.06683220398613017
6251.932940074681 0.08728467359396122
6276.940671834981 0.11244604058546945
6302.048434522321 0.14362132113958462
6327.256628260409 0.18096926474651717
6352.5656547734525 0.22436156338458227
6377.975917392546 0.27488989415607396
6403.487821062116 0.3332890344937652
6429.101772346364 0.39777272047526646
6454.81817943575 0.47330425207956694
6480.637452153493 0.5586970034094101
6506.560001962106 0.6558297802312223
6532.586241969955 0.7692448622423204
6558.716586937834 0.8752390618417794
6584.951453285586 0.996865128512845
6611.291259098727 1.1277300303574083
6637.7364241351215 1.2662685521173216
6664.2873698316625 1.4048383091039898
6690.94451931099 1.5535477740383152
6717.7082973882325 1.7124328417161492
6744.579130577787 1.8757228775988453
6771.557447100097 2.056624015042064
6798.643676888497 2.1871475693328857
6825.838251596053 2.3332077630253014
6853.141604602436 2.424753311799353
6880.554171020846 2.4790424340319457
6908.0763877049285 2.5018465498088167
6935.708693255749 2.4408509489108865
6963.4515280287715 2.497811488562458
6991.305334140887 2.5557083420960396
7019.270555477449 2.6306453269458983
7047.34763769936 2.691198351768011
7075.537028250157 2.6327757373071043
7103.839176363159 2.698013414478296
7132.254533068612 2.7935675384192935
7160.783551200888 2.862802465474549
7189.42668540569 2.9608780890789266
7218.184392147313 2.991449404665921
7247.0571297159 3.0226852280666363
7276.045358234765 3.0098180728327217
7305.149539667704 2.9504092910998643
7334.370137826372 2.849385626022865
7363.707618377678 2.705785849670763
7393.162448851191 2.529501904837294
7422.735098646595 2.3170754871569494
7452.426039041182 2.1019773508703117
7482.235743197345 1.8729373821876865
7512.1646861701365 1.598958793672316
7542.213344914818 1.3658823827897169
7572.382198294477 1.125498911294559
7602.671727087656 0.7897861707005605
7633.082413996006 0.29913820051986817
7663.614743651989 0.018790755290414414
7694.269202626598 0.026451042236630765
7725.046279437104 0.19412009829538682
7755.946464554851 0.5859068392987127
7786.970250413072 1.1690315553134203
7818.118131414723 1.7734692324121024
7849.390603940383 2.3818002973339203
7880.788166356144 3.073806489906577
7912.311319021571 3.8083293486144045
7943.960564297654 4.663169897639023
7975.736406554845 5.5603158974362845
8007.639352181065 6.550167259244021
8039.669909589788 7.505321881937294
8071.828589228147 8.554521308183656
8104.115903585063 9.599017646181652
8136.532367199402 10.746631374983405
8169.078496668199 11.807100042571378
8201.754810654873 11.634631939380105
8234.561829897493 13.321759664189145
8267.500077217084 14.499896547058087
8300.570077525952 14.956916884532912
8333.772357836056 16.242671965018584
8367.1074472674 17.133439562638934
8400.575877056472 18.231202090781547
8434.178180564695 18.025385855364682
8467.914893286956 16.82687359089747
8501.786552860101 18.240618737734568
8535.793699071543 19.40028932301641
8569.936873867831 21.27354826613547
8604.216621363299 21.646735351050154
8638.633487848754 16.756777607059373
8673.18802180015 21.269040837371442
8707.880773887353 19.499928571689328
8742.7122969829 21.221791879502856
8777.68314617083 23.63045627123949
8812.793878755514 25.674535087574966
8848.045054270535 28.136145574988856
8883.437234487617 23.93304871736469
8918.970983425568 27.063278052595457
8954.64686735927 28.00618492379563
8990.465454828707 29.921542434666
9026.427316648023 31.28050379674149
9062.533025914616 33.05660320100558
9098.783158018272 36.680826901569326
9135.178290650345 38.573677373363374
9171.719003812947 41.42240454007717
9208.405879828202 43.79428541308315
9245.239503347511 43.2178181569939
9282.2204613609 39.13447593191134
9319.349343206346 39.64271750976192
9356.626740579171 42.13012766860328
9394.053247541488 45.44083490364089
9431.629460531654 47.727432319265496
9469.355978373778 50.22967346074048
9507.233402287276 50.899796179204756
9545.262335896427 53.66432080377789
9583.443385240013 53.322414339951166
9621.777158780975 54.5168946486161
9660.264267416096 56.21221402478881
9698.90532448576 58.93686664329984
9737.7009457837 54.81804005234541
9776.651749566838 56.04550411117618
9815.758356565104 56.73444449644433
9855.021389991363 57.68676707003085
9894.441475551332 55.00683746745429
9934.019241453534 45.195672188353065
9973.755318419348 46.733507481012424
10013.650339693024 43.026277419773365
10053.704941051796 46.11542900628889
10093.919760816003 50.23311086934016
10134.295439859268 53.51619838280818
10174.832621618703 56.29244914115477
10215.531952105179 58.73452952189481
10256.394079913602 60.157933314233716
10297.419656233254 60.56264208714282
10338.609334858189 61.818209820318195
10379.96377219762 68.22319186426594
10421.483627286412 69.30626925646902
10463.169561795556 74.38795593751512
10505.022240042741 75.1196661266694
10547.042329002912 79.9568468325993
10589.230498318922 81.25452999749533
10631.587420312197 81.83269413817754
10674.113769993448 81.50429377807457
10716.810225073421 83.03375920563366
10759.677465973711 87.51174356212998
10802.716175837608 88.66620384995758
10845.927040540959 91.44283406632361
10889.310748703121 91.92942590055978
10932.867991697934 89.57569206292558
10976.599463664725 86.05560092865751
11020.505861519383 82.88796620178482
11064.587884965462 77.12035095077333
11108.846236505324 74.04971601977903
11153.281621451348 69.46773345123111
11197.894747937147 72.81801857178337
11242.686326928899 75.81202180120106
11287.657072236614 80.84283011109552
11332.807700525562 68.13974727806995
11378.138931327663 72.29633743192088
11423.651487052975 74.86172963468837
11469.346093001184 79.1933701284013
11515.22347737319 70.68431338170036
11561.284371282683 65.29175567854816
11607.529508767815 67.86545782901668
11653.959626802887 76.96532103865593
11700.5754653101 68.86384320957308
11747.377767171341 57.51795294133584
11794.367278240028 61.73755580812171
11841.544747352984 80.65900972267715
11888.9109263424 92.03929443359097
11936.46657004777 94.29018946120553
11984.212436327958 92.56576396150186
12032.149286073272 97.46840420332055
12080.277883217566 107.54793479318327
12128.598994750435 108.0838031265905
12177.113390729437 115.35105518614071
12225.821844292353 116.57968671582061
12274.725131669524 124.14578584104905
12323.824032196202 125.16429473474192
12373.119328324985 126.05325172670928
12422.611805638286 112.55237306504534
12472.302252860838 129.7205398716851
12522.19146187228 113.54951063744028
12572.280227719768 132.8165834084133
12622.569348630648 133.57208070240506
12673.059626025171 138.4774139379846
12723.751864529271 137.56667074990904
12774.646871987386 138.39146427081982
12825.74545947534 138.7149870383969
12877.04844131324 132.36474083485254
12928.556635078494 131.6245344887879
12980.270861618808 132.10706166955936
13032.191945065284 132.05814067212827
13084.320712845543 129.47825395307245
13136.657995696927 128.09618909463396
13189.204627679715 125.27692681302389
13241.961446190431 117.51280779012009
13294.929291975195 97.88102511377822
13348.109009143096 61.28345923903101
13401.50144517967 49.237210598442985
13455.107450960388 40.54809471792468
13508.927880764231 36.18656833126554
13562.963592287288 27.631060369747097
13617.215446656439 28.681973317452616
13671.684308443064 35.70832244978209
13726.371045676835 32.29080387415848
13781.276529859542 37.6586155652224
13836.40163597898 32.59678421178367
13891.747242522899 34.456848644918814
13947.314231492988 29.770645018103586
14003.103488418961 28.352448715416596
14059.115902372636 32.06029425187204
14115.352365982128 28.56930079735531
14171.813775446057 30.48592035760158
14228.501030547843 30.869831998973616
14285.41503467003 34.41661245293768
14342.556694808713 34.351597875554766
14399.926921587949 38.53276526120321
14457.5266292743 43.80796944122879
14515.356735791396 51.286956360459584
14573.418162734559 60.53482882188967
14631.711835385498 57.373228630578254
14690.238682727038 57.7330912721785
14748.999637457951 64.01129382069193
14807.995636007783 69.43507724881052
14867.227618551815 70.7489429649341
14926.69652902602 75.57646978300323
14986.403315142123 80.42173378142648
15046.348928402693 83.8002433675493
15106.534324116303 87.85686212207193
15166.96046141277 94.25208891491673
15227.62830325842 99.62439674886275
15288.538816471453 104.12945123155356
15349.692971737337 106.53608909385453
15411.091743624287 110.86263348121182
15472.736110598784 117.34330191203335
15534.62705504118 117.36609907607298
15596.765563261344 116.42676776433147
15659.152625514387 118.6968231599812
15721.789236016448 119.22481564510157
15784.676392960515 116.60451704114968
15847.815098532355 115.08465528555053
15911.206358926484 109.43758486397917
15974.85118436219 100.05153369807529
16038.75058909964 85.29495585772791
16102.905591456036 69.6953696651362
16167.31721382186 56.973655633257586
16231.986482677148 48.8341770508902
16296.914428607855 44.33542039643361
16362.102086322288 46.692424738906624
16427.550494667576 51.677586836108745
16493.260696646248 53.6662627223297
16559.23373943283 51.66504672095775
16625.470674390563 51.22719271611215
16691.972557088127 29.27515406822914
16758.74044731648 32.54952425344237
16825.775409105743 40.52867622030024
16893.07851074217 38.60245779087892
16960.650824785134 33.93093793553436
17028.493428084275 34.26684353477369
17096.607401796613 40.91517442540672
17164.993831403797 38.91344335425776
17233.653806729413 43.09320272165905
17302.588421956334 37.24283431566517
17371.798775644158 34.81351423032211
17441.285970746736 35.632077837641056
17511.05111462972 37.8479516343833
17581.095319088243 35.14151726056974
17651.419700364593 32.16342672301877
17722.02537916605 30.18357119878517
17792.913480682713 29.54949211891459
17864.085134605448 28.01526233380073
17935.54147514387 23.154627682946657
18007.283641044443 25.53853116642973
18079.312775608625 24.30746502178416
18151.630026711056 27.11931245683852
18224.236546817894 27.262244334224846
18297.133493005167 24.97914692030068
18370.32202697719 25.051771501099505
18443.803315085097 25.01809720468645
18517.578528345435 23.810468450105887
18591.648842458817 19.56478025390748
18666.01543782865 20.842681159141936
18740.67949957997 22.99298840303712
18815.642217578286 28.118242841521333
18890.9047864486 29.930150111583707
18966.4684055944 33.13096223827188
19042.334279216768 30.7648470795616
19118.50361633364 33.05453084910912
19194.977630798967 31.16177903688901
19271.757541322168 28.874614045157138
19348.844571487454 27.177929235796146
19426.239949773408 23.822515223334488
19503.9449095725 27.696471630323476
19581.960689210795 24.95219683742785
19660.28853196764 28.17477229012648
19738.929686095507 27.59403378897875
19817.885404839893 29.018169130609063
19897.15694645925 29.73837470222422
19976.745574245087 31.336927442039887
20056.65255654207 32.5544640442786
20136.879166768238 33.510415815202755
20217.426683435307 35.746842615985585
20298.296390169045 35.2074690704972
20379.489575729727 37.051948531684545
20461.007534032648 37.9752031722841
20542.851564168777 38.3843359379677
20625.02297042545 38.58421157524232
20707.523062307162 38.74486333116662
20790.353154556382 37.72271330138613
20873.514567174607 37.357178424879486
20957.008625443308 36.1155364058155
21040.836659945082 35.09074851592985
21125.000006584854 33.865795680805306
21209.5000066112 32.2201630795148
21294.33800663765 30.593985927111884
21379.515358664197 29.15119367442968
21465.033420098855 27.294576647292207
21550.893553779246 25.424983212374368
21637.097127994366 22.569880738741272
21723.645516506345 21.312044243483705
21810.540098572368 18.916678167588856
21897.782258966654 15.295182759058779
21985.37338800253 9.568106302587447
22073.314881554532 6.879452246523014
22161.60814108075 9.567155326473433
22250.25457364508 9.34890403917474
22339.25559193965 8.201355899927702
22428.61261430741 6.9768920806626955
22518.32706476464 6.237410726100992
22608.400373023702 5.7093427431021455
22698.833974515794 5.847882207112735
22789.62931041386 5.263207100061764
22880.78782765551 4.587114383928476
22972.310978966132 4.631617567681707
23064.200222882002 6.525381910945031
23156.457023773528 6.783698768953529
23249.082851868614 4.248453085446098
23342.079183276095 3.737904358174029
23435.447500009202 3.920249210600012
23529.18929000923 4.689658421799985
23623.306047169273 5.715200829594998
23717.79927135796 4.6544419327396485
23812.670468443375 4.0352327667569154
23907.92115031715 5.755699647807668
24003.552834918424 6.78656570123548
24099.56704625809 7.519839725856701
24195.96531444313 7.423612230311021
24292.749175700897 7.681935996806222
24389.9201724037 7.650243782144029
24487.479853093315 7.995654512395859
24585.42977250569 8.696258129669435
24683.771491595708 9.11359651896266
24782.50657756209 9.14218280347949
24881.636603872343 9.768779937299191
24981.16315028783 10.620643059890536
25081.087802888986 9.764229145068498
25181.412154100537 10.143530511134752
25282.137802716934 9.456733141243522
25383.266353927807 9.781301751093904
25484.79941934352 8.805419413921188
25586.73861702089 9.464514471567597
25689.08557148898 9.369604913929464
25791.84191377493 8.740180834795659
25895.009281430033 8.959470684702938
25998.589318555754 10.266936953434488
26102.58367582998 11.714990995547101
26206.994010533297 11.660106584966737
26311.821986575433 12.07696995285709
26417.069274521735 14.888569575622522
26522.737551619815 15.031108524346516
26628.828501826294 13.79717985659128
26735.343815833607 9.503078445398671
26842.285191096937 9.31625179524548
26949.654331861326 10.193902868078098
27057.452949188766 10.16539886452284
27165.682760985525 10.560709214778836
27274.345492029468 13.15829807381812
27383.442873997585 11.358883097984915
27492.976645493567 14.99853694331897
27602.948552075544 12.529408514207496
27713.360346283847 12.038286537038944
27824.213787668985 10.182836993889216
27935.510642819663 13.75528406295144
28047.252685390937 10.547196112523928
28159.441696132504 11.733557007688413
28272.079462917034 15.634389659309953
28385.167780768694 11.320165988093589
28498.70845189177 11.987793867338237
28612.703285699336 14.108805536867786
28727.154098842133 13.457221791598416
28842.062715237505 13.771384873119436
28957.430966098455 14.40197520756848
29073.260689962848 13.628169012861392
29189.553732722703 14.804574684327125
29306.311947653598 16.202371808296395
29423.537195444205 15.521952109771485
29541.231344225984 15.472174596581562
29659.396269602887 15.645485039353714
29778.033854681304 16.4242476715996
29897.14599010003 16.49528804649587
30016.734574060432 15.166413791097813
30136.80151235667 15.385383062784904
30257.348718406094 13.573776055076989
30378.37811327972 12.410794935356538
30499.89162573284 10.155979081578462
30621.891192235766 9.121570920399039
30744.37875700471 8.049474098554718
30867.356272032728 6.930857924538365
30990.825697120858 6.261365765423522
31114.78899990934 5.390421374793394
31239.24815590897 4.8762928730728365
31364.20514853261 4.114470833491498
31489.661969126744 3.6456704803049123
31615.62061700325 3.2967605136347746
31742.083099471263 3.170347165004162
31869.05143186915 2.909672499691269
31996.527637596624 2.8223482134552755
32124.51374814701 2.9500747989245473
32253.011803139605 2.8976556433237812
32382.02385035216 3.061286384897269
32511.55194575357 3.2220619371953454
32641.598153536583 3.6707091407614643
32772.16454615073 4.163657604874607
32903.25320433533 4.355545310113057
33034.86621715268 3.9869363380717715
33167.005682021285 1.706594586571282
33299.673704749366 1.0932298898867672
33432.87239956837 1.751274035284922
33566.60388916664 2.664815873690893
33700.87030472331 3.380806233659558
33835.6737859422 3.677172777829137
33971.016481085964 3.636122802745753
34106.900547010315 3.4834277841234793
34243.32814919835 3.2876582697846968
34380.30146179514 3.1297458207003266
34517.82266764233 3.1928051283968117
34655.893958312896 3.395071702509351
34794.51753414615 3.364469562044829
34933.69560428273 3.5663893554287385
35073.43038669985 3.8711273268893036
35213.72410824666 3.979711713753805
35354.57900467965 3.9499430517369203
35495.99732069836 4.093270357363872
35637.98130998116 4.301394048709001
35780.53323522108 4.712931580412731
35923.65536816197 5.043952935164314
36067.34998963462 5.133273880129759
36211.61938959315 5.570951289726754
36356.46586715153 6.059215537563215
36501.891730620126 6.622103751416771
36647.89929754261 7.129042038268126
36794.49089473278 7.886929138261021
36941.6688583117 8.156055097675146
37089.43553374496 8.811090068535348
37237.793275879936 9.077234012016875
37386.74444898345 9.875215573790015
37536.29142677938 10.389901283807792
37686.43659248651 10.430827296009252
37837.18233885645 10.53762244181166
37988.53106821188 11.320852232212484
38140.48519248474 12.218190740342708
38293.04713325467 13.291333996999654
38446.21932178769 12.58377923169841
38600.00419907484 13.642645258298428
38754.40421587113 13.837617998553192
38909.42183273463 14.652601375442755
39065.05952006556 14.917356702666513
39221.31975814583 15.043077301779112
39378.205037178406 16.209748001102163
39535.71785732712 15.984767497098453
39693.860728756415 16.596799141347596
39852.636171671445 17.332157393176807
40012.04671635814 17.457719226772724
40172.09490322357 18.023341185701334
40332.78328283648 18.086935348042385
40494.11441596781 18.33811167514836
40656.090873631685 18.37533194735353
40818.71523712622 17.872234718958467
40981.990098074726 18.163750915469112
41145.918058467025 17.96253956302974
41310.50173070089 17.47538883726356
41475.74373762369 18.18236963460972
41641.646712574184 17.705342903686116
41808.21329942448 17.612660278331436
41975.44615262219 18.111636922148577
42143.347937232684 18.07400562609704
42311.921328981625 18.305646343675097
42481.16901429755 17.2498008010386
42651.09369035474 17.623728103971516
42821.69806511615 17.2230860216799
42992.98485737662 13.788649799257175
43164.95679680613 12.765946559018044
43337.61662399335 13.864399572238677
43510.96709048933 14.222883488391153
43685.01095885128 14.926421491340363
43859.75100268668 14.165723927030305
44035.19000669744 13.377539813146585
44211.330766724226 12.977690521215804
44388.176089791115 11.377642960098985
44565.72879415028 11.745168519646779
44743.991709326874 10.312206935942644
44922.9676761642 10.548972924061557
45102.65954686885 10.445228819291232
45283.07018505633 9.482133752008108
45464.20246579656 9.976733807483859
45646.05927565975 9.368382820397466
45828.64351276236 9.917315091264976
46011.95808681343 9.84663513913245
46196.00591916067 9.496667218770925
46380.78994283732 9.89697918140862
46566.31310260868 10.206562407443906
46752.578355019126 9.602529844392299
46939.588668439166 10.81252084887133
47127.34702311293 9.513767610228385
47315.85641120539 9.170475414766065
47505.11983685021 9.700129425945049
47695.14031619761 8.705430967028299
47885.9208774624 8.233105653051188
48077.46456097225 9.260560051748921
48269.774419216126 9.030501296889287
48462.853516892996 8.364825093098748
48656.70493096058 8.848389102280121
48851.33175068441 8.541295571869545
49046.737077687154 8.303102557286627
49242.92402599791 8.252156014652071
49439.89572210189 8.388685455444065
49637.6553049903 7.794607694798402
49836.20592621027 8.73877744577146
50035.55074991511 8.560211573012634
50235.69295291477 7.6046427143323525
50436.63572472643 8.556315525604479
50638.382267625326 8.494141948041309
50840.935796695834 7.921678319069866
51044.2995398826 7.965690138745492
51248.47673804215 8.154254916603595
51453.47064499432 6.851463349649009
51659.28452757429 7.147513674870624
51865.92166568459 7.827701322151952
52073.38535234733 6.5920399561642835
52281.67889375672 7.171588915265364
52490.80560933175 7.016799467998374
52700.76883176907 6.516838830482134
52911.57190709616 6.580532032975874
53123.218194724526 6.579740905459838
53335.711067503435 7.031603777073764
53549.053911773444 5.673704611549472
53763.25012742054 5.904995726648332
53978.303127930216 5.951304586597562
54194.21634044194 4.57296086270555
54410.99320580371 5.845092353262322
54628.63717862692 5.355903590478041
54847.15172734143 5.416973598721548
55066.540334250785 5.299128670491384
55286.80649558781 4.796669289084087
55507.95372157016 4.637547509254266
55729.985536456436 4.444694331760446
55952.90547860226 4.780175254780757
56176.717100516675 4.622331024665472
56401.42396891874 4.626795205296667
56627.02966479442 4.5568956505815725
56853.5377834536 4.275178517351362
57080.95193458741 4.303691483759682
57309.27574232576 4.13727094946503
57538.51284529506 4.577033598856458
57768.666896676245 3.972546584120826
57999.74156426295 4.324539225169352
58231.74053052 3.1958790040990555
58464.66749264208 3.596986432431357
58698.52616261265 3.5564451801766426
58933.3202672631 3.6836387872407057
59169.05354833215 4.231782485795455
59405.72976252549 3.510861399500566
59643.3526815756 3.8491067881011736
59881.926092301896 3.785425227676322
60121.45379667111 3.884845577649453
60361.93961185778 3.474067970090239
60603.38737030522 3.2826701308027526
60845.800919786445 3.6946107501421164
61089.184123465595 3.497314457605931
61333.54085995945 3.896852049779269
61578.87502339928 3.42850636177321
61825.19052349288 3.5587197850759043
62072.491285586846 3.6272608257655596
62320.7812507292 3.581630959763972
62570.06437573213 3.6276123873671122
62820.34463323505 3.620614491551053
63071.62601176801 3.6290665822953487
63323.91251581507 3.3723531356072374
63577.20816587833 3.3405198356629553
63831.51699854184 3.0704500451975134
64086.843066536014 2.655905159733813
64343.19043880215 2.6369011756670893
64600.563200557364 2.392397940527789
64858.96545335958 2.14335238885773
65118.401315173025 2.4247880371334105
65378.87492043372 2.6950570376956007
65640.39042011545 2.5192719518344453
65902.95198179591 2.368720938665121
66166.56378972309 2.419342423656848
66431.23004488199 2.467731853507767
66696.95496506151 2.6990596092051784
66963.74278492175 2.7691610078926456
67231.59775606144 2.4757700279040566
67500.52414708569 2.633948135817469
67770.52624367403 2.3447827399229126
68041.60834864872 2.3409216353813216
68313.77478204331 2.2592421240191776
68587.02988117147 2.2117177224591846
68861.37800069616 2.5119651364322206
69136.82351269896 2.507924673960788
69413.37080674975 2.433933767575197
69691.02428997675 2.2029153291288552
69969.78838713666 2.2750710176393456
70249.6675406852 2.052531602846904
70530.66621084794 1.8993232472092818
70812.78887569135 1.9074085058754924
71096.04003119409 1.8091187810560196
71380.42419131887 1.8189848207299688
71665.94588808414 1.6832578346033735
71952.60967163648 1.6300367233336062
72240.42011032304 1.5777828120555333
72529.38179076432 1.4675213300965424
72819.49931792737 1.4222705839906322
73110.77731519907 1.3781351710448868
73403.22042445988 1.3016090290192752
73696.83330615771 1.2854235489400883
73991.62063938235 1.2827818849920114
74287.58712193987 1.257366261699419
74584.73747042764 1.2656936304766164
74883.07642030934 1.3187952496189381
75182.60872599059 1.3709940257946214
75483.33916089457 1.4006251689421583
75785.27251753812 1.4405861827853148
76088.4136076083 1.4325287181060544
76392.76726203872 1.604880771078672
76698.33833108687 1.0767220769197754
77005.13168441122 0.9829422474697247
77313.15221114887 0.9444426605889729
77622.40481999348 0.9892538179292147
77932.89443927344 1.02063054198962
78244.62601703055 1.059003525584702
78557.60452109865 1.1420275111714995
78871.83493918306 1.1603452384512805
79187.3222789398 1.1547931042384068
79504.07156805556 1.226677729375918
79822.08785432778 1.230837236031901
80141.37620574511 1.1987736828352447
80461.94171056806 1.220417715303932
80783.78947741033 1.2081772867380394
81106.92463531997 1.2952881216347003
81431.35233386126 1.1960823571520744
81757.0777431967 1.192062347049366
82084.10605416949 1.201068521542914
82412.44247838613 1.2211145549479412
82742.09224829968 1.237784807830717
83073.06061729288 1.1970108540734126
83405.35285976208 1.2004259211061903
83738.9742712011 1.2182357192228763
84073.93016828595 1.2219562071568626
84410.22588895904 1.2674675842244811
84747.86679251489 1.2602411165264473
85086.85825968496 1.2799067316119164
85427.20569272367 1.277338120385052
85768.91451549459 1.3143219960637933
86111.99017355654 1.3028952494933268
86456.43813425078 1.3372755144537798
86802.2638867878 1.3702291249623992
87149.47294233493 1.3735411101655988
87498.07083410428 1.3868416648695145
87848.0631174407 1.3959407939547073
88199.45536991046 1.4083137367314227
88552.25319139009 1.4508674334358866
88906.46220415569 1.4508988889424232
89262.08805297229 1.4317910206477251
89619.1364051842 1.434918840540853
89977.61295080492 1.503715278833487
90337.52340260813 1.464516761201106
90698.87349621857 1.5001334262314427
91061.66899020346 1.5173694709785623
91425.91566616425 1.530532210141002
91791.61932882894 1.5202217867612946
92158.78580614422 1.558852623115503
92527.4209493688 1.5488541058912422
92897.53063316627 1.5085203276013244
93269.12075569895 1.5552476353189602
93642.19723872172 1.5642431238668684
94016.76602767664 1.525047392760482
94392.83309178732 1.489733024056338
94770.40442415449 1.511878599593218
95149.48604185111 1.5294238758581136
95530.08398601852 1.5956348992423464
95912.20432196259 1.5327793317709635
96295.85313925042 1.5011427117303309
96681.0365518075 1.5208000831232005
97067.76069801472 1.5413055406464284
97456.03174080675 1.5313958357393576
97845.85586776999 1.5652110764737324
98237.23929124104 1.446082710924712
98630.18824840599 1.4980388412031316
99024.70900139965 1.2978921695010548
99420.80783740526 1.4903211895244544
99818.49106875488 1.4902291231510354
100217.76503302988 1.4472971563772385
100618.636093162 1.4002020366945653
101021.11063753467 1.3750721063948963
101425.1950800848 1.4223186727964356
101830.89586040513 1.3934035074059898
102238.21944384674 1.378075541690204
102647.17232162213 1.3214301114742248
103057.7610109086 1.297665855136304
103469.99205495225 1.0999472205410956
103883.87202317205 1.0519787529574371
104299.40751126477 1.0499540004067602
104716.60514130979 1.0694744246428707
105135.47156187505 1.1401167259167644
105556.01344812254 1.1362620872702192
105978.23750191503 1.114676134850872
106402.15045192267 1.1144123130020664
106827.75905373038 1.1284745216843712
107255.07008994528 1.0327012544525682
107684.09037030509 1.0355196815576542
108114.8267317863 1.1206534104564077
108547.28603871344 1.0735953524944848
108981.47518286831 1.04450550080264
109417.40108359976 1.0080129364465096
109855.0706879342 0.91494587092833
110294.49097068593 0.9310389811536464
110735.66893456863 1.0279305171675064
111178.61161030692 1.0401726956377353
111623.32605674816 1.0110837893748394
112069.81936097513 1.0234344459905376
112518.09863841905 0.9241960087514562
112968.17103297272 1.0076451096093497
113420.0437171046 0.9681418590186249
113873.72389197304 0.9811240897144153
114329.21878754091 0.9806342898964905
114786.53566269108 0.9430097303207944
115245.68180534184 0.925071257735181
115706.66453256323 0.8591275966952793
116169.49119069346 0.8626829691089227
116634.16915545624 0.8660274653451808
117100.70583207808 0.7682629563021922
117569.1086554064 0.7456456605429767
118039.385090028 0.8197727576732305
118511.54263038811 0.8356944489565796
118985.58880090967 0.7852599544416279
119461.5311561133 0.8050760160583399
119939.37728073777 0.7916033053672578
120419.13478986072 0.8054488075815482
120900.81132902016 0.6944055621777223
121384.41457433623 0.753745495855184
121869.9522326336 0.7989727337501232
122357.43204156413 0.7183270147234142
122846.86176973036 0.6812103503231637
123338.2492168093 0.7239599250340428
123831.60221367657 0.6118317965631929
124326.92862253124 0.6135113166136541
124824.23633702139 0.6834618566570326
125323.53328236948 0.5878862136752724
125824.82741549893 0.6037591458912839
126328.12672516092 0.6316581861506084
126833.43923206156 0.6300846600716064
127340.77298898982 0.5949451995811309
127850.13608094577 0.6026065917994414
128361.53662526955 0.5734355719768438
128874.98277177062 0.6053768864876502
129390.4827028577 0.5660420725723669
129908.04463366912 0.5870245933000262
130427.67681220379 0.5244334149525548
130949.38751945265 0.5733912763882282
131473.18506953045 0.5204590150161378
131999.07780980857 0.5548508873884219
132527.0741210478 0.4760798454989421
133057.182417532 0.45470672963022774
133589.4111472021 0.5165667397048362
134123.76879179094 0.4779786724162011
134660.26386695806 0.4248153803453122
135198.9049224259 0.4854390265119662
135739.7005421156 0.4705702902601091
136282.65934428407 0.4590755955019474
136827.78998166122 0.44787129185278235
137375.1011415879 0.42794712418272784
137924.60154615424 0.45906107128850326
138476.29995233883 0.39860766432099626
139030.20515214818 0.4433106863503805
139586.32597275675 0.4399483061204316
140144.6712766478 0.3784350472126836
140705.2499617544 0.4298282829203393
141268.0709616014 0.39544150430577235
141833.1432454478 0.3479561071800975
142400.4758184296 0.37355623193203474
142970.07772170333 0.41652951558735163
143541.95803259013 0.3436864420491552
144116.12586472047 0.3346687939773734
144692.59036817937 0.33419139843613443
145271.3607296521 0.3176056990323617
145852.44617257072 0.3580931008240963
146435.85595726097 0.34407722195112717
147021.59938109003 0.33852633980919794
147609.6857786144 0.3575165789652133
148200.12452172884 0.3163292392816036
148792.92501981577 0.28727922725912797
149388.09671989502 0.3103120723682747
149985.6491067746 0.30228507926194004
150585.59170320167 0.3042499649747878
151187.93407001448 0.30415610247505104
151792.68580629455 0.27543565203046083
152399.85654951975 0.3189193910465318
153009.45597571784 0.30711814243182073
153621.4937996207 0.27917702592199095
154235.97977481916 0.268439374788745
154852.92369391845 0.26997458298715676
155472.3353886941 0.23964143915943728
156094.2247302489 0.25342472041566305
156718.60162916992 0.2670119420557488
157345.47603568656 0.22302676520776527
157974.8579398293 0.24014703533375964
158606.75737158864 0.24899131153058887
159241.18440107498 0.26723063710136147
159878.14913867926 0.20112343852821601
160517.661735234 0.23957737526047074
161159.73238217493 0.2149847280253673
161804.3713117036 0.2446298995874963
162451.58879695044 0.1988543861328825
163101.39515213823 0.21954549749613408
163753.8007327468 0.22245392477557469
164408.81593567782 0.2109404856845517
165066.45119942052 0.20202757056670262
165726.71700421823 0.20258947265877716
166389.62387223504 0.17049916968450557
167055.18236772402 0.19484141321567677
167723.40309719497 0.21867600947782018
168394.2967095837 0.2035965518203576
169067.87389642204 0.17819737687855328
169744.14539200772 0.1827153769184718
170423.1219735757 0.21036363235974403
171104.81446147006 0.15392104642050347
171789.23371931593 0.1833675847884749
172476.3906541932 0.1661248546051257
173166.29621680998 0.16840720480421917
173858.96140167722 0.1405684231645266
174554.39724728392 0.17444657391027693
175252.61483627307 0.16218885237414107
175953.62529561817 0.15906263225446277
176657.43979680064 0.1575297926848785
177364.06955598784 0.15126255596149188
178073.52583421173 0.15176233991895163
178785.8199375486 0.16320252235994526
179500.9632172988 0.13721057902580736
180218.967070168 0.15564986243418796
180939.84293844865 0.14959469227226682
181663.60231020238 0.12098313011498796
182390.25671944322 0.14335937093587334
183119.81774632097 0.14571891060721134
183852.29701730626 0.13626723998486778
184587.7062053755 0.1341771893193652
185326.057030197 0.11729154295265937
186067.3612583178 0.10991164648983678
186811.63070335102 0.12482573203533952
187558.8772261645 0.11832978869844482
188309.11273506918 0.14583659927703985
189062.3491860094 0.1262060762542521
189818.59858275342 0.10798841311935856
190577.87297708448 0.1303302285402669
191340.18446899284 0.12578202778031627
192105.54520686882 0.10859151780523921
192873.9673876963 0.10295336382892617
193645.46325724703 0.10737168621489349
194420.04511027603 0.08646008296043105
195197.72529071715 0.11206768277931194
195978.51619188 0.09548881811094205
196762.4302566476 0.10066694388144813
199107.9942767367 0.09843885738940733
203090.15416227144 0.08783597636633364
207151.95724551688 0.08677801669637912
211294.9963904272 0.07305638387928823
215520.89631823578 0.07092420410903136
219831.31424460045 0.06589187411704106
224227.94052949245 0.058824700572762366
228712.4993400823 0.059972798394875855
233286.74932688402 0.05697174121030995
237952.48431342165 0.045774571779933916
242711.5339996901 0.050529028593519223
247565.76467968393 0.04359261940037135
252517.0799732776 0.036709611002878444
257567.42157274322 0.03851590946863316
262718.770004198 0.03604865759029688
267973.145404282 0.02931950367301816
273332.6083123676 0.03273871078542309
278799.26047861495 0.02784097632061902
284375.2456881872 0.022215976315701005
290062.750601951 0.02510399216866581
295864.00561398995 0.021743698085654177
301781.2857262697 0.02073351566781177
307816.91144079523 0.017283630892267404
313973.24966961105 0.01829640271301068
320252.7146630032 0.016818744308752902
326657.7689562633 0.015361527058232741
333190.92433538847 0.012828930358266554
339854.7428220964 0.014339886030211366
346651.83767853834 0.011587299486862608
353584.87443210906 0.010149815271873317
360656.57192075124 0.00974797006280096
367869.70335916633 0.009963348474029843
375227.09742634965 0.008469307466631602
382731.63937487674 0.008863362622534425
390386.2721623741 0.0075201435922922135
398193.99760562164 0.006870776733810475
406157.87755773397 0.005819281379908256
414281.0351088888 0.00647450015210941
422566.65581106645 0.005925149077925158
431017.98892728786 0.004873784377949315
439638.3487058336 0.004594131098968112
448431.11567995034 0.004343461307607656
457399.7379935492 0.004075232354919028
466547.7327534202 0.0035853935036421996
475878.6874084886 0.003513928238816841
485396.2611566584 0.0033875811834809164
495104.1863797916 0.002834191384478921
505006.2701073874 0.002757555665417726
515106.39550953516 0.0024147872487965934
525408.5234197257 0.0026456941173988472
535916.6938881205 0.002338953951902935
546635.0277658828 0.002137609730767747
557567.7283212005 0.001797533427093157
568719.0828876244 0.001712448002667472
580093.4645453768 0.0016511466101256918
591695.3338362843 0.0015664446567489976
603529.2405130101 0.001407647662261068
615599.8253232702 0.001451415088099904
627911.8218297358 0.0011872445452812237
640470.0582663304 0.0010427742561383406
653279.459431657 0.0009761094741007945
666345.04862029 0.0009030011356361705
679671.9495926959 0.0009421503592602271
693265.38858455 0.0009212299798695789
707130.6963562409 0.0007676536785205919
721273.3102833657 0.0006666532423528018
735698.7764890331 0.0006550495738386046
750412.7520188137 0.0005791240088801432
765421.0070591901 0.0005867601634330357
780729.4272003738 0.0005175843095933002
796344.0157443815 0.0004991482545897413
812270.896059269 0.00042471302824727915
828516.3139804546 0.0003932377671132063
845086.6402600636 0.0003815962537994293
861988.3730652649 0.0003796637693490777
879228.14052657 0.0004147868415626812
896812.7033371016 0.00032581808322814846
914748.9574038435 0.00030259403866331126
933043.9365519203 0.00026729249817992134
951704.8152829591 0.00022848315938410926
970738.911588618 0.0002537472959334113
990153.6898203905 0.00019341121389171645
