1000.5530765187797 2.3113957252126616e-19
1004.5552888248548 7.143475048745217e-77
1008.5735099801544 7.310276882255274e-73
1012.607804020075 1.7724397443915528e-72
1016.6582352361554 5.894218968802133e-77
1020.7248681770998 4.611145783857762e-53
1024.8077676498083 9.914334238093333e-57
1028.9069987204075 6.338810798946817e-71
1033.022626715289 5.023265522829059e-49
1037.1547172221503 1.884227122031169e-74
1041.3033360910388 4.818127722205625e-68
1045.468549435403 1.5427782476082907e-64
1049.6504236331448 1.723104225984082e-76
1053.8490253276773 5.87195840319944e-56
1058.064421428988 9.764880947865993e-71
1062.296679114704 2.7184291632416146e-55
1066.5458658311627 2.779218003538788e-62
1070.8120492944875 1.1509626456717421e-64
1075.0952974916654 1.7075582718792507e-50
1079.3956786816323 8.337218751035126e-65
1083.7132613963586 3.4111196785335404e-48
1088.048114441944 3.759519105857761e-52
1092.4003068997117 6.820326519381063e-35
1096.7699081273104 3.577270753757219e-51
1101.15698775982 1.6425945988917529e-52
1105.561615710859 1.8402995744800898e-35
1109.9838621737026 3.6480523266803913e-41
1114.4237976223976 1.193324055090684e-46
1118.8814928128868 1.7649797224368705e-51
1123.3570187841383 7.604299352356145e-47
1127.8504468592753 1.4793054881181046e-30
1132.361848646712 1.0439150072217555e-33
1136.8912960412988 4.9054885892261375e-33
1141.438861225464 1.8952811797263293e-32
1146.004616670366 9.367560918470824e-32
1150.5886351370475 1.84674013047458e-32
1155.190989677596 1.769398724102355e-33
1159.8117536363065 1.7349323972416447e-31
1164.4510006508515 9.744905767317278e-34
1169.108804653455 3.70091319538542e-35
1173.7852398720688 3.364011913695702e-30
1178.480380831557 2.7363892522449956e-29
1183.1943023548836 1.7341801431922593e-29
1187.9270795643029 1.2030101934362137e-30
1192.67878788256 1.059570418219195e-28
1197.4495030340906 6.238947358428378e-28
1202.2393010462267 1.0765851462341176e-32
1207.0482582504117 7.504106778915409e-28
1211.8764512834132 1.750430327358923e-28
1216.7239570885472 2.5516121416188707e-27
1221.5908529169012 1.1810495137986266e-26
1226.4772163285688 2.2569148260422656e-26
1231.383125193883 1.2324001209041445e-26
1236.3086576946585 3.122599251359008e-26
1241.2538923254372 2.8524743289529584e-26
1246.2189078947392 7.693297718186264e-27
1251.203783526318 3.066174014767081e-26
1256.2085986604231 1.5604103636299729e-26
1261.233433055065 9.565887659102612e-26
1266.2783667872852 7.915904782907643e-27
1271.3434802544346 2.232220891212893e-25
1276.4288541754522 1.3818620465499042e-25
1281.534569592154 7.852733394929083e-26
1286.6607078705229 4.583585236349362e-26
1291.8073507020044 8.173781792841642e-25
1296.9745801048125 9.44314394368567e-25
1302.162478425232 5.446768341710506e-25
1307.3711283389327 1.2587750468365675e-24
1312.6006128522888 2.211790075841206e-24
1317.851015303698 3.2032993530370056e-24
1323.1224193649127 3.769967643964079e-24
1328.4149090423725 5.5990678893928536e-24
1333.728568678542 9.451318422399508e-24
1339.0634829532567 8.381231086706234e-24
1344.4197368850691 1.1443801801025204e-23
1349.7974158326099 1.5586488418355235e-23
1355.1966054959403 2.5804208171104662e-23
1360.6173919179244 3.0211084247442727e-23
1366.059861485596 3.004717437762406e-23
1371.5241009315384 4.084988557295804e-23
1377.0101973352646 6.411485661249343e-23
1382.5182381246057 9.714582255106416e-23
1388.0483110771042 1.2435718656364364e-22
1393.6005043214122 1.5278419964304577e-22
1399.1749063386976 1.0383445857512696e-22
1404.7716059640527 2.5808993757529083e-22
1410.3906923879088 2.985387118082137e-22
1416.0322551574602 6.443209991416864e-22
1421.6963841780905 4.726404235079474e-22
1427.3831697148032 5.241254821194379e-22
1433.0927023936622 1.6497459991885475e-21
1438.8250732032368 1.208265127811591e-21
1444.5803734960498 3.3749424616908144e-21
1450.3586949900334 2.303531202167731e-21
1456.1601297699938 3.868711176745609e-21
1461.984770289074 5.50252493897085e-21
1467.83270937023 4.422971489998852e-21
1473.704040207711 7.262052564596834e-21
1479.5988563685412 1.0234994363768853e-20
1485.5172517940157 1.4109257198430417e-20
1491.459320801192 3.3010360414788396e-20
1497.4251580843968 1.7367867240422228e-20
1503.4148587167342 5.697401659471285e-20
1509.4285181516007 4.753952177420157e-20
1515.4662322242077 3.009270338799608e-20
1521.5280971531042 8.434998933984911e-20
1527.6142095417167 5.941158776713814e-20
1533.7246663798837 7.245860249911222e-20
1539.859565045403 8.401481378686615e-20
1546.0190033055849 1.9734047558171897e-20
1552.203079318807 4.483393531314549e-20
1558.4118916360824 5.528971117112051e-20
1564.6455392026269 5.2047882224283986e-20
1570.9041213594373 5.052494052029264e-20
1577.187737844875 5.407403616610052e-20
1583.4964887962547 5.1110770654626016e-20
1589.8304747514399 6.727793657037331e-20
1596.1897966504455 5.284301597775103e-20
1602.5745558370472 6.863066755866562e-20
1608.9848540603957 8.517015292344649e-20
1615.4207934766368 8.464832793474737e-20
1621.8824766505436 9.23913513620616e-20
1628.3700065571454 9.435037172311462e-20
1634.8834865833744 1.1822247292460789e-19
1641.4230205297079 1.4588872453109078e-19
1647.9887126118267 1.9791309909861068e-19
1654.580667462274 2.146519684156684e-19
1661.198990132123 3.923674116024437e-19
1667.8437860926513 4.423604158549765e-19
1674.515161237022 7.994722852266153e-19
1681.2132218819695 9.145666698657703e-19
1687.9380747694975 1.1538993671046508e-18
1694.6898270685758 3.2481748402472004e-18
1701.4685863768502 2.514860150976751e-18
1708.2744607223572 1.3642708406995229e-18
1715.1075585652468 5.7999347046870244e-18
1721.967988799508 6.2252163460296365e-18
1728.8558607547059 1.122971845025088e-17
1735.7712841977245 8.317201204368756e-18
1742.7143693345156 6.618245684934013e-18
1749.6852268118535 5.884880878248169e-18
1756.6839677191008 1.3318221007240017e-17
1763.7107035899771 3.472003879001868e-17
1770.7655464043373 4.668166113253482e-17
1777.8486085899544 2.7329166272197875e-17
1784.9600030243143 7.759888593202788e-17
1792.0998430364118 6.265860211257465e-17
1799.2682424085576 6.826551318729185e-17
1806.4653153781921 1.0460275045849687e-16
1813.6911766397043 4.6411164372559996e-17
1820.945941346263 4.5508985185098005e-17
1828.2297251116483 2.860564203934853e-17
1835.5426440120948 5.668334936325173e-17
1842.8848145881432 1.7315267293656337e-16
1850.2563538464956 3.5339367074949664e-16
1857.657379261881 2.643654651745313e-16
1865.0880087789287 7.202281496753206e-16
1872.5483608140448 8.319626237917669e-16
1880.0385542573008 5.361096257221609e-16
1887.5587084743302 1.5998570000096256e-15
1895.1089433082268 1.4210598970889393e-15
1902.68937908146 1.220124498375582e-15
1910.3001365977857 3.417742453393893e-15
1917.9413371441767 2.7092556138431913e-15
1925.6131024927531 3.2729590297995327e-15
1933.3155549027244 6.152811781899697e-15
1941.0488171223355 5.941947345752303e-15
1948.8130123908247 5.797069211754678e-15
1956.608264440388 1.0192164286705585e-14
1964.434697498149 7.768086224279213e-15
1972.2924362881417 8.929960952970921e-15
1980.1816060332944 1.302652866859192e-14
1988.1023324574276 1.1277875636943933e-14
1996.0547417872574 9.597807694827793e-15
2004.0389607544066 1.0112931059296685e-14
2012.0551165974243 7.940817237642819e-15
2020.1033370638136 5.9958711504076675e-15
2028.1837504120688 6.311771377179953e-15
2036.2964854137172 1.1611835767975155e-14
2044.4416713553724 1.9527237460373452e-14
2052.6194380407937 3.265335949460819e-14
2060.829915792957 4.4536296308894154e-14
2069.0732354561287 5.6501285658607747e-14
2077.3495283979532 6.937468281106203e-14
2085.6589265115445 9.279359394249085e-14
2094.001562217591 1.1171112440513007e-13
2102.3775684664615 1.2996062233629336e-13
2110.787078740328 1.2726621692609205e-13
2119.2302270552887 1.8028616569127122e-13
2127.70714796351 2.1446371318542117e-13
2136.217976555364 2.7077149496312557e-13
2144.7628484615852 2.125079810270159e-13
2153.341899855432 3.4193726567377e-13
2161.9552674548536 4.629026522821725e-13
2170.603088524673 5.54788332066472e-13
2179.285500878772 4.749579066141315e-13
2188.0026428822866 5.677734224847931e-13
2196.754653453816 9.354783140137054e-13
2205.541672067631 9.100996893656941e-13
2214.3638387559017 1.68129187378409e-12
2223.2212941109246 1.0758455194647934e-12
2232.114179287369 2.9097305557583252e-12
2241.0426360045185 2.1459980661247148e-12
2250.0068065485366 4.75511815119596e-12
2259.0068337747302 3.3102147487878365e-12
2268.0428611098296 5.034001236471641e-12
2277.115032554269 6.076169625521076e-12
2286.223492684486 7.318851018907025e-12
2295.368386655224 1.3935675858433852e-11
2304.549860201845 5.687554972796989e-12
2313.7680596426517 1.6100902202883515e-11
2323.0231318812225 1.5556608222856815e-11
2332.3152244087473 2.6671898329187185e-11
2341.6444853063817 2.896547187148936e-11
2351.0110632476076 1.432995568719041e-11
2360.415107500598 3.2551675055526803e-11
2369.8567679306 1.760699437494786e-11
2379.3361950023227 4.6218609707100905e-11
2388.853539782332 4.1435329056368946e-11
2398.4089539414617 7.77618135834773e-11
2408.0025897572273 9.84327180677275e-11
2417.6346001162565 5.7807701851619246e-11
2427.3051385167214 1.4005805804998596e-10
2437.0143590707885 1.5052946077948284e-10
2446.762416507072 2.6885556958454084e-10
2456.5494661731 1.9314458083403915e-10
2466.375664037793 2.4938518226611814e-10
2476.2411666939443 3.3017591304514344e-10
2486.1461313607197 1.6190686824851862e-10
2496.090715886162 3.079590783250148e-10
2506.075078749707 3.067161049170441e-10
2516.0993790647044 3.931687914914276e-10
2526.163776580964 6.375753836975529e-10
2536.268431687288 8.354365841509785e-10
2546.4135054140374 9.955193778423056e-10
2556.599159435693 8.364125150755392e-10
2566.825556073436 6.945270008821498e-10
2577.09285829773 9.139769237210473e-10
2587.4012297309205 8.689105203736199e-10
2597.7508346498444 1.1971173821356528e-09
2608.141837988444 1.3922527999529685e-09
2618.5744053403982 1.6649159902534767e-09
2629.0487029617593 1.901443768329917e-09
2639.5648977736064 1.905469020096617e-09
2650.123157364701 1.973225118582776e-09
2660.7236499941596 2.182088872334656e-09
2671.366544594136 2.286591670175476e-09
2682.052010772512 2.612751485304053e-09
2692.7802188156024 2.8149622609796413e-09
2703.551339690865 3.068126270495057e-09
2714.365545049628 3.285689313065559e-09
2725.223007229827 3.50136252857418e-09
2736.123899258746 3.740358663948704e-09
2747.0683948557817 4.033313659859526e-09
2758.0566684352048 4.329403931031569e-09
2769.0888951089455 4.679778868692168e-09
2780.165250689381 5.0796291420302595e-09
2791.2859116921386 5.552252479088274e-09
2802.451055338907 6.112765348525493e-09
2813.660859560263 6.784172758936192e-09
2824.9155029985036 7.592728493409281e-09
2836.2151650104965 8.570302197447822e-09
2847.5600256705393 9.755143916575444e-09
2858.950265773222 1.1193084714930379e-08
2870.386066836315 1.2938623672519384e-08
2881.8676111036607 1.50565704295284e-08
2893.3950815480757 1.7623621888841568e-08
2904.968661874268 2.0730218009423537e-08
2916.588536521764 2.4482862798528413e-08
2928.254890667851 2.900624296292491e-08
2939.9679102305226 3.4446495609412795e-08
2951.727781871445 4.097446379777901e-08
2963.534692998931 4.8787678614000144e-08
2975.3888317709266 5.811714364910686e-08
2987.2903870980094 6.923064460738623e-08
2999.2395486464025 8.243119783686862e-08
3011.2365068409886 9.677285768123108e-08
3023.2814528683516 1.1493746650818408e-07
3035.374578679825 1.2813875626750803e-07
3047.516076994544 1.6165447230022587e-07
3059.7061413025226 1.9163460978496493e-07
3071.9449658677336 2.2623251895544529e-07
3084.232745731204 2.6599416168194344e-07
3096.569676714128 2.7758210066978815e-07
3108.955955420985 3.247941426230617e-07
3121.3917792426687 4.30378577385611e-07
3133.8773463596394 5.04415659528899e-07
3146.412855745078 5.884116705133808e-07
3158.998507168058 6.841489472226037e-07
3171.6345011967305 7.926789533529998e-07
3184.321039201517 9.142675177145604e-07
3197.0583233583234 1.0459870013346652e-06
3209.8465566517566 1.1116922447058407e-06
3222.6859428783637 9.391198881542558e-07
3235.576686649877 1.4940791889638836e-06
3248.518993396477 1.6151373547195363e-06
3261.513069370063 1.6105560248149065e-06
3274.559121647543 1.2839774639644933e-06
3287.6573581341336 4.3339052614817676e-07
3300.8079875666704 3.646949159334109e-09
3314.0112195169368 1.6768687364767398e-07
3327.2672643950045 1.5763145836655404e-06
3340.5763334525845 3.255843127992192e-06
3353.938638786395 4.59459790251312e-06
3367.354393341541 5.772170391113833e-06
3380.8238109149074 6.922789163399805e-06
3394.347106158567 8.115724290208741e-06
3407.924494583201 9.383402045057058e-06
3421.5561925615334 1.0699827199493008e-05
3435.2424173317804 1.138244864157358e-05
3448.9833870011066 5.869088797026522e-06
3462.7793205491116 1.5273571643571947e-05
3476.630437831308 1.8065662292841474e-05
3490.536959582633 2.0602058321256082e-05
3504.4991074209643 2.334638215834292e-05
3518.5171038506473 2.6379719436935003e-05
3532.5911722660503 2.9749515345091704e-05
3546.7215369551145 3.349904719561465e-05
3560.9084231029346 3.76715176518782e-05
3575.1520567953467 4.230735114372841e-05
3589.452665022528 4.746333339687419e-05
3603.810475682617 5.3184219634356584e-05
3618.225717585348 5.953112492566897e-05
3632.698620455689 6.656449206011048e-05
3647.2294149375116 7.436175751462129e-05
3661.8183325972614 8.299453513801474e-05
3676.4656059276513 9.252170225455873e-05
3691.1714683513615 0.00010305887898618992
3705.936154224767 0.00011471463037764552
3720.7598988416657 0.00012754923648088733
3735.6429384370326 0.00014173935428693908
3750.585510190781 0.0001573569866814329
3765.587852231544 0.00017452451402705056
3780.6502036404704 0.00019340311010340364
3795.772804455032 0.00021421404776286637
3810.955895672852 0.00023703361530642508
3826.199719255544 0.0002619940010142895
3841.504518132566 0.0002894742191875887
3856.870536205096 0.00031953238897546466
3872.2980183499167 0.00035217207233161047
3887.7872104233156 0.00038807232347622963
3903.338359265009 0.0004273117734951585
3918.9517127020695 0.0004702757577256773
3934.6275195528774 0.0005169280666584785
3950.3660296310895 0.0005677786888432308
3966.1674937496136 0.0006224991194917801
3982.0321637246125 0.0006788079152925191
3997.9602923795105 0.0007358061129832282
4013.9521335490285 0.0007800786277399684
4030.007942083225 0.0006803193713220661
4046.1279738515577 9.650016426869029e-05
4062.312485746964 0.0007988114932255175
4078.5617356899515 0.0011189573530152556
4094.8759826327114 0.0012698619943685104
4111.255486563242 0.0014060139697186715
4127.700508509496 0.001546283074470946
4144.211310543533 0.0016939007362783219
4160.788155785708 0.0018533498853881866
4177.431308408849 0.002024074562647906
4194.141033642486 0.0022085795563023965
4210.917597777056 0.002393246293547882
4227.761268168164 0.002616176275644468
4244.672313240838 0.002829508665579338
4261.651002493801 0.003068164361912584
4278.697606503776 0.0033478963171565236
4295.812396929791 0.0036429161235273753
4312.995646517511 0.0039715068264582895
4330.24762910358 0.00431305717614747
4347.568619619994 0.004674722642591874
4364.958894098475 0.005025462947554119
4382.418729674868 0.005424552990951887
4399.948404593568 0.005938191614039844
4417.548198211942 0.00641967768439559
4435.21839100479 0.006908225184975211
4452.959264568809 0.007512960450388646
4470.771101627084 0.008091479504004764
4488.654186033592 0.008716924243429243
4506.608802777726 0.009496261794417067
4524.635237988838 0.010215172161856537
4542.733778940792 0.010937095962128215
4560.904714056555 0.010653887896073232
4579.148332912781 0.010907009942381845
4597.464926244433 0.013484553140411665
4615.85478594941 0.014721758554443857
4634.318205093208 0.015724511936372663
4652.855477913582 0.016885638424509068
4671.466899825236 0.018065843932080484
4690.152767424537 0.019449181317717848
4708.913378494234 0.020892999617322744
4727.749032008212 0.02198842204038893
4746.660028136244 0.02281329744005661
4765.646668248789 0.022777571220076953
4784.709254921784 0.021081921292843215
4803.8480919414715 0.021113426688693673
4823.063484309237 0.022672925016588137
4842.355738246474 0.02302132721349771
4861.72516119946 0.02319486573393161
4881.172061844257 0.022553110030597408
4900.6967500916335 0.02180162002829134
4920.299537092001 0.020596846850766033
4939.9807352403695 0.018680310360320303
4959.740658181329 0.015920298195504713
4979.5796208140555 0.01278619078995606
4999.497939297312 0.00944263485673761
5019.495931054502 0.0065077711152613455
5039.57391477872 0.004639902758999449
5059.732210437835 0.0037978580734638677
5079.971139279585 0.0035429804520283083
5100.291023836704 0.003386504713691419
5120.692187932051 0.003088509036571751
5141.174956683781 0.002754330188996153
5161.739656510514 0.0025335118081904282
5182.386615136556 0.002415576036974747
5203.116161597103 0.002374452941550154
5223.928626243489 0.0023642053394356028
5244.824340748465 0.002217995534338365
5265.803638111459 0.0020004265875491673
5286.866852663905 0.0017678676364266195
5308.0143200745615 0.0015797263278715715
5329.246377354859 0.0014067654027870486
5350.563362864278 0.001235278656632129
5371.965616315736 0.0011003398130229015
5393.453478780998 0.0009774478389826201
5415.027292696122 0.0008517735637054589
5436.687401866905 0.0007512303684000762
5458.434151474374 0.000656205394552873
5480.267888080271 0.0005611572886451314
5502.188959632591 0.0004842771022243173
5524.197715471122 0.00041476856371772076
5546.294506333006 0.0003487433404516142
5568.479684358337 0.0002930423034762055
5590.753603095771 0.00024584279747413525
5613.1166175081535 0.00020078827613373762
5635.569083978187 0.00016585152512875085
5658.1113603140975 0.00013234056934745072
5680.743805755354 0.00010514101569684458
5703.466780978376 8.099043963717365e-05
5726.28064810229 6.137068844201665e-05
5749.185770694699 4.478352400371064e-05
5772.182513777476 3.174147549731159e-05
5795.271243832587 2.2334346182729764e-05
5818.452328807918 1.62312643238011e-05
5841.72613812315 1.2138137545524747e-05
5865.093042675643 6.478117316523309e-06
5888.553414846345 1.8459396861700844e-06
5912.10762850573 4.240742498141538e-06
5935.756059019754 1.367504549788076e-05
5959.499083255832 2.5854923631229632e-05
5983.337079588855 4.638804015485491e-05
6007.27042790721 8.703461706440376e-05
6031.299509618841 0.00016397440584322974
6055.424707657316 0.00028705414354873477
6079.646406487946 0.00047592263265946544
6103.964992113897 0.0007701566613644742
6128.380852082353 0.0012155235813277275
6152.894375490681 0.0018746830977093157
6177.505952992646 0.002806875942360034
6202.215976804616 0.004095130039456483
6227.024840711833 0.005846290744110261
6251.932940074681 0.008217293881082189
6276.940671834981 0.011364587644380872
6302.048434522321 0.01558354426798073
6327.256628260409 0.021030755673269806
6352.5656547734525 0.02785738600833699
6377.975917392546 0.0364266920566707
6403.487821062116 0.04697769510188437
6429.101772346364 0.059797926572720844
6454.81817943575 0.07541227813507728
6480.637452153493 0.09424500420198323
6506.560001962106 0.11678519868384132
6532.586241969955 0.14373626169414355
6558.716586937834 0.17547603018376864
6584.951453285586 0.2121887089875141
6611.291259098727 0.25456324691829263
6637.7364241351215 0.3029466394862435
6664.2873698316625 0.35582790036898465
6690.94451931099 0.4136109493422613
6717.7082973882325 0.476519000001322
6744.579130577787 0.5438026798836993
6771.557447100097 0.6131974565861591
6798.643676888497 0.6742946058380525
6825.838251596053 0.7262645438664191
6853.141604602436 0.7566644165937986
6880.554171020846 0.7608175185366902
6908.0763877049285 0.7413655162157694
6935.708693255749 0.7108286077911922
6963.4515280287715 0.691896558813131
6991.305334140887 0.6916282282285615
7019.270555477449 0.7138737870477672
7047.34763769936 0.7496306427216016
7075.537028250157 0.7858096803903821
7103.839176363159 0.8241266092924847
7132.254533068612 0.8614697273222484
7160.783551200888 0.893092208899105
7189.42668540569 0.9136627868203533
7218.184392147313 0.9140834119293444
7247.0571297159 0.8962543512732801
7276.045358234765 0.8655260029603158
7305.149539667704 0.8180709496204471
7334.370137826372 0.7629290332077231
7363.707618377678 0.7064973032695673
7393.162448851191 0.6481516839388349
7422.735098646595 0.5811751336819392
7452.426039041182 0.5172180409420841
7482.235743197345 0.45230947243585995
7512.1646861701365 0.3778213025321343
7542.213344914818 0.3137099657160175
7572.382198294477 0.2541513310019844
7602.671727087656 0.1775736591879984
7633.082413996006 0.0628682013774692
7663.614743651989 0.004037921287652866
7694.269202626598 0.005786626499069628
7725.046279437104 0.034520124779382294
7755.946464554851 0.10065575099785305
7786.970250413072 0.2366606033111552
7818.118131414723 0.39651453470165343
7849.390603940383 0.5628316500812973
7880.788166356144 0.7596303494129433
7912.311319021571 0.989083998039616
7943.960564297654 1.25888472298652
7975.736406554845 1.567160998449826
8007.639352181065 1.9033060432185696
8039.669909589788 2.253497442568628
8071.828589228147 2.6280982952880403
8104.115903585063 3.0280763996670546
8136.532367199402 3.444458652536329
8169.078496668199 3.867341152302246
8201.754810654873 4.246977881322036
8234.561829897493 4.77655223373623
8267.500077217084 5.2890718478190575
8300.570077525952 5.764006848146615
8333.772357836056 6.256900525303465
8367.1074472674 6.738968200606156
8400.575877056472 7.238255934021922
8434.178180564695 7.669966709951199
8467.914893286956 8.011049372483233
8501.786552860101 8.559634269329036
8535.793699071543 9.139966239052926
8569.936873867831 9.774732433387438
8604.216621363299 9.63774869190692
8638.633487848754 7.937083163682199
8673.18802180015 9.605602346750535
8707.880773887353 9.784785884980144
8742.7122969829 10.550972549010483
8777.68314617083 11.399421319711392
8812.793878755514 12.184423572968305
8848.045054270535 13.081849764287421
8883.437234487617 13.331516215594172
8918.970983425568 14.279327564994558
8954.64686735927 14.81905376102955
8990.465454828707 15.69878951965148
9026.427316648023 16.515620067642843
9062.533025914616 17.143564388061524
9098.783158018272 18.116102868973275
9135.178290650345 18.872921442324206
9171.719003812947 19.67980506149937
9208.405879828202 20.54109912956368
9245.239503347511 21.17963669058436
9282.2204613609 20.204449603906497
9319.349343206346 20.495276389390263
9356.626740579171 21.654021212618687
9394.053247541488 23.222020898003265
9431.629460531654 23.67864285261688
9469.355978373778 24.225141889425416
9507.233402287276 24.790518363821988
9545.262335896427 25.560470969624287
9583.443385240013 25.783569918571743
9621.777158780975 26.516926698169424
9660.264267416096 27.42471627503769
9698.90532448576 28.405487251670866
9737.7009457837 28.75611299641163
9776.651749566838 29.361320011829505
9815.758356565104 29.916418830915603
9855.021389991363 30.1743169223492
9894.441475551332 28.97637651004111
9934.019241453534 27.286201193731284
9973.755318419348 26.69186762848669
10013.650339693024 25.15815850197774
10053.704941051796 25.97106528663586
10093.919760816003 26.778199000367636
10134.295439859268 26.96988538877365
10174.832621618703 27.17072310072248
10215.531952105179 27.374371816682338
10256.394079913602 27.70353653748903
10297.419656233254 27.704961413546847
10338.609334858189 27.68244424640803
10379.96377219762 28.00172545732684
10421.483627286412 27.905028208183204
10463.169561795556 27.98741963046002
10505.022240042741 27.797251436461867
10547.042329002912 27.763011584221612
10589.230498318922 27.515129389346672
10631.587420312197 27.3324165724446
10674.113769993448 26.949287268487225
10716.810225073421 26.75147452715435
10759.677465973711 26.58609648202468
10802.716175837608 26.36606926049084
10845.927040540959 26.301908484165626
10889.310748703121 26.201982839122877
10932.867991697934 25.85265082535565
10976.599463664725 25.45367377528575
11020.505861519383 24.809877934262
11064.587884965462 23.886786962467355
11108.846236505324 22.899717392697717
11153.281621451348 21.818948734494818
11197.894747937147 22.733556382610804
11242.686326928899 23.379137899176122
11287.657072236614 24.93748911247764
11332.807700525562 21.988217976820184
11378.138931327663 25.36705325857071
11423.651487052975 25.997304057495302
11469.346093001184 26.319506915613513
11515.22347737319 25.559347403590785
11561.284371282683 25.345076276296886
11607.529508767815 25.57472370984176
11653.959626802887 27.10729043215045
11700.5754653101 27.064520374920438
11747.377767171341 26.45077782779033
11794.367278240028 27.50681582171405
11841.544747352984 29.140256202997442
11888.9109263424 29.764867213601857
11936.46657004777 29.805157087231258
11984.212436327958 29.88640554086416
12032.149286073272 30.139101662872225
12080.277883217566 30.53750204314937
12128.598994750435 30.89004455841616
12177.113390729437 31.472634476562426
12225.821844292353 32.038494282961615
12274.725131669524 32.858631090176125
12323.824032196202 33.591133954966054
12373.119328324985 34.41300143718389
12422.611805638286 35.164036549626466
12472.302252860838 36.42402914652906
12522.19146187228 37.2582544737737
12572.280227719768 38.694342569449205
12622.569348630648 39.89255865483793
12673.059626025171 40.99945602014229
12723.751864529271 41.84752785198175
12774.646871987386 42.57340901145203
12825.74545947534 43.02818291257205
12877.04844131324 43.44981611499882
12928.556635078494 43.969221242457444
12980.270861618808 44.49652862252153
13032.191945065284 44.98696791464704
13084.320712845543 45.439218932312826
13136.657995696927 45.65529353885923
13189.204627679715 46.104180420465546
13241.961446190431 45.643385967820336
13294.929291975195 42.70875224171149
13348.109009143096 33.58894666152785
13401.50144517967 22.5874031386943
13455.107450960388 17.027916202354582
13508.927880764231 14.654803970826976
13562.963592287288 11.875560244207222
13617.215446656439 14.39820373627057
13671.684308443064 19.617825958206275
13726.371045676835 20.98451048736408
13781.276529859542 24.56021483156173
13836.40163597898 16.790723241892223
13891.747242522899 18.25806219432628
13947.314231492988 16.039992089129758
14003.103488418961 18.390633305962844
14059.115902372636 19.498358354615323
14115.352365982128 16.056243066131707
14171.813775446057 17.36026206581545
14228.501030547843 18.298305405575803
14285.41503467003 20.989555091312436
14342.556694808713 20.050059323377425
14399.926921587949 21.48818814634162
14457.5266292743 24.34805725601019
14515.356735791396 26.16457099565617
14573.418162734559 27.609851038512403
14631.711835385498 26.938874171947152
14690.238682727038 25.971047951542964
14748.999637457951 26.29307545841252
14807.995636007783 26.168886734634967
14867.227618551815 26.513427946638963
14926.69652902602 26.466517657823182
14986.403315142123 27.119063263750718
15046.348928402693 26.743378758558933
15106.534324116303 25.689169919574844
15166.96046141277 25.169918674841206
15227.62830325842 25.486427224474145
15288.538816471453 25.13485082951121
15349.692971737337 24.86977053789033
15411.091743624287 24.432598474195668
15472.736110598784 24.00085657457054
15534.62705504118 23.39043350030381
15596.765563261344 22.88292666287141
15659.152625514387 22.35968638261833
15721.789236016448 21.72164955118212
15784.676392960515 20.99274370772917
15847.815098532355 20.267340278266563
15911.206358926484 19.45745797629128
15974.85118436219 18.58267938364629
16038.75058909964 17.594550101879385
16102.905591456036 16.471221668569648
16167.31721382186 15.283124555078105
16231.986482677148 14.138425758842532
16296.914428607855 13.280783124761562
16362.102086322288 12.688630324690907
16427.550494667576 12.31678688988651
16493.260696646248 12.119739491073938
16559.23373943283 11.578139645988477
16625.470674390563 11.091289360479381
16691.972557088127 9.251319285753231
16758.74044731648 9.788622790057406
16825.775409105743 9.59065886297304
16893.07851074217 9.043921558372274
16960.650824785134 8.496988122143426
17028.493428084275 8.13625984627714
17096.607401796613 8.009539535506592
17164.993831403797 7.654375160537347
17233.653806729413 7.398991615986905
17302.588421956334 6.935768995982769
17371.798775644158 6.601782361868204
17441.285970746736 6.3392276703720984
17511.05111462972 6.048893857795971
17581.095319088243 5.6499993206184245
17651.419700364593 5.191300457170484
17722.02537916605 4.933742890340525
17792.913480682713 4.527704096907868
17864.085134605448 4.1009997283021855
17935.54147514387 3.5919030979540545
18007.283641044443 3.48090704587803
18079.312775608625 3.1077057640343946
18151.630026711056 3.0491294250981187
18224.236546817894 3.0247625488758407
18297.133493005167 2.6777710356679956
18370.32202697719 2.6210657064415925
18443.803315085097 2.734743609501921
18517.578528345435 2.5788660770074516
18591.648842458817 2.2896996707272605
18666.01543782865 2.0256379235662205
18740.67949957997 2.072168719432705
18815.642217578286 2.5811364355514574
18890.9047864486 2.4423729754349477
18966.4684055944 2.398589417923216
19042.334279216768 2.069582155201965
19118.50361633364 2.0454278715358956
19194.977630798967 1.853968275438549
19271.757541322168 1.7591590225319553
19348.844571487454 1.7057072497419161
19426.239949773408 1.622508573629193
19503.9449095725 1.731746731415339
19581.960689210795 1.6802709099235138
19660.28853196764 1.7812396866634317
19738.929686095507 1.7603882494211398
19817.885404839893 1.8109667580513993
19897.15694645925 1.830707507648129
19976.745574245087 1.853868292023749
20056.65255654207 1.825892818830312
20136.879166768238 1.804320511062333
20217.426683435307 1.7650037843990085
20298.296390169045 1.7514158086646372
20379.489575729727 1.7386941109642107
20461.007534032648 1.719333075604215
20542.851564168777 1.693373905251421
20625.02297042545 1.660902181071047
20707.523062307162 1.6236585917260598
20790.353154556382 1.5827496313811977
20873.514567174607 1.5435398886306875
20957.008625443308 1.505298549961988
21040.836659945082 1.4731543109812137
21125.000006584854 1.4464411690036547
21209.5000066112 1.424846591364875
21294.33800663765 1.4081138981394192
21379.515358664197 1.395586941589032
21465.033420098855 1.381560350596353
21550.893553779246 1.3662735890228952
21637.097127994366 1.3376203012279229
21723.645516506345 1.3219186606578657
21810.540098572368 1.2831350991428225
21897.782258966654 1.2479618289569647
21985.37338800253 1.1279599059456225
22073.314881554532 1.1026004159397007
22161.60814108075 1.1362215074616646
22250.25457364508 1.0909944018343032
22339.25559193965 1.0532032082054927
22428.61261430741 1.0026553887050533
22518.32706476464 0.9707029411994788
22608.400373023702 0.9210254447112833
22698.833974515794 0.9353517292579855
22789.62931041386 0.9123039624431428
22880.78782765551 0.8931898470197757
22972.310978966132 0.878270353629227
23064.200222882002 0.9262195777061403
23156.457023773528 0.8691031569275539
23249.082851868614 0.8450974484853425
23342.079183276095 0.8216794986794272
23435.447500009202 0.8063726896159613
23529.18929000923 0.8416809851392097
23623.306047169273 0.8850724349080277
23717.79927135796 0.7905615032165366
23812.670468443375 0.8722581588951823
23907.92115031715 0.919301996484722
24003.552834918424 0.947835177033706
24099.56704625809 0.991682272403689
24195.96531444313 1.020710038699271
24292.749175700897 1.0755774097682629
24389.9201724037 1.1272457456646423
24487.479853093315 1.1810667698532737
24585.42977250569 1.2639985495850072
24683.771491595708 1.3212889312336298
24782.50657756209 1.3477094776681897
24881.636603872343 1.3890813026152409
24981.16315028783 1.468183409304293
25081.087802888986 1.3858891691781263
25181.412154100537 1.41556723860864
25282.137802716934 1.3239128642908022
25383.266353927807 1.3557373002478483
25484.79941934352 1.248382917608014
25586.73861702089 1.4953700610413494
25689.08557148898 1.3732863001064415
25791.84191377493 1.4020310906210287
25895.009281430033 1.4569716308426706
25998.589318555754 1.6053405820536877
26102.58367582998 1.9682566550575173
26206.994010533297 2.1502776366390783
26311.821986575433 2.123436045064774
26417.069274521735 2.7375759484911844
26522.737551619815 2.74168723600512
26628.828501826294 2.0236694317953896
26735.343815833607 1.3410157322564176
26842.285191096937 1.4728650299432737
26949.654331861326 1.9306157402132424
27057.452949188766 2.0811696503068204
27165.682760985525 2.2109496707972305
27274.345492029468 3.05882420199706
27383.442873997585 2.117994095993012
27492.976645493567 3.3141146858731223
27602.948552075544 2.247779050576757
27713.360346283847 2.3178895555173926
27824.213787668985 2.0572066864725578
27935.510642819663 3.2147644973108007
28047.252685390937 2.146117373560576
28159.441696132504 2.686320822969227
28272.079462917034 3.6215417046128193
28385.167780768694 2.6822417903293205
28498.70845189177 3.1955827946121467
28612.703285699336 3.6692387954319483
28727.154098842133 3.586843511450441
28842.062715237505 4.080658707987384
28957.430966098455 4.252144265106777
29073.260689962848 4.261761306839541
29189.553732722703 5.057525656389429
29306.311947653598 5.452082500125961
29423.537195444205 5.42365656702158
29541.231344225984 5.603575778046584
29659.396269602887 5.930001408357138
29778.033854681304 6.297401572360384
29897.14599010003 6.914201213584649
30016.734574060432 3.961829084960557
30136.80151235667 6.3409462982857905
30257.348718406094 7.173213879177074
30378.37811327972 7.736797644615437
30499.89162573284 6.8717464386007325
30621.891192235766 7.7519614931355045
30744.37875700471 6.753918740372742
30867.356272032728 6.275410261778522
30990.825697120858 5.860658275588164
31114.78899990934 5.152050505988104
31239.24815590897 5.546332295083811
31364.20514853261 4.248625749237096
31489.661969126744 3.889076033783801
31615.62061700325 2.9403696079367445
31742.083099471263 2.9780660594574146
31869.05143186915 2.511809144973706
31996.527637596624 2.325846977084919
32124.51374814701 2.652160346052367
32253.011803139605 2.4978928326322904
32382.02385035216 2.821533126825325
32511.55194575357 3.197435904630785
32641.598153536583 3.767519279113922
32772.16454615073 4.863213067246066
32903.25320433533 5.661126384253733
33034.86621715268 5.178758925257298
33167.005682021285 0.6667123396352218
33299.673704749366 0.6025617733739003
33432.87239956837 1.8401771136027525
33566.60388916664 3.374736423676517
33700.87030472331 4.231627503830446
33835.6737859422 3.9642325478338436
33971.016481085964 3.5766855092031027
34106.900547010315 3.4179683127728384
34243.32814919835 3.1966513453893968
34380.30146179514 3.201124190214936
34517.82266764233 3.1984387295927412
34655.893958312896 3.532816957371805
34794.51753414615 3.5289916819459632
34933.69560428273 3.9758013292928864
35073.43038669985 4.528275495912621
35213.72410824666 4.75118088518969
35354.57900467965 4.802939733562905
35495.99732069836 5.242698230654689
35637.98130998116 5.857072205343322
35780.53323522108 6.511220125067421
35923.65536816197 7.358021092904741
36067.34998963462 7.593161831188116
36211.61938959315 8.592802676882386
36356.46586715153 9.496600776951812
36501.891730620126 9.824649571062599
36647.89929754261 10.422968536186572
36794.49089473278 11.190292364101285
36941.6688583117 11.027411867632983
37089.43553374496 11.309065290497848
37237.793275879936 11.40179639328586
37386.74444898345 11.9996223893872
37536.29142677938 12.082752134884545
37686.43659248651 11.781048208924435
37837.18233885645 11.78128296219685
37988.53106821188 11.944110930074482
38140.48519248474 12.326069731737718
38293.04713325467 12.459725943652774
38446.21932178769 11.874725717117252
38600.00419907484 12.202837609636493
38754.40421587113 12.162040409928945
38909.42183273463 12.220542277091713
39065.05952006556 12.081076588925784
39221.31975814583 12.04415378937402
39378.205037178406 12.12194085501711
39535.71785732712 11.916389205709077
39693.860728756415 11.910531770981356
39852.636171671445 11.839626076614808
40012.04671635814 11.66214221537565
40172.09490322357 11.594025648998107
40332.78328283648 11.477584713949208
40494.11441596781 11.315137780893041
40656.090873631685 11.252990927110337
40818.71523712622 11.045132788781363
40981.990098074726 10.906431868986388
41145.918058467025 10.781722266315269
41310.50173070089 10.6139120570551
41475.74373762369 10.543663403514
41641.646712574184 10.342870815072148
41808.21329942448 10.170862655568087
41975.44615262219 10.069680814949908
42143.347937232684 9.903457612175568
42311.921328981625 9.840717992749928
42481.16901429755 9.625674448672042
42651.09369035474 9.53517151968496
42821.69806511615 9.382130923034609
42992.98485737662 8.729921775767307
43164.95679680613 8.66652639495697
43337.61662399335 8.803428894472678
43510.96709048933 8.70083852969373
43685.01095885128 8.704789615734676
43859.75100268668 8.588532625544328
44035.19000669744 8.365014504819404
44211.330766724226 8.38592983501047
44388.176089791115 7.979876964881167
44565.72879415028 8.18696606964314
44743.991709326874 7.764671606348304
44922.9676761642 7.909853107462644
45102.65954686885 7.851027102627149
45283.07018505633 7.234402609786618
45464.20246579656 7.7409753356614805
45646.05927565975 7.378366370684857
45828.64351276236 7.422406478465608
46011.95808681343 7.38331355274738
46196.00591916067 6.697661114967114
46380.78994283732 7.073876518167954
46566.31310260868 6.755924429673358
46752.578355019126 6.274410483109339
46939.588668439166 6.85083628899763
47127.34702311293 6.458267160505085
47315.85641120539 6.075881275031896
47505.11983685021 6.4708846270367655
47695.14031619761 6.179759421745716
47885.9208774624 5.564189807459432
48077.46456097225 5.947476595990133
48269.774419216126 5.9947145577518075
48462.853516892996 5.209441736734409
48656.70493096058 5.801007823401202
48851.33175068441 5.494252997947554
49046.737077687154 5.190995525817586
49242.92402599791 5.413693937838265
49439.89572210189 4.925749096824512
49637.6553049903 4.597462819742221
49836.20592621027 5.179001522666114
50035.55074991511 4.990163138935635
50235.69295291477 3.96702455286094
50436.63572472643 4.749103678973725
50638.382267625326 4.7994610912869415
50840.935796695834 4.096533471209962
51044.2995398826 4.304036822065318
51248.47673804215 4.304970667679743
51453.47064499432 3.4594134495182405
51659.28452757429 3.8376120675599426
51865.92166568459 4.262116922096853
52073.38535234733 3.0048412305596286
52281.67889375672 3.6472080708667702
52490.80560933175 3.6654828772830794
52700.76883176907 3.3214712659470726
52911.57190709616 3.320874013148146
53123.218194724526 3.3372410180531364
53335.711067503435 3.724845776953776
53549.053911773444 2.505152334705269
53763.25012742054 2.920032378092991
53978.303127930216 3.3148016620188123
54194.21634044194 1.9713489146593686
54410.99320580371 3.012982355101641
54628.63717862692 2.472848994391552
54847.15172734143 2.67065309786327
55066.540334250785 2.580063017450656
55286.80649558781 2.421452344859477
55507.95372157016 2.208756303344738
55729.985536456436 2.014631825783641
55952.90547860226 2.3111608989012504
56176.717100516675 2.2176289791887775
56401.42396891874 2.086203978314523
56627.02966479442 2.11056684686511
56853.5377834536 1.9050132402162088
57080.95193458741 1.8563196940836952
57309.27574232576 1.782576019367914
57538.51284529506 1.8277137479543986
57768.666896676245 1.7272997804836507
57999.74156426295 2.0993629151716493
58231.74053052 1.4580875124350166
58464.66749264208 1.9680519949452793
58698.52616261265 1.5464138634861513
58933.3202672631 1.527588025882339
59169.05354833215 1.9386256711004715
59405.72976252549 1.420900315695478
59643.3526815756 1.8539837304992677
59881.926092301896 1.7915026527493974
60121.45379667111 1.9595241654813105
60361.93961185778 1.694384458869827
60603.38737030522 1.4557106436017424
60845.800919786445 1.747577226795258
61089.184123465595 1.4584367389228723
61333.54085995945 1.5011580240823608
61578.87502339928 1.2662179874928143
61825.19052349288 1.351332255280698
62072.491285586846 1.6308350024985696
62320.7812507292 1.6148383131640385
62570.06437573213 1.7484554979739229
62820.34463323505 1.7187762407353215
63071.62601176801 1.8228600102638042
63323.91251581507 1.6174195713334363
63577.20816587833 1.6720693746568986
63831.51699854184 1.5793057235867267
64086.843066536014 1.1858568590272303
64343.19043880215 1.3893760511967383
64600.563200557364 1.2488064910320251
64858.96545335958 0.9689456007111328
65118.401315173025 1.1535295902745162
65378.87492043372 1.2213605360843325
65640.39042011545 1.0457747284305747
65902.95198179591 0.9815692919151342
66166.56378972309 1.0129017936609521
66431.23004488199 1.04349435860086
66696.95496506151 1.1291610994237844
66963.74278492175 1.228059145279773
67231.59775606144 1.1009043234130995
67500.52414708569 1.2550412376491364
67770.52624367403 1.1111633113660744
68041.60834864872 1.0825882511122469
68313.77478204331 1.1729987137362807
68587.02988117147 0.9580376564189889
68861.37800069616 1.1870505541740533
69136.82351269896 1.2583466261413976
69413.37080674975 1.2599642185012991
69691.02428997675 1.0965270776539817
69969.78838713666 1.1960803162677887
70249.6675406852 1.1635384047959056
70530.66621084794 0.9936802380702856
70812.78887569135 1.1366819904328958
71096.04003119409 1.0716696151010758
71380.42419131887 1.0631375170436952
71665.94588808414 0.9520967378445577
71952.60967163648 0.954826229582025
72240.42011032304 0.9517903624616657
72529.38179076432 0.9165533189672801
72819.49931792737 0.8282668362416732
73110.77731519907 0.8875033250745759
73403.22042445988 0.7206014328320286
73696.83330615771 0.8142456728791068
73991.62063938235 0.8416041521481661
74287.58712193987 0.8208027589729091
74584.73747042764 0.7046138654754879
74883.07642030934 0.8162214487134963
75182.60872599059 0.9020340006518256
75483.33916089457 0.9030957688087552
75785.27251753812 0.8816989895061845
76088.4136076083 0.8791563570634177
76392.76726203872 1.0094686443468672
76698.33833108687 0.5081022718058659
77005.13168441122 0.598052681791532
77313.15221114887 0.6121574586906232
77622.40481999348 0.6573694907359097
77932.89443927344 0.748496979292658
78244.62601703055 0.7630786747676589
78557.60452109865 0.7812885677402074
78871.83493918306 0.7317244045567034
79187.3222789398 0.7647934438350517
79504.07156805556 0.8216920643959341
79822.08785432778 0.8335633010926858
80141.37620574511 0.7571991810669105
80461.94171056806 0.7620290402335665
80783.78947741033 0.7541323338462926
81106.92463531997 0.8619041284304175
81431.35233386126 0.7511461561325901
81757.0777431967 0.7612593469782967
82084.10605416949 0.758087883279833
82412.44247838613 0.7365606984452536
82742.09224829968 0.8110318081098518
83073.06061729288 0.8066197531104474
83405.35285976208 0.7772310985881602
83738.9742712011 0.7191633227629329
84073.93016828595 0.7840183953242845
84410.22588895904 0.8102008395309486
84747.86679251489 0.7845266688108045
85086.85825968496 0.7171597266262484
85427.20569272367 0.7799034783062745
85768.91451549459 0.8097631270754163
86111.99017355654 0.7668593236578872
86456.43813425078 0.68097850627978
86802.2638867878 0.7606199707556991
87149.47294233493 0.782502095263162
87498.07083410428 0.7480288421437351
87848.0631174407 0.6771901053189715
88199.45536991046 0.7145928614499143
88552.25319139009 0.7480951907236191
88906.46220415569 0.7436994653699882
89262.08805297229 0.6767578894986334
89619.1364051842 0.6246026277202632
89977.61295080492 0.6991940844029654
90337.52340260813 0.7087074229539454
90698.87349621857 0.6472710897603817
91061.66899020346 0.66338512407999
91425.91566616425 0.6401148503110748
91791.61932882894 0.659097997168796
92158.78580614422 0.6021345796820939
92527.4209493688 0.6724307025086912
92897.53063316627 0.5971858696096451
93269.12075569895 0.5960018709220312
93642.19723872172 0.6375889260986206
94016.76602767664 0.6224434841228313
94392.83309178732 0.6198184080898923
94770.40442415449 0.5684617132111472
95149.48604185111 0.5937429722810753
95530.08398601852 0.5870021043340287
95912.20432196259 0.6139121450439685
96295.85313925042 0.5973510907286643
96681.0365518075 0.5465072135000426
97067.76069801472 0.5748866980463999
97456.03174080675 0.5712013808666185
97845.85586776999 0.5787780853615153
98237.23929124104 0.5824720935451175
98630.18824840599 0.5479759257262592
99024.70900139965 0.5560739929617897
99420.80783740526 0.5467273543772017
99818.49106875488 0.5720795457480066
100217.76503302988 0.5621188720094517
100618.636093162 0.5155624830924619
101021.11063753467 0.5337804348846732
101425.1950800848 0.5431881213233547
101830.89586040513 0.5447734381236682
102238.21944384674 0.5400169643191586
102647.17232162213 0.5234651081225431
103057.7610109086 0.5047567214554715
103469.99205495225 0.3094870105342457
103883.87202317205 0.31093174099894516
104299.40751126477 0.36274782569679115
104716.60514130979 0.38310254441819325
105135.47156187505 0.37799315294120345
105556.01344812254 0.41449741881376695
105978.23750191503 0.42921433908430606
106402.15045192267 0.40943589834791
106827.75905373038 0.3704085748790456
107255.07008994528 0.29369630311619765
107684.09037030509 0.30872066869166315
108114.8267317863 0.35612723933266677
108547.28603871344 0.3914606404930263
108981.47518286831 0.39080100501342413
109417.40108359976 0.38125613414671344
109855.0706879342 0.38889217487246186
110294.49097068593 0.3836786774453278
110735.66893456863 0.4139938946724467
111178.61161030692 0.40447992569603775
111623.32605674816 0.4182324450700222
112069.81936097513 0.39176543041760276
112518.09863841905 0.3552867216150971
112968.17103297272 0.40475494370580956
113420.0437171046 0.4034798679167616
113873.72389197304 0.389266329357672
114329.21878754091 0.3995350417971253
114786.53566269108 0.3685870474175026
115245.68180534184 0.3387915868872391
115706.66453256323 0.37264613346828596
116169.49119069346 0.37621324476579854
116634.16915545624 0.3645673076535746
117100.70583207808 0.31389749000154715
117569.1086554064 0.34519840136102437
118039.385090028 0.3202845922170554
118511.54263038811 0.3432389881981403
118985.58880090967 0.35129536526566507
119461.5311561133 0.33571264881116897
119939.37728073777 0.3017285045267155
120419.13478986072 0.32691132374684534
120900.81132902016 0.2794175731577797
121384.41457433623 0.3232387658713417
121869.9522326336 0.32732472500899384
122357.43204156413 0.29536837516690007
122846.86176973036 0.29212750608488286
123338.2492168093 0.3026133523353269
123831.60221367657 0.2621421449336193
124326.92862253124 0.2916281877082744
124824.23633702139 0.3030197894132272
125323.53328236948 0.2680413929382538
125824.82741549893 0.26844997691265626
126328.12672516092 0.2862983749530267
126833.43923206156 0.2591696970336048
127340.77298898982 0.25721360148608463
127850.13608094577 0.27781508548239303
128361.53662526955 0.24716056925102792
128874.98277177062 0.26177453353984265
129390.4827028577 0.2600930459014048
129908.04463366912 0.2606749590454101
130427.67681220379 0.23397119655529383
130949.38751945265 0.25396044299513987
131473.18506953045 0.243473502116844
131999.07780980857 0.24627691847224548
132527.0741210478 0.2375432258044041
133057.182417532 0.23379423127286045
133589.4111472021 0.2250565243134554
134123.76879179094 0.21546525573414554
134660.26386695806 0.22213500348709286
135198.9049224259 0.23400917980414362
135739.7005421156 0.22070721838727642
136282.65934428407 0.22330454764540544
136827.78998166122 0.22222300134990763
137375.1011415879 0.2068578344423013
137924.60154615424 0.21178494681872184
138476.29995233883 0.2158476424340117
139030.20515214818 0.2161250212053452
139586.32597275675 0.2162232297755816
140144.6712766478 0.19970579281056816
140705.2499617544 0.19485617740779929
141268.0709616014 0.19890811018917193
141833.1432454478 0.18804772016871615
142400.4758184296 0.19425055487836704
142970.07772170333 0.1974174491941298
143541.95803259013 0.18370534274620254
144116.12586472047 0.18414121552592164
144692.59036817937 0.17324293475049848
145271.3607296521 0.1753926536853044
145852.44617257072 0.1851878472351029
146435.85595726097 0.1825724670655789
147021.59938109003 0.17830451805299807
147609.6857786144 0.17977413967458183
148200.12452172884 0.17517009632440045
148792.92501981577 0.16517694448767348
149388.09671989502 0.16272821322864817
149985.6491067746 0.16802848747958768
150585.59170320167 0.1634654834943391
151187.93407001448 0.16551857285731417
151792.68580629455 0.15634646108758343
152399.85654951975 0.1609272140296087
153009.45597571784 0.159425828045184
153621.4937996207 0.15099577045047008
154235.97977481916 0.15010847918694206
154852.92369391845 0.14656087634546436
155472.3353886941 0.13800633724249503
156094.2247302489 0.13760776920001094
156718.60162916992 0.14166492515149542
157345.47603568656 0.12977554141985653
157974.8579398293 0.12646977772707832
158606.75737158864 0.1273230237137617
159241.18440107498 0.12318889652733717
159878.14913867926 0.11682493830628153
160517.661735234 0.12986722562541095
161159.73238217493 0.12338030889972434
161804.3713117036 0.128419984973061
162451.58879695044 0.11762076908401603
163101.39515213823 0.12186523413789431
163753.8007327468 0.12287347945863675
164408.81593567782 0.12409719923949984
165066.45119942052 0.12088618237110285
165726.71700421823 0.11651690364770093
166389.62387223504 0.10700010282758704
167055.18236772402 0.11402889431665077
167723.40309719497 0.12016825440694269
168394.2967095837 0.11339946686430573
169067.87389642204 0.10613575409450636
169744.14539200772 0.10846222101763948
170423.1219735757 0.11671911940037233
171104.81446147006 0.09858937103078794
171789.23371931593 0.10648847069676924
172476.3906541932 0.10052357241277277
173166.29621680998 0.10282542449681713
173858.96140167722 0.09003453099264483
174554.39724728392 0.10533614780841297
175252.61483627307 0.09653048747137945
175953.62529561817 0.09911606537291648
176657.43979680064 0.098196491276784
177364.06955598784 0.09429124565191324
178073.52583421173 0.0958046090555741
178785.8199375486 0.09752046840322762
179500.9632172988 0.08640647594339837
180218.967070168 0.090265285710847
180939.84293844865 0.09128760140661651
181663.60231020238 0.07750305920672346
182390.25671944322 0.08603398708167369
183119.81774632097 0.08862780499122391
183852.29701730626 0.08630626654304138
184587.7062053755 0.08764896962001092
185326.057030197 0.07753628238446478
186067.3612583178 0.07394063213935764
186811.63070335102 0.07850318578528238
187558.8772261645 0.0780592695796053
188309.11273506918 0.08516456720688947
189062.3491860094 0.08107274219941078
189818.59858275342 0.0691155945376933
190577.87297708448 0.07951695604851117
191340.18446899284 0.07785282342237031
192105.54520686882 0.06935227435292361
192873.9673876963 0.06564579263396693
193645.46325724703 0.06632447291018483
194420.04511027603 0.05662585176981701
195197.72529071715 0.06924163268743481
195978.51619188 0.06098335409725759
196762.4302566476 0.06527591336885724
199107.9942767367 0.05978131068058239
203090.15416227144 0.0566461169759145
207151.95724551688 0.0561242100806137
211294.9963904272 0.048352392686896416
215520.89631823578 0.04635969650643964
219831.31424460045 0.04356508708026623
224227.94052949245 0.03891702035293057
228712.4993400823 0.03959375697483016
233286.74932688402 0.03837409267119161
237952.48431342165 0.029735288092235444
242711.5339996901 0.03467480224727297
247565.76467968393 0.03011499647866343
252517.0799732776 0.02394811707260557
257567.42157274322 0.02654254487370796
262718.770004198 0.023999213042324424
267973.145404282 0.019497484658124377
273332.6083123676 0.022325596145602082
278799.26047861495 0.018334111646022305
284375.2456881872 0.014486328712604
290062.750601951 0.01634902927358981
295864.00561398995 0.014958238894190772
301781.2857262697 0.014001227397698105
307816.91144079523 0.011356234986676787
313973.24966961105 0.012675886565411729
320252.7146630032 0.011071415360423281
326657.7689562633 0.00998661160887556
333190.92433538847 0.008716112106238077
339854.7428220964 0.009505529720761508
346651.83767853834 0.007440494073881888
353584.87443210906 0.006763310350019425
360656.57192075124 0.006461926841719165
367869.70335916633 0.006234257971366164
375227.09742634965 0.00589321552638068
382731.63937487674 0.006585264575431048
390386.2721623741 0.004862372120640426
398193.99760562164 0.004349483819078416
406157.87755773397 0.003950723360827001
414281.0351088888 0.004809276592165012
422566.65581106645 0.0039328768764005095
431017.98892728786 0.003171814037827205
439638.3487058336 0.003094343399751953
448431.11567995034 0.002939642475567257
457399.7379935492 0.0028060885578350373
466547.7327534202 0.002267240566696815
475878.6874084886 0.0024615092621321976
485396.2611566584 0.0024133898376587893
495104.1863797916 0.0019323053891690122
505006.2701073874 0.0017723331535201376
515106.39550953516 0.0016323419244083416
525408.5234197257 0.0019274131962732641
535916.6938881205 0.0016548005979567968
546635.0277658828 0.0015406245089296347
557567.7283212005 0.0012258958284957619
568719.0828876244 0.0010948077565335953
580093.4645453768 0.0011470934703218607
591695.3338362843 0.001086133677433531
603529.2405130101 0.001003917134280855
615599.8253232702 0.0010541668446260662
627911.8218297358 0.0007565782868648737
640470.0582663304 0.0007073266026131049
653279.459431657 0.0006786837818892145
666345.04862029 0.000603111308797848
679671.9495926959 0.000701022549704191
693265.38858455 0.0006684789160921534
707130.6963562409 0.0005321407432206424
721273.3102833657 0.0004251177438228024
735698.7764890331 0.000478552851671522
750412.7520188137 0.0004004139716616882
765421.0070591901 0.00041472639526075417
780729.4272003738 0.00036272967938088147
796344.0157443815 0.00035420723837057213
812270.896059269 0.00029886373012770847
828516.3139804546 0.0002724720648749523
845086.6402600636 0.0002544158545869024
861988.3730652649 0.00028159333409708774
879228.14052657 0.00031073729024818503
896812.7033371016 0.00023510421582170852
914748.9574038435 0.0002219762349923153
933043.9365519203 0.00018385834818162049
951704.8152829591 0.0001563324394210627
970738.911588618 0.0001838085131346872
990153.6898203905 0.00013423802558380405
