1000.5530765187797 2.642483243718324e-37
1004.5552888248548 5.99563910907338e-126
1008.5735099801544 2.343523124065036e-121
1012.607804020075 7.804897045796899e-121
1016.6582352361554 8.411648426946063e-126
1020.7248681770998 1.2852402295866692e-88
1024.8077676498083 2.553821686380522e-94
1028.9069987204075 2.7995141836915124e-118
1033.022626715289 1.7824364796149922e-82
1037.1547172221503 1.675955224480661e-122
1041.3033360910388 6.209376502185721e-113
1045.468549435403 1.6759799259141067e-106
1049.6504236331448 5.744014563548739e-125
1053.8490253276773 1.7778633179776166e-93
1058.064421428988 7.6441595471834e-118
1062.296679114704 2.345684765376493e-92
1066.5458658311627 4.436442925347462e-103
1070.8120492944875 4.445177543408384e-107
1075.0952974916654 2.252100595906052e-84
1079.3956786816323 1.4352290350816935e-107
1083.7132613963586 2.3976669875715e-81
1088.048114441944 8.187205900826142e-87
1092.4003068997117 1.3019515119753943e-57
1096.7699081273104 3.49614571960143e-85
1101.15698775982 1.0061199064079112e-87
1105.561615710859 4.850550691435952e-59
1109.9838621737026 5.59002339899976e-69
1114.4237976223976 7.022457021490072e-79
1118.8814928128868 4.645534444188521e-86
1123.3570187841383 5.196541978814252e-79
1127.8504468592753 2.2784108548377166e-45
1132.361848646712 6.045640706319152e-56
1136.8912960412988 1.3207317604134096e-54
1141.438861225464 2.548271732639354e-53
1146.004616670366 1.9991701079660536e-51
1150.5886351370475 1.2020076090453364e-53
1155.190989677596 7.021840423566337e-56
1159.8117536363065 2.0632149783892003e-51
1164.4510006508515 1.290759537297742e-56
1169.108804653455 1.6603635455598074e-59
1173.7852398720688 3.1976774668943143e-50
1178.480380831557 7.412034346838443e-49
1183.1943023548836 2.872294628948439e-47
1187.9270795643029 8.408286061991318e-53
1192.67878788256 7.178320860723956e-49
1197.4495030340906 4.389491247384168e-47
1202.2393010462267 3.9217533876961847e-59
1207.0482582504117 6.001655595294581e-49
1211.8764512834132 9.83394364631845e-49
1216.7239570885472 4.483062213201933e-58
1221.5908529169012 8.447222983353346e-49
1226.4772163285688 3.1159900465762676e-46
1231.383125193883 1.1131341595513188e-55
1236.3086576946585 9.230015183606831e-51
1241.2538923254372 1.6424971433370185e-45
1246.2189078947392 1.2822311744298052e-55
1251.203783526318 3.643815042523241e-52
1256.2085986604231 1.1971439358094464e-44
1261.233433055065 2.4754971678517487e-44
1266.2783667872852 4.876809768970327e-54
1271.3434802544346 1.5865680186037814e-42
1276.4288541754522 4.279319611459186e-43
1281.534569592154 2.5989982140100273e-46
1286.6607078705229 1.500673423283071e-45
1291.8073507020044 2.7330740378548898e-40
1296.9745801048125 1.4704346063082626e-41
1302.162478425232 4.586848807141781e-47
1307.3711283389327 2.0388759301340935e-41
1312.6006128522888 4.6730189984283434e-38
1317.851015303698 1.3027422927650456e-41
1323.1224193649127 6.010708765991129e-42
1328.4149090423725 5.758510817862882e-40
1333.728568678542 1.2482570820633695e-38
1339.0634829532567 2.0709204499933078e-41
1344.4197368850691 2.38239126643044e-40
1349.7974158326099 1.275380316494557e-38
1355.1966054959403 4.80193841957256e-38
1360.6173919179244 2.1695244344822704e-35
1366.059861485596 7.794293113651883e-40
1371.5241009315384 2.1448482677114217e-37
1377.0101973352646 3.345004813443729e-35
1382.5182381246057 6.864123260394205e-35
1388.0483110771042 1.41122771478603e-34
1393.6005043214122 8.734668013166275e-33
1399.1749063386976 9.94449505161783e-35
1404.7716059640527 6.314605029022293e-31
1410.3906923879088 6.274121963326205e-32
1416.0322551574602 3.581700008449296e-29
1421.6963841780905 1.3021657129128842e-32
1427.3831697148032 1.1915588153654213e-31
1433.0927023936622 1.6500389426209886e-26
1438.8250732032368 3.197756419289893e-30
1444.5803734960498 1.3965596663169927e-26
1450.3586949900334 7.545029977756335e-28
1456.1601297699938 2.0125347857144674e-26
1461.984770289074 3.334298717665751e-28
1467.83270937023 1.286233275479128e-27
1473.704040207711 5.907664102113015e-26
1479.5988563685412 1.3060793741621918e-28
1485.5172517940157 8.720716065456278e-27
1491.459320801192 6.8633769554767945e-25
1497.4251580843968 4.6854982014932334e-27
1503.4148587167342 1.944519034940641e-23
1509.4285181516007 8.560571525295396e-25
1515.4662322242077 3.1501718736427644e-26
1521.5280971531042 1.1365242852682458e-22
1527.6142095417167 8.530227641382599e-24
1533.7246663798837 4.2904008326670394e-23
1539.859565045403 4.0342816457040005e-22
1546.0190033055849 1.8146394398744095e-27
1552.203079318807 1.599297098928595e-22
1558.4118916360824 7.065646219079125e-22
1564.6455392026269 1.0319735049784649e-22
1570.9041213594373 1.6499414371683586e-21
1577.187737844875 8.326511185479885e-22
1583.4964887962547 3.2344036196282465e-21
1589.8304747514399 5.387026327052052e-21
1596.1897966504455 1.651083683375714e-21
1602.5745558370472 4.916912958406418e-21
1608.9848540603957 1.4152364498703776e-20
1615.4207934766368 6.174327852648976e-21
1621.8824766505436 2.564861858228384e-20
1628.3700065571454 3.490409999509988e-20
1634.8834865833744 4.1797068459921976e-20
1641.4230205297079 9.687876181345373e-20
1647.9887126118267 3.7745836302957093e-20
1654.580667462274 5.329715602292093e-20
1661.198990132123 1.8464313701859834e-19
1667.8437860926513 1.6180761489723465e-19
1674.515161237022 3.587333543556597e-19
1681.2132218819695 4.728936701619692e-19
1687.9380747694975 5.468866024813048e-19
1694.6898270685758 1.4721497179348604e-18
1701.4685863768502 1.095467376622477e-18
1708.2744607223572 8.445381904790343e-19
1715.1075585652468 1.7079093318380324e-18
1721.967988799508 1.3765701287740456e-18
1728.8558607547059 1.8669052818971183e-18
1735.7712841977245 4.571807880241131e-18
1742.7143693345156 4.3744257716604516e-18
1749.6852268118535 6.77676559773518e-18
1756.6839677191008 1.4925589725781172e-17
1763.7107035899771 2.286533353866309e-17
1770.7655464043373 1.923499060914361e-17
1777.8486085899544 1.9664288025195928e-17
1784.9600030243143 2.549985736560769e-17
1792.0998430364118 3.0657432117844323e-17
1799.2682424085576 5.048646900575072e-17
1806.4653153781921 4.7252891049185935e-17
1813.6911766397043 8.051486282393924e-17
1820.945941346263 1.1407048028724833e-16
1828.2297251116483 1.633887129717333e-16
1835.5426440120948 1.5265546105762604e-16
1842.8848145881432 2.054445711121885e-16
1850.2563538464956 2.6754562729498376e-16
1857.657379261881 3.473409785723847e-16
1865.0880087789287 5.009335442981441e-16
1872.5483608140448 5.400707445073948e-16
1880.0385542573008 7.832674785511094e-16
1887.5587084743302 1.0584979924763645e-15
1895.1089433082268 1.4315704996174204e-15
1902.68937908146 1.5152075610492957e-15
1910.3001365977857 1.9655536096760715e-15
1917.9413371441767 2.3892266866802053e-15
1925.6131024927531 3.054171807798441e-15
1933.3155549027244 3.9583738104377655e-15
1941.0488171223355 4.737010721414789e-15
1948.8130123908247 6.354388112170692e-15
1956.608264440388 7.849240475203191e-15
1964.434697498149 9.847392008522515e-15
1972.2924362881417 1.2003396250642605e-14
1980.1816060332944 1.443294129357198e-14
1988.1023324574276 1.7865714015583492e-14
1996.0547417872574 2.1242087535438212e-14
2004.0389607544066 2.6350202198061e-14
2012.0551165974243 3.167264199638665e-14
2020.1033370638136 3.867792291015313e-14
2028.1837504120688 4.6726027823486726e-14
2036.2964854137172 5.63480739165077e-14
2044.4416713553724 6.811495212014694e-14
2052.6194380407937 8.188401527058078e-14
2060.829915792957 9.861545724136725e-14
2069.0732354561287 1.1846047289817385e-13
2077.3495283979532 1.4224979338786825e-13
2085.6589265115445 1.707614112708736e-13
2094.001562217591 2.0462352787631326e-13
2102.3775684664615 2.452575877615667e-13
2110.787078740328 2.9351288629365475e-13
2119.2302270552887 3.5112901890625997e-13
2127.70714796351 4.1968183278302607e-13
2136.217976555364 5.011897238273281e-13
2144.7628484615852 5.981598213867378e-13
2153.341899855432 7.132826771946168e-13
2161.9552674548536 8.499789581430613e-13
2170.603088524673 1.012118390490543e-12
2179.285500878772 1.2042701608629498e-12
2188.0026428822866 1.4319100855314529e-12
2196.754653453816 1.701295603775948e-12
2205.541672067631 2.0199333180510824e-12
2214.3638387559017 2.3965060865991644e-12
2223.2212941109246 2.841241670523518e-12
2232.114179287369 3.3661170662150286e-12
2241.0426360045185 3.9851048729506516e-12
2250.0068065485366 4.714588850462622e-12
2259.0068337747302 5.573672068894253e-12
2268.0428611098296 6.584663584096844e-12
2277.115032554269 7.773606440598041e-12
2286.223492684486 9.170828972826963e-12
2295.368386655224 1.0811689108465417e-11
2304.549860201845 1.2737329328115372e-11
2313.7680596426517 1.4995614624038865e-11
2323.0231318812225 1.7642194248092384e-11
2332.3152244087473 2.074170193976583e-11
2341.6444853063817 2.436918127879332e-11
2351.0110632476076 2.8611681974030035e-11
2360.415107500598 3.357012109901062e-11
2369.8567679306 3.936141417486354e-11
2379.3361950023227 4.612091165510885e-11
2388.853539782332 5.400520815197266e-11
2398.4089539414617 6.319535027542872e-11
2408.0025897572273 7.390051468253581e-11
2417.6346001162565 8.636222071160949e-11
2427.3051385167214 1.0085914089128261e-10
2437.0143590707885 1.1771260709191922e-10
2446.762416507072 1.372928944138906e-10
2456.5494661731 1.6002639501669507e-10
2466.375664037793 1.8640380244841847e-10
2476.2411666939443 2.1698943834773866e-10
2486.1461313607197 2.5243187903850136e-10
2496.090715886162 2.934760515271027e-10
2506.075078749707 3.409769943678069e-10
2516.0993790647044 3.959155028127926e-10
2526.163776580964 4.594159031497954e-10
2536.268431687288 5.327662341396535e-10
2546.4135054140374 6.174411461882847e-10
2556.599159435693 7.151278668643673e-10
2566.825556073436 8.277556253992343e-10
2577.09285829773 9.575289744565357e-10
2587.4012297309205 1.1069655018396821e-09
2597.7508346498444 1.2789384828412291e-09
2608.141837988444 1.476725089783257e-09
2618.5744053403982 1.7040608482741347e-09
2629.0487029617593 1.9652011104799145e-09
2639.5648977736064 2.2649904058002452e-09
2650.123157364701 2.6089406291399005e-09
2660.7236499941596 3.0033191375579757e-09
2671.366544594136 3.4552479488691484e-09
2682.052010772512 3.972815371533572e-09
2692.7802188156024 4.56520154548811e-09
2703.551339690865 5.242819539979912e-09
2714.365545049628 6.017473838031642e-09
2725.223007229827 6.902538240323509e-09
2736.123899258746 7.913155445148273e-09
2747.0683948557817 9.06646080826165e-09
2758.0566684352048 1.0381833058795058e-08
2769.0888951089455 1.1881175047341525e-08
2780.165250689381 1.3589227932605145e-08
2791.2859116921386 1.553392257624524e-08
2802.451055338907 1.774677231485025e-08
2813.660859560263 2.0263311716641265e-08
2824.9155029985036 2.3123586412186418e-08
2836.2151650104965 2.6372699616617778e-08
2847.5600256705393 3.006142154015972e-08
2858.950265773222 3.4246868518502986e-08
2870.386066836315 3.8993259389233454e-08
2881.8676111036607 4.43727574009339e-08
2893.3950815480757 5.046640677298107e-08
2904.968661874268 5.7365173932100886e-08
2916.588536521764 6.517110444424737e-08
2928.254890667851 7.39986077419317e-08
2939.9679102305226 8.397588292866223e-08
2951.727781871445 9.524650022725172e-08
2963.534692998931 1.0797115404086873e-07
2975.3888317709266 1.2232960511938168e-07
2987.2903870980094 1.3852283098263985e-07
2999.2395486464025 1.567754055539008e-07
3011.2365068409886 8.827087327272413e-10
3023.2814528683516 9.757923365368025e-10
3035.374578679825 3.300544502558963e-10
3047.516076994544 1.1593935725616793e-09
3059.7061413025226 1.371132543502618e-09
3071.9449658677336 1.3234611365203636e-09
3084.232745731204 1.0764793518895214e-09
3096.569676714128 3.9217460652627985e-10
3108.955955420985 3.7915041607049105e-10
3121.3917792426687 8.013573349225935e-10
3133.8773463596394 7.457212541011977e-10
3146.412855745078 6.107379309221917e-10
3158.998507168058 4.770062198762589e-10
3171.6345011967305 3.594677883055395e-10
3184.321039201517 2.58781002170078e-10
3197.0583233583234 1.7143927186306736e-10
3209.8465566517566 8.407150685797426e-11
3222.6859428783637 3.216274550173937e-11
3235.576686649877 2.608935509007983e-11
3248.518993396477 1.4098509202504573e-11
3261.513069370063 9.163548767602068e-12
3274.559121647543 5.461977819710486e-12
3287.6573581341336 2.1465073165389767e-12
3300.8079875666704 3.2742954120574373e-13
3314.0112195169368 1.4433369134302198e-12
3327.2672643950045 6.854415527617079e-12
3340.5763334525845 1.7672961605307814e-11
3353.938638786395 3.6884093689753366e-11
3367.354393341541 8.528160888137821e-11
3380.8238109149074 2.343925033645219e-10
3394.347106158567 6.197064380335208e-10
3407.924494583201 1.4129682149559644e-09
3421.5561925615334 2.6839310691952863e-09
3435.2424173317804 3.2876959713137243e-09
3448.9833870011066 1.0320927707608333e-09
3462.7793205491116 9.190363725776784e-09
3476.630437831308 2.2176984778665185e-08
3490.536959582633 4.1865736040348826e-08
3504.4991074209643 7.182322006892063e-08
3518.5171038506473 1.1621639754997481e-07
3532.5911722660503 1.7976635370859786e-07
3546.7215369551145 2.6817816812339013e-07
3560.9084231029346 3.879138475006309e-07
3575.1520567953467 5.462214827005217e-07
3589.452665022528 7.51376709592965e-07
3603.810475682617 1.012591888426462e-06
3618.225717585348 1.3400989186087257e-06
3632.698620455689 1.7450048415753369e-06
3647.2294149375116 2.239597778181041e-06
3661.8183325972614 2.8375048750241654e-06
3676.4656059276513 3.5535564297893436e-06
3691.1714683513615 4.402966780619058e-06
3705.936154224767 5.4018951900522615e-06
3720.7598988416657 6.567986235493837e-06
3735.6429384370326 7.91805842666356e-06
3750.585510190781 9.468207286104129e-06
3765.587852231544 1.1234054881651325e-05
3780.6502036404704 1.3227617710721157e-05
3795.772804455032 1.5455476919228543e-05
3810.955895672852 1.791557140858362e-05
3826.199719255544 2.059653402253217e-05
3841.504518132566 2.345941939596104e-05
3856.870536205096 2.6439660997085377e-05
3872.2980183499167 2.943534772774978e-05
3887.7872104233156 3.225802610832963e-05
3903.338359265009 3.466570938931709e-05
3918.9517127020695 3.6253220407400366e-05
3934.6275195528774 3.649972470652337e-05
3950.3660296310895 3.4715665338671793e-05
3966.1674937496136 3.020393557398431e-05
3982.0321637246125 2.2662578133584406e-05
3997.9602923795105 1.31849284158962e-05
4013.9521335490285 5.137560528968464e-06
4030.007942083225 1.2660751630913684e-06
4046.1279738515577 5.5906915581180475e-08
4062.312485746964 1.491899589059016e-06
4078.5617356899515 7.67255296617726e-06
4094.8759826327114 2.483874340166014e-05
4111.255486563242 5.415719366139424e-05
4127.700508509496 9.193804691056557e-05
4144.211310543533 0.00013506764770191088
4160.788155785708 0.00018182126106856272
4177.431308408849 0.00023176841286124729
4194.141033642486 0.0002849394929979005
4210.917597777056 0.00033995395970818173
4227.761268168164 0.0004013623922206012
4244.672313240838 0.0004625031001206466
4261.651002493801 0.0005367193311402741
4278.697606503776 0.000606031604835032
4295.812396929791 0.0006939720069701888
4312.995646517511 0.0007830100443085087
4330.24762910358 0.0008682255666574065
4347.568619619994 0.0009826205528634638
4364.958894098475 0.001103132394777859
4382.418729674868 0.0012182408544270161
4399.948404593568 0.0013245805053176776
4417.548198211942 0.0015024455947236337
4435.21839100479 0.0016709764264687206
4452.959264568809 0.001844871554881584
4470.771101627084 0.0020358615188880245
4488.654186033592 0.002200811009520371
4506.608802777726 0.002405923054550487
4524.635237988838 0.0027092943472419905
4542.733778940792 0.002952004344486767
4560.904714056555 0.003230026551238304
4579.148332912781 0.0015591578816016955
4597.464926244433 0.0014373031102249336
4615.85478594941 0.001283473458509841
4634.318205093208 0.0011047339020763844
4652.855477913582 0.0009261675260510345
4671.466899825236 0.000778558151968833
4690.152767424537 0.0006553326988814933
4708.913378494234 0.0004322967571312772
4727.749032008212 0.00022434679865632962
4746.660028136244 9.719899566709693e-05
4765.646668248789 4.0191393651587146e-05
4784.709254921784 1.656188919103758e-05
4803.8480919414715 6.884301811795139e-06
4823.063484309237 3.4640709110270166e-06
4842.355738246474 2.3741563033233176e-06
4861.72516119946 1.973585996627089e-06
4881.172061844257 1.7701200782636125e-06
4900.6967500916335 1.6540104785644999e-06
4920.299537092001 1.5424687756601175e-06
4939.9807352403695 1.4197285834386788e-06
4959.740658181329 1.2906469218705845e-06
4979.5796208140555 1.1574909026906802e-06
4999.497939297312 1.0351265503675664e-06
5019.495931054502 9.420967388789748e-07
5039.57391477872 9.029970974906081e-07
5059.732210437835 9.258997424094708e-07
5079.971139279585 9.883181881973774e-07
5100.291023836704 1.067298244920297e-06
5120.692187932051 1.1431233629037045e-06
5141.174956683781 1.221161531975337e-06
5161.739656510514 1.3124890812852595e-06
5182.386615136556 1.4111761211200367e-06
5203.116161597103 1.5075068992412366e-06
5223.928626243489 1.607700697713478e-06
5244.824340748465 1.7187781343510154e-06
5265.803638111459 1.83815005836664e-06
5286.866852663905 1.962747598501565e-06
5308.0143200745615 2.1022311274097974e-06
5329.246377354859 2.2553916143128727e-06
5350.563362864278 2.4185904556889802e-06
5371.965616315736 2.6003920194989342e-06
5393.453478780998 2.7917883434962494e-06
5415.027292696122 2.9932104549569338e-06
5436.687401866905 3.2316083278299287e-06
5458.434151474374 3.483600966290676e-06
5480.267888080271 3.7609057389531117e-06
5502.188959632591 4.063948634168204e-06
5524.197715471122 4.39569104320588e-06
5546.294506333006 4.751234895278918e-06
5568.479684358337 5.141344082271769e-06
5590.753603095771 5.56429603758567e-06
5613.1166175081535 6.0164940677983265e-06
5635.569083978187 6.514475496696601e-06
5658.1113603140975 7.040385088058819e-06
5680.743805755354 7.446684060462426e-06
5703.466780978376 8.17665172847104e-06
5726.28064810229 8.85496845197347e-06
5749.185770694699 9.580184008995839e-06
5772.182513777476 1.0405939284049702e-05
5795.271243832587 1.1311159194928496e-05
5818.452328807918 1.2299310081852561e-05
5841.72613812315 1.3366974724806504e-05
5865.093042675643 1.4410811907849504e-05
5888.553414846345 1.5150446620255375e-05
5912.10762850573 1.6407269054558676e-05
5935.756059019754 1.8430967078237184e-05
5959.499083255832 2.0192325721639184e-05
5983.337079588855 2.2234187097824898e-05
6007.27042790721 2.4639201652031488e-05
6031.299509618841 2.7407677887624676e-05
6055.424707657316 3.0325907057762442e-05
6079.646406487946 3.354378958252875e-05
6103.964992113897 3.704621411784257e-05
6128.380852082353 4.088625726679937e-05
6152.894375490681 4.51231183838721e-05
6177.505952992646 4.9777767732324736e-05
6202.215976804616 5.491602725010298e-05
6227.024840711833 6.057887231594529e-05
6251.932940074681 6.668496282343002e-05
6276.940671834981 7.326303387793593e-05
6302.048434522321 8.1457296989157e-05
6327.256628260409 8.972359263873466e-05
6352.5656547734525 9.940275429771092e-05
6377.975917392546 0.00010971088845490125
6403.487821062116 0.00012125510458820792
6429.101772346364 0.0001337602009910063
6454.81817943575 0.00014359492827254353
6480.637452153493 0.0001570536406217392
6506.560001962106 0.00017791255096196595
6532.586241969955 0.00019808656632768658
6558.716586937834 0.00021859213436431285
6584.951453285586 0.00024355753057226368
6611.291259098727 0.00027328072394170556
6637.7364241351215 0.0003062314390440119
6664.2873698316625 0.00034297392583621016
6690.94451931099 0.00038332671277901866
6717.7082973882325 0.0004280363130702624
6744.579130577787 0.0004776928005188312
6771.557447100097 0.0005319242212170162
6798.643676888497 0.0005913377846146105
6825.838251596053 0.0006562009818037132
6853.141604602436 0.0007278004182959902
6880.554171020846 0.0008035682059102855
6908.0763877049285 0.0008553604575111253
6935.708693255749 0.0008298698258959859
6963.4515280287715 0.001027794578826606
6991.305334140887 0.0011363255088699677
7019.270555477449 0.0012166365642192608
7047.34763769936 0.001374203178370782
7075.537028250157 0.0015344824709624765
7103.839176363159 0.0016964292184562934
7132.254533068612 0.0018745407795738521
7160.783551200888 0.0017320169777551003
7189.42668540569 0.0017700773575680057
7218.184392147313 0.0021874653794670055
7247.0571297159 0.0021918291286727033
7276.045358234765 0.002525564390064649
7305.149539667704 0.0024698310828667022
7334.370137826372 0.0031383337695625544
7363.707618377678 0.0033549263965232225
7393.162448851191 0.003723305673878248
7422.735098646595 0.004171525105123557
7452.426039041182 0.0045790640583429085
7482.235743197345 0.005012852675259261
7512.1646861701365 0.005307133914505121
7542.213344914818 0.005538015069727009
7572.382198294477 0.005633468516701557
7602.671727087656 0.0053350235809084875
7633.082413996006 0.0036506175932186505
7663.614743651989 0.0008376027659640626
7694.269202626598 0.00117541740053923
7725.046279437104 0.0033163739101924887
7755.946464554851 0.005718032774268557
7786.970250413072 0.00832483772033657
7818.118131414723 0.01049568387013512
7849.390603940383 0.012345944808336354
7880.788166356144 0.014146561619279836
7912.311319021571 0.016523844039007123
7943.960564297654 0.019121700919510817
7975.736406554845 0.02085215346696391
8007.639352181065 0.02338507198136788
8039.669909589788 0.02594671444578067
8071.828589228147 0.02722494835478896
8104.115903585063 0.02470419123727031
8136.532367199402 0.021371059025790607
8169.078496668199 0.02700167521669152
8201.754810654873 0.031113168498263177
8234.561829897493 0.03167927440188454
8267.500077217084 0.04540574557281496
8300.570077525952 0.046146091143843694
8333.772357836056 0.05203069783905829
8367.1074472674 0.05537860715355538
8400.575877056472 0.0664560736609668
8434.178180564695 0.07825307271968583
8467.914893286956 0.09140386337728022
8501.786552860101 0.10455393360505794
8535.793699071543 0.12107297423213557
8569.936873867831 0.13696535988114153
8604.216621363299 0.15301731796370843
8638.633487848754 0.16940123012067546
8673.18802180015 0.18553847850887295
8707.880773887353 0.19974916811657267
8742.7122969829 0.21648070691378
8777.68314617083 0.2329850109350544
8812.793878755514 0.24788155736309514
8848.045054270535 0.25645946433303785
8883.437234487617 0.22187798261947514
8918.970983425568 0.1250216367401113
8954.64686735927 0.13389558865963777
8990.465454828707 0.11771079681453049
9026.427316648023 0.20416394489959921
9062.533025914616 0.2536837435577542
9098.783158018272 0.22664966351686824
9135.178290650345 0.22119350056978973
9171.719003812947 0.17991996526517182
9208.405879828202 0.27567027305713937
9245.239503347511 0.21862161865837706
9282.2204613609 0.0284037869236214
9319.349343206346 0.01879699139667415
9356.626740579171 0.02470390701060448
9394.053247541488 0.061810324356429774
9431.629460531654 0.05822292635653218
9469.355978373778 0.057011972099953664
9507.233402287276 0.04862578781736302
9545.262335896427 0.05716461483807395
9583.443385240013 0.035550720126523425
9621.777158780975 0.061600381267447324
9660.264267416096 0.10297205949508055
9698.90532448576 0.16560763899001876
9737.7009457837 0.1568955062367687
9776.651749566838 0.17842879418119165
9815.758356565104 0.22422914473773642
9855.021389991363 0.27457157438274976
9894.441475551332 0.36408511333125015
9934.019241453534 0.45476589820564367
9973.755318419348 0.57739020503187
10013.650339693024 0.673609432977048
10053.704941051796 0.8613589651065268
10093.919760816003 0.9729808626324569
10134.295439859268 1.1360938641584681
10174.832621618703 1.1970115069486273
10215.531952105179 1.3263842243770971
10256.394079913602 1.4285686931000336
10297.419656233254 1.6178788032371034
10338.609334858189 1.6243767472958863
10379.96377219762 1.822552436428981
10421.483627286412 1.9194195753818648
10463.169561795556 1.981381029860265
10505.022240042741 2.027319432324217
10547.042329002912 2.0936435468617787
10589.230498318922 2.05064525439386
10631.587420312197 2.017735635961156
10674.113769993448 1.9163671439974475
10716.810225073421 1.8346593189887235
10759.677465973711 1.737022492681462
10802.716175837608 1.6750864864152952
10845.927040540959 1.508333226531404
10889.310748703121 1.1320424347059146
10932.867991697934 0.5978910963328473
10976.599463664725 0.3564702770697832
11020.505861519383 0.17764552556026447
11064.587884965462 0.10589850991902175
11108.846236505324 0.05144535288289316
11153.281621451348 0.025851116776841328
11197.894747937147 0.02857071441643071
11242.686326928899 0.04160621756829605
11287.657072236614 0.05420012257112317
11332.807700525562 0.021141584244785447
11378.138931327663 0.05542171245809089
11423.651487052975 0.07601654604112462
11469.346093001184 0.06812547805927174
11515.22347737319 0.0505361876130609
11561.284371282683 0.028932133159385146
11607.529508767815 0.03414319706687104
11653.959626802887 0.05660182576770093
11700.5754653101 0.07683417051824733
11747.377767171341 0.05063350836163773
11794.367278240028 0.1361431592809502
11841.544747352984 0.2311371671721591
11888.9109263424 0.3161887204564347
11936.46657004777 0.4174739956917904
11984.212436327958 0.591858394148042
12032.149286073272 0.7665235501080768
12080.277883217566 1.025410024172138
12128.598994750435 1.1011289221904306
12177.113390729437 1.3764791923600241
12225.821844292353 1.5162537107327931
12274.725131669524 1.8781819822168868
12323.824032196202 2.1456586994188487
12373.119328324985 2.4859320317285984
12422.611805638286 2.6784918331321608
12472.302252860838 3.237767452276089
12522.19146187228 3.225769597657468
12572.280227719768 3.9337614436489012
12622.569348630648 4.106678738181223
12673.059626025171 3.9854913111380745
12723.751864529271 3.4454496862045025
12774.646871987386 3.2418622708929674
12825.74545947534 2.5117707152959095
12877.04844131324 1.9212954151921797
12928.556635078494 1.6905718069084104
12980.270861618808 1.6079490246831516
13032.191945065284 1.3042337113257516
13084.320712845543 1.261788013519063
13136.657995696927 1.0518583318365902
13189.204627679715 1.046528606665632
13241.961446190431 0.6882121728480727
13294.929291975195 0.3023715777145946
13348.109009143096 0.06658268932258965
13401.50144517967 0.014831723728062712
13455.107450960388 0.00418278183842904
13508.927880764231 0.0018906418435074002
13562.963592287288 0.00033969259528391174
13617.215446656439 0.00037175119665117275
13671.684308443064 0.000992566744008603
13726.371045676835 0.0008743103836036962
13781.276529859542 0.003732367223463437
13836.40163597898 0.0009173559778668541
13891.747242522899 0.0018133900852731729
13947.314231492988 0.001461222833093198
14003.103488418961 0.002056730767091289
14059.115902372636 0.002562637338080304
14115.352365982128 0.0027490605700155085
14171.813775446057 0.0025843737555019987
14228.501030547843 0.003367394260576123
14285.41503467003 0.01165030227134959
14342.556694808713 0.006900024458223616
14399.926921587949 0.008778670022707238
14457.5266292743 0.018275168495266232
14515.356735791396 0.03760367268939117
14573.418162734559 0.06376569462620577
14631.711835385498 0.05111454283726754
14690.238682727038 0.03532388267962981
14748.999637457951 0.044946567395465244
14807.995636007783 0.05559642691786417
14867.227618551815 0.05362035102444002
14926.69652902602 0.08422847507834343
14986.403315142123 0.1247855737020559
15046.348928402693 0.13258703684847742
15106.534324116303 0.14766485279900074
15166.96046141277 0.1773903847701422
15227.62830325842 0.2713663796454653
15288.538816471453 0.369673054093474
15349.692971737337 0.5030289319889241
15411.091743624287 0.6282326459668167
15472.736110598784 0.8475564417667815
15534.62705504118 0.9726843920544321
15596.765563261344 1.2017332112465775
15659.152625514387 1.3700881758191719
15721.789236016448 1.6592900059726983
15784.676392960515 1.8175575535186976
15847.815098532355 2.128681808235113
15911.206358926484 2.034712408851671
15974.85118436219 1.98018235620956
16038.75058909964 1.6126382033814441
16102.905591456036 1.2218188718100438
16167.31721382186 0.8697773518172307
16231.986482677148 0.5845410371303263
16296.914428607855 0.4506955240750985
16362.102086322288 0.4982151513927008
16427.550494667576 0.5439479504016492
16493.260696646248 0.5385666184752327
16559.23373943283 0.4959734180414194
16625.470674390563 0.563255543074154
16691.972557088127 0.13192590822410494
16758.74044731648 0.312395695491208
16825.775409105743 0.4163655045957338
16893.07851074217 0.3023042589785633
16960.650824785134 0.22232087676489246
17028.493428084275 0.18343164547708055
17096.607401796613 0.2626164897802425
17164.993831403797 0.24089402649487668
17233.653806729413 0.25877942199338455
17302.588421956334 0.1816817292786664
17371.798775644158 0.18586637897022265
17441.285970746736 0.19079466945203888
17511.05111462972 0.18979696451229805
17581.095319088243 0.1439038699296336
17651.419700364593 0.10343368971891297
17722.02537916605 0.0763531373653679
17792.913480682713 0.06849842579797527
17864.085134605448 0.04801056065308749
17935.54147514387 0.019218570652786055
18007.283641044443 0.02929527890088985
18079.312775608625 0.013806701956873732
18151.630026711056 0.016269209179458913
18224.236546817894 0.018292235596554747
18297.133493005167 0.005380766937454784
18370.32202697719 0.00403692369736315
18443.803315085097 0.012613679628450563
18517.578528345435 0.011373547863189112
18591.648842458817 0.008373396198171613
18666.01543782865 0.003342367964322716
18740.67949957997 0.0030176836266526622
18815.642217578286 0.02519155193240346
18890.9047864486 0.019570730663388543
18966.4684055944 0.026530683401272653
19042.334279216768 0.01180884007084564
19118.50361633364 0.011879902068463045
19194.977630798967 0.015318266148016657
19271.757541322168 0.009898922409629118
19348.844571487454 0.008455961131849784
19426.239949773408 0.011022175753537632
19503.9449095725 0.015623936280183657
19581.960689210795 0.016443898632770855
19660.28853196764 0.02714043112292247
19738.929686095507 0.028030484018059555
19817.885404839893 0.035703586350275554
19897.15694645925 0.0458710159465868
19976.745574245087 0.05719541145474356
20056.65255654207 0.05769105565322336
20136.879166768238 0.06600610242709663
20217.426683435307 0.06782738352450692
20298.296390169045 0.07036641855886919
20379.489575729727 0.08137107546830306
20461.007534032648 0.08968173915141006
20542.851564168777 0.08846449726166364
20625.02297042545 0.09246433638407749
20707.523062307162 0.09169625617220353
20790.353154556382 0.08817346659956338
20873.514567174607 0.08816788211311954
20957.008625443308 0.08395203662739298
21040.836659945082 0.08147400817991839
21125.000006584854 0.079573437605789
21209.5000066112 0.0767083619815955
21294.33800663765 0.0769160408053071
21379.515358664197 0.076431950223863
21465.033420098855 0.0733754035130476
21550.893553779246 0.071562217587931
21637.097127994366 0.06399561163257297
21723.645516506345 0.0634758092026228
21810.540098572368 0.05815671241219228
21897.782258966654 0.05174071139134182
21985.37338800253 0.024570062560425068
22073.314881554532 0.02546439403348541
22161.60814108075 0.03263293192682562
22250.25457364508 0.027598050595235186
22339.25559193965 0.0228647379070762
22428.61261430741 0.017362677360345653
22518.32706476464 0.014507980393191412
22608.400373023702 0.012477489116297884
22698.833974515794 0.014644710160110016
22789.62931041386 0.013705841191091028
22880.78782765551 0.011569037866752594
22972.310978966132 0.0101699185374981
23064.200222882002 0.01768451066137917
23156.457023773528 0.01586216576059563
23249.082851868614 0.01027168528165462
23342.079183276095 0.010655723106165868
23435.447500009202 0.009152997741455423
23529.18929000923 0.011064824963425049
23623.306047169273 0.01665712897393928
23717.79927135796 0.00855777518887239
23812.670468443375 0.013925661644057981
23907.92115031715 0.01808590614093581
24003.552834918424 0.02143774655950599
24099.56704625809 0.02470106572064757
24195.96531444313 0.02126199181954582
24292.749175700897 0.029486864342330287
24389.9201724037 0.03000488307738885
24487.479853093315 0.030894693545458783
24585.42977250569 0.04381415054533897
24683.771491595708 0.04538438188315166
24782.50657756209 0.041259307277887666
24881.636603872343 0.037654722535009406
24981.16315028783 0.03547570908123258
25081.087802888986 0.024199652681023635
25181.412154100537 0.01674497216519056
25282.137802716934 0.007666657342156905
25383.266353927807 0.00813507138745423
25484.79941934352 0.0032296362294878984
25586.73861702089 0.007263411879154004
25689.08557148898 0.0021166842886053503
25791.84191377493 0.002027201788261279
25895.009281430033 0.0010568400657800612
25998.589318555754 0.0021802148164847927
26102.58367582998 0.002054283833206229
26206.994010533297 0.004617925296818922
26311.821986575433 0.004970879073671967
26417.069274521735 0.022918603687921927
26522.737551619815 0.015162571945213909
26628.828501826294 0.0016116259095999316
26735.343815833607 0.00033565870380593765
26842.285191096937 0.001219595536770186
26949.654331861326 0.0038371237319235695
27057.452949188766 0.004063629627736885
27165.682760985525 0.0044911957307998684
27274.345492029468 0.01201385535058084
27383.442873997585 0.002804597145228876
27492.976645493567 0.010118437137970332
27602.948552075544 0.003185350185222749
27713.360346283847 0.004583353967243668
27824.213787668985 0.003041220054893736
27935.510642819663 0.009984850131207444
28047.252685390937 0.00617555957235256
28159.441696132504 0.013578503506222113
28272.079462917034 0.02838936500799721
28385.167780768694 0.014267592782126836
28498.70845189177 0.02495361385803931
28612.703285699336 0.03382951373784841
28727.154098842133 0.042136594401034365
28842.062715237505 0.04428302488821638
28957.430966098455 0.06329870298353833
29073.260689962848 0.054717525845612736
29189.553732722703 0.06982236298440418
29306.311947653598 0.1235713990543346
29423.537195444205 0.10639959049576171
29541.231344225984 0.10877313164938689
29659.396269602887 0.12486967115521655
29778.033854681304 0.12689034959893677
29897.14599010003 0.19052292770351673
30016.734574060432 0.04104668911950639
30136.80151235667 0.1535876794469711
30257.348718406094 0.2349545200065392
30378.37811327972 0.21922567696694403
30499.89162573284 0.13944170411971793
30621.891192235766 0.30667264188759724
30744.37875700471 0.2702137131692901
30867.356272032728 0.2182670017622078
30990.825697120858 0.2113023521896815
31114.78899990934 0.15233846103079948
31239.24815590897 0.23607713694101423
31364.20514853261 0.15531639973895559
31489.661969126744 0.11770010824561514
31615.62061700325 0.10978714721358088
31742.083099471263 0.09597139496834377
31869.05143186915 0.06399929199029929
31996.527637596624 0.03864158259376649
32124.51374814701 0.03176214031361349
32253.011803139605 0.03722395668833234
32382.02385035216 0.052170934537183696
32511.55194575357 0.0556959248099671
32641.598153536583 0.06601261344256966
32772.16454615073 0.10501962089980225
32903.25320433533 0.15503470908034
33034.86621715268 0.08845805885612393
33167.005682021285 0.002416015282421753
33299.673704749366 0.006824109229275268
33432.87239956837 0.05594250630059992
33566.60388916664 0.08377126390392316
33700.87030472331 0.09633738810345716
33835.6737859422 0.07711774463127892
33971.016481085964 0.07486760691247793
34106.900547010315 0.07087775602160497
34243.32814919835 0.08258666664304372
34380.30146179514 0.09228340311942271
34517.82266764233 0.0839694161423191
34655.893958312896 0.11155443220125949
34794.51753414615 0.10425776131631757
34933.69560428273 0.13914182604169387
35073.43038669985 0.2214096195304045
35213.72410824666 0.2093014965984719
35354.57900467965 0.18505311603656838
35495.99732069836 0.2611075475790202
35637.98130998116 0.29247254909509557
35780.53323522108 0.3362125567354314
35923.65536816197 0.33269661268602796
36067.34998963462 0.294974432243613
36211.61938959315 0.43163993003435513
36356.46586715153 0.600538886250458
36501.891730620126 0.6737780724072946
36647.89929754261 0.7843464220332361
36794.49089473278 0.888957031516514
36941.6688583117 0.8590356155826308
37089.43553374496 0.9335516331294136
37237.793275879936 0.9721222001472939
37386.74444898345 1.1524100376388324
37536.29142677938 1.3353543203945408
37686.43659248651 1.2092444303459575
37837.18233885645 1.0097181270607094
37988.53106821188 1.2955033952109078
38140.48519248474 1.7163588514419386
38293.04713325467 1.9880826990041027
38446.21932178769 1.1994402605488617
38600.00419907484 1.5906444923429317
38754.40421587113 1.61155423639443
38909.42183273463 1.8021458532447856
39065.05952006556 1.7764518880390172
39221.31975814583 1.885677506790714
39378.205037178406 2.1330917466617527
39535.71785732712 1.9860282125657174
39693.860728756415 2.170765808298039
39852.636171671445 2.2484089268706624
40012.04671635814 2.0455586338816323
40172.09490322357 2.0888678053005565
40332.78328283648 1.898099194855523
40494.11441596781 1.6753408619115504
40656.090873631685 1.5314661119071633
40818.71523712622 1.247190866991663
40981.990098074726 1.2244796430479536
41145.918058467025 1.0816687532402864
41310.50173070089 0.9156244879598974
41475.74373762369 1.0404493877204222
41641.646712574184 0.9693691533642634
41808.21329942448 0.9097862647078166
41975.44615262219 1.088865902387941
42143.347937232684 1.1610689274341572
42311.921328981625 1.2454459881817401
42481.16901429755 1.2537699064203527
42651.09369035474 1.4999962279913188
42821.69806511615 0.9070867527427766
42992.98485737662 0.19366626669290538
43164.95679680613 0.22502618748363795
43337.61662399335 0.7017192564748717
43510.96709048933 0.932105765944009
43685.01095885128 1.1722865540387724
43859.75100268668 1.0523138282967166
44035.19000669744 0.9373802811558637
44211.330766724226 0.9433297398255982
44388.176089791115 0.6338481156930704
44565.72879415028 0.6551201685771079
44743.991709326874 0.459935637421901
44922.9676761642 0.5081767886702538
45102.65954686885 0.4546755605231954
45283.07018505633 0.3189024274544446
45464.20246579656 0.38409398982020565
45646.05927565975 0.31837741715225315
45828.64351276236 0.362658466681507
46011.95808681343 0.3618847379462385
46196.00591916067 0.3392265731459517
46380.78994283732 0.47050133738518135
46566.31310260868 0.5630148821412341
46752.578355019126 0.44269586681373163
46939.588668439166 0.6051285664789758
47127.34702311293 0.4325408715475513
47315.85641120539 0.34017677318737116
47505.11983685021 0.4790021931352079
47695.14031619761 0.4044619024995371
47885.9208774624 0.3272176963471646
48077.46456097225 0.5204836493704901
48269.774419216126 0.5734629872565263
48462.853516892996 0.3630941292811914
48656.70493096058 0.6900461815404526
48851.33175068441 0.5507353100123792
49046.737077687154 0.5291101025931298
49242.92402599791 0.6843814646888253
49439.89572210189 0.5476105211484359
49637.6553049903 0.4948249690613081
49836.20592621027 0.7581400245526906
50035.55074991511 0.7453309434707257
50235.69295291477 0.2837931818911841
50436.63572472643 0.795784130922582
50638.382267625326 0.8965868531527803
50840.935796695834 0.4450455037007504
51044.2995398826 0.5541590053109261
51248.47673804215 0.6577306430213882
51453.47064499432 0.20513171928642338
51659.28452757429 0.4270649283976554
51865.92166568459 0.6505990113758077
52073.38535234733 0.13688219727324707
52281.67889375672 0.3366102555133736
52490.80560933175 0.3874945508626036
52700.76883176907 0.37865655688090766
52911.57190709616 0.26666168228698034
53123.218194724526 0.41584982112331115
53335.711067503435 0.48557376189709484
53549.053911773444 0.10691522987900672
53763.25012742054 0.23669221310505306
53978.303127930216 0.35383818516890675
54194.21634044194 0.06111377758386424
54410.99320580371 0.20928501513115788
54628.63717862692 0.11248753812106888
54847.15172734143 0.16514129085715412
55066.540334250785 0.21699983574426168
55286.80649558781 0.13049687882938407
55507.95372157016 0.10040591142998727
55729.985536456436 0.06254462809978764
55952.90547860226 0.11853212867140145
56176.717100516675 0.10813063218773313
56401.42396891874 0.053315672027389786
56627.02966479442 0.10235084147642141
56853.5377834536 0.07251761210186926
57080.95193458741 0.06939169973444713
57309.27574232576 0.04864782754045972
57538.51284529506 0.0459035274569525
57768.666896676245 0.05820427832740898
57999.74156426295 0.11586728694761876
58231.74053052 0.03207821919826028
58464.66749264208 0.08236002140506518
58698.52616261265 0.029444132677942294
58933.3202672631 0.027181748831770484
59169.05354833215 0.07290670815390211
59405.72976252549 0.02710856074747189
59643.3526815756 0.06304814614902647
59881.926092301896 0.05199855536084864
60121.45379667111 0.08836832871323497
60361.93961185778 0.07489711145007456
60603.38737030522 0.02670782385989143
60845.800919786445 0.07244566229736737
61089.184123465595 0.04374828176594927
61333.54085995945 0.07186869877771306
61578.87502339928 0.04135579802397314
61825.19052349288 0.047566629728762806
62072.491285586846 0.10681210131795953
62320.7812507292 0.12828435244419842
62570.06437573213 0.18783240883882893
62820.34463323505 0.1515793319418982
63071.62601176801 0.2500850190439156
63323.91251581507 0.11977128813671428
63577.20816587833 0.08000832096921431
63831.51699854184 0.07072520735069482
64086.843066536014 0.03236267587931884
64343.19043880215 0.04458935220855619
64600.563200557364 0.05690365680561274
64858.96545335958 0.017484211255205828
65118.401315173025 0.03524106384864715
65378.87492043372 0.05459698817748293
65640.39042011545 0.026230025342789735
65902.95198179591 0.029558646332454627
66166.56378972309 0.04061454508753386
66431.23004488199 0.036868871174741566
66696.95496506151 0.04493772987328995
66963.74278492175 0.07715313230144713
67231.59775606144 0.05430963610671392
67500.52414708569 0.1170152171631746
67770.52624367403 0.056529336503571205
68041.60834864872 0.07694746491197267
68313.77478204331 0.0827041776414249
68587.02988117147 0.03447364626865735
68861.37800069616 0.09974516060878709
69136.82351269896 0.12204755091766079
69413.37080674975 0.15492580315240206
69691.02428997675 0.06868980299160247
69969.78838713666 0.10471229466020913
70249.6675406852 0.10975348548970193
70530.66621084794 0.05853374245590448
70812.78887569135 0.1396934044082237
71096.04003119409 0.11950096666174484
71380.42419131887 0.11373136581721795
71665.94588808414 0.07072271743759707
71952.60967163648 0.09337066363858995
72240.42011032304 0.10666061335566496
72529.38179076432 0.09416899728086496
72819.49931792737 0.06043862511557538
73110.77731519907 0.08869658606296729
73403.22042445988 0.04985702299868789
73696.83330615771 0.07132862970225984
73991.62063938235 0.08564440973073753
74287.58712193987 0.0820418478131579
74584.73747042764 0.050192489751999254
74883.07642030934 0.0702219221048187
75182.60872599059 0.1054201326866076
75483.33916089457 0.11201324013792052
75785.27251753812 0.0897134871270563
76088.4136076083 0.09635248480606542
76392.76726203872 0.15322736026869466
76698.33833108687 0.021949925463334945
77005.13168441122 0.04667886342624187
77313.15221114887 0.05966556581699112
77622.40481999348 0.06376787725357008
77932.89443927344 0.09832287072943181
78244.62601703055 0.11042051666358216
78557.60452109865 0.0995070430035697
78871.83493918306 0.07773274270796991
79187.3222789398 0.0915051879399794
79504.07156805556 0.12030728859229417
79822.08785432778 0.1451775197786058
80141.37620574511 0.10988654690905847
80461.94171056806 0.1110677945648963
80783.78947741033 0.11879570473287963
81106.92463531997 0.1926571223227413
81431.35233386126 0.1510506213492584
81757.0777431967 0.14549825318141943
82084.10605416949 0.14733134138119974
82412.44247838613 0.15720844560703554
82742.09224829968 0.20206446791873434
83073.06061729288 0.202370829765719
83405.35285976208 0.1969898386089165
83738.9742712011 0.16926854133786692
84073.93016828595 0.2098579419660008
84410.22588895904 0.22162794076511297
84747.86679251489 0.23468195140860482
85086.85825968496 0.1744470800505419
85427.20569272367 0.22855244750227457
85768.91451549459 0.23970555034851726
86111.99017355654 0.22687415443666653
86456.43813425078 0.18582669701257065
86802.2638867878 0.2062321269963211
87149.47294233493 0.24550637737017195
87498.07083410428 0.2239380377877353
87848.0631174407 0.17215983510209737
88199.45536991046 0.2017021551893596
88552.25319139009 0.24324811376113153
88906.46220415569 0.22448526739128752
89262.08805297229 0.14788668564393972
89619.1364051842 0.15368458869153115
89977.61295080492 0.20404333534398103
90337.52340260813 0.21298237755994398
90698.87349621857 0.18156813437514954
91061.66899020346 0.2033105067150352
91425.91566616425 0.17867803274402808
91791.61932882894 0.19502482939456628
92158.78580614422 0.15245046290519806
92527.4209493688 0.20908270542300944
92897.53063316627 0.1593695164764409
93269.12075569895 0.15473465491190905
93642.19723872172 0.17504895340342483
94016.76602767664 0.17873685337703268
94392.83309178732 0.18317862602755755
94770.40442415449 0.1520486305415616
95149.48604185111 0.15490925416129794
95530.08398601852 0.15393126667599027
95912.20432196259 0.1992060813906269
96295.85313925042 0.1863747134256604
96681.0365518075 0.14495443571323383
97067.76069801472 0.16085564948458816
97456.03174080675 0.17263107947663003
97845.85586776999 0.20260757875336696
98237.23929124104 0.19579762845766024
98630.18824840599 0.16822237006754667
99024.70900139965 0.1640290860603079
99420.80783740526 0.1827935600441859
99818.49106875488 0.2157749516284336
100217.76503302988 0.2101282815331171
100618.636093162 0.1433992423879631
101021.11063753467 0.14881204431292985
101425.1950800848 0.18892826955039113
101830.89586040513 0.2001208577429213
102238.21944384674 0.20060694979705646
102647.17232162213 0.1810970722326706
103057.7610109086 0.15889785309249357
103469.99205495225 0.03454160534325833
103883.87202317205 0.04474386946146701
104299.40751126477 0.08336268891885398
104716.60514130979 0.10943431044063971
105135.47156187505 0.10054642125107627
105556.01344812254 0.12581831113458236
105978.23750191503 0.1433804558637793
106402.15045192267 0.12456262657616356
106827.75905373038 0.09052319028029071
107255.07008994528 0.04058874249219814
107684.09037030509 0.04597910976965717
108114.8267317863 0.08054173505681582
108547.28603871344 0.11290077405704198
108981.47518286831 0.12516672912717997
109417.40108359976 0.12185793028133814
109855.0706879342 0.12180633813469849
110294.49097068593 0.11997421498949029
110735.66893456863 0.15821612528114704
111178.61161030692 0.15515009983873027
111623.32605674816 0.16862180329541007
112069.81936097513 0.1314755833997537
112518.09863841905 0.10635152269799157
112968.17103297272 0.15916735808855922
113420.0437171046 0.1561435807286963
113873.72389197304 0.14981940516557943
114329.21878754091 0.16236789710918642
114786.53566269108 0.12417697199606592
115245.68180534184 0.10127498813333297
115706.66453256323 0.1332969989760838
116169.49119069346 0.14876301137433173
116634.16915545624 0.13758319870688485
117100.70583207808 0.08067405762377203
117569.1086554064 0.10943046336890601
118039.385090028 0.09931477692183706
118511.54263038811 0.12854122936096568
118985.58880090967 0.13017630355559612
119461.5311561133 0.12888331889161753
119939.37728073777 0.08599554554726827
120419.13478986072 0.11511638838074194
120900.81132902016 0.07714127151412302
121384.41457433623 0.12343840350823881
121869.9522326336 0.13085530543429302
122357.43204156413 0.09846342387297556
122846.86176973036 0.08926277833619703
123338.2492168093 0.10997947762201815
123831.60221367657 0.07456872887911686
124326.92862253124 0.09746519227889001
124824.23633702139 0.11534960956053775
125323.53328236948 0.07503246022147585
125824.82741549893 0.08041637120316092
126328.12672516092 0.10632651913103085
126833.43923206156 0.08586142704973518
127340.77298898982 0.08372117606354168
127850.13608094577 0.10742958436649958
128361.53662526955 0.07941725763171446
128874.98277177062 0.08430427141366888
129390.4827028577 0.09723811358135893
129908.04463366912 0.09321449427008917
130427.67681220379 0.07488798312067413
130949.38751945265 0.09451449860355408
131473.18506953045 0.08811044936074616
131999.07780980857 0.0920078499969266
132527.0741210478 0.07514263112826412
133057.182417532 0.08511829311720844
133589.4111472021 0.07991203382056647
134123.76879179094 0.06460418546115583
134660.26386695806 0.07154419842074983
135198.9049224259 0.08770688055169071
135739.7005421156 0.0847607717847477
136282.65934428407 0.0853351866596843
136827.78998166122 0.0814953788856928
137375.1011415879 0.07343258770763812
137924.60154615424 0.08032632527937052
138476.29995233883 0.08086865301315074
139030.20515214818 0.08517332748910407
139586.32597275675 0.08917715483488153
140144.6712766478 0.06855384379702686
140705.2499617544 0.07291063481208658
141268.0709616014 0.06953276685910263
141833.1432454478 0.06166515067899706
142400.4758184296 0.07259396722707855
142970.07772170333 0.07427014624897567
143541.95803259013 0.060738070036154244
144116.12586472047 0.06330440239735938
144692.59036817937 0.055956333718956176
145271.3607296521 0.053579556466472535
145852.44617257072 0.0741666345469686
146435.85595726097 0.07516742630545596
147021.59938109003 0.06896836824312705
147609.6857786144 0.07001298071015402
148200.12452172884 0.07081480208207623
148792.92501981577 0.05973925086860042
149388.09671989502 0.05602707230973456
149985.6491067746 0.06777632251493884
150585.59170320167 0.06302027200202205
151187.93407001448 0.06581606813355866
151792.68580629455 0.05419200018466566
152399.85654951975 0.0668056038760829
153009.45597571784 0.06390982800790171
153621.4937996207 0.054438199069558456
154235.97977481916 0.061226092420417336
154852.92369391845 0.05492288283493909
155472.3353886941 0.04879215609133221
156094.2247302489 0.04781294262909691
156718.60162916992 0.04642547981249253
157345.47603568656 0.04275850656804017
157974.8579398293 0.040362145602916406
158606.75737158864 0.04722386867777962
159241.18440107498 0.04514647020142797
159878.14913867926 0.037685310919444326
160517.661735234 0.05052581814014346
161159.73238217493 0.044197208034331345
161804.3713117036 0.049149116752362075
162451.58879695044 0.040392652019098356
163101.39515213823 0.04709019016278541
163753.8007327468 0.04997937559780492
164408.81593567782 0.04980989874222534
165066.45119942052 0.04877200896220486
165726.71700421823 0.04473878971843128
166389.62387223504 0.037355572111306974
167055.18236772402 0.04290730070684738
167723.40309719497 0.04637342027054835
168394.2967095837 0.040538857609530986
169067.87389642204 0.030664239021243916
169744.14539200772 0.04312902222837873
170423.1219735757 0.0469064754303012
171104.81446147006 0.03373212875404998
171789.23371931593 0.03762599429509081
172476.3906541932 0.03424278469226712
173166.29621680998 0.03901330143970995
173858.96140167722 0.031042558700804475
174554.39724728392 0.0419212255800909
175252.61483627307 0.033046402145090754
175953.62529561817 0.03098005189915546
176657.43979680064 0.03833743737204488
177364.06955598784 0.03434197866471246
178073.52583421173 0.04089755699551629
178785.8199375486 0.04099206256880165
179500.9632172988 0.033804407896725425
180218.967070168 0.034750623046072786
180939.84293844865 0.035476267740987825
181663.60231020238 0.026827744569265892
182390.25671944322 0.029516873930328126
183119.81774632097 0.02526307014298559
183852.29701730626 0.0342693234142346
184587.7062053755 0.03504135212177906
185326.057030197 0.03134453943925705
186067.3612583178 0.028436796335775706
186811.63070335102 0.028130202693188895
187558.8772261645 0.031143686678367262
188309.11273506918 0.03733400662606756
189062.3491860094 0.033028101723527395
189818.59858275342 0.02325328141370524
190577.87297708448 0.028568811049512016
191340.18446899284 0.032029124042528063
192105.54520686882 0.024460592667174052
192873.9673876963 0.020010887694389263
193645.46325724703 0.020137029912407012
194420.04511027603 0.020700771900689863
195197.72529071715 0.02679773882327388
195978.51619188 0.02235002917862914
196762.4302566476 0.024935093016839743
199107.9942767367 0.022289765085005804
203090.15416227144 0.022592191865334618
207151.95724551688 0.02090146033094787
211294.9963904272 0.016550724953257635
215520.89631823578 0.01698491579584814
219831.31424460045 0.014214656478984218
224227.94052949245 0.013374746766070944
228712.4993400823 0.014821761093537401
233286.74932688402 0.014253134460602467
237952.48431342165 0.008914267027275507
242711.5339996901 0.01479037455981984
247565.76467968393 0.012023457571101636
252517.0799732776 0.0070389602442634995
257567.42157274322 0.010166850935576528
262718.770004198 0.008704983441178846
267973.145404282 0.005925763056902505
273332.6083123676 0.008947426023060106
278799.26047861495 0.006274683520421481
284375.2456881872 0.003997721919787509
290062.750601951 0.005794816308335387
295864.00561398995 0.004876461106789745
301781.2857262697 0.004816157820733513
307816.91144079523 0.003338070258016632
313973.24966961105 0.004769174748373985
320252.7146630032 0.004053538481338476
326657.7689562633 0.003448392936560536
333190.92433538847 0.002712198997337963
339854.7428220964 0.0036468487636521323
346651.83767853834 0.0025339804921678563
353584.87443210906 0.0020700167301010617
360656.57192075124 0.0018541119688279277
367869.70335916633 0.0025125512129530606
375227.09742634965 0.0021115420551716824
382731.63937487674 0.002503869742718105
390386.2721623741 0.0016130277973130395
398193.99760562164 0.0014681741089650016
406157.87755773397 0.0011408519951409176
414281.0351088888 0.0018569627812926046
422566.65581106645 0.0016428835057121192
431017.98892728786 0.0011703281333130876
439638.3487058336 0.0008867952959230244
448431.11567995034 0.0009041286625181442
457399.7379935492 0.001115845151207251
466547.7327534202 0.000798324957674517
475878.6874084886 0.0007809883561824801
485396.2611566584 0.0007852293800025467
495104.1863797916 0.0005704194831171156
505006.2701073874 0.0006475973795814114
515106.39550953516 0.0005758010187651786
525408.5234197257 0.0007004848370979758
535916.6938881205 0.0005906897360538527
546635.0277658828 0.0005398631834639781
557567.7283212005 0.0004461925320717445
568719.0828876244 0.0003801527473145059
580093.4645453768 0.000371307803180238
591695.3338362843 0.00035436124546714924
603529.2405130101 0.0003716077709905103
615599.8253232702 0.00039936380749742127
627911.8218297358 0.00027970001286477817
640470.0582663304 0.00026173973504793504
653279.459431657 0.00022876772312618523
666345.04862029 0.00017648649932135955
679671.9495926959 0.0002448781123004112
693265.38858455 0.0002578700621317081
707130.6963562409 0.00018760136318289285
721273.3102833657 0.00014882478796364261
735698.7764890331 0.00018355003380952922
750412.7520188137 0.00013561773781219005
765421.0070591901 0.00014875061399762153
780729.4272003738 0.00012360384305524404
796344.0157443815 0.00012462276782016312
812270.896059269 0.00010813057183499533
828516.3139804546 9.385060491167173e-05
845086.6402600636 9.597385419082355e-05
861988.3730652649 0.00011108868580307223
879228.14052657 0.00011728828533304684
896812.7033371016 8.115370035133682e-05
914748.9574038435 8.194774190331554e-05
933043.9365519203 6.764236512630255e-05
951704.8152829591 5.347709380782802e-05
970738.911588618 6.504169982215233e-05
990153.6898203905 4.630660755992353e-05
