1000.5530765187797 2.295046214027125e-15
1004.5552888248548 8.904613128179495e-52
1008.5735099801544 1.1714930837042656e-49
1012.607804020075 2.1469744791799277e-49
1016.6582352361554 1.2512495062883184e-51
1020.7248681770998 4.423767355720891e-37
1024.8077676498083 1.3862320423982602e-39
1028.9069987204075 2.4602072709910736e-48
1033.022626715289 7.454942246440012e-35
1037.1547172221503 5.084570548091791e-50
1041.3033360910388 1.4999903276277219e-46
1045.468549435403 4.441099483449412e-44
1049.6504236331448 5.005888434819328e-51
1053.8490253276773 4.674783274223753e-39
1058.064421428988 8.279625350221941e-48
1062.296679114704 1.463590173580111e-38
1066.5458658311627 1.5172922745662162e-42
1070.8120492944875 3.612947715868722e-44
1075.0952974916654 4.18057000606664e-35
1079.3956786816323 2.971393929106602e-44
1083.7132613963586 8.275260887640413e-34
1088.048114441944 3.5648146317073176e-36
1092.4003068997117 3.7332717166788474e-27
1096.7699081273104 1.9004773817070715e-35
1101.15698775982 1.6634090225094936e-36
1105.561615710859 1.0571821097400838e-27
1109.9838621737026 4.7463355077973134e-30
1114.4237976223976 1.1479157118501618e-32
1118.8814928128868 9.47516267713498e-36
1123.3570187841383 1.1078025606422523e-32
1127.8504468592753 6.178302792652681e-24
1132.361848646712 3.528101502992857e-26
1136.8912960412988 8.839041903853073e-26
1141.438861225464 3.218451061539405e-26
1146.004616670366 2.702246950289607e-25
1150.5886351370475 4.869227068951316e-30
1155.190989677596 6.223244020859941e-28
1159.8117536363065 6.248930102840442e-33
1164.4510006508515 5.289978554699928e-37
1169.108804653455 3.976226741839613e-35
1173.7852398720688 2.4411460619683136e-36
1178.480380831557 6.015800982807278e-39
1183.1943023548836 1.1779032303818997e-36
1187.9270795643029 9.600603646987212e-34
1192.67878788256 4.114711041299091e-34
1197.4495030340906 1.0932396150203772e-35
1202.2393010462267 1.4809277538778372e-39
1207.0482582504117 1.7483435353227898e-34
1211.8764512834132 3.0913628948594065e-34
1216.7239570885472 2.5152195153852797e-41
1221.5908529169012 5.169200968853706e-36
1226.4772163285688 2.8161419507530548e-34
1231.383125193883 5.30805148991636e-40
1236.3086576946585 7.823663532222731e-37
1241.2538923254372 1.1075528818882056e-35
1246.2189078947392 2.730909755252804e-38
1251.203783526318 2.1982540068731848e-33
1256.2085986604231 7.618903311870672e-33
1261.233433055065 3.534516045823263e-33
1266.2783667872852 6.795970315617178e-37
1271.3434802544346 1.7294512800282125e-29
1276.4288541754522 7.947862556884995e-31
1281.534569592154 1.2269924981360721e-33
1286.6607078705229 4.453222076848422e-31
1291.8073507020044 4.9878442191398613e-29
1296.9745801048125 3.154043841768325e-29
1302.162478425232 4.305906152118634e-34
1307.3711283389327 1.8117071639739228e-31
1312.6006128522888 4.042102898740213e-26
1317.851015303698 1.4395815295579291e-31
1323.1224193649127 9.618584320658152e-30
1328.4149090423725 1.3206198329033885e-28
1333.728568678542 2.3431259199008873e-29
1339.0634829532567 2.341022881866166e-31
1344.4197368850691 4.359966566693104e-29
1349.7974158326099 2.844901597168971e-28
1355.1966054959403 4.572222893836036e-29
1360.6173919179244 2.747032412969779e-28
1366.059861485596 1.5826909452931258e-29
1371.5241009315384 6.913370617145072e-31
1377.0101973352646 8.542608425219763e-30
1382.5182381246057 3.529462839800883e-26
1388.0483110771042 1.0669117338283192e-27
1393.6005043214122 2.412638787423312e-29
1399.1749063386976 2.5394197311124603e-29
1404.7716059640527 3.195052445900694e-26
1410.3906923879088 2.197678785265174e-28
1416.0322551574602 1.0215701739634812e-25
1421.6963841780905 2.137341519792425e-30
1427.3831697148032 5.161075126260888e-27
1433.0927023936622 1.6122495390781854e-24
1438.8250732032368 2.0053008782528232e-26
1444.5803734960498 2.219724945945016e-24
1450.3586949900334 2.377538916810081e-26
1456.1601297699938 9.806290571214471e-25
1461.984770289074 9.501679075487759e-24
1467.83270937023 1.8947310462220615e-25
1473.704040207711 8.332618347862758e-24
1479.5988563685412 4.72581618789823e-27
1485.5172517940157 1.936033355715302e-24
1491.459320801192 1.0061755443613477e-23
1497.4251580843968 1.3191635644489506e-25
1503.4148587167342 9.800286214552399e-22
1509.4285181516007 8.386572337929418e-24
1515.4662322242077 3.106920794013294e-25
1521.5280971531042 5.396591102852677e-19
1527.6142095417167 8.206518902384273e-23
1533.7246663798837 5.655832743122158e-22
1539.859565045403 6.249797783349796e-19
1546.0190033055849 1.7453266581400856e-26
1552.203079318807 1.1430778456217036e-20
1558.4118916360824 1.5990516009877662e-19
1564.6455392026269 1.0700662609412169e-21
1570.9041213594373 1.3357992814084407e-18
1577.187737844875 1.0117412643766376e-19
1583.4964887962547 2.8845044517001434e-18
1589.8304747514399 1.3302819200574273e-17
1596.1897966504455 8.202186351448527e-20
1602.5745558370472 1.7217963551786834e-18
1608.9848540603957 3.951766195206729e-17
1615.4207934766368 1.0116150209819048e-18
1621.8824766505436 6.116429162129265e-17
1628.3700065571454 1.7225255929029214e-16
1634.8834865833744 1.2245594907777384e-16
1641.4230205297079 1.5895485778052213e-14
1647.9887126118267 2.550843438366217e-17
1654.580667462274 4.705156701905137e-17
1661.198990132123 6.048911313698958e-14
1667.8437860926513 1.2818435367665172e-15
1674.515161237022 2.527464131756807e-13
1681.2132218819695 1.8799788922052313e-13
1687.9380747694975 1.5956626657317864e-14
1694.6898270685758 9.032612671166873e-13
1701.4685863768502 1.8956217166380986e-13
1708.2744607223572 8.314069891059649e-15
1715.1075585652468 7.018639715637074e-13
1721.967988799508 4.082547669141058e-14
1728.8558607547059 1.7930554196817655e-13
1735.7712841977245 2.3408760630935584e-12
1742.7143693345156 3.7540634584498633e-13
1749.6852268118535 4.1105994540267665e-12
1756.6839677191008 7.35960545332427e-12
1763.7107035899771 1.0788206847638669e-11
1770.7655464043373 1.2595595149903104e-11
1777.8486085899544 8.313489954771535e-12
1784.9600030243143 1.0215901142342941e-11
1792.0998430364118 1.579099312788135e-11
1799.2682424085576 2.2939608927335693e-11
1806.4653153781921 1.2799566406667231e-11
1813.6911766397043 5.1066939161814404e-11
1820.945941346263 2.4296574754701027e-11
1828.2297251116483 5.850912369254453e-11
1835.5426440120948 6.429309097933387e-11
1842.8848145881432 5.4286066456232105e-11
1850.2563538464956 9.631023381844723e-11
1857.657379261881 1.5623256571505358e-10
1865.0880087789287 2.2093649603832246e-10
1872.5483608140448 2.395335568554434e-10
1880.0385542573008 3.180635541044986e-10
1887.5587084743302 3.81705324367395e-10
1895.1089433082268 5.167148720253472e-10
1902.68937908146 4.708249430353181e-10
1910.3001365977857 4.784223849683319e-10
1917.9413371441767 6.219364590916676e-10
1925.6131024927531 8.258568322144452e-10
1933.3155549027244 1.1982829313781728e-09
1941.0488171223355 1.2921106591860949e-09
1948.8130123908247 2.349451035797085e-09
1956.608264440388 2.889309616362796e-09
1964.434697498149 3.864420627940808e-09
1972.2924362881417 4.407349825119329e-09
1980.1816060332944 3.5595914679218707e-09
1988.1023324574276 5.744792651679793e-09
1996.0547417872574 5.2285125852538894e-09
2004.0389607544066 8.396316076254554e-09
2012.0551165974243 8.84697723355496e-09
2020.1033370638136 1.3949268996908693e-08
2028.1837504120688 1.695814113439258e-08
2036.2964854137172 1.822098247665089e-08
2044.4416713553724 2.7224953650225456e-08
2052.6194380407937 2.6911750304794476e-08
2060.829915792957 3.7561941048766896e-08
2069.0732354561287 4.188615359030433e-08
2077.3495283979532 4.616572849405537e-08
2085.6589265115445 6.364210014377741e-08
2094.001562217591 6.394680944076345e-08
2102.3775684664615 8.662598435885721e-08
2110.787078740328 9.388296275398136e-08
2119.2302270552887 1.1538871127291529e-07
2127.70714796351 1.3749201550525338e-07
2136.217976555364 1.507629760776015e-07
2144.7628484615852 1.8533384001848727e-07
2153.341899855432 2.0582489039074512e-07
2161.9552674548536 2.406125415317497e-07
2170.603088524673 2.797151845165246e-07
2179.285500878772 3.120158919664919e-07
2188.0026428822866 3.651950038863543e-07
2196.754653453816 4.1162101532165574e-07
2205.541672067631 4.7237993605515506e-07
2214.3638387559017 5.388656916164942e-07
2223.2212941109246 6.10957431973709e-07
2232.114179287369 6.983071736929768e-07
2241.0426360045185 7.89659930601883e-07
2250.0068065485366 8.986790308321834e-07
2259.0068337747302 1.0195783210346597e-06
2268.0428611098296 1.153494475148868e-06
2277.115032554269 1.3086822968323153e-06
2286.223492684486 1.4795159448694224e-06
2295.368386655224 1.6743156943567031e-06
2304.549860201845 1.8927953110880266e-06
2313.7680596426517 2.137256138620796e-06
2323.0231318812225 2.413997477678277e-06
2332.3152244087473 2.723129078858385e-06
2341.6444853063817 3.070963911773503e-06
2351.0110632476076 3.4602483495964843e-06
2360.415107500598 3.897340628441917e-06
2369.8567679306 4.386573184225462e-06
2379.3361950023227 4.935143071943934e-06
2388.853539782332 5.548478198379301e-06
2398.4089539414617 6.236205106371553e-06
2408.0025897572273 7.0032532122877545e-06
2417.6346001162565 7.858133991632639e-06
2427.3051385167214 8.817601760335318e-06
2437.0143590707885 9.884143259107633e-06
2446.762416507072 1.1076561471108788e-05
2456.5494661731 1.2400452328296614e-05
2466.375664037793 1.3876907594492881e-05
2476.2411666939443 1.5521570722112113e-05
2486.1461313607197 1.7351469073203552e-05
2496.090715886162 1.938788500506985e-05
2506.075078749707 2.165092429291403e-05
2516.0993790647044 2.416373173570247e-05
2526.163776580964 2.6952854504206833e-05
2536.268431687288 3.0051577968941672e-05
2546.4135054140374 3.348368876997453e-05
2556.599159435693 3.730062385180604e-05
2566.825556073436 4.15148892538365e-05
2577.09285829773 4.6186659637482794e-05
2587.4012297309205 5.134161551262778e-05
2597.7508346498444 5.706767423675281e-05
2608.141837988444 6.33714083569959e-05
2618.5744053403982 7.037283121477868e-05
2629.0487029617593 7.812130450826983e-05
2639.5648977736064 8.66378039553699e-05
2650.123157364701 9.599738833150895e-05
2660.7236499941596 0.00010630364570596815
2671.366544594136 0.00011764295325606403
2682.052010772512 0.00013018438232709434
2692.7802188156024 0.00014387457282427537
2703.551339690865 0.00015901685832587123
2714.365545049628 0.00017552622393337367
2725.223007229827 0.00019378402016378805
2736.123899258746 0.00021384441017827
2747.0683948557817 0.0002358326402070213
2758.0566684352048 0.0002600782325981185
2769.0888951089455 0.00028673937269963786
2780.165250689381 0.00031591893995227773
2791.2859116921386 0.0003478796306673241
2802.451055338907 0.00038292995846459123
2813.660859560263 0.00042110332291314044
2824.9155029985036 0.00046256632855272455
2836.2151650104965 0.0005077425680790072
2847.5600256705393 0.0005580907681683343
2858.950265773222 0.0006130090511563564
2870.386066836315 0.000670396215350481
2881.8676111036607 0.0007375727197829325
2893.3950815480757 0.000809173323586592
2904.968661874268 0.0008835654288395508
2916.588536521764 0.0009656443268190181
2928.254890667851 0.001055277632102818
2939.9679102305226 0.001152877523824567
2951.727781871445 0.0012597654224660018
2963.534692998931 0.0013761216813315167
2975.3888317709266 0.0015023908526694601
2987.2903870980094 0.0016396430423612906
2999.2395486464025 0.0017883286796238037
3011.2365068409886 2.113618081054872e-07
3023.2814528683516 2.248409076959292e-07
3035.374578679825 1.1377264981334857e-07
3047.516076994544 2.3550582366715323e-07
3059.7061413025226 2.469837605252171e-07
3071.9449658677336 2.2578092870846405e-07
3084.232745731204 1.8746544134307325e-07
3096.569676714128 8.999374567931843e-08
3108.955955420985 8.327566134293821e-08
3121.3917792426687 1.2480392944282305e-07
3133.8773463596394 1.0806090218937816e-07
3146.412855745078 8.77440021119458e-08
3158.998507168058 6.849518417140711e-08
3171.6345011967305 5.120248662257568e-08
3184.321039201517 3.663774972962837e-08
3197.0583233583234 2.5420492996527086e-08
3209.8465566517566 1.649625658281249e-08
3222.6859428783637 1.0235430283103958e-08
3235.576686649877 1.0454363744168565e-08
3248.518993396477 7.93591013931649e-09
3261.513069370063 5.575735413279502e-09
3274.559121647543 3.507174160681188e-09
3287.6573581341336 1.991298235992324e-09
3300.8079875666704 1.3468634080610526e-09
3314.0112195169368 1.964995016293127e-09
3327.2672643950045 4.323664922295351e-09
3340.5763334525845 8.994157591579439e-09
3353.938638786395 1.6663781858586926e-08
3367.354393341541 2.8183284024569345e-08
3380.8238109149074 4.5254859506074646e-08
3394.347106158567 7.225948186903681e-08
3407.924494583201 1.1808327862832546e-07
3421.5561925615334 1.9275679640695538e-07
3435.2424173317804 2.5458523696816547e-07
3448.9833870011066 1.1847655276756965e-07
3462.7793205491116 6.314385562758796e-07
3476.630437831308 1.1727610340687923e-06
3490.536959582633 1.8284826011360926e-06
3504.4991074209643 2.7175271465809014e-06
3518.5171038506473 3.956827766684226e-06
3532.5911722660503 5.685659949340648e-06
3546.7215369551145 8.086014610135459e-06
3560.9084231029346 1.1382510367985848e-05
3575.1520567953467 1.584563232450403e-05
3589.452665022528 2.1800582198527176e-05
3603.810475682617 2.962766503195669e-05
3618.225717585348 3.976877762894544e-05
3632.698620455689 5.272760158058522e-05
3647.2294149375116 6.90857172433079e-05
3661.8183325972614 8.951626697320972e-05
3676.4656059276513 0.00011478452137762585
3691.1714683513615 0.0001457000878383459
3705.936154224767 0.0001831461587134018
3720.7598988416657 0.00022809461715905466
3735.6429384370326 0.0002814472427565631
3750.585510190781 0.0003440079815428734
3765.587852231544 0.00041644172281591924
3780.6502036404704 0.0004990358701651221
3795.772804455032 0.0005915389800200419
3810.955895672852 0.000692822930972285
3826.199719255544 0.0008006467962847468
3841.504518132566 0.0009111533333806736
3856.870536205096 0.001018723538179014
3872.2980183499167 0.0011151001748286363
3887.7872104233156 0.0011901854818689081
3903.338359265009 0.0012318468495068349
3918.9517127020695 0.001228175169179941
3934.6275195528774 0.0011687426599260367
3950.3660296310895 0.0010470449015105273
3966.1674937496136 0.0008639411172776478
3982.0321637246125 0.0006294140738119648
3997.9602923795105 0.0003783348940252684
4013.9521335490285 0.0001736406848222669
4030.007942083225 4.7860504510550645e-05
4046.1279738515577 2.8456153529025014e-06
4062.312485746964 5.390104672310815e-05
4078.5617356899515 0.0002367710190818208
4094.8759826327114 0.0006222008512569941
4111.255486563242 0.001266633316531955
4127.700508509496 0.0021584464746735275
4144.211310543533 0.0033008571811825762
4160.788155785708 0.004724280272498781
4177.431308408849 0.0064650238753829695
4194.141033642486 0.008545722862634289
4210.917597777056 0.010937311886593595
4227.761268168164 0.013739699031722875
4244.672313240838 0.01680413356242973
4261.651002493801 0.02050204917209771
4278.697606503776 0.02416388202165393
4295.812396929791 0.02894915323751645
4312.995646517511 0.03358639086683024
4330.24762910358 0.038260010816995
4347.568619619994 0.04479720488204721
4364.958894098475 0.051670305090615494
4382.418729674868 0.056743254652957195
4399.948404593568 0.06229040734193853
4417.548198211942 0.07358641120646532
4435.21839100479 0.08358205942461311
4452.959264568809 0.09376863539671898
4470.771101627084 0.10347545174850865
4488.654186033592 0.10632432683447761
4506.608802777726 0.11719330293319856
4524.635237988838 0.13987019714671586
4542.733778940792 0.15178892376136593
4560.904714056555 0.16748861383739816
4579.148332912781 0.007503050465554296
4597.464926244433 0.0056671527851917545
4615.85478594941 0.004242377771945576
4634.318205093208 0.0031705248122148033
4652.855477913582 0.002412830755725111
4671.466899825236 0.0019727335009568255
4690.152767424537 0.0015826667531708017
4708.913378494234 0.0011255865254690368
4727.749032008212 0.0007260225491555112
4746.660028136244 0.0004471346874431504
4765.646668248789 0.0002894649627342548
4784.709254921784 0.00020487202666955327
4803.8480919414715 0.00015543370355499824
4823.063484309237 0.00012520472122830992
4842.355738246474 0.00010850619859495233
4861.72516119946 0.00010136917479194601
4881.172061844257 9.88913025244562e-05
4900.6967500916335 9.918465996878134e-05
4920.299537092001 0.00010011036371170132
4939.9807352403695 0.00010130124807951869
4959.740658181329 0.00010292433083558513
4979.5796208140555 0.00010511323131753688
4999.497939297312 0.00010814197451963569
5019.495931054502 0.0001124747628774808
5039.57391477872 0.00011871613157851823
5059.732210437835 0.0001270994697320644
5079.971139279585 0.0001369294643976711
5100.291023836704 0.00014781069699997622
5120.692187932051 0.000159334409321272
5141.174956683781 0.0001716621595628009
5161.739656510514 0.00018506718296049321
5182.386615136556 0.0001994823696241309
5203.116161597103 0.00021475804084395054
5223.928626243489 0.00023106225306623705
5244.824340748465 0.0002486129812198277
5265.803638111459 0.00026754870411262985
5286.866852663905 0.00028775970239905836
5308.0143200745615 0.00030950274947885763
5329.246377354859 0.0003329236964565685
5350.563362864278 0.00035800486215753036
5371.965616315736 0.0003849228881360952
5393.453478780998 0.000413385805420437
5415.027292696122 0.0004437731828442382
5436.687401866905 0.000477148574049381
5458.434151474374 0.0005126538018203119
5480.267888080271 0.0005508582121298391
5502.188959632591 0.0005916982690669763
5524.197715471122 0.0006355623640346346
5546.294506333006 0.0006823371720605575
5568.479684358337 0.0007324800998108142
5590.753603095771 0.0007859755321253354
5613.1166175081535 0.0008428944435454843
5635.569083978187 0.0009038184530025551
5658.1113603140975 0.0009682088741612513
5680.743805755354 0.001026805990104531
5703.466780978376 0.0011072217849624423
5726.28064810229 0.001185788017396979
5749.185770694699 0.001268589576543365
5772.182513777476 0.0013587241655699405
5795.271243832587 0.0014549621887670885
5818.452328807918 0.0015581341979107146
5841.72613812315 0.0016678831580193168
5865.093042675643 0.0017796797842712596
5888.553414846345 0.0018767926546340871
5912.10762850573 0.002000528730628459
5935.756059019754 0.002158739227538828
5959.499083255832 0.0023024407916719465
5983.337079588855 0.0024624821852693127
6007.27042790721 0.00263797410557927
6031.299509618841 0.0028300241824945455
6055.424707657316 0.003029132922799297
6079.646406487946 0.0032422773055245393
6103.964992113897 0.0034665236863108363
6128.380852082353 0.00370333620571445
6152.894375490681 0.003954186025583724
6177.505952992646 0.004220117957440113
6202.215976804616 0.004502617353651756
6227.024840711833 0.00480192797881623
6251.932940074681 0.005113663837763868
6276.940671834981 0.0054421763487421644
6302.048434522321 0.005815571416431874
6327.256628260409 0.0061893917018971
6352.5656547734525 0.006602097647817065
6377.975917392546 0.007027155381398929
6403.487821062116 0.007484507167812039
6429.101772346364 0.007958858466236538
6454.81817943575 0.00835883792965508
6480.637452153493 0.008869208518364714
6506.560001962106 0.009535016205068298
6532.586241969955 0.010168432765413692
6558.716586937834 0.010805885387900088
6584.951453285586 0.011511539513519431
6611.291259098727 0.012309293715704816
6637.7364241351215 0.013145650333424552
6664.2873698316625 0.014041965179269601
6690.94451931099 0.014983536551408093
6717.7082973882325 0.015980062970062117
6744.579130577787 0.017031542211249733
6771.557447100097 0.01813230166316375
6798.643676888497 0.019285011308867922
6825.838251596053 0.020481895287997046
6853.141604602436 0.02172224608921753
6880.554171020846 0.02292953937429613
6908.0763877049285 0.023765948481973345
6935.708693255749 0.023630029005226306
6963.4515280287715 0.026403259415100862
6991.305334140887 0.027968097810607422
7019.270555477449 0.02922357258011148
7047.34763769936 0.03128534231134279
7075.537028250157 0.03335959336856247
7103.839176363159 0.03541287773019089
7132.254533068612 0.03755509904071037
7160.783551200888 0.03621801410288765
7189.42668540569 0.03705332034422926
7218.184392147313 0.041907362160198636
7247.0571297159 0.04229537262693793
7276.045358234765 0.04575700682956472
7305.149539667704 0.0454122100988922
7334.370137826372 0.05127740181814753
7363.707618377678 0.053437811562928934
7393.162448851191 0.05650788288087546
7422.735098646595 0.059824237694703596
7452.426039041182 0.06250018310102981
7482.235743197345 0.0651569006007103
7512.1646861701365 0.06648857743856525
7542.213344914818 0.06729898166634278
7572.382198294477 0.0670240524582342
7602.671727087656 0.06317299025307115
7633.082413996006 0.04153611452354466
7663.614743651989 0.006590780041334214
7694.269202626598 0.008552030286350765
7725.046279437104 0.03273348622548416
7755.946464554851 0.06124657138587514
7786.970250413072 0.0856470075547202
7818.118131414723 0.10306986856607288
7849.390603940383 0.11682211726623754
7880.788166356144 0.1302809212022375
7912.311319021571 0.14514109861345728
7943.960564297654 0.1608518166795137
7975.736406554845 0.17433786113525296
8007.639352181065 0.19025371728024162
8039.669909589788 0.20613289643249358
8071.828589228147 0.21750731047151725
8104.115903585063 0.21376969771369067
8136.532367199402 0.204196427833211
8169.078496668199 0.23397047146565486
8201.754810654873 0.2624347225622266
8234.561829897493 0.26501963154025127
8267.500077217084 0.32803005453451733
8300.570077525952 0.3375881004456857
8333.772357836056 0.3654522593078477
8367.1074472674 0.3855667093173474
8400.575877056472 0.43261750558493206
8434.178180564695 0.47876506468785723
8467.914893286956 0.5300362550459533
8501.786552860101 0.5794575507081546
8535.793699071543 0.6372077388658927
8569.936873867831 0.6937310266792474
8604.216621363299 0.7493597250230478
8638.633487848754 0.8049697379954973
8673.18802180015 0.8586201397278894
8707.880773887353 0.9086201879683188
8742.7122969829 0.9653491771162365
8777.68314617083 1.0211701692821316
8812.793878755514 1.0674131661955704
8848.045054270535 1.0923945192701985
8883.437234487617 0.9969954047579921
8918.970983425568 0.7607923990306372
8954.64686735927 0.8075659577781422
8990.465454828707 0.7355656741715725
9026.427316648023 1.0430164368501709
9062.533025914616 1.2105837426493808
9098.783158018272 1.1733559301746668
9135.178290650345 1.2049695846105213
9171.719003812947 1.1203894272844332
9208.405879828202 1.3861370115985399
9245.239503347511 1.2816756237125582
9282.2204613609 0.34955168192795905
9319.349343206346 0.27695739256232105
9356.626740579171 0.37109852920049285
9394.053247541488 0.718146527724419
9431.629460531654 0.6724021120550163
9469.355978373778 0.6105659636568723
9507.233402287276 0.5716936527060056
9545.262335896427 0.6272088364416935
9583.443385240013 0.4965112334879965
9621.777158780975 0.6354769623560879
9660.264267416096 0.8755229691858365
9698.90532448576 1.211869953738142
9737.7009457837 1.2104571784163438
9776.651749566838 1.3559640405559612
9815.758356565104 1.5686197896681535
9855.021389991363 1.8218196607484602
9894.441475551332 2.167374129653608
9934.019241453534 2.4300206056426195
9973.755318419348 2.762082991002347
10013.650339693024 3.1228463326413363
10053.704941051796 3.5054385239415553
10093.919760816003 3.855517603124097
10134.295439859268 4.2623559277561975
10174.832621618703 4.529904021339545
10215.531952105179 4.928129071201132
10256.394079913602 5.258673776301729
10297.419656233254 5.749192450438407
10338.609334858189 6.018982853548596
10379.96377219762 6.571571218714178
10421.483627286412 6.987345806382681
10463.169561795556 7.370848397298214
10505.022240042741 7.749463380301868
10547.042329002912 8.18172443863575
10589.230498318922 8.450864106374775
10631.587420312197 8.747022585562995
10674.113769993448 8.915928602720582
10716.810225073421 9.109428852025848
10759.677465973711 9.167906777170517
10802.716175837608 9.363472319972528
10845.927040540959 9.10316077654579
10889.310748703121 7.791049690709455
10932.867991697934 5.189035496518411
10976.599463664725 3.3969114732251846
11020.505861519383 1.849643705003703
11064.587884965462 1.1748566799318814
11108.846236505324 0.666711636624225
11153.281621451348 0.3860220541177225
11197.894747937147 0.47552977899828514
11242.686326928899 0.6544496861171766
11287.657072236614 0.8880598150084471
11332.807700525562 0.351287579503501
11378.138931327663 0.8191311109209894
11423.651487052975 1.0007768466880675
11469.346093001184 0.9643291499191662
11515.22347737319 0.6814846632042347
11561.284371282683 0.43952271587447767
11607.529508767815 0.47768035211327853
11653.959626802887 0.7502551393612424
11700.5754653101 0.8752806724972136
11747.377767171341 0.6172123730894044
11794.367278240028 1.391951628502395
11841.544747352984 2.2813516927077617
11888.9109263424 3.1625908488848
11936.46657004777 4.2130604232775735
11984.212436327958 5.927805391468783
12032.149286073272 7.840053484518247
12080.277883217566 10.389724340891076
12128.598994750435 12.021540792400813
12177.113390729437 14.898250032095289
12225.821844292353 16.860349960386486
12274.725131669524 20.060358387864202
12323.824032196202 22.736109173601648
12373.119328324985 25.30215826315788
12422.611805638286 26.070567533431483
12472.302252860838 29.987773309752075
12522.19146187228 29.59742637114525
12572.280227719768 35.70778878462876
12622.569348630648 36.02721906371399
12673.059626025171 34.19643407905695
12723.751864529271 29.06082373665283
12774.646871987386 27.16472947203781
12825.74545947534 21.476589408435867
12877.04844131324 16.60246719081861
12928.556635078494 14.520372202497278
12980.270861618808 12.6943425889652
13032.191945065284 10.726144070483807
13084.320712845543 9.979881936311223
13136.657995696927 8.186583000698583
13189.204627679715 7.6377372547202675
13241.961446190431 5.090489618653751
13294.929291975195 2.281742588773601
13348.109009143096 0.5856361526564016
13401.50144517967 0.1274370586241851
13455.107450960388 0.04888021900971944
13508.927880764231 0.027852249416309437
13562.963592287288 0.0078028247668991985
13617.215446656439 0.009659711761309964
13671.684308443064 0.021411292933396407
13726.371045676835 0.019817261588630425
13781.276529859542 0.06204729589641949
13836.40163597898 0.020010393567488443
13891.747242522899 0.030007228691838528
13947.314231492988 0.024139140667692023
14003.103488418961 0.03088593038644448
14059.115902372636 0.03941851482396616
14115.352365982128 0.03489231351640811
14171.813775446057 0.03805219193049081
14228.501030547843 0.04578903579004818
14285.41503467003 0.11566933803493441
14342.556694808713 0.08075001192524106
14399.926921587949 0.09724905689968877
14457.5266292743 0.19006801183239347
14515.356735791396 0.34823467493799803
14573.418162734559 0.5245392117653838
14631.711835385498 0.443234853221885
14690.238682727038 0.36539785554469506
14748.999637457951 0.49959068564496767
14807.995636007783 0.6062746885067489
14867.227618551815 0.6211789822077662
14926.69652902602 0.8825549842101773
14986.403315142123 1.1499348256732873
15046.348928402693 1.2923435122812312
15106.534324116303 1.5127703457382415
15166.96046141277 1.8664018618832081
15227.62830325842 2.4871555961591265
15288.538816471453 3.0537597816172806
15349.692971737337 3.982090846822226
15411.091743624287 4.802617764022704
15472.736110598784 6.2822562708857665
15534.62705504118 6.7729919351625645
15596.765563261344 6.107629374217106
15659.152625514387 7.079246620306848
15721.789236016448 9.859684198677
15784.676392960515 10.443556824089113
15847.815098532355 11.860561687502173
15911.206358926484 11.589493491629781
15974.85118436219 11.16540628247178
16038.75058909964 8.28553110175327
16102.905591456036 6.082784950520832
16167.31721382186 4.117838225910732
16231.986482677148 2.8369164943421974
16296.914428607855 2.25379454295444
16362.102086322288 2.6089068881766186
16427.550494667576 3.0820682882525956
16493.260696646248 3.410769490498509
16559.23373943283 3.2841612123859414
16625.470674390563 3.691394098454233
16691.972557088127 0.7406355452299715
16758.74044731648 1.8689174777855746
16825.775409105743 2.7304851789873625
16893.07851074217 2.0764628810531187
16960.650824785134 1.5806800630574824
17028.493428084275 1.418268907399194
17096.607401796613 2.1229847834593576
17164.993831403797 1.9471182653394137
17233.653806729413 2.26495937951834
17302.588421956334 1.5420170151010857
17371.798775644158 1.4801442508596252
17441.285970746736 1.458559317205681
17511.05111462972 1.454880491142972
17581.095319088243 1.0724763945143025
17651.419700364593 0.777138296484549
17722.02537916605 0.581501525964241
17792.913480682713 0.4961831646380357
17864.085134605448 0.35884879299764
17935.54147514387 0.1606562981130199
18007.283641044443 0.2446258850534358
18079.312775608625 0.12501637893749878
18151.630026711056 0.1662422341433727
18224.236546817894 0.1956691568214365
18297.133493005167 0.06600871943896398
18370.32202697719 0.059063400123456844
18443.803315085097 0.1414118361582076
18517.578528345435 0.12965153124965095
18591.648842458817 0.0865731161136915
18666.01543782865 0.04005723747174642
18740.67949957997 0.05311587412236
18815.642217578286 0.3277866755232507
18890.9047864486 0.24080411573634453
18966.4684055944 0.410607560858213
19042.334279216768 0.18334789191000306
19118.50361633364 0.195515551478311
19194.977630798967 0.21944082981737634
19271.757541322168 0.13108453528628167
19348.844571487454 0.10421966620423273
19426.239949773408 0.1305412104672441
19503.9449095725 0.19726302889263828
19581.960689210795 0.19618355274020488
19660.28853196764 0.36515975471199263
19738.929686095507 0.382176458600308
19817.885404839893 0.5457221673402289
19897.15694645925 0.6877735043849001
19976.745574245087 1.0098516604080556
20056.65255654207 1.1533963218301713
20136.879166768238 1.4849045960899467
20217.426683435307 1.8210786515435533
20298.296390169045 1.9118819414129513
20379.489575729727 2.5693290830795164
20461.007534032648 3.238713169090626
20542.851564168777 3.5163008683758044
20625.02297042545 4.147358021578968
20707.523062307162 4.523469334078866
20790.353154556382 4.4920324799709315
20873.514567174607 4.990345502085921
20957.008625443308 4.937806476208404
21040.836659945082 4.827184637643913
21125.000006584854 4.726031046491361
21209.5000066112 4.3495263589433195
21294.33800663765 4.108215348479823
21379.515358664197 3.7830041061752886
21465.033420098855 3.329261418063467
21550.893553779246 2.941269571366143
21637.097127994366 2.251708538979401
21723.645516506345 2.1962785879959776
21810.540098572368 1.7187132665618765
21897.782258966654 1.2246598791217316
21985.37338800253 0.410584593762716
22073.314881554532 0.36376178037532214
22161.60814108075 0.6105179583298312
22250.25457364508 0.4637713858031578
22339.25559193965 0.3358892649731613
22428.61261430741 0.23093367507027193
22518.32706476464 0.1863031955644661
22608.400373023702 0.15449945513764496
22698.833974515794 0.20193358258925273
22789.62931041386 0.1618418792811473
22880.78782765551 0.1295705682390381
22972.310978966132 0.1062215201574408
23064.200222882002 0.17185151981778032
23156.457023773528 0.15034610733250828
23249.082851868614 0.05631391163712968
23342.079183276095 0.07148815186609565
23435.447500009202 0.07345856755970259
23529.18929000923 0.0924750763172996
23623.306047169273 0.12949640157144207
23717.79927135796 0.06437390998364861
23812.670468443375 0.09292052873095219
23907.92115031715 0.15193146272981242
24003.552834918424 0.20316984968647905
24099.56704625809 0.24426971243009718
24195.96531444313 0.2441427207061784
24292.749175700897 0.3092022081069487
24389.9201724037 0.35514103037603817
24487.479853093315 0.33893756446201173
24585.42977250569 0.49041489245857117
24683.771491595708 0.4493394531246012
24782.50657756209 0.3360147495336917
24881.636603872343 0.3347793752890852
24981.16315028783 0.25850009317012024
25081.087802888986 0.15353951223515785
25181.412154100537 0.10544063267078536
25282.137802716934 0.05360275441081297
25383.266353927807 0.057745889288449044
25484.79941934352 0.02724947319846043
25586.73861702089 0.05227682920695736
25689.08557148898 0.021027176618167432
25791.84191377493 0.022029233684028628
25895.009281430033 0.014120040539328424
25998.589318555754 0.024910640873880244
26102.58367582998 0.02885927256503308
26206.994010533297 0.050514443484782325
26311.821986575433 0.04909368695015918
26417.069274521735 0.16625731814823239
26522.737551619815 0.10737409061408408
26628.828501826294 0.021509459659541576
26735.343815833607 0.006121235066119756
26842.285191096937 0.013236724898885105
26949.654331861326 0.03367663526326341
27057.452949188766 0.03275286211500893
27165.682760985525 0.03862394757038531
27274.345492029468 0.09213632581664273
27383.442873997585 0.02818427778350625
27492.976645493567 0.08420688415400521
27602.948552075544 0.030038362947525744
27713.360346283847 0.03876113448365317
27824.213787668985 0.026396400052856307
27935.510642819663 0.07101025407267039
28047.252685390937 0.03952529167617841
28159.441696132504 0.07780998785580788
28272.079462917034 0.14975450255079015
28385.167780768694 0.07893258698759281
28498.70845189177 0.1239364816231862
28612.703285699336 0.1648235166407365
28727.154098842133 0.18097864121841786
28842.062715237505 0.20534813674825364
28957.430966098455 0.2719965200320676
29073.260689962848 0.2456027669525873
29189.553732722703 0.32151729661845607
29306.311947653598 0.5266457866466202
29423.537195444205 0.4519950497065442
29541.231344225984 0.437539673682678
29659.396269602887 0.43530569370037986
29778.033854681304 0.3713800140095443
29897.14599010003 0.4130735886519365
30016.734574060432 0.19214581306450818
30136.80151235667 0.44136988637485736
30257.348718406094 0.6282396706540164
30378.37811327972 0.5926673131551389
30499.89162573284 0.39338191882062534
30621.891192235766 0.6199589448904079
30744.37875700471 0.5450887481701198
30867.356272032728 0.48554049569615326
30990.825697120858 0.5223232513320921
31114.78899990934 0.4197367209447474
31239.24815590897 0.5181000214732964
31364.20514853261 0.37987655076382026
31489.661969126744 0.3059648932516693
31615.62061700325 0.21142401952760467
31742.083099471263 0.19257293891263164
31869.05143186915 0.13804114465457273
31996.527637596624 0.10779026629174385
32124.51374814701 0.10645803177421337
32253.011803139605 0.10153512996987181
32382.02385035216 0.11688839987960595
32511.55194575357 0.1290658592502095
32641.598153536583 0.15712444585113364
32772.16454615073 0.25544272282836405
32903.25320433533 0.3464430496227453
33034.86621715268 0.2534982655657169
33167.005682021285 0.00939526103373514
33299.673704749366 0.01845560185170093
33432.87239956837 0.11719305656423314
33566.60388916664 0.1885716586389157
33700.87030472331 0.2119875943846188
33835.6737859422 0.16839199554695522
33971.016481085964 0.1563017339806347
34106.900547010315 0.1494198913098293
34243.32814919835 0.16107925956083316
34380.30146179514 0.17702446703413616
34517.82266764233 0.16610291914456432
34655.893958312896 0.21181904471045698
34794.51753414615 0.1994695713626679
34933.69560428273 0.26257925100897384
35073.43038669985 0.39088274744810975
35213.72410824666 0.3804417942097981
35354.57900467965 0.3385956330939157
35495.99732069836 0.46047130702579947
35637.98130998116 0.5147605041131434
35780.53323522108 0.6037796168038098
35923.65536816197 0.634590321058589
36067.34998963462 0.5814592582347389
36211.61938959315 0.819571520343669
36356.46586715153 1.0993937564331484
36501.891730620126 1.2012215032761733
36647.89929754261 1.4087170446504802
36794.49089473278 1.5951327045273906
36941.6688583117 1.5863086288021049
37089.43553374496 1.7067323300769668
37237.793275879936 1.7646666630534737
37386.74444898345 2.1365751177014665
37536.29142677938 2.426648078213236
37686.43659248651 2.225012207307649
37837.18233885645 1.9691048051128346
37988.53106821188 2.3798124020879468
38140.48519248474 3.065746307656251
38293.04713325467 3.7249465954619305
38446.21932178769 2.3655692606024648
38600.00419907484 2.9382757302255365
38754.40421587113 3.1628759541874176
38909.42183273463 3.418995063036092
39065.05952006556 3.4694546682978182
39221.31975814583 3.5702926505480828
39378.205037178406 4.114135758733829
39535.71785732712 3.8384038679344332
39693.860728756415 4.135600981292513
39852.636171671445 4.192019926737933
40012.04671635814 3.7787742351461535
40172.09490322357 3.8250686834011547
40332.78328283648 3.392308862228225
40494.11441596781 2.9394942317864614
40656.090873631685 2.5707053095267156
40818.71523712622 2.0859667342867785
40981.990098074726 2.074804986652976
41145.918058467025 1.7979150758957207
41310.50173070089 1.4919866608680912
41475.74373762369 1.7084810664757861
41641.646712574184 1.6423574982781315
41808.21329942448 1.5351178010145607
41975.44615262219 1.9379526065173123
42143.347937232684 2.102471909704038
42311.921328981625 2.2507608393079486
42481.16901429755 2.330597320646059
42651.09369035474 2.6280214184797965
42821.69806511615 1.6385219757702056
42992.98485737662 0.3464649726682177
43164.95679680613 0.3717603379714656
43337.61662399335 1.1045778683383025
43510.96709048933 1.5459327132124485
43685.01095885128 1.7476513672430285
43859.75100268668 1.3604741875626702
44035.19000669744 0.9912310774682971
44211.330766724226 0.7856221214956116
44388.176089791115 0.48769633950879404
44565.72879415028 0.3662284104653221
44743.991709326874 0.2302421940759986
44922.9676761642 0.16523946864089634
45102.65954686885 0.12105922627401913
45283.07018505633 0.08783268731690629
45464.20246579656 0.06262455296288387
45646.05927565975 0.054712755647670495
45828.64351276236 0.05300045515029201
46011.95808681343 0.04700478059921535
46196.00591916067 0.05753298156231862
46380.78994283732 0.07484688952550533
46566.31310260868 0.15915074571608756
46752.578355019126 0.14139154903439424
46939.588668439166 0.08745313376181385
47127.34702311293 0.07746384293610958
47315.85641120539 0.062458116309381244
47505.11983685021 0.07456473188422154
47695.14031619761 0.08297662710229019
47885.9208774624 0.08598405859471359
48077.46456097225 0.11743171903994672
48269.774419216126 0.14510181951759163
48462.853516892996 0.15050075117803474
48656.70493096058 0.20802818523210664
48851.33175068441 0.2712654193527492
49046.737077687154 0.3049374503816508
49242.92402599791 0.32426716907643005
49439.89572210189 0.39691482172627746
49637.6553049903 0.36959846614162173
49836.20592621027 0.6525498515799001
50035.55074991511 0.7414687210313335
50235.69295291477 0.467269716231643
50436.63572472643 0.8704937404177759
50638.382267625326 1.0902034954737947
50840.935796695834 0.7595973699845749
51044.2995398826 1.0390032016903865
51248.47673804215 1.1184800367801695
51453.47064499432 0.5254539129047516
51659.28452757429 0.8712735803295611
51865.92166568459 1.2967598419291944
52073.38535234733 0.3810525924240205
52281.67889375672 0.7958270559977003
52490.80560933175 0.8855964640701409
52700.76883176907 0.7902267687006269
52911.57190709616 0.6355426395045615
53123.218194724526 0.8882127360909565
53335.711067503435 1.066169176304123
53549.053911773444 0.3017277530166875
53763.25012742054 0.5312175574383347
53978.303127930216 0.7755899469932116
54194.21634044194 0.19239874886107142
54410.99320580371 0.5366217500662072
54628.63717862692 0.3247204266069567
54847.15172734143 0.4318166132600954
55066.540334250785 0.506201132242939
55286.80649558781 0.34968736476342127
55507.95372157016 0.2885215721634374
55729.985536456436 0.20758808759928601
55952.90547860226 0.3323312519606665
56176.717100516675 0.3140406528811423
56401.42396891874 0.20047369227288905
56627.02966479442 0.3021165166283423
56853.5377834536 0.22309760561276404
57080.95193458741 0.21505743731548346
57309.27574232576 0.17298867328561285
57538.51284529506 0.18156170505230065
57768.666896676245 0.18790982442786897
57999.74156426295 0.33459210661966643
58231.74053052 0.12354341303783913
58464.66749264208 0.2606024957236418
58698.52616261265 0.12059705446472892
58933.3202672631 0.11510652675650032
59169.05354833215 0.2510474794908203
59405.72976252549 0.11025121240479671
59643.3526815756 0.21784190515288968
59881.926092301896 0.19423904836437675
60121.45379667111 0.28887855215977026
60361.93961185778 0.23822101011343558
60603.38737030522 0.11630862759253027
60845.800919786445 0.2572895984446426
61089.184123465595 0.16544184726459904
61333.54085995945 0.2525666222492227
61578.87502339928 0.1550932891517214
61825.19052349288 0.182923073632978
62072.491285586846 0.3226095574299385
62320.7812507292 0.36142644397093865
62570.06437573213 0.4907975644714873
62820.34463323505 0.4231796505566436
63071.62601176801 0.5868275764979415
63323.91251581507 0.3611319914316874
63577.20816587833 0.2758554655047284
63831.51699854184 0.23841411020743275
64086.843066536014 0.12260231222453986
64343.19043880215 0.1559601749531001
64600.563200557364 0.16920974938482938
64858.96545335958 0.0732831114901449
65118.401315173025 0.12267895962634218
65378.87492043372 0.16951195255569115
65640.39042011545 0.09927687047528765
65902.95198179591 0.1045975238921696
66166.56378972309 0.12553899527632068
66431.23004488199 0.12609925276011663
66696.95496506151 0.14849480527608955
66963.74278492175 0.2226734238002259
67231.59775606144 0.15898569199484866
67500.52414708569 0.2831834598416495
67770.52624367403 0.15861729357267007
68041.60834864872 0.20575374921139286
68313.77478204331 0.21626645544762738
68587.02988117147 0.11219400871967226
68861.37800069616 0.25363591211815445
69136.82351269896 0.2794692751237902
69413.37080674975 0.33469917041701197
69691.02428997675 0.18302844713373326
69969.78838713666 0.2518993671890485
70249.6675406852 0.25305514095360443
70530.66621084794 0.15620984121997672
70812.78887569135 0.2792071151885757
71096.04003119409 0.239938337090374
71380.42419131887 0.2343365460719295
71665.94588808414 0.16883687895372623
71952.60967163648 0.19729990925953905
72240.42011032304 0.19855319276680478
72529.38179076432 0.18581964465664794
72819.49931792737 0.13947130593004642
73110.77731519907 0.17789689077374107
73403.22042445988 0.10794666860447609
73696.83330615771 0.14397677915605145
73991.62063938235 0.15759450257763907
74287.58712193987 0.15268130397939397
74584.73747042764 0.10979215967630451
74883.07642030934 0.14229822605608655
75182.60872599059 0.1885415151666143
75483.33916089457 0.2000175641892421
75785.27251753812 0.1778014954878063
76088.4136076083 0.18605662204437626
76392.76726203872 0.2744364381139345
76698.33833108687 0.0535931790706541
77005.13168441122 0.09176343633592854
77313.15221114887 0.10824259742225217
77622.40481999348 0.12272121301128136
77932.89443927344 0.16527043462439933
78244.62601703055 0.1804599260141716
78557.60452109865 0.18056144525330603
78871.83493918306 0.14878411697102595
79187.3222789398 0.16312783644010442
79504.07156805556 0.20790958763976908
79822.08785432778 0.23674704536517316
80141.37620574511 0.1834518060317756
80461.94171056806 0.18830289356838825
80783.78947741033 0.19101837346235076
81106.92463531997 0.29912567535892826
81431.35233386126 0.23757174832244163
81757.0777431967 0.2280506371846856
82084.10605416949 0.23109070342912308
82412.44247838613 0.26729675927812585
82742.09224829968 0.31671208822931574
83073.06061729288 0.3100996617906755
83405.35285976208 0.31409734446967247
83738.9742712011 0.2730000585384603
84073.93016828595 0.33338054737076883
84410.22588895904 0.3667389195254589
84747.86679251489 0.3950213784349552
85086.85825968496 0.2906268474526925
85427.20569272367 0.40139337167755496
85768.91451549459 0.43922331120740715
86111.99017355654 0.4157379965726243
86456.43813425078 0.3440890328319733
86802.2638867878 0.3896331778467295
87149.47294233493 0.4774539376344727
87498.07083410428 0.4180125121230146
87848.0631174407 0.3355563341633543
88199.45536991046 0.3915194485788708
88552.25319139009 0.49939877283531575
88906.46220415569 0.4347528964070836
89262.08805297229 0.2901485374418297
89619.1364051842 0.29738015659052197
89977.61295080492 0.4161058647626472
90337.52340260813 0.42960375047994204
90698.87349621857 0.381583042988534
91061.66899020346 0.431247731896095
91425.91566616425 0.3925996912260704
91791.61932882894 0.41055595114735755
92158.78580614422 0.3347426472233411
92527.4209493688 0.46470200980631265
92897.53063316627 0.3312904424053564
93269.12075569895 0.34162821580790176
93642.19723872172 0.3917944432050892
94016.76602767664 0.39501376848685765
94392.83309178732 0.3759212043139493
94770.40442415449 0.3295106355151354
95149.48604185111 0.35181420018118054
95530.08398601852 0.3620620745898072
95912.20432196259 0.4507685119664747
96295.85313925042 0.39208947211772854
96681.0365518075 0.3330889297676688
97067.76069801472 0.37912374855511927
97456.03174080675 0.4187485845916431
97845.85586776999 0.4899394287699576
98237.23929124104 0.42521001534499453
98630.18824840599 0.397617740901488
99024.70900139965 0.3537335687938166
99420.80783740526 0.4528562023160909
99818.49106875488 0.5467248079418972
100217.76503302988 0.5019266924991652
100618.636093162 0.30409344783275377
101021.11063753467 0.32024201696385635
101425.1950800848 0.4226256411758663
101830.89586040513 0.44685339508986893
102238.21944384674 0.4550936740216678
102647.17232162213 0.39041980100709933
103057.7610109086 0.33833520518444127
103469.99205495225 0.08807860872705207
103883.87202317205 0.1005495975072944
104299.40751126477 0.16314786249948873
104716.60514130979 0.2014890944064794
105135.47156187505 0.19200626119012487
105556.01344812254 0.24711740367888965
105978.23750191503 0.280805494371001
106402.15045192267 0.2435832691384712
106827.75905373038 0.18176362208444427
107255.07008994528 0.0935616268591253
107684.09037030509 0.10537494044446667
108114.8267317863 0.16605201491078506
108547.28603871344 0.21988902015667633
108981.47518286831 0.24313068137152377
109417.40108359976 0.2286123015937076
109855.0706879342 0.21931905759026923
110294.49097068593 0.22306317045393848
110735.66893456863 0.32294792564226904
111178.61161030692 0.31739597384726065
111623.32605674816 0.36084680437954314
112069.81936097513 0.29574995664707926
112518.09863841905 0.2065671278397119
112968.17103297272 0.3447970579055201
113420.0437171046 0.34405774338649525
113873.72389197304 0.316055838156789
114329.21878754091 0.370943262420374
114786.53566269108 0.2775801487262646
115245.68180534184 0.21896685560950468
115706.66453256323 0.27660135565885297
116169.49119069346 0.30464084026660604
116634.16915545624 0.27307810688588846
117100.70583207808 0.15152111495820778
117569.1086554064 0.21060826521819426
118039.385090028 0.20966448525786222
118511.54263038811 0.2725373513603096
118985.58880090967 0.26419424423945853
119461.5311561133 0.26023898509875387
119939.37728073777 0.1767309275393947
120419.13478986072 0.24518116572234075
120900.81132902016 0.14731711034776848
121384.41457433623 0.26225783853993734
121869.9522326336 0.29205355738494065
122357.43204156413 0.1953568250837414
122846.86176973036 0.16710316057126293
123338.2492168093 0.23234792798648826
123831.60221367657 0.13220847799735735
124326.92862253124 0.17857596597189812
124824.23633702139 0.22103201103738968
125323.53328236948 0.1346495959712998
125824.82741549893 0.1442110978888781
126328.12672516092 0.20087837866618943
126833.43923206156 0.1654505763828486
127340.77298898982 0.14819196877274562
127850.13608094577 0.19470134206811493
128361.53662526955 0.1435848168899927
128874.98277177062 0.1467645598181157
129390.4827028577 0.16565203792808877
129908.04463366912 0.15326756543956563
130427.67681220379 0.12347487583095883
130949.38751945265 0.15243289910223043
131473.18506953045 0.1336492390141743
131999.07780980857 0.1441353043503748
132527.0741210478 0.11828242993101204
133057.182417532 0.12443207001977453
133589.4111472021 0.12252677853529427
134123.76879179094 0.10358758480542231
134660.26386695806 0.10598814248934502
135198.9049224259 0.13333998136428213
135739.7005421156 0.12840644260894565
136282.65934428407 0.12881379917228902
136827.78998166122 0.12387164563919972
137375.1011415879 0.11500166473917946
137924.60154615424 0.12512242191299427
138476.29995233883 0.12152160603107115
139030.20515214818 0.10727524654782362
139586.32597275675 0.07656713765300387
140144.6712766478 0.04696474283764625
140705.2499617544 0.1043609894340962
141268.0709616014 0.1116171128556341
141833.1432454478 0.09455704167634048
142400.4758184296 0.11184832456813126
142970.07772170333 0.10181319386519683
143541.95803259013 0.09686754541834555
144116.12586472047 0.09747849713008445
144692.59036817937 0.08982559974924413
145271.3607296521 0.08279861424056979
145852.44617257072 0.114947325718336
146435.85595726097 0.11914455023653563
147021.59938109003 0.10864843513426709
147609.6857786144 0.11279009732432257
148200.12452172884 0.11031321103916625
148792.92501981577 0.09390156767190329
149388.09671989502 0.08939926071595479
149985.6491067746 0.10592149804125943
150585.59170320167 0.09865578765741105
151187.93407001448 0.10582893831028137
151792.68580629455 0.08807634135559175
152399.85654951975 0.1114758252988884
153009.45597571784 0.1060397288816479
153621.4937996207 0.08996512331241664
154235.97977481916 0.10059768214129033
154852.92369391845 0.09010391145177032
155472.3353886941 0.07716202492056054
156094.2247302489 0.07605258941017284
156718.60162916992 0.07766629202800383
157345.47603568656 0.06741863371179639
157974.8579398293 0.06583632346847806
158606.75737158864 0.07944343531365305
159241.18440107498 0.07595884869380208
159878.14913867926 0.05884905784114655
160517.661735234 0.08365763433405753
161159.73238217493 0.0700035021158149
161804.3713117036 0.08250323242305342
162451.58879695044 0.06415777432319411
163101.39515213823 0.0752291962682831
163753.8007327468 0.08269017485455121
164408.81593567782 0.08202744180695162
165066.45119942052 0.07599862563655041
165726.71700421823 0.07050958522930592
166389.62387223504 0.056503924538134076
167055.18236772402 0.0659818668152459
167723.40309719497 0.07769735505571763
168394.2967095837 0.06529751319531453
169067.87389642204 0.049607765556675766
169744.14539200772 0.06674834380066008
170423.1219735757 0.07706426556653527
171104.81446147006 0.0497974652425435
171789.23371931593 0.05948259327461454
172476.3906541932 0.05444944079257097
173166.29621680998 0.05991858395221373
173858.96140167722 0.04527050375680744
174554.39724728392 0.06374166326304485
175252.61483627307 0.05082377652560441
175953.62529561817 0.05040472699826024
176657.43979680064 0.059293862324273604
177364.06955598784 0.05163562037535349
178073.52583421173 0.06109108851318252
178785.8199375486 0.06264935794634283
179500.9632172988 0.04898751137664477
180218.967070168 0.05338272354193032
180939.84293844865 0.05372343147095656
181663.60231020238 0.03852234634907401
182390.25671944322 0.04429358502181484
183119.81774632097 0.04073481639014992
183852.29701730626 0.05044899205943224
184587.7062053755 0.05235589353427985
185326.057030197 0.04322661336389417
186067.3612583178 0.03916924798735776
186811.63070335102 0.04119333481162295
187558.8772261645 0.044023292629867795
188309.11273506918 0.05729956059881185
189062.3491860094 0.048925842593859
189818.59858275342 0.034174487538593715
190577.87297708448 0.04304192757442924
191340.18446899284 0.046441107421889026
192105.54520686882 0.03631046379119971
192873.9673876963 0.02967890701508491
193645.46325724703 0.029962812890671167
194420.04511027603 0.0280941606269222
195197.72529071715 0.03797645303894851
195978.51619188 0.030860751493789477
196762.4302566476 0.03485071814388824
199107.9942767367 0.032145927690721256
203090.15416227144 0.030851072363940392
207151.95724551688 0.029301752182976322
211294.9963904272 0.023271320833057465
215520.89631823578 0.02341474417725164
219831.31424460045 0.020422708376718134
224227.94052949245 0.01865944605147121
228712.4993400823 0.020347739192967687
233286.74932688402 0.01989340487610543
237952.48431342165 0.013118894035184988
242711.5339996901 0.01997331907651896
247565.76467968393 0.016258857356321498
252517.0799732776 0.010432235570068733
257567.42157274322 0.014044531412309139
262718.770004198 0.0120545508902303
267973.145404282 0.008760815029442521
273332.6083123676 0.012195516402802177
278799.26047861495 0.008918661106222388
284375.2456881872 0.006111088139244822
290062.750601951 0.008129273386317654
295864.00561398995 0.006989335333799237
301781.2857262697 0.006853172918575729
307816.91144079523 0.005013647667013903
313973.24966961105 0.006525348500995605
320252.7146630032 0.00564623234337592
326657.7689562633 0.004916504264128999
333190.92433538847 0.003953694526066982
339854.7428220964 0.004985688081413923
346651.83767853834 0.00363837575724487
353584.87443210906 0.0030401485966167737
360656.57192075124 0.002801770012656733
367869.70335916633 0.00341002035750288
375227.09742634965 0.0029287221130078925
382731.63937487674 0.0033915301515315454
390386.2721623741 0.0023309337704803916
398193.99760562164 0.002126071491882664
406157.87755773397 0.0017244403329566727
414281.0351088888 0.0025004592829019454
422566.65581106645 0.0021628172057924482
431017.98892728786 0.001629129536579848
439638.3487058336 0.0013322281056944868
448431.11567995034 0.0013248206242489453
457399.7379935492 0.0015034491353614447
466547.7327534202 0.0011414763256096497
475878.6874084886 0.0011241910899241864
485396.2611566584 0.0011189177446458687
495104.1863797916 0.0008496042745782788
505006.2701073874 0.0009056386943915719
515106.39550953516 0.0008052391592311261
525408.5234197257 0.0009344354604137344
535916.6938881205 0.0008113791293645874
546635.0277658828 0.0007453966310800613
557567.7283212005 0.0006208787819634526
568719.0828876244 0.000542539941734483
580093.4645453768 0.0005304032365535089
591695.3338362843 0.0005038451258205681
603529.2405130101 0.0004998218252307517
615599.8253232702 0.0005245203370358642
627911.8218297358 0.00038876572432493874
640470.0582663304 0.00036308318150578105
653279.459431657 0.00032434702705214563
666345.04862029 0.00026212838928615716
679671.9495926959 0.00032696583634096813
693265.38858455 0.0003372261588632361
707130.6963562409 0.00025749582323277107
721273.3102833657 0.0002115630887077366
735698.7764890331 0.00023866152518101284
750412.7520188137 0.0001915231251676716
765421.0070591901 0.00020291931081599122
780729.4272003738 0.00016880956049637215
796344.0157443815 0.00017115843683900836
812270.896059269 0.00014883754529359606
828516.3139804546 0.0001305995692189096
845086.6402600636 0.00012679173560410135
861988.3730652649 0.00014528323736205605
879228.14052657 0.00015504012132602215
896812.7033371016 0.00011160375666861146
914748.9574038435 0.00010442466183882032
933043.9365519203 9.157112307475593e-05
951704.8152829591 7.491913652051807e-05
970738.911588618 8.661183057989813e-05
990153.6898203905 6.457407872197597e-05
