1000.5530765187797 5.342525315309622e-15
1004.5552888248548 8.402191421417766e-58
1008.5735099801544 6.859603207822798e-55
1012.607804020075 1.3591314711979318e-54
1016.6582352361554 9.647787043527118e-58
1020.7248681770998 4.4628884057747875e-41
1024.8077676498083 6.052218993405205e-44
1028.9069987204075 2.1467450985045522e-53
1033.022626715289 4.726867837672371e-38
1037.1547172221503 6.818878704027111e-56
1041.3033360910388 3.20471641370979e-51
1045.468549435403 9.95734402465711e-49
1049.6504236331448 4.7318076620351857e-57
1053.8490253276773 2.7945287270336876e-43
1058.064421428988 3.6847660355294163e-53
1062.296679114704 9.375847075825436e-43
1066.5458658311627 3.8160421795149264e-47
1070.8120492944875 1.2206775440288027e-48
1075.0952974916654 5.463265022808766e-39
1079.3956786816323 1.0179779033475932e-48
1083.7132613963586 2.8550000399252585e-37
1088.048114441944 2.8123627081965942e-40
1092.4003068997117 1.435597421698369e-28
1096.7699081273104 1.7156465906950863e-39
1101.15698775982 1.5107288879451621e-40
1105.561615710859 2.9858871421737593e-29
1109.9838621737026 3.6134216187957883e-32
1114.4237976223976 4.971708063601395e-36
1118.8814928128868 1.009586165227433e-39
1123.3570187841383 3.761959399958112e-36
1127.8504468592753 1.0862355274681622e-24
1132.361848646712 1.296004885015079e-27
1136.8912960412988 4.311506778454621e-27
1141.438861225464 1.1444477486512741e-26
1146.004616670366 5.0208959140625996e-26
1150.5886351370475 2.1096459391008086e-27
1155.190989677596 9.573031778073082e-28
1159.8117536363065 9.631930585830237e-28
1164.4510006508515 1.1984433002054145e-29
1169.108804653455 1.11944631008805e-29
1173.7852398720688 5.474907321402165e-32
1178.480380831557 3.4530372985775166e-32
1183.1943023548836 1.0841816335274372e-30
1187.9270795643029 4.731388589187204e-33
1192.67878788256 1.643911228578068e-32
1197.4495030340906 2.623083666019679e-32
1202.2393010462267 2.744435319992914e-35
1207.0482582504117 2.6230645394578127e-31
1211.8764512834132 8.888358113009842e-33
1216.7239570885472 1.5538347894336093e-32
1221.5908529169012 7.00421906056278e-31
1226.4772163285688 1.522199938026221e-28
1231.383125193883 9.183895656860441e-32
1236.3086576946585 2.710220267787757e-30
1241.2538923254372 1.6220451790198363e-30
1246.2189078947392 6.867518306403792e-32
1251.203783526318 9.419384055882589e-32
1256.2085986604231 3.999749088315057e-28
1261.233433055065 6.167980486929815e-29
1266.2783667872852 1.314840900116817e-32
1271.3434802544346 4.167409272292291e-28
1276.4288541754522 6.659979460061091e-29
1281.534569592154 4.9056485204345755e-31
1286.6607078705229 1.6012522064113007e-29
1291.8073507020044 3.5726797380716987e-28
1296.9745801048125 3.2453979789805496e-28
1302.162478425232 9.673757035507493e-29
1307.3711283389327 3.5205450704673406e-27
1312.6006128522888 1.6729303043074937e-26
1317.851015303698 2.155640859795463e-27
1323.1224193649127 1.1045063749002236e-25
1328.4149090423725 7.778613251679785e-25
1333.728568678542 2.679087666063537e-25
1339.0634829532567 4.713733485302524e-27
1344.4197368850691 2.107358599468012e-25
1349.7974158326099 2.9871805323811077e-24
1355.1966054959403 1.031363273877427e-24
1360.6173919179244 5.3807137734207015e-24
1366.059861485596 3.233537026853088e-25
1371.5241009315384 2.91633445679735e-26
1377.0101973352646 1.1196718055650346e-25
1382.5182381246057 1.469141350184585e-22
1388.0483110771042 1.4123269022651263e-23
1393.6005043214122 3.2452981783441586e-25
1399.1749063386976 2.784878605125452e-25
1404.7716059640527 1.9388164306388692e-22
1410.3906923879088 3.6435627251336026e-24
1416.0322551574602 5.653401043580906e-22
1421.6963841780905 2.412993819210804e-25
1427.3831697148032 7.201050619719227e-23
1433.0927023936622 5.337127131364438e-21
1438.8250732032368 2.8420659291993737e-22
1444.5803734960498 7.581479649918822e-21
1450.3586949900334 3.3224144557184957e-22
1456.1601297699938 6.923391719952036e-21
1461.984770289074 2.4032792926566425e-20
1467.83270937023 2.001697776569265e-21
1473.704040207711 2.57436550288668e-20
1479.5988563685412 3.7862064182213235e-23
1485.5172517940157 1.0519218751269398e-20
1491.459320801192 3.548049694312139e-20
1497.4251580843968 2.519396540202977e-21
1503.4148587167342 5.306703244790637e-19
1509.4285181516007 3.396874564112402e-20
1515.4662322242077 3.83053923149025e-21
1521.5280971531042 1.4998532960866717e-18
1527.6142095417167 1.740818285332396e-19
1533.7246663798837 4.0461978357632045e-19
1539.859565045403 1.1041493403604699e-18
1546.0190033055849 2.2945580701261524e-22
1552.203079318807 6.281306207971433e-19
1558.4118916360824 8.35231204652069e-19
1564.6455392026269 3.574241642909546e-19
1570.9041213594373 1.4042946189782998e-18
1577.187737844875 6.95205506571345e-19
1583.4964887962547 1.944078663469085e-18
1589.8304747514399 3.197598093983268e-18
1596.1897966504455 1.602078040172932e-18
1602.5745558370472 2.305917934225292e-18
1608.9848540603957 3.4364906159834376e-18
1615.4207934766368 2.764678168508973e-18
1621.8824766505436 5.814897589596005e-18
1628.3700065571454 4.396549135852267e-18
1634.8834865833744 7.033435057006677e-18
1641.4230205297079 2.292527007717359e-17
1647.9887126118267 9.922849702481032e-18
1654.580667462274 8.455426897839636e-18
1661.198990132123 2.0821688707894617e-17
1667.8437860926513 1.888607482313706e-17
1674.515161237022 3.207221845464248e-17
1681.2132218819695 1.3520346962547973e-16
1687.9380747694975 1.6861067715512544e-16
1694.6898270685758 6.07233901895784e-16
1701.4685863768502 4.305459148218768e-16
1708.2744607223572 1.6005204520319046e-16
1715.1075585652468 2.9084368584297246e-16
1721.967988799508 2.4778659126486485e-16
1728.8558607547059 5.170841600729345e-16
1735.7712841977245 7.710574152285236e-16
1742.7143693345156 9.330235111101088e-16
1749.6852268118535 1.8653779308559333e-15
1756.6839677191008 2.944884616375924e-15
1763.7107035899771 7.272379335506854e-15
1770.7655464043373 5.307517773357048e-15
1777.8486085899544 3.2458626817750934e-15
1784.9600030243143 7.952573401760142e-15
1792.0998430364118 6.1211514400293845e-15
1799.2682424085576 1.413363983827404e-14
1806.4653153781921 1.76787592869168e-14
1813.6911766397043 1.2565436054640645e-14
1820.945941346263 3.10671096242992e-14
1828.2297251116483 6.529361183352835e-14
1835.5426440120948 1.5566290676900943e-14
1842.8848145881432 6.192662753003934e-14
1850.2563538464956 1.144756990063136e-13
1857.657379261881 5.0230308092233376e-14
1865.0880087789287 1.6861250492606333e-13
1872.5483608140448 1.5536935267429426e-13
1880.0385542573008 8.77962656220234e-14
1887.5587084743302 3.0980762033328646e-13
1895.1089433082268 2.4427407085270145e-13
1902.68937908146 1.9615623301604274e-13
1910.3001365977857 6.659628128992006e-13
1917.9413371441767 4.65718671058376e-13
1925.6131024927531 5.919632386543647e-13
1933.3155549027244 1.2876393780317543e-12
1941.0488171223355 1.1651908851408632e-12
1948.8130123908247 1.168692687754102e-12
1956.608264440388 2.56956151208564e-12
1964.434697498149 1.6634294113769393e-12
1972.2924362881417 2.31828177926168e-12
1980.1816060332944 4.221438017664384e-12
1988.1023324574276 3.6182595555950187e-12
1996.0547417872574 3.4117561556832185e-12
2004.0389607544066 5.230614312432794e-12
2012.0551165974243 5.741608776034261e-12
2020.1033370638136 6.381026326925688e-12
2028.1837504120688 8.883834956307591e-12
2036.2964854137172 7.765262065886506e-12
2044.4416713553724 6.791943090864274e-12
2052.6194380407937 1.0590587278064395e-11
2060.829915792957 1.0545569464293657e-11
2069.0732354561287 1.1145167315467804e-11
2077.3495283979532 1.2524212860682263e-11
2085.6589265115445 1.6037923053802438e-11
2094.001562217591 1.7748766295178502e-11
2102.3775684664615 1.8958073002123574e-11
2110.787078740328 1.618983031398804e-11
2119.2302270552887 2.3367955226947765e-11
2127.70714796351 2.6978110166842192e-11
2136.217976555364 3.332491919659325e-11
2144.7628484615852 2.099499983260183e-11
2153.341899855432 3.7870128579197193e-11
2161.9552674548536 5.2448921334996265e-11
2170.603088524673 6.198895631725453e-11
2179.285500878772 4.487188598776557e-11
2188.0026428822866 5.281099155623206e-11
2196.754653453816 9.747443200066949e-11
2205.541672067631 8.681398273942207e-11
2214.3638387559017 1.8286628518406292e-10
2223.2212941109246 8.834203116865284e-11
2232.114179287369 3.282614072793843e-10
2241.0426360045185 2.0739930402200506e-10
2250.0068065485366 5.525746654861716e-10
2259.0068337747302 3.236006965540087e-10
2268.0428611098296 5.348365340809007e-10
2277.115032554269 6.460818007243216e-10
2286.223492684486 7.758585238015701e-10
2295.368386655224 1.6684141342384232e-09
2304.549860201845 4.671486848220953e-10
2313.7680596426517 1.8018469349541095e-09
2323.0231318812225 1.680505805506686e-09
2332.3152244087473 3.1270894493223853e-09
2341.6444853063817 3.4112554212470285e-09
2351.0110632476076 1.197650158789707e-09
2360.415107500598 3.813954219437267e-09
2369.8567679306 1.3308763845482463e-09
2379.3361950023227 5.414094450541362e-09
2388.853539782332 4.508505253318104e-09
2398.4089539414617 9.870569303855897e-09
2408.0025897572273 1.3139344305992156e-08
2417.6346001162565 5.89318186361657e-09
2427.3051385167214 1.9891812036413232e-08
2437.0143590707885 2.015094536675249e-08
2446.762416507072 4.32481439153424e-08
2456.5494661731 2.6978292590245055e-08
2466.375664037793 3.7838715476602315e-08
2476.2411666939443 5.360997215958529e-08
2486.1461313607197 1.8181964266202913e-08
2496.090715886162 4.855580101280106e-08
2506.075078749707 4.3545994572563934e-08
2516.0993790647044 6.334243108041371e-08
2526.163776580964 1.300409831610055e-07
2536.268431687288 1.9159916301685726e-07
2546.4135054140374 2.4496838407369914e-07
2556.599159435693 1.7239543645260533e-07
2566.825556073436 1.332079600356072e-07
2577.09285829773 1.875424271972366e-07
2587.4012297309205 1.5588495354752303e-07
2597.7508346498444 2.731915616419249e-07
2608.141837988444 3.172426514886838e-07
2618.5744053403982 4.6591859099109197e-07
2629.0487029617593 6.505743278740154e-07
2639.5648977736064 6.380712721129181e-07
2650.123157364701 6.535086854217018e-07
2660.7236499941596 7.267901511108126e-07
2671.366544594136 7.08106977995712e-07
2682.052010772512 1.0452424693036977e-06
2692.7802188156024 1.1013553709061417e-06
2703.551339690865 1.4965992657218952e-06
2714.365545049628 1.7568157574054399e-06
2725.223007229827 1.9141390900499992e-06
2736.123899258746 2.127644257103247e-06
2747.0683948557817 2.6088971865834688e-06
2758.0566684352048 2.71691344721443e-06
2769.0888951089455 3.4212938658306876e-06
2780.165250689381 3.7112635022726035e-06
2791.2859116921386 4.455637611617463e-06
2802.451055338907 5.08970410793171e-06
2813.660859560263 5.766993807283598e-06
2824.9155029985036 6.499789685207441e-06
2836.2151650104965 7.4466794907839046e-06
2847.5600256705393 8.152502034297239e-06
2858.950265773222 9.43057822763044e-06
2870.386066836315 1.0393395687106297e-05
2881.8676111036607 1.177385215768383e-05
2893.3950815480757 1.3252566989572937e-05
2904.968661874268 1.474352891213512e-05
2916.588536521764 1.6574964999681042e-05
2928.254890667851 1.8446457622342556e-05
2939.9679102305226 2.0537360312125984e-05
2951.727781871445 2.2904791885885407e-05
2963.534692998931 2.5460674124277223e-05
2975.3888317709266 2.8265968377684692e-05
2987.2903870980094 3.148498703920296e-05
2999.2395486464025 3.484862639213247e-05
3011.2365068409886 2.8773240163956126e-05
3023.2814528683516 3.146870044157565e-05
3035.374578679825 1.8196921825760216e-05
3047.516076994544 3.80420964049456e-05
3059.7061413025226 4.317977719124558e-05
3071.9449658677336 4.664453515733637e-05
3084.232745731204 4.8073559468387496e-05
3096.569676714128 2.6691798815664714e-05
3108.955955420985 2.841706009167974e-05
3121.3917792426687 5.863335139738181e-05
3133.8773463596394 6.455665591366237e-05
3146.412855745078 6.740944868513565e-05
3158.998507168058 6.851350107871572e-05
3171.6345011967305 6.758803944223258e-05
3184.321039201517 6.379198547101738e-05
3197.0583233583234 5.468147228986686e-05
3209.8465566517566 2.6762927877739055e-05
3222.6859428783637 1.1338782377767565e-05
3235.576686649877 2.2452874284460354e-05
3248.518993396477 1.1369152292385573e-05
3261.513069370063 3.1309702867712313e-06
3274.559121647543 3.3545990873601535e-07
3287.6573581341336 1.167880556271934e-08
3300.8079875666704 3.7341358970426076e-11
3314.0112195169368 2.0288319725364528e-09
3327.2672643950045 1.3439599242205246e-07
3340.5763334525845 2.2695429248210234e-06
3353.938638786395 1.3880890787703477e-05
3367.354393341541 4.270430560867881e-05
3380.8238109149074 8.908824332633017e-05
3394.347106158567 0.00014772717471170333
3407.924494583201 0.00020936839690197898
3421.5561925615334 0.000248843464697067
3435.2424173317804 0.00015488178400028767
3448.9833870011066 1.1122124159948464e-05
3462.7793205491116 0.00028529835031850816
3476.630437831308 0.0005607699680007451
3490.536959582633 0.0007250115080339051
3504.4991074209643 0.0008633143424952414
3518.5171038506473 0.0009978199832688145
3532.5911722660503 0.0011348228333432028
3546.7215369551145 0.0012778537348155183
3560.9084231029346 0.0014288718735896316
3575.1520567953467 0.0015891738186401608
3589.452665022528 0.001760073929268877
3603.810475682617 0.001942576356428003
3618.225717585348 0.0021377639388579584
3632.698620455689 0.002346321143138485
3647.2294149375116 0.0025699694130140714
3661.8183325972614 0.002810674808676173
3676.4656059276513 0.0030676023662713084
3691.1714683513615 0.0033430711162828293
3705.936154224767 0.003638221001146305
3720.7598988416657 0.003954055955009897
3735.6429384370326 0.004292389413991736
3750.585510190781 0.0046539363803356345
3765.587852231544 0.005039722149013261
3780.6502036404704 0.005450970245604335
3795.772804455032 0.005889914858365722
3810.955895672852 0.006356115427654857
3826.199719255544 0.006844504139239233
3841.504518132566 0.0073650623027359426
3856.870536205096 0.007923509669989516
3872.2980183499167 0.008495495000460124
3887.7872104233156 0.009089334507746797
3903.338359265009 0.009693698092183905
3918.9517127020695 0.010294261029515129
3934.6275195528774 0.01085565650193968
3950.3660296310895 0.011322138522313204
3966.1674937496136 0.011577221262944594
3982.0321637246125 0.01136909291873276
3997.9602923795105 0.010157103366143392
4013.9521335490285 0.006818024983565778
4030.007942083225 0.0015892276177716616
4046.1279738515577 1.6312000141553645e-05
4062.312485746964 0.0016918004378510352
4078.5617356899515 0.008655514093043533
4094.8759826327114 0.014887860390383367
4111.255486563242 0.019077175634494382
4127.700508509496 0.02215989406734653
4144.211310543533 0.024677385487786703
4160.788155785708 0.026907412342709564
4177.431308408849 0.029010767037519394
4194.141033642486 0.03110641604704318
4210.917597777056 0.03328747018305947
4227.761268168164 0.03570454141692753
4244.672313240838 0.03833639561967354
4261.651002493801 0.041340564224319316
4278.697606503776 0.04450655012317801
4295.812396929791 0.04802745343730216
4312.995646517511 0.05174711511816315
4330.24762910358 0.055567875491968656
4347.568619619994 0.05970966115394194
4364.958894098475 0.0639063349781328
4382.418729674868 0.0684195567412653
4399.948404593568 0.07296887451722177
4417.548198211942 0.07813426976106698
4435.21839100479 0.08328849045353162
4452.959264568809 0.08867598820011828
4470.771101627084 0.094664924711533
4488.654186033592 0.10036418375872334
4506.608802777726 0.10663228247390007
4524.635237988838 0.11366416850765843
4542.733778940792 0.12050103377517847
4560.904714056555 0.126555430604389
4579.148332912781 0.12604590981711783
4597.464926244433 0.13361854538528622
4615.85478594941 0.13882504401084533
4634.318205093208 0.14325309073054313
4652.855477913582 0.14696044345770973
4671.466899825236 0.1494750408503365
4690.152767424537 0.1529242340913678
4708.913378494234 0.1487242840563542
4727.749032008212 0.13599937493515707
4746.660028136244 0.11431209238223941
4765.646668248789 0.08714389240979431
4784.709254921784 0.05804036644721945
4803.8480919414715 0.03350207832254249
4823.063484309237 0.016844156165222297
4842.355738246474 0.008367052687268938
4861.72516119946 0.0046795762531842925
4881.172061844257 0.002957819570394843
4900.6967500916335 0.0020580605827592437
4920.299537092001 0.0014268436532340269
4939.9807352403695 0.0009576090100902281
4959.740658181329 0.0006203028040791874
4979.5796208140555 0.00038075959874756237
4999.497939297312 0.00022699039712725745
5019.495931054502 0.00013776326671914612
5039.57391477872 9.48538053841906e-05
5059.732210437835 7.930872329818867e-05
5079.971139279585 7.689499485845706e-05
5100.291023836704 7.725447363285442e-05
5120.692187932051 7.507148990802509e-05
5141.174956683781 7.211168303832318e-05
5161.739656510514 7.091241537848247e-05
5182.386615136556 6.980632866266713e-05
5203.116161597103 6.683282884297322e-05
5223.928626243489 6.350232566641312e-05
5244.824340748465 6.099283308291317e-05
5265.803638111459 5.8173332532107915e-05
5286.866852663905 5.515200859104965e-05
5308.0143200745615 5.30843512634376e-05
5329.246377354859 5.13364181760448e-05
5350.563362864278 4.9566216574089235e-05
5371.965616315736 4.859289396326453e-05
5393.453478780998 4.7859904414291e-05
5415.027292696122 4.698021297848545e-05
5436.687401866905 4.6669957376410045e-05
5458.434151474374 4.639777806309528e-05
5480.267888080271 4.595817807517398e-05
5502.188959632591 4.5890411695909165e-05
5524.197715471122 4.5832500659185284e-05
5546.294506333006 4.559568864946646e-05
5568.479684358337 4.5442203706964426e-05
5590.753603095771 4.531777622957242e-05
5613.1166175081535 4.483449846503728e-05
5635.569083978187 4.4520736313889133e-05
5658.1113603140975 4.3718755847217766e-05
5680.743805755354 4.286254166540898e-05
5703.466780978376 4.1824246264802765e-05
5726.28064810229 4.0629040821453856e-05
5749.185770694699 3.913324577330936e-05
5772.182513777476 3.7429190080181436e-05
5795.271243832587 3.557117225682281e-05
5818.452328807918 3.369529907096615e-05
5841.72613812315 3.189023177780664e-05
5865.093042675643 2.7568025267973824e-05
5888.553414846345 2.4333471871592407e-05
5912.10762850573 2.878558922336552e-05
5935.756059019754 4.065504132097955e-05
5959.499083255832 5.358142169893192e-05
5983.337079588855 6.810542693972457e-05
6007.27042790721 8.639448180826234e-05
6031.299509618841 0.00010970476265218073
6055.424707657316 0.00013711389385197357
6079.646406487946 0.0001693177942243364
6103.964992113897 0.0002081366666283161
6128.380852082353 0.00025468090088886554
6152.894375490681 0.00031059202232762277
6177.505952992646 0.0003769946732084939
6202.215976804616 0.0004565975221253305
6227.024840711833 0.000553706337669778
6251.932940074681 0.0006741081532434936
6276.940671834981 0.0008236848932540698
6302.048434522321 0.001013956055338013
6327.256628260409 0.0012509309949090069
6352.5656547734525 0.0015416242752346089
6377.975917392546 0.0019002773281135536
6403.487821062116 0.0023382987248220014
6429.101772346364 0.002869271391312629
6454.81817943575 0.0035134526120540652
6480.637452153493 0.004302968879045164
6506.560001962106 0.005274060764011825
6532.586241969955 0.006459738314794183
6558.716586937834 0.007902753399189397
6584.951453285586 0.009647184925623331
6611.291259098727 0.011773089708117229
6637.7364241351215 0.01435612730633692
6664.2873698316625 0.017441263312878107
6690.94451931099 0.021085709129317003
6717.7082973882325 0.02541929611152285
6744.579130577787 0.030522582240211274
6771.557447100097 0.03630958178835638
6798.643676888497 0.04254709174580228
6825.838251596053 0.04895971359223222
6853.141604602436 0.05518613276619785
6880.554171020846 0.060682230913570924
6908.0763877049285 0.06503931461394989
6935.708693255749 0.06810609933425894
6963.4515280287715 0.07353103764903274
6991.305334140887 0.07932002569161015
7019.270555477449 0.08655837522900588
7047.34763769936 0.09557626956128477
7075.537028250157 0.10526194915348559
7103.839176363159 0.11505937595734177
7132.254533068612 0.12506396818094484
7160.783551200888 0.13150034574082528
7189.42668540569 0.1391909189934286
7218.184392147313 0.14839702853253817
7247.0571297159 0.1516791887549406
7276.045358234765 0.15593433923520056
7305.149539667704 0.15452276890776054
7334.370137826372 0.15708759247768492
7363.707618377678 0.1561424493222195
7393.162448851191 0.1548962697121068
7422.735098646595 0.15177497753176475
7452.426039041182 0.14796007870094632
7482.235743197345 0.14279932780489904
7512.1646861701365 0.13408710031051818
7542.213344914818 0.12579122142213064
7572.382198294477 0.11570571512414289
7602.671727087656 0.09686207882965953
7633.082413996006 0.05454819434615617
7663.614743651989 0.0070621428287330435
7694.269202626598 0.01002372180763536
7725.046279437104 0.0444701123999432
7755.946464554851 0.0886223786983903
7786.970250413072 0.14041409266912416
7818.118131414723 0.18883326271902612
7849.390603940383 0.2349280519979673
7880.788166356144 0.2852537398440201
7912.311319021571 0.3412492852633136
7943.960564297654 0.4038867312795532
7975.736406554845 0.4720016118134048
8007.639352181065 0.5465080789620271
8039.669909589788 0.6246449547654153
8071.828589228147 0.7059110200730281
8104.115903585063 0.7773412536572349
8136.532367199402 0.8510932217088575
8169.078496668199 0.9613531828622409
8201.754810654873 1.0048574055574824
8234.561829897493 1.200749390521246
8267.500077217084 1.4014026185715571
8300.570077525952 1.5369614747299074
8333.772357836056 1.7015347529395521
8367.1074472674 1.856620358284299
8400.575877056472 2.0808552842253705
8434.178180564695 2.321735749278857
8467.914893286956 2.59460624396889
8501.786552860101 2.877390478984494
8535.793699071543 3.198105030611919
8569.936873867831 3.546828272622025
8604.216621363299 3.801861158800981
8638.633487848754 3.7525303503022203
8673.18802180015 4.210783572224074
8707.880773887353 4.493653162091601
8742.7122969829 4.902191151825699
8777.68314617083 5.328392857637627
8812.793878755514 5.788283801165834
8848.045054270535 6.240558898447149
8883.437234487617 6.091578723761574
8918.970983425568 5.854645189691739
8954.64686735927 6.701042382685137
8990.465454828707 6.485448056624786
9026.427316648023 8.235533899111973
9062.533025914616 9.417479186453507
9098.783158018272 10.181113136693902
9135.178290650345 10.993118550033692
9171.719003812947 11.394529413775727
9208.405879828202 13.116534224416855
9245.239503347511 13.428187798317072
9282.2204613609 7.065980815138054
9319.349343206346 7.525968779929959
9356.626740579171 8.808942644238348
9394.053247541488 12.066620202863714
9431.629460531654 12.284852045385732
9469.355978373778 12.435487119073176
9507.233402287276 12.288102190839163
9545.262335896427 13.488505656106462
9583.443385240013 12.03125684719816
9621.777158780975 13.504523954686995
9660.264267416096 15.491640173165903
9698.90532448576 17.887964520047
9737.7009457837 18.250391649594587
9776.651749566838 19.857235726466264
9815.758356565104 21.491855975778638
9855.021389991363 23.188624255363408
9894.441475551332 25.717512248905788
9934.019241453534 26.903978745421654
9973.755318419348 23.940629563680382
10013.650339693024 19.796507281903462
10053.704941051796 23.013847278799947
10093.919760816003 25.54336618868809
10134.295439859268 29.053668565342832
10174.832621618703 32.08581144211123
10215.531952105179 34.2377215845868
10256.394079913602 37.335289760611246
10297.419656233254 40.08099350060386
10338.609334858189 42.09090444299228
10379.96377219762 44.93626392952143
10421.483627286412 47.22229260009316
10463.169561795556 49.585895673967975
10505.022240042741 51.95918532291129
10547.042329002912 53.74503476228601
10589.230498318922 54.900242540528474
10631.587420312197 56.70518004845318
10674.113769993448 57.57804551893472
10716.810225073421 58.32426520167149
10759.677465973711 58.69124767735956
10802.716175837608 59.314582740889186
10845.927040540959 58.25350778153569
10889.310748703121 53.44587116113107
10932.867991697934 42.97822240069556
10976.599463664725 34.49440545944313
11020.505861519383 25.632558290060608
11064.587884965462 19.74804116036567
11108.846236505324 14.077421756975845
11153.281621451348 10.480290261592852
11197.894747937147 12.461291226456984
11242.686326928899 14.222069332635195
11287.657072236614 17.179184983817272
11332.807700525562 8.65344834459925
11378.138931327663 12.954518148025189
11423.651487052975 14.362896398928362
11469.346093001184 15.332159040667902
11515.22347737319 10.641450059911813
11561.284371282683 8.00126797879621
11607.529508767815 8.625492859039202
11653.959626802887 12.288699162019636
11700.5754653101 10.841287105969009
11747.377767171341 6.694880540629737
11794.367278240028 11.096341622571153
11841.544747352984 18.555654156956294
11888.9109263424 24.320830470048328
11936.46657004777 28.46604050323213
11984.212436327958 34.57546261439565
12032.149286073272 41.09807458221523
12080.277883217566 48.32041514221736
12128.598994750435 53.532472732560876
12177.113390729437 60.23071092658746
12225.821844292353 65.14487313993433
12274.725131669524 71.15064733097743
12323.824032196202 75.60049485028513
12373.119328324985 79.2018536179216
12422.611805638286 75.67748308182209
12472.302252860838 86.55210789017086
12522.19146187228 75.41950281117235
12572.280227719768 93.00004517624276
12622.569348630648 93.89419649563747
12673.059626025171 93.00306608160618
12723.751864529271 89.19404715131256
12774.646871987386 87.86803736598621
12825.74545947534 81.10698537012979
12877.04844131324 75.19570018872976
12928.556635078494 70.76293214053513
12980.270861618808 66.10446772573032
13032.191945065284 62.20872917105849
13084.320712845543 57.999699322550036
13136.657995696927 51.80101246684969
13189.204627679715 48.05483531382874
13241.961446190431 37.98801263780465
13294.929291975195 20.88193115091789
13348.109009143096 6.196701193491174
13401.50144517967 2.459487433420592
13455.107450960388 1.5069055194770256
13508.927880764231 1.1045844888974123
13562.963592287288 0.5841128352813539
13617.215446656439 0.6701087964397269
13671.684308443064 1.1199634317312184
13726.371045676835 0.9364629223623886
13781.276529859542 1.5569434630705061
13836.40163597898 1.0048583154845965
13891.747242522899 1.1348903358700915
13947.314231492988 0.8998992253632958
14003.103488418961 0.929166874716722
14059.115902372636 1.1654006235134176
14115.352365982128 0.9976059784885646
14171.813775446057 1.1072386075639455
14228.501030547843 1.2042117061872546
14285.41503467003 1.8292391195974484
14342.556694808713 1.6418794539421075
14399.926921587949 1.9595934689304995
14457.5266292743 2.7698994227588964
14515.356735791396 4.177643874551985
14573.418162734559 5.486737237855784
14631.711835385498 4.901630025307242
14690.238682727038 4.633940506606789
14748.999637457951 5.7337660438387
14807.995636007783 6.954914481021845
14867.227618551815 7.157838390333299
14926.69652902602 8.640327417575826
14986.403315142123 10.066070521376243
15046.348928402693 11.128744027946722
15106.534324116303 12.58618418609333
15166.96046141277 15.016622939492201
15227.62830325842 18.213457696099873
15288.538816471453 21.032563078466012
15349.692971737337 24.352551011736097
15411.091743624287 27.85526143382007
15472.736110598784 34.03891478658289
15534.62705504118 35.75039945446965
15596.765563261344 38.67158060116935
15659.152625514387 41.92199143209641
15721.789236016448 44.169899359423546
15784.676392960515 44.80368507619896
15847.815098532355 45.4892020005297
15911.206358926484 41.19845657897669
15974.85118436219 34.947154755819824
16038.75058909964 25.61648414827893
16102.905591456036 17.088692335309975
16167.31721382186 11.725396101587728
16231.986482677148 8.47375316619535
16296.914428607855 6.8810907077807695
16362.102086322288 7.72755895106353
16427.550494667576 9.274684932162177
16493.260696646248 9.944700998410132
16559.23373943283 9.354465677349763
16625.470674390563 9.894681340319687
16691.972557088127 2.847921276580719
16758.74044731648 4.843891024092609
16825.775409105743 7.110287260526114
16893.07851074217 6.151526478144569
16960.650824785134 4.773965594036991
17028.493428084275 4.628470760538695
17096.607401796613 6.567608164174566
17164.993831403797 6.01937105905669
17233.653806729413 7.557701587867682
17302.588421956334 5.489468247723952
17371.798775644158 5.163888534859528
17441.285970746736 5.579293753083512
17511.05111462972 6.008328275153552
17581.095319088243 5.059599948356576
17651.419700364593 4.250624380357175
17722.02537916605 3.6596741659220817
17792.913480682713 3.6277969807331036
17864.085134605448 3.0518441357002004
17935.54147514387 1.9363213720544792
18007.283641044443 2.516882979255187
18079.312775608625 2.0534402659800857
18151.630026711056 2.6480216565730927
18224.236546817894 2.7900063125242927
18297.133493005167 1.8171707723922546
18370.32202697719 1.7608937946586993
18443.803315085097 2.3003623430369147
18517.578528345435 2.1254956954965745
18591.648842458817 1.5182214209698492
18666.01543782865 1.2362062702872467
18740.67949957997 1.666927939096341
18815.642217578286 3.4860173009651567
18890.9047864486 3.4139946588844916
18966.4684055944 4.494287388645905
19042.334279216768 3.3264920174901658
19118.50361633364 3.6610334403798084
19194.977630798967 3.4195629889305583
19271.757541322168 2.536444380013763
19348.844571487454 2.068013071392981
19426.239949773408 1.890664636649253
19503.9449095725 2.580927987203098
19581.960689210795 2.3149824964836445
19660.28853196764 3.143728537487272
19738.929686095507 3.1184060906892004
19817.885404839893 3.7372476482450425
19897.15694645925 4.295617028522853
19976.745574245087 5.3849104989714975
20056.65255654207 5.810378427496778
20136.879166768238 6.542368416916417
20217.426683435307 7.482180103799623
20298.296390169045 7.604386649721693
20379.489575729727 8.768312070010628
20461.007534032648 9.847298887205183
20542.851564168777 10.396287448871512
20625.02297042545 11.17398334713632
20707.523062307162 11.62757271487588
20790.353154556382 11.39313583351648
20873.514567174607 11.688613432324123
20957.008625443308 11.270037173062596
21040.836659945082 10.90853819662566
21125.000006584854 10.460444532418585
21209.5000066112 9.633472578081058
21294.33800663765 8.994788605255716
21379.515358664197 8.402645044316634
21465.033420098855 7.5268833031947615
21550.893553779246 6.779105869998684
21637.097127994366 5.490397438805888
21723.645516506345 5.094865083301912
21810.540098572368 4.136989750995858
21897.782258966654 3.0994846477509106
21985.37338800253 1.3871709414194797
22073.314881554532 1.0242079395238826
22161.60814108075 1.70178598500023
22250.25457364508 1.4825083485592032
22339.25559193965 1.183541236418292
22428.61261430741 0.8959127124769313
22518.32706476464 0.7482508901512502
22608.400373023702 0.6439126280725209
22698.833974515794 0.7243827134193472
22789.62931041386 0.6198919521682412
22880.78782765551 0.5165594494165866
22972.310978966132 0.5148390806151144
23064.200222882002 0.9297720229324538
23156.457023773528 1.037221877751417
23249.082851868614 0.4633618218807024
23342.079183276095 0.4422699261105584
23435.447500009202 0.43711871124263757
23529.18929000923 0.5614355096476602
23623.306047169273 0.7944459129330058
23717.79927135796 0.4961346404291953
23812.670468443375 0.5326831906100518
23907.92115031715 0.8630787548022818
24003.552834918424 1.0511322613817564
24099.56704625809 1.257511952742469
24195.96531444313 1.1875093380202169
24292.749175700897 1.2877274466171929
24389.9201724037 1.3425572075648875
24487.479853093315 1.382901705265805
24585.42977250569 1.6588505108182396
24683.771491595708 1.6818375568797745
24782.50657756209 1.6315885475574656
24881.636603872343 1.751679244462372
24981.16315028783 1.8245033480847357
25081.087802888986 1.4028374625427376
25181.412154100537 1.2924028527246079
25282.137802716934 0.9730131382205369
25383.266353927807 1.0253783914483587
25484.79941934352 0.7249923385403712
25586.73861702089 0.9203714578411737
25689.08557148898 0.7449577120465353
25791.84191377493 0.7507780987214174
25895.009281430033 0.6338016197141009
25998.589318555754 0.8262891185830388
26102.58367582998 1.06044627275567
26206.994010533297 1.2689213523065177
26311.821986575433 1.2142676814327025
26417.069274521735 2.118742275557818
26522.737551619815 1.7161217553892067
26628.828501826294 0.9933099812432415
26735.343815833607 0.45329354692985346
26842.285191096937 0.5389282699424885
26949.654331861326 0.8374673957181111
27057.452949188766 0.8067040105647182
27165.682760985525 0.8997229107057764
27274.345492029468 1.5901848474278302
27383.442873997585 0.9156518975487012
27492.976645493567 1.7231827684071228
27602.948552075544 0.967326490875512
27713.360346283847 0.9950329660347899
27824.213787668985 0.7436664462225747
27935.510642819663 1.335062464854356
28047.252685390937 0.8229630859454453
28159.441696132504 1.1580289948185067
28272.079462917034 1.6352315944431841
28385.167780768694 1.0776262679739543
28498.70845189177 1.264671983961166
28612.703285699336 1.556127863909075
28727.154098842133 1.6260606960042951
28842.062715237505 1.6342256173195764
28957.430966098455 1.8603088119061504
29073.260689962848 1.8341991394166088
29189.553732722703 2.094874079494781
29306.311947653598 2.7070211624255163
29423.537195444205 2.5988126321650475
29541.231344225984 2.425470489996331
29659.396269602887 2.649599233987957
29778.033854681304 2.9459637032442125
29897.14599010003 3.3335964865143497
30016.734574060432 1.4777496076959
30136.80151235667 2.6929187845975493
30257.348718406094 3.2310897434663404
30378.37811327972 3.168287205051868
30499.89162573284 2.4218537457861
30621.891192235766 2.628443217254178
30744.37875700471 2.08144321711297
30867.356272032728 1.852043753198833
30990.825697120858 1.618501441893651
31114.78899990934 1.4015864198721246
31239.24815590897 1.4395982040071211
31364.20514853261 1.059184118022668
31489.661969126744 0.8980257847452633
31615.62061700325 0.6955521492665943
31742.083099471263 0.6637696727133043
31869.05143186915 0.5531678389626231
31996.527637596624 0.5143273933850133
32124.51374814701 0.5399208179111459
32253.011803139605 0.514315559993839
32382.02385035216 0.5505432585511912
32511.55194575357 0.5921793714882375
32641.598153536583 0.7408865299829586
32772.16454615073 0.9504122658314457
32903.25320433533 1.069070415992448
33034.86621715268 0.9659864919165468
33167.005682021285 0.13191950696280044
33299.673704749366 0.10713168534758204
33432.87239956837 0.34574064736225246
33566.60388916664 0.6246212808071009
33700.87030472331 0.7614298246522889
33835.6737859422 0.7468781839277503
33971.016481085964 0.68258436774883
34106.900547010315 0.6640048263607718
34243.32814919835 0.6487271365903642
34380.30146179514 0.6355831714308309
34517.82266764233 0.6151892255243251
34655.893958312896 0.6964536554765179
34794.51753414615 0.6768185680058129
34933.69560428273 0.7977291863793401
35073.43038669985 0.9745221385093888
35213.72410824666 1.0017646418299173
35354.57900467965 0.9849020039869688
35495.99732069836 1.1326582011711992
35637.98130998116 1.2260241995235717
35780.53323522108 1.4014479972137937
35923.65536816197 1.5049418228809657
36067.34998963462 1.4539578355081777
36211.61938959315 1.7258627124285506
36356.46586715153 2.0769436582110825
36501.891730620126 2.327878467259468
36647.89929754261 2.647134500676172
36794.49089473278 3.0036778393264574
36941.6688583117 2.9825513625121376
37089.43553374496 3.2912457538675355
37237.793275879936 3.377598329655456
37386.74444898345 3.856598743602425
37536.29142677938 4.130615515516633
37686.43659248651 4.005989024215572
37837.18233885645 3.779322364750044
37988.53106821188 4.346398701292652
38140.48519248474 5.086545159870357
38293.04713325467 5.784539243046464
38446.21932178769 4.548405862455696
38600.00419907484 5.298762675720469
38754.40421587113 5.430329804827689
38909.42183273463 5.937724281437088
39065.05952006556 5.959962554623195
39221.31975814583 6.091301673594725
39378.205037178406 6.764611698176687
39535.71785732712 6.576169589608973
39693.860728756415 7.036054692686525
39852.636171671445 7.537726607404428
40012.04671635814 7.530566109172888
40172.09490322357 7.850952606818512
40332.78328283648 7.885228150108039
40494.11441596781 7.914833493150338
40656.090873631685 7.943203085679681
40818.71523712622 7.432119543674562
40981.990098074726 7.674488883938092
41145.918058467025 7.348812820990829
41310.50173070089 7.038580722818525
41475.74373762369 7.4065837689941505
41641.646712574184 7.176569335484951
41808.21329942448 6.944272690957737
41975.44615262219 7.357493951687377
42143.347937232684 7.444274011453436
42311.921328981625 7.440631651478671
42481.16901429755 7.0519239048526465
42651.09369035474 7.352428064988039
42821.69806511615 6.863587240768544
42992.98485737662 4.346639934882678
43164.95679680613 4.0127997286856365
43337.61662399335 5.525512291117042
43510.96709048933 5.83699733183153
43685.01095885128 7.018178823727975
43859.75100268668 6.651476228165148
44035.19000669744 6.4140503910495426
44211.330766724226 6.802614860128706
44388.176089791115 5.617652034765337
44565.72879415028 6.596399902303626
44743.991709326874 5.4388175125417915
44922.9676761642 6.037761030012947
45102.65954686885 6.200110878999005
45283.07018505633 5.045613829568318
45464.20246579656 6.795060859222504
45646.05927565975 6.100041119617133
45828.64351276236 6.70892033040665
46011.95808681343 6.617799440269738
46196.00591916067 5.432861131170669
46380.78994283732 6.098056993155274
46566.31310260868 5.720775822057248
46752.578355019126 5.188913895968647
46939.588668439166 6.91377385551249
47127.34702311293 5.51842666992849
47315.85641120539 5.478511281237919
47505.11983685021 6.394025321118013
47695.14031619761 5.113526275551037
47885.9208774624 4.593124382884357
48077.46456097225 5.521288792163515
48269.774419216126 5.357893934096769
48462.853516892996 4.381331286144435
48656.70493096058 5.181849658252082
48851.33175068441 4.830192851669191
49046.737077687154 4.588301396332538
49242.92402599791 4.809302875896799
49439.89572210189 3.8883188263831405
49637.6553049903 3.451241889201398
49836.20592621027 4.608579380690472
50035.55074991511 4.083601820119724
50235.69295291477 2.8248758176232522
50436.63572472643 4.031238488868523
50638.382267625326 4.0953251512949045
50840.935796695834 3.099096292803585
51044.2995398826 3.355851018874504
51248.47673804215 3.627461662730684
51453.47064499432 2.206173802135503
51659.28452757429 2.65860961289419
51865.92166568459 3.3673245218068075
52073.38535234733 1.9053794983295673
52281.67889375672 2.691181309433744
52490.80560933175 2.736678242476059
52700.76883176907 2.372613506968361
52911.57190709616 2.316819014671145
53123.218194724526 2.500601407675642
53335.711067503435 2.8034493519415875
53549.053911773444 1.6035995546718869
53763.25012742054 1.9164580711703851
53978.303127930216 2.194831108805485
54194.21634044194 1.1384909153762837
54410.99320580371 1.9970433513995525
54628.63717862692 1.5916370783080271
54847.15172734143 1.7904759539466824
55066.540334250785 1.6934554730543356
55286.80649558781 1.4772334524902089
55507.95372157016 1.3485865659718932
55729.985536456436 1.2102484878610775
55952.90547860226 1.4370510400254282
56176.717100516675 1.3942916087991135
56401.42396891874 1.2313257709782606
56627.02966479442 1.2894733542147614
56853.5377834536 1.1519980404431984
57080.95193458741 1.1314842490267214
57309.27574232576 1.0502192888749198
57538.51284529506 1.1070480457576706
57768.666896676245 1.0650789754776198
57999.74156426295 1.2744189958432912
58231.74053052 0.8332634347051193
58464.66749264208 1.118463481056456
58698.52616261265 0.88407681131265
58933.3202672631 0.8774354064851596
59169.05354833215 1.2272736534955506
59405.72976252549 0.8288331953746484
59643.3526815756 1.1155497313216478
59881.926092301896 1.10357850657297
60121.45379667111 1.2256721500490142
60361.93961185778 1.0202084107639986
60603.38737030522 0.8349011224063695
60845.800919786445 1.0565003307036007
61089.184123465595 0.8250102821931874
61333.54085995945 0.9380071548895933
61578.87502339928 0.7262200313245523
61825.19052349288 0.8069599453657287
62072.491285586846 0.99732720434288
62320.7812507292 1.0235155155999984
62570.06437573213 1.0962414494430586
62820.34463323505 1.1345345535593143
63071.62601176801 1.259125660475676
63323.91251581507 1.0642352010224
63577.20816587833 1.067841725150204
63831.51699854184 0.9710047345054315
64086.843066536014 0.7295027286628916
64343.19043880215 0.7875090204811022
64600.563200557364 0.719511353967356
64858.96545335958 0.5259180094271181
65118.401315173025 0.6626700140118703
65378.87492043372 0.7794724615716165
65640.39042011545 0.6348249648988145
65902.95198179591 0.6080305508420306
66166.56378972309 0.6529348175578041
66431.23004488199 0.6780794926629157
66696.95496506151 0.7372913202639028
66963.74278492175 0.8374523356230132
67231.59775606144 0.7092080858223915
67500.52414708569 0.8296784489850066
67770.52624367403 0.7229454433425818
68041.60834864872 0.688877959583552
68313.77478204331 0.7741905737031662
68587.02988117147 0.6172289753355324
68861.37800069616 0.7933412965927565
69136.82351269896 0.8792191808313043
69413.37080674975 0.8547004050738475
69691.02428997675 0.7335935843183619
69969.78838713666 0.8117340991802735
70249.6675406852 0.7600360339933239
70530.66621084794 0.6395184070723865
70812.78887569135 0.7131625474869449
71096.04003119409 0.6544573070354321
71380.42419131887 0.6618325424705759
71665.94588808414 0.5829063012299245
71952.60967163648 0.5749305570238682
72240.42011032304 0.5828895193174864
72529.38179076432 0.5506401586657224
72819.49931792737 0.4965455655013818
73110.77731519907 0.5158447406231781
73403.22042445988 0.4237414422711428
73696.83330615771 0.4579602969490307
73991.62063938235 0.464438772687237
74287.58712193987 0.45284975665151217
74584.73747042764 0.4044436921704456
74883.07642030934 0.47032939554109915
75182.60872599059 0.5271676141992448
75483.33916089457 0.5454989705337964
75785.27251753812 0.5364504773725035
76088.4136076083 0.5501130742490393
76392.76726203872 0.6947426282969351
76698.33833108687 0.2825806831520016
77005.13168441122 0.31038431337522493
77313.15221114887 0.3179523585931167
77622.40481999348 0.36009134395197995
77932.89443927344 0.4068161259426487
78244.62601703055 0.4313592458859752
78557.60452109865 0.4695479643180577
78871.83493918306 0.4499155763314978
79187.3222789398 0.45661909637095277
79504.07156805556 0.5220392151364845
79822.08785432778 0.5284397233645115
80141.37620574511 0.47819222457076566
80461.94171056806 0.49256024131925114
80783.78947741033 0.48260309490587355
81106.92463531997 0.5893399394155888
81431.35233386126 0.5075709562706286
81757.0777431967 0.5079741478539826
82084.10605416949 0.5178814223296928
82412.44247838613 0.5370989991663551
82742.09224829968 0.586555451811695
83073.06061729288 0.5637069685092642
83405.35285976208 0.5667047070285761
83738.9742712011 0.5120780629333661
84073.93016828595 0.5831954372184304
84410.22588895904 0.6452284302841952
84747.86679251489 0.6469724178622585
85086.85825968496 0.5562022345707404
85427.20569272367 0.6296880566407087
85768.91451549459 0.7055060258347184
86111.99017355654 0.6705807436095044
86456.43813425078 0.5882747808630576
86802.2638867878 0.6661958981010473
87149.47294233493 0.734245783684817
87498.07083410428 0.7033947754760504
87848.0631174407 0.6266320415642629
88199.45536991046 0.6815211365640924
88552.25319139009 0.7748912270669143
88906.46220415569 0.7873689100608893
89262.08805297229 0.6651818606798919
89619.1364051842 0.5893391442443341
89977.61295080492 0.7691095452112614
90337.52340260813 0.7650747607970433
90698.87349621857 0.7057378067638255
91061.66899020346 0.7177714552864163
91425.91566616425 0.7356789353297578
91791.61932882894 0.7380098133601427
92158.78580614422 0.6855646659630279
92527.4209493688 0.8285575592375495
92897.53063316627 0.6447990951199255
93269.12075569895 0.692047880797245
93642.19723872172 0.7937246325570324
94016.76602767664 0.7922961303233957
94392.83309178732 0.7110957844140906
94770.40442415449 0.6641016742612703
95149.48604185111 0.7474126781397142
95530.08398601852 0.7876322650644606
95912.20432196259 0.8300138657469107
96295.85313925042 0.7308127486159546
96681.0365518075 0.6847764522355988
97067.76069801472 0.7754678770588365
97456.03174080675 0.7942175150734344
97845.85586776999 0.834937343140232
98237.23929124104 0.7320435895419626
98630.18824840599 0.7344327290260704
99024.70900139965 0.6678110128336704
99420.80783740526 0.7792376363638914
99818.49106875488 0.8576286942410467
100217.76503302988 0.8113698767656354
100618.636093162 0.6742074581319181
101021.11063753467 0.6912691432462039
101425.1950800848 0.7956858413873011
101830.89586040513 0.7897962477037817
102238.21944384674 0.7851943713863767
102647.17232162213 0.6797696971383396
103057.7610109086 0.6255858366498998
103469.99205495225 0.2469962699758311
103883.87202317205 0.233218411168865
104299.40751126477 0.29582893510871094
104716.60514130979 0.3256909368243829
105135.47156187505 0.32585542213912483
105556.01344812254 0.40305848056227306
105978.23750191503 0.43354004508112803
106402.15045192267 0.39395514885631094
106827.75905373038 0.3369480095169102
107255.07008994528 0.2283491973040141
107684.09037030509 0.24773474303015353
108114.8267317863 0.33613378408548267
108547.28603871344 0.396762736757838
108981.47518286831 0.39573141684377866
109417.40108359976 0.3611147926084394
109855.0706879342 0.3668177500039858
110294.49097068593 0.3752281698401097
110735.66893456863 0.49025023952497215
111178.61161030692 0.47514939596019634
111623.32605674816 0.5251998798585135
112069.81936097513 0.48500306671596105
112518.09863841905 0.36036161344898077
112968.17103297272 0.537230723965069
113420.0437171046 0.5189790995116971
113873.72389197304 0.4880057753355426
114329.21878754091 0.5470654607169282
114786.53566269108 0.4638421608042037
115245.68180534184 0.3943992507546287
115706.66453256323 0.43932488051437996
116169.49119069346 0.46867308948904074
116634.16915545624 0.4249642510875464
117100.70583207808 0.2998177816981259
117569.1086554064 0.36003191609266527
118039.385090028 0.3688649313901753
118511.54263038811 0.42172651977049697
118985.58880090967 0.4247274263580729
119461.5311561133 0.4019246482812225
119939.37728073777 0.3284035469141981
120419.13478986072 0.3969152702875082
120900.81132902016 0.27664124761585784
121384.41457433623 0.3980964766710744
121869.9522326336 0.4415739875071753
122357.43204156413 0.3310762586447149
122846.86176973036 0.2988971586669976
123338.2492168093 0.3685217052674444
123831.60221367657 0.23969274839732413
124326.92862253124 0.30674515165545363
124824.23633702139 0.3589734253211263
125323.53328236948 0.25321068257361823
125824.82741549893 0.2601105864471833
126328.12672516092 0.32152430164181894
126833.43923206156 0.2879770760303242
127340.77298898982 0.2614177464160517
127850.13608094577 0.3203261069587372
128361.53662526955 0.25973079188389386
128874.98277177062 0.2765008826154667
129390.4827028577 0.2773184341936972
129908.04463366912 0.29165055333240636
130427.67681220379 0.22403378392761755
130949.38751945265 0.2968529214155624
131473.18506953045 0.2540658352724553
131999.07780980857 0.27837283037347327
132527.0741210478 0.22760260232912083
133057.182417532 0.2215863721432051
133589.4111472021 0.23296546971803392
134123.76879179094 0.20586631859549498
134660.26386695806 0.2085546573697995
135198.9049224259 0.2562872445501548
135739.7005421156 0.23398046783637708
136282.65934428407 0.23051520866262626
136827.78998166122 0.22726315168243144
137375.1011415879 0.1997860843214519
137924.60154615424 0.22252028198547946
138476.29995233883 0.2203924737064044
139030.20515214818 0.23767784640723363
139586.32597275675 0.2439982288897856
140144.6712766478 0.19254283351826856
140705.2499617544 0.19784996439405747
141268.0709616014 0.2027026231094305
141833.1432454478 0.17297437251828693
142400.4758184296 0.19195179558092032
142970.07772170333 0.2152725835036012
143541.95803259013 0.1724690404617574
144116.12586472047 0.17556060594496425
144692.59036817937 0.1580491839910264
145271.3607296521 0.15655992396339796
145852.44617257072 0.19615222716409425
146435.85595726097 0.19152859252579857
147021.59938109003 0.18249557656233997
147609.6857786144 0.1906825385605569
148200.12452172884 0.17551557403101997
148792.92501981577 0.15394747993484992
149388.09671989502 0.15270575496881036
149985.6491067746 0.16731879357899979
150585.59170320167 0.1586973559283915
151187.93407001448 0.17256896787576617
151792.68580629455 0.14761242799404242
152399.85654951975 0.1715513676318927
153009.45597571784 0.1674476707845128
153621.4937996207 0.14601690972741369
154235.97977481916 0.14779289421309935
154852.92369391845 0.13938018741950095
155472.3353886941 0.12365125276094457
156094.2247302489 0.1259636025456526
156718.60162916992 0.13547357639749327
157345.47603568656 0.1157202923712032
157974.8579398293 0.11074142639894936
158606.75737158864 0.12090275210310793
159241.18440107498 0.12093966270457872
159878.14913867926 0.101434241032317
160517.661735234 0.13009466821238597
161159.73238217493 0.11572396919053837
161804.3713117036 0.12875585625361202
162451.58879695044 0.10470697718215341
163101.39515213823 0.11396929670598947
163753.8007327468 0.12088657375342246
164408.81593567782 0.11820132986239525
165066.45119942052 0.11529443937379748
165726.71700421823 0.10778834054438176
166389.62387223504 0.09393544069227229
167055.18236772402 0.10524228919119252
167723.40309719497 0.12014152114817185
168394.2967095837 0.10771619172281097
169067.87389642204 0.0945247762202984
169744.14539200772 0.10374507637257292
170423.1219735757 0.1210962532627337
171104.81446147006 0.08665791610373383
171789.23371931593 0.09807331046333898
172476.3906541932 0.09557193779291405
173166.29621680998 0.09580295539341786
173858.96140167722 0.0783751483224339
174554.39724728392 0.1020808381931748
175252.61483627307 0.0882031745696403
175953.62529561817 0.09175983467267941
176657.43979680064 0.08971372323494167
177364.06955598784 0.08696742768482749
178073.52583421173 0.09175550676100225
178785.8199375486 0.09342630767721585
179500.9632172988 0.07816644432113665
180218.967070168 0.08499943068522758
180939.84293844865 0.08418530607376666
181663.60231020238 0.0677439169395704
182390.25671944322 0.07678518341467902
183119.81774632097 0.0799205062412516
183852.29701730626 0.0800971976328697
184587.7062053755 0.08131352640483842
185326.057030197 0.06896848046398663
186067.3612583178 0.06363131656488577
186811.63070335102 0.07028458231930393
187558.8772261645 0.07001178014861058
188309.11273506918 0.08635804097638601
189062.3491860094 0.07517869139579993
189818.59858275342 0.06067274034056068
190577.87297708448 0.07375244220299454
191340.18446899284 0.07245038813611697
192105.54520686882 0.06111917170133194
192873.9673876963 0.05573578628950521
193645.46325724703 0.056988486527075694
194420.04511027603 0.04788141733750146
195197.72529071715 0.060484185384320724
195978.51619188 0.05284732204489726
196762.4302566476 0.05714577024637768
199107.9942767367 0.050950895824982606
203090.15416227144 0.04860353833498029
207151.95724551688 0.04906344794916241
211294.9963904272 0.04093785641723289
215520.89631823578 0.039980324444801825
219831.31424460045 0.03695672528374066
224227.94052949245 0.032919921847987386
228712.4993400823 0.034421053892044015
233286.74932688402 0.03313065036077459
237952.48431342165 0.024699922876778243
242711.5339996901 0.030189096527972286
247565.76467968393 0.02604783902476146
252517.0799732776 0.019817999280914017
257567.42157274322 0.02296005178872326
262718.770004198 0.02047532729461484
267973.145404282 0.01628169008688102
273332.6083123676 0.019415759198358487
278799.26047861495 0.01564077311886617
284375.2456881872 0.01190968898230531
290062.750601951 0.013895759394992244
295864.00561398995 0.012546947824436789
301781.2857262697 0.011888735248243992
307816.91144079523 0.009458634134152906
313973.24966961105 0.010869473157415717
320252.7146630032 0.009465394819865884
326657.7689562633 0.008443032532011521
333190.92433538847 0.007280745676260065
339854.7428220964 0.00808354086347429
346651.83767853834 0.006251467085915249
353584.87443210906 0.005652345485306597
360656.57192075124 0.005359779981634932
367869.70335916633 0.005345842226714241
375227.09742634965 0.005007808622724266
382731.63937487674 0.005554277698804151
390386.2721623741 0.004088810002570378
398193.99760562164 0.0036356292143001267
406157.87755773397 0.0032912172880240256
414281.0351088888 0.004070070467470293
422566.65581106645 0.003378492988419071
431017.98892728786 0.002693795305729028
439638.3487058336 0.0025667881704281048
448431.11567995034 0.0024549683899348805
457399.7379935492 0.002388419907827657
466547.7327534202 0.0018997585610120665
475878.6874084886 0.002050515799397619
485396.2611566584 0.0020145480246112337
495104.1863797916 0.0016059004206242324
505006.2701073874 0.0014989762571903105
515106.39550953516 0.0013780232978496856
525408.5234197257 0.001610866391355846
535916.6938881205 0.00139733013284194
546635.0277658828 0.0012871490514292131
557567.7283212005 0.0010438096125128641
568719.0828876244 0.0009195792264332862
580093.4645453768 0.0009612662142361401
591695.3338362843 0.0009066332025052282
603529.2405130101 0.0008483081378138783
615599.8253232702 0.0008864684362590578
627911.8218297358 0.0006413908538966959
640470.0582663304 0.000601100389359264
653279.459431657 0.0005714261658674917
666345.04862029 0.0005018564956754976
679671.9495926959 0.0005708832290359709
693265.38858455 0.0005632547797472269
707130.6963562409 0.0004498142374725194
721273.3102833657 0.0003586664395773267
735698.7764890331 0.0004032633113405543
750412.7520188137 0.00033849207686495843
765421.0070591901 0.00034892925795927633
780729.4272003738 0.00030214281624584965
796344.0157443815 0.0002966326311726619
812270.896059269 0.0002530201512492713
828516.3139804546 0.00023002504821791278
845086.6402600636 0.00021605336300372505
861988.3730652649 0.0002368686486427426
879228.14052657 0.0002525026868400584
896812.7033371016 0.00019599870218806465
914748.9574038435 0.00018065759036154706
933043.9365519203 0.00015547201386711812
951704.8152829591 0.00013199147614739875
970738.911588618 0.00015063644372584938
990153.6898203905 0.0001131574903874794
