1000.5530765187797 1.199912797987765e-20
1004.5552888248548 2.8638977856665843e-73
1008.5735099801544 6.712024602830964e-70
1012.607804020075 1.545267383723803e-69
1016.6582352361554 3.12275126755709e-73
1020.7248681770998 1.2607931113479624e-52
1024.8077676498083 3.763706905607437e-55
1028.9069987204075 4.452144560336753e-68
1033.022626715289 1.8829327432238357e-49
1037.1547172221503 6.352409090455861e-71
1041.3033360910388 1.615636640288415e-65
1045.468549435403 1.0250654292968573e-61
1049.6504236331448 8.067476701842486e-73
1053.8490253276773 3.0481360709450046e-54
1058.064421428988 1.2588708974958892e-67
1062.296679114704 1.2819100148802257e-53
1066.5458658311627 1.686805778435123e-59
1070.8120492944875 3.2761103009100334e-62
1075.0952974916654 6.759618199641272e-50
1079.3956786816323 2.130852802271536e-62
1083.7132613963586 3.53521515694089e-48
1088.048114441944 7.81236164040467e-51
1092.4003068997117 5.091878924436867e-36
1096.7699081273104 5.465060167019411e-50
1101.15698775982 5.365648397329529e-51
1105.561615710859 5.01234996873852e-37
1109.9838621737026 3.048347555168982e-42
1114.4237976223976 1.246413098857196e-46
1118.8814928128868 5.274556642540652e-50
1123.3570187841383 1.2017146676245171e-46
1127.8504468592753 5.425513815211341e-30
1132.361848646712 6.235461435736658e-35
1136.8912960412988 5.023659694751072e-34
1141.438861225464 1.3873322242931367e-33
1146.004616670366 2.1620072983431866e-32
1150.5886351370475 4.106376928650393e-36
1155.190989677596 1.0144414542756923e-35
1159.8117536363065 2.4359585096740504e-37
1164.4510006508515 9.771368278701667e-40
1169.108804653455 2.4474945939867735e-39
1173.7852398720688 6.735718152921381e-41
1178.480380831557 8.056661468336436e-41
1183.1943023548836 6.888626614799642e-40
1187.9270795643029 3.0310432707114566e-41
1192.67878788256 1.3871638649694585e-40
1197.4495030340906 3.1330370147019058e-40
1202.2393010462267 1.4707829916119832e-43
1207.0482582504117 4.163982742441625e-40
1211.8764512834132 5.134129526489929e-40
1216.7239570885472 1.630017824412663e-42
1221.5908529169012 2.1644448819844466e-39
1226.4772163285688 1.0054589294695572e-36
1231.383125193883 2.6929225267923e-39
1236.3086576946585 1.0198144291959917e-38
1241.2538923254372 1.866897727809837e-38
1246.2189078947392 5.559908003534401e-40
1251.203783526318 2.0164947034902826e-38
1256.2085986604231 2.0976417746356127e-35
1261.233433055065 5.993377703771534e-36
1266.2783667872852 1.0243757785560434e-41
1271.3434802544346 9.693551059170428e-36
1276.4288541754522 3.472409345935646e-36
1281.534569592154 5.34381598227172e-38
1286.6607078705229 6.106280152512779e-37
1291.8073507020044 1.634921925024512e-35
1296.9745801048125 9.077595445016025e-36
1302.162478425232 3.139153450760668e-36
1307.3711283389327 1.1772102300093162e-33
1312.6006128522888 3.904912575005073e-34
1317.851015303698 1.4742567553460281e-33
1323.1224193649127 1.4547022715240867e-32
1328.4149090423725 6.045458112507824e-32
1333.728568678542 6.145289616500493e-32
1339.0634829532567 2.9720504632856075e-33
1344.4197368850691 3.8290464589364566e-32
1349.7974158326099 7.622167802379095e-31
1355.1966054959403 5.518776194175421e-31
1360.6173919179244 2.224008655360733e-30
1366.059861485596 3.681457536101567e-31
1371.5241009315384 1.9110354439169423e-32
1377.0101973352646 4.095148204455631e-31
1382.5182381246057 3.406843944826545e-29
1388.0483110771042 1.1832962934427792e-29
1393.6005043214122 1.5100908260702354e-30
1399.1749063386976 1.2825384475253457e-30
1404.7716059640527 1.0553876264229382e-28
1410.3906923879088 1.9423819069020128e-29
1416.0322551574602 2.8913187994566974e-28
1421.6963841780905 1.513238181049844e-31
1427.3831697148032 1.4393560960011245e-28
1433.0927023936622 6.673500362668818e-27
1438.8250732032368 3.545571030116567e-28
1444.5803734960498 8.588584916906667e-27
1450.3586949900334 6.965033185068353e-28
1456.1601297699938 3.392600119738344e-27
1461.984770289074 4.8376792195645943e-26
1467.83270937023 2.345230204064596e-27
1473.704040207711 3.7291850749408846e-26
1479.5988563685412 4.835153300191482e-28
1485.5172517940157 1.1160738358594572e-26
1491.459320801192 4.262660578395957e-26
1497.4251580843968 6.752456154540214e-27
1503.4148587167342 1.0058657963151748e-23
1509.4285181516007 4.845952895564355e-26
1515.4662322242077 1.8389524684241378e-26
1521.5280971531042 3.377675690629946e-22
1527.6142095417167 4.870019134304921e-25
1533.7246663798837 8.670340100274852e-24
1539.859565045403 4.453940881403799e-22
1546.0190033055849 1.604945748543293e-27
1552.203079318807 1.0597644530043403e-22
1558.4118916360824 3.741667131564859e-22
1564.6455392026269 1.217282529223377e-23
1570.9041213594373 1.3158592877074126e-21
1577.187737844875 5.327346140866141e-22
1583.4964887962547 2.4835153090949126e-21
1589.8304747514399 6.177119667012582e-21
1596.1897966504455 5.459903088827295e-22
1602.5745558370472 3.13451313016478e-21
1608.9848540603957 1.6115418178643835e-20
1615.4207934766368 3.2929268540485802e-21
1621.8824766505436 2.611419644311988e-20
1628.3700065571454 4.1187000325105947e-20
1634.8834865833744 4.680525193922512e-20
1641.4230205297079 1.514176854168723e-19
1647.9887126118267 3.1299283708723543e-20
1654.580667462274 4.792484822189165e-20
1661.198990132123 2.6874819534548766e-19
1667.8437860926513 2.1845299094026835e-19
1674.515161237022 5.065595626814452e-19
1681.2132218819695 6.983584654080038e-19
1687.9380747694975 6.719060231672578e-19
1694.6898270685758 2.2397232868999495e-18
1701.4685863768502 1.567935334849632e-18
1708.2744607223572 1.096646183103034e-18
1715.1075585652468 2.6050258076245455e-18
1721.967988799508 2.030543479447607e-18
1728.8558607547059 2.9280372546615332e-18
1735.7712841977245 6.767039373446521e-18
1742.7143693345156 5.87061096271066e-18
1749.6852268118535 1.0964968211359162e-17
1756.6839677191008 2.283997100849033e-17
1763.7107035899771 3.650827870824542e-17
1770.7655464043373 3.285025442518513e-17
1777.8486085899544 2.92667232559394e-17
1784.9600030243143 4.270275934694312e-17
1792.0998430364118 5.3346031239150137e-17
1799.2682424085576 8.229750988792574e-17
1806.4653153781921 8.701281220049134e-17
1813.6911766397043 1.286642226661683e-16
1820.945941346263 1.8032541395058019e-16
1828.2297251116483 2.8023931201563676e-16
1835.5426440120948 2.385215197055239e-16
1842.8848145881432 3.5170678460148723e-16
1850.2563538464956 5.259332507720667e-16
1857.657379261881 5.683847194613248e-16
1865.0880087789287 9.5372299441681e-16
1872.5483608140448 9.201801398329465e-16
1880.0385542573008 1.2736956542419125e-15
1887.5587084743302 1.9388968048292994e-15
1895.1089433082268 2.496633687994886e-15
1902.68937908146 2.5065166350052276e-15
1910.3001365977857 3.688166861960837e-15
1917.9413371441767 4.08606278345404e-15
1925.6131024927531 5.423437080473663e-15
1933.3155549027244 7.71086799882102e-15
1941.0488171223355 8.629763765215463e-15
1948.8130123908247 1.190082959454514e-14
1956.608264440388 1.5953052680475125e-14
1964.434697498149 1.887359414303966e-14
1972.2924362881417 2.3459893031527977e-14
1980.1816060332944 2.899050949747267e-14
1988.1023324574276 3.5358238802301065e-14
1996.0547417872574 4.097679905596414e-14
2004.0389607544066 5.283243372154433e-14
2012.0551165974243 6.300021354612304e-14
2020.1033370638136 7.789411206174295e-14
2028.1837504120688 9.409836549529776e-14
2036.2964854137172 1.1362551195095001e-13
2044.4416713553724 1.3733860364169347e-13
2052.6194380407937 1.6681813857765788e-13
2060.829915792957 2.0074855284048857e-13
2069.0732354561287 2.4118383039713744e-13
2077.3495283979532 2.904752685317658e-13
2085.6589265115445 3.508084416947821e-13
2094.001562217591 4.2094275801028447e-13
2102.3775684664615 5.055282137322738e-13
2110.787078740328 6.0398970121469e-13
2119.2302270552887 7.269899397917021e-13
2127.70714796351 8.717462052763008e-13
2136.217976555364 1.044969904845792e-12
2144.7628484615852 1.2428734099494289e-12
2153.341899855432 1.4927922257508169e-12
2161.9552674548536 1.7886994779945357e-12
2170.603088524673 2.137070677629432e-12
2179.285500878772 2.5362607753835242e-12
2188.0026428822866 3.024524382407876e-12
2196.754653453816 3.6218497835650552e-12
2205.541672067631 4.298099258975298e-12
2214.3638387559017 5.168992881501912e-12
2223.2212941109246 6.067875688031607e-12
2232.114179287369 7.354260348206633e-12
2241.0426360045185 8.606576626681969e-12
2250.0068065485366 1.0460111480048488e-11
2259.0068337747302 1.2139812319547156e-11
2268.0428611098296 1.4470854868587535e-11
2277.115032554269 1.7151479488773945e-11
2286.223492684486 2.0253482809851306e-11
2295.368386655224 2.471253069561221e-11
2304.549860201845 2.7911338408218463e-11
2313.7680596426517 3.379601741050935e-11
2323.0231318812225 3.9463938511259157e-11
2332.3152244087473 4.746557227290962e-11
2341.6444853063817 5.614799742800328e-11
2351.0110632476076 6.357440784936283e-11
2360.415107500598 7.760067712587341e-11
2369.8567679306 8.764748616919944e-11
2379.3361950023227 1.0705578197079172e-10
2388.853539782332 1.2335640433224352e-10
2398.4089539414617 1.56250440253471e-10
2408.0025897572273 1.8244760946718273e-10
2417.6346001162565 1.9673608935846386e-10
2427.3051385167214 2.5406043984314417e-10
2437.0143590707885 2.826585269990539e-10
2446.762416507072 3.9412661830284366e-10
2456.5494661731 3.9077444035019427e-10
2466.375664037793 4.898386832109576e-10
2476.2411666939443 6.065359068455217e-10
2486.1461313607197 5.853181888051078e-10
2496.090715886162 7.734540894372896e-10
2506.075078749707 8.256917361151252e-10
2516.0993790647044 1.023865160622024e-09
2526.163776580964 1.6715559154044699e-09
2536.268431687288 2.3744782673098442e-09
2546.4135054140374 3.4214901389757007e-09
2556.599159435693 2.107380132669564e-09
2566.825556073436 2.352880486950798e-09
2577.09285829773 2.7205429133330475e-09
2587.4012297309205 2.8949272734414474e-09
2597.7508346498444 3.764978127537097e-09
2608.141837988444 3.996944058438979e-09
2618.5744053403982 6.650453355902648e-09
2629.0487029617593 1.0950429003288488e-08
2639.5648977736064 1.1398746699143417e-08
2650.123157364701 1.1962094332159303e-08
2660.7236499941596 1.1121089154847644e-08
2671.366544594136 1.3424231511145816e-08
2682.052010772512 1.612501776841391e-08
2692.7802188156024 1.5335690072274012e-08
2703.551339690865 2.210381364029095e-08
2714.365545049628 2.2437321471588218e-08
2725.223007229827 2.4771499012939852e-08
2736.123899258746 2.901606664527722e-08
2747.0683948557817 3.7105561454343256e-08
2758.0566684352048 3.9406901276115564e-08
2769.0888951089455 5.107147357831416e-08
2780.165250689381 4.9205411562090526e-08
2791.2859116921386 5.534724439483609e-08
2802.451055338907 5.676631945382821e-08
2813.660859560263 5.94740198714477e-08
2824.9155029985036 6.220563166819549e-08
2836.2151650104965 6.539888700188628e-08
2847.5600256705393 6.99679021116903e-08
2858.950265773222 8.026601623386174e-08
2870.386066836315 9.746242102619208e-08
2881.8676111036607 1.2343882127215744e-07
2893.3950815480757 1.5891873671631233e-07
2904.968661874268 2.0161775175795917e-07
2916.588536521764 2.64512676048151e-07
2928.254890667851 3.299897374619857e-07
2939.9679102305226 4.146818363689489e-07
2951.727781871445 5.371342357358092e-07
2963.534692998931 6.751856418395586e-07
2975.3888317709266 8.452882165066438e-07
2987.2903870980094 1.1588912595569017e-06
2999.2395486464025 1.3193840733372861e-06
3011.2365068409886 9.58134866577706e-07
3023.2814528683516 1.0289899365104228e-06
3035.374578679825 5.738880949635761e-07
3047.516076994544 1.514427406883554e-06
3059.7061413025226 1.9397709723181238e-06
3071.9449658677336 2.119724796212725e-06
3084.232745731204 2.3373820834006984e-06
3096.569676714128 1.021409931978011e-06
3108.955955420985 1.1514363533987113e-06
3121.3917792426687 3.0646734861449094e-06
3133.8773463596394 3.504751950546901e-06
3146.412855745078 3.688452533666082e-06
3158.998507168058 3.4297120751049307e-06
3171.6345011967305 3.1686913555412176e-06
3184.321039201517 2.5209514309318725e-06
3197.0583233583234 1.7405968227273197e-06
3209.8465566517566 5.880268833774972e-07
3222.6859428783637 1.9951791273390738e-07
3235.576686649877 3.1350486052834283e-07
3248.518993396477 1.2511276136649085e-07
3261.513069370063 3.458866177856848e-08
3274.559121647543 6.166531306169708e-09
3287.6573581341336 6.944055257739253e-10
3300.8079875666704 5.796809700528194e-11
3314.0112195169368 3.4585895324515616e-10
3327.2672643950045 3.975714494241393e-09
3340.5763334525845 3.322011042722989e-08
3353.938638786395 1.735052345549365e-07
3367.354393341541 6.451739329700636e-07
3380.8238109149074 1.9042035295108552e-06
3394.347106158567 4.542239346499068e-06
3407.924494583201 8.726339195380933e-06
3421.5561925615334 1.222294334482454e-05
3435.2424173317804 6.622885550852143e-06
3448.9833870011066 4.828214240657198e-07
3462.7793205491116 1.7010799646756256e-05
3476.630437831308 5.6390387640498274e-05
3490.536959582633 9.471696094189505e-05
3504.4991074209643 0.00013335438045669626
3518.5171038506473 0.00017493843794038293
3532.5911722660503 0.0002205590158996735
3546.7215369551145 0.0002710772572888795
3560.9084231029346 0.00032713896072650555
3575.1520567953467 0.00038918713155176095
3589.452665022528 0.00045775834800314237
3603.810475682617 0.0005333810254954231
3618.225717585348 0.0006164561168281437
3632.698620455689 0.0007076437561511697
3647.2294149375116 0.000807563117888906
3661.8183325972614 0.0009170311898129924
3676.4656059276513 0.0010358979902486368
3691.1714683513615 0.0011656195278591968
3705.936154224767 0.0013068873914897556
3720.7598988416657 0.0014598756639643124
3735.6429384370326 0.0016264779710191484
3750.585510190781 0.001805502559724843
3765.587852231544 0.0019973602641557243
3780.6502036404704 0.002202821196680747
3795.772804455032 0.0024243682432492373
3810.955895672852 0.0026589052558119394
3826.199719255544 0.002903302335315915
3841.504518132566 0.00316209957378074
3856.870536205096 0.003433472807650331
3872.2980183499167 0.0036990651791315504
3887.7872104233156 0.0039630738161773975
3903.338359265009 0.004208393638105927
3918.9517127020695 0.004413928304411171
3934.6275195528774 0.0045367805420557916
3950.3660296310895 0.004519803329584369
3966.1674937496136 0.004261980672394543
3982.0321637246125 0.0036146598254945656
3997.9602923795105 0.0024535714174383242
4013.9521335490285 0.0009881104885467102
4030.007942083225 0.0001317515640971633
4046.1279738515577 3.5060913062002604e-06
4062.312485746964 0.0001432851416153854
4078.5617356899515 0.0012848952965215802
4094.8759826327114 0.003807386843676855
4111.255486563242 0.006655356483452311
4127.700508509496 0.009273935732488909
4144.211310543533 0.01160606675000513
4160.788155785708 0.013732237315428676
4177.431308408849 0.0157473990356666
4194.141033642486 0.01771222711183191
4210.917597777056 0.019479967783824645
4227.761268168164 0.021604345500740838
4244.672313240838 0.02338457602717674
4261.651002493801 0.025824111040356597
4278.697606503776 0.027639350754406815
4295.812396929791 0.030409035474005388
4312.995646517511 0.03296195921907481
4330.24762910358 0.03480728402767861
4347.568619619994 0.038099104364321984
4364.958894098475 0.0413369751791928
4382.418729674868 0.044166585305137986
4399.948404593568 0.04599648187513001
4417.548198211942 0.05092662647086868
4435.21839100479 0.05492873982554922
4452.959264568809 0.05889017820630468
4470.771101627084 0.06306377416893112
4488.654186033592 0.06599195916923652
4506.608802777726 0.06975584649874879
4524.635237988838 0.0769195006798556
4542.733778940792 0.0812174473074928
4560.904714056555 0.0839944692374496
4579.148332912781 0.0741845576830331
4597.464926244433 0.08593767551093486
4615.85478594941 0.08729543767698726
4634.318205093208 0.08715932177424489
4652.855477913582 0.08469650514539338
4671.466899825236 0.07796581991006592
4690.152767424537 0.0808132823591676
4708.913378494234 0.06884791221980349
4727.749032008212 0.04988744099357118
4746.660028136244 0.02940489786983631
4765.646668248789 0.014802027043103348
4784.709254921784 0.0063768295775414995
4803.8480919414715 0.002605005939628254
4823.063484309237 0.0011247524687573469
4842.355738246474 0.0005740988322731194
4861.72516119946 0.00035414118377306755
4881.172061844257 0.0002507485870962358
4900.6967500916335 0.00019410347317568965
4920.299537092001 0.00015086631211867055
4939.9807352403695 0.00011528087178734881
4959.740658181329 8.690640658140103e-05
4979.5796208140555 6.463734416111817e-05
4999.497939297312 4.946809272392958e-05
5019.495931054502 3.9568580508442854e-05
5039.57391477872 3.4630227768255264e-05
5059.732210437835 3.345566551154679e-05
5079.971139279585 3.4566584433527324e-05
5100.291023836704 3.630340338141697e-05
5120.692187932051 3.756042335140161e-05
5141.174956683781 3.865773948098179e-05
5161.739656510514 4.0190492950632584e-05
5182.386615136556 4.179686809543841e-05
5203.116161597103 4.290968301828375e-05
5223.928626243489 4.387544305090839e-05
5244.824340748465 4.503927785773123e-05
5265.803638111459 4.6063893841938104e-05
5286.866852663905 4.6909001471364786e-05
5308.0143200745615 4.802229317193421e-05
5329.246377354859 4.9192811079815655e-05
5350.563362864278 5.024907173639398e-05
5371.965616315736 5.161402937237136e-05
5393.453478780998 5.29989717244748e-05
5415.027292696122 5.421391963573897e-05
5436.687401866905 5.5819975315305036e-05
5458.434151474374 5.739496177956488e-05
5480.267888080271 5.8857407453489164e-05
5502.188959632591 6.0601547054878805e-05
5524.197715471122 6.241451125312088e-05
5546.294506333006 6.414480820118179e-05
5568.479684358337 6.605928761741702e-05
5590.753603095771 6.81288187023988e-05
5613.1166175081535 7.004576927547704e-05
5635.569083978187 7.230982818849146e-05
5658.1113603140975 7.434081110202278e-05
5680.743805755354 7.592935343434501e-05
5703.466780978376 7.871809544983822e-05
5726.28064810229 8.122984782773759e-05
5749.185770694699 8.375934104969789e-05
5772.182513777476 8.655237746938722e-05
5795.271243832587 8.958809933699425e-05
5818.452328807918 9.301503294950759e-05
5841.72613812315 9.69201573372198e-05
5865.093042675643 9.898133584002862e-05
5888.553414846345 0.00010132319500229337
5912.10762850573 0.00011109873241657255
5935.756059019754 0.00012851984693253006
5959.499083255832 0.00014607038066998337
5983.337079588855 0.00016571050666792323
6007.27042790721 0.00018914337700685912
6031.299509618841 0.0002174064216034689
6055.424707657316 0.0002491478395576123
6079.646406487946 0.0002852896705005328
6103.964992113897 0.0003269613707023753
6128.380852082353 0.000374897688745193
6152.894375490681 0.00043004426472642815
6177.505952992646 0.0004927205020070871
6202.215976804616 0.0005638813781299215
6227.024840711833 0.0006451044419322106
6251.932940074681 0.0007376734899471021
6276.940671834981 0.000842890984658817
6302.048434522321 0.0009681770696470852
6327.256628260409 0.0011074418972785015
6352.5656547734525 0.0012667727708746556
6377.975917392546 0.0014455343825859127
6403.487821062116 0.0016483401322983956
6429.101772346364 0.0018754039189171525
6454.81817943575 0.0021116494596760773
6480.637452153493 0.0023983725014089462
6506.560001962106 0.0027563546597427304
6532.586241969955 0.003152286997410882
6558.716586937834 0.0035967054617581694
6584.951453285586 0.004117860228859052
6611.291259098727 0.0047336142659999995
6637.7364241351215 0.005446195297044661
6664.2873698316625 0.006266568640936598
6690.94451931099 0.007203553902555117
6717.7082973882325 0.008283763977392672
6744.579130577787 0.00952724150758227
6771.557447100097 0.010925676955048619
6798.643676888497 0.012467087959498604
6825.838251596053 0.014146512646041097
6853.141604602436 0.015968656207291973
6880.554171020846 0.017861567805259104
6908.0763877049285 0.019497554997523252
6935.708693255749 0.020435959756702614
6963.4515280287715 0.023591024840365748
6991.305334140887 0.026069430570184803
7019.270555477449 0.0285564168892526
7047.34763769936 0.03194480807356391
7075.537028250157 0.03548018625139982
7103.839176363159 0.03913857570519347
7132.254533068612 0.04295205394472648
7160.783551200888 0.04366935690318776
7189.42668540569 0.046724512395262666
7218.184392147313 0.052122550461823056
7247.0571297159 0.05411212036807024
7276.045358234765 0.05847691811727103
7305.149539667704 0.05865552494696878
7334.370137826372 0.06418555528708834
7363.707618377678 0.06572421279998845
7393.162448851191 0.06849054553905809
7422.735098646595 0.07086737895511684
7452.426039041182 0.07268446425978063
7482.235743197345 0.0741020129635637
7512.1646861701365 0.07386050567773231
7542.213344914818 0.07327582617364688
7572.382198294477 0.07113175905064416
7602.671727087656 0.06364923604575508
7633.082413996006 0.03779468670551293
7663.614743651989 0.005875634396536024
7694.269202626598 0.007943027579429102
7725.046279437104 0.031153863051893306
7755.946464554851 0.06534324349371488
7786.970250413072 0.09540396414629336
7818.118131414723 0.11905978946829747
7849.390603940383 0.14019881771251594
7880.788166356144 0.16226275952050503
7912.311319021571 0.1874736671735241
7943.960564297654 0.2153160786758457
7975.736406554845 0.24074065009510537
8007.639352181065 0.2714199891060675
8039.669909589788 0.3030956498985893
8071.828589228147 0.32912589217401483
8104.115903585063 0.33955582639889564
8136.532367199402 0.35338760214328446
8169.078496668199 0.4079100906852354
8201.754810654873 0.42172669223543774
8234.561829897493 0.48715732003900103
8267.500077217084 0.5885695589602691
8300.570077525952 0.6243030896954478
8333.772357836056 0.6732196724818178
8367.1074472674 0.6695961886435822
8400.575877056472 0.7402025699861805
8434.178180564695 0.8194870607802455
8467.914893286956 0.9117381994682353
8501.786552860101 0.9974378003444296
8535.793699071543 1.105734991860789
8569.936873867831 1.224038578570937
8604.216621363299 1.3345077106135228
8638.633487848754 1.436000223778726
8673.18802180015 1.511575131808509
8707.880773887353 1.5671900442518523
8742.7122969829 1.6794102921298961
8777.68314617083 1.785694318201455
8812.793878755514 1.772785975027536
8848.045054270535 1.6038117379889614
8883.437234487617 0.8795374728422375
8918.970983425568 0.5420446336849933
8954.64686735927 1.0718692329413273
8990.465454828707 0.6446041570283201
9026.427316648023 1.131679871936725
9062.533025914616 1.667479644488251
9098.783158018272 1.8554354903920969
9135.178290650345 2.1660861774444173
9171.719003812947 2.4399107606711032
9208.405879828202 3.2785095190812026
9245.239503347511 3.4473081198221314
9282.2204613609 1.6734432252908984
9319.349343206346 1.863286647249183
9356.626740579171 1.9505555089204094
9394.053247541488 2.4629279440335385
9431.629460531654 2.675659644463337
9469.355978373778 2.836372961008653
9507.233402287276 2.6657684052793824
9545.262335896427 3.1089331772359725
9583.443385240013 2.5581790740579144
9621.777158780975 2.9805019907139014
9660.264267416096 3.3014765941878235
9698.90532448576 3.727675788530487
9737.7009457837 3.806078031343345
9776.651749566838 3.945091947333514
9815.758356565104 4.1472670330581085
9855.021389991363 4.512551611516473
9894.441475551332 5.097058650724465
9934.019241453534 4.931837186685694
9973.755318419348 4.493379524718178
10013.650339693024 4.481055380738834
10053.704941051796 4.453042001856167
10093.919760816003 5.304608401312991
10134.295439859268 6.444615688835374
10174.832621618703 7.4437430242468015
10215.531952105179 9.072450654732242
10256.394079913602 9.928593395750601
10297.419656233254 11.247321516553566
10338.609334858189 13.22556012037001
10379.96377219762 15.733065893207542
10421.483627286412 17.68715368956584
10463.169561795556 19.696565972026026
10505.022240042741 21.489913684292613
10547.042329002912 23.067364463869676
10589.230498318922 24.194162465598374
10631.587420312197 25.40580775225041
10674.113769993448 26.098119990987357
10716.810225073421 26.4062384799484
10759.677465973711 26.364669294011453
10802.716175837608 25.84098355487021
10845.927040540959 23.938186950217307
10889.310748703121 20.02319795976453
10932.867991697934 13.746907632269503
10976.599463664725 10.12919130494091
11020.505861519383 6.990073135590265
11064.587884965462 4.644602245332356
11108.846236505324 2.617428338520124
11153.281621451348 1.2140902814321004
11197.894747937147 0.9669311225608147
11242.686326928899 1.0419798721115665
11287.657072236614 1.5088345952024491
11332.807700525562 0.9415064202393818
11378.138931327663 0.5976810770088726
11423.651487052975 0.8852431763231542
11469.346093001184 0.7304718871925586
11515.22347737319 0.211704647406692
11561.284371282683 0.07853281128126337
11607.529508767815 0.13452915231185925
11653.959626802887 0.4088640580125938
11700.5754653101 0.3706535164728415
11747.377767171341 0.03698770195089509
11794.367278240028 0.27833321815419243
11841.544747352984 0.6797796010371211
11888.9109263424 1.1031998321901744
11936.46657004777 1.437690159732688
11984.212436327958 2.388295815455195
12032.149286073272 4.144102258511081
12080.277883217566 7.007267471745877
12128.598994750435 10.856914497691234
12177.113390729437 15.40611235970562
12225.821844292353 20.74749464106489
12274.725131669524 27.58865785282435
12323.824032196202 31.52814990089215
12373.119328324985 34.65277096935641
12422.611805638286 32.7199146276578
12472.302252860838 45.93685802273465
12522.19146187228 34.14659136002252
12572.280227719768 54.029515483016304
12622.569348630648 55.0399644515676
12673.059626025171 53.18420087202474
12723.751864529271 48.53893288349626
12774.646871987386 46.016900020941875
12825.74545947534 39.13172177477701
12877.04844131324 32.19511880754988
12928.556635078494 26.31044214345112
12980.270861618808 21.137853697744124
13032.191945065284 15.49888316126329
13084.320712845543 11.215377518894437
13136.657995696927 8.177484214406507
13189.204627679715 5.956089243250235
13241.961446190431 4.102152626808048
13294.929291975195 1.404922729891153
13348.109009143096 0.4735175413220799
13401.50144517967 0.33224327411717275
13455.107450960388 0.1748829435524738
13508.927880764231 0.10094145365975807
13562.963592287288 0.044767248053330655
13617.215446656439 0.024436659050205305
13671.684308443064 0.07310634699308612
13726.371045676835 0.03951632980355407
13781.276529859542 0.039511753684251825
13836.40163597898 0.02413277634447259
13891.747242522899 0.03255092931933807
13947.314231492988 0.02335126671898981
14003.103488418961 0.024799085643234447
14059.115902372636 0.04072783528065448
14115.352365982128 0.05294098724427777
14171.813775446057 0.06783525068993605
14228.501030547843 0.0774967573094838
14285.41503467003 0.13197598252713547
14342.556694808713 0.1609378897104853
14399.926921587949 0.2203472077013453
14457.5266292743 0.3271569636178765
14515.356735791396 0.5310990960199041
14573.418162734559 0.8575604760439085
14631.711835385498 0.8424814836643751
14690.238682727038 0.9491714267344975
14748.999637457951 1.2372854626350664
14807.995636007783 1.7282647112309837
14867.227618551815 1.8738879197890002
14926.69652902602 2.594768306475746
14986.403315142123 3.2515400148390645
15046.348928402693 3.641313452449576
15106.534324116303 4.7828155715994605
15166.96046141277 6.101719397267464
15227.62830325842 7.240479600369656
15288.538816471453 8.850946228964817
15349.692971737337 10.165143955894468
15411.091743624287 11.931695216310265
15472.736110598784 14.816952921937125
15534.62705504118 14.883932265456432
15596.765563261344 14.195116608142863
15659.152625514387 14.788476658920073
15721.789236016448 15.239080697766969
15784.676392960515 13.741904136381661
15847.815098532355 12.457114790380984
15911.206358926484 8.894677871662537
15974.85118436219 5.721641781045602
16038.75058909964 2.6185105579199117
16102.905591456036 1.2666471747468024
16167.31721382186 0.6560817842181982
16231.986482677148 0.37108311501981495
16296.914428607855 0.22855108863655696
16362.102086322288 0.24881372004420801
16427.550494667576 0.3097628323671941
16493.260696646248 0.28548356860520635
16559.23373943283 0.27958573120535246
16625.470674390563 0.3320182032481249
16691.972557088127 0.05376739849364189
16758.74044731648 0.10715671143934383
16825.775409105743 0.21207920991049273
16893.07851074217 0.16049712790434764
16960.650824785134 0.0830254000923189
17028.493428084275 0.07637443888881702
17096.607401796613 0.1484039244291681
17164.993831403797 0.11986180331471652
17233.653806729413 0.2568991172847094
17302.588421956334 0.11829206883578061
17371.798775644158 0.12970302675329595
17441.285970746736 0.22061324465697782
17511.05111462972 0.2970612495077623
17581.095319088243 0.2576539874591225
17651.419700364593 0.2116299934092605
17722.02537916605 0.16147510662002731
17792.913480682713 0.2814931600958324
17864.085134605448 0.21114991158850177
17935.54147514387 0.11795156984171597
18007.283641044443 0.20641784551275003
18079.312775608625 0.24434940793237908
18151.630026711056 0.3058475185841099
18224.236546817894 0.33059004447545487
18297.133493005167 0.2612064979831616
18370.32202697719 0.21128753248253962
18443.803315085097 0.36437555968713436
18517.578528345435 0.3630620009493103
18591.648842458817 0.3220688523910561
18666.01543782865 0.27598044441219394
18740.67949957997 0.3781497527190968
18815.642217578286 0.9054406788015855
18890.9047864486 1.011259469561879
18966.4684055944 1.3447310045285992
19042.334279216768 1.0882525143379869
19118.50361633364 1.2813402860682157
19194.977630798967 1.365033394262954
19271.757541322168 1.0410465540807206
19348.844571487454 0.8616772060092357
19426.239949773408 0.8281555008891279
19503.9449095725 1.2652479570530735
19581.960689210795 1.1126859131026083
19660.28853196764 1.6621390303721106
19738.929686095507 1.7970053585942265
19817.885404839893 2.174179630450247
19897.15694645925 2.464040991151993
19976.745574245087 3.2322507320661824
20056.65255654207 3.452620390726197
20136.879166768238 4.058567048092744
20217.426683435307 5.111811690673729
20298.296390169045 4.956210156097442
20379.489575729727 5.835545445972492
20461.007534032648 6.438460973700551
20542.851564168777 6.4375971387382664
20625.02297042545 6.6256626655775746
20707.523062307162 6.520405868205986
20790.353154556382 5.701621879299074
20873.514567174607 5.39759762437198
20957.008625443308 4.545449531072487
21040.836659945082 3.994341637691811
21125.000006584854 3.306974530491544
21209.5000066112 2.6497298110874716
21294.33800663765 2.0604785984375673
21379.515358664197 1.7716948557474048
21465.033420098855 1.3037457564704968
21550.893553779246 1.085437314913743
21637.097127994366 0.6815432656460084
21723.645516506345 0.67293917964368
21810.540098572368 0.568184421436155
21897.782258966654 0.3461249389619914
21985.37338800253 0.0881621348670415
22073.314881554532 0.0487299562335775
22161.60814108075 0.13394011280388296
22250.25457364508 0.10644086361129157
22339.25559193965 0.07215801724274061
22428.61261430741 0.04436359683875533
22518.32706476464 0.0314471878253748
22608.400373023702 0.026292872904174664
22698.833974515794 0.03179653779213478
22789.62931041386 0.026350325526472866
22880.78782765551 0.016983396671531422
22972.310978966132 0.017215896698822192
23064.200222882002 0.04098897110788365
23156.457023773528 0.06744281858974191
23249.082851868614 0.015867763848217566
23342.079183276095 0.019162614435331602
23435.447500009202 0.017888391646534416
23529.18929000923 0.02318512323924497
23623.306047169273 0.04010446163870705
23717.79927135796 0.02247507259494747
23812.670468443375 0.024442453113090137
23907.92115031715 0.04895299709217346
24003.552834918424 0.07058223661802406
24099.56704625809 0.10062587637196163
24195.96531444313 0.08832550177483287
24292.749175700897 0.09241460456531683
24389.9201724037 0.114019150236352
24487.479853093315 0.1582825383393603
24585.42977250569 0.21017471687254916
24683.771491595708 0.2362475425822441
24782.50657756209 0.24282941312886644
24881.636603872343 0.25602185333402383
24981.16315028783 0.3223957334504164
25081.087802888986 0.29630378572740007
25181.412154100537 0.27509999431496046
25282.137802716934 0.23126058052282014
25383.266353927807 0.2539676835623124
25484.79941934352 0.1508018416245828
25586.73861702089 0.15898921619950065
25689.08557148898 0.131492396476442
25791.84191377493 0.11954041127980142
25895.009281430033 0.08189123210914194
25998.589318555754 0.1327710202682493
26102.58367582998 0.15371402101778517
26206.994010533297 0.19408472503854457
26311.821986575433 0.24345886939943145
26417.069274521735 0.5081497731457661
26522.737551619815 0.43659697781650453
26628.828501826294 0.2306092129825952
26735.343815833607 0.08298294773230759
26842.285191096937 0.1289137334470924
26949.654331861326 0.253304382525511
27057.452949188766 0.2380837437575229
27165.682760985525 0.2679913121098651
27274.345492029468 0.563077702850308
27383.442873997585 0.2824274619920057
27492.976645493567 0.6201324321437259
27602.948552075544 0.29622647602729346
27713.360346283847 0.32492785734545326
27824.213787668985 0.22156644695820488
27935.510642819663 0.5005383670417085
28047.252685390937 0.29258855498743114
28159.441696132504 0.4791335699465256
28272.079462917034 0.798814753811706
28385.167780768694 0.42962457865127435
28498.70845189177 0.5363203860447345
28612.703285699336 0.7800110925161782
28727.154098842133 0.7882602233195626
28842.062715237505 0.8280932506357195
28957.430966098455 1.0288718422390317
29073.260689962848 0.9129595359149612
29189.553732722703 1.0940074275544303
29306.311947653598 1.5354315990204381
29423.537195444205 1.3255237808733564
29541.231344225984 1.3445863388262564
29659.396269602887 1.4066034030623928
29778.033854681304 1.4369066684800424
29897.14599010003 1.5987167447097779
30016.734574060432 1.036910054976152
30136.80151235667 1.3845077847182508
30257.348718406094 1.3477476715782635
30378.37811327972 1.159592185047228
30499.89162573284 0.8803982607219211
30621.891192235766 0.8065253610467108
30744.37875700471 0.7115673295182108
30867.356272032728 0.5959548855911084
30990.825697120858 0.46746612529875425
31114.78899990934 0.37870998902444114
31239.24815590897 0.32167059498889644
31364.20514853261 0.20906986495306984
31489.661969126744 0.17366623692187888
31615.62061700325 0.12171821493370809
31742.083099471263 0.10847340978147059
31869.05143186915 0.08208356402439795
31996.527637596624 0.07181319949211251
32124.51374814701 0.07204182362894831
32253.011803139605 0.0638891481437488
32382.02385035216 0.06490068246627861
32511.55194575357 0.06443844980982301
32641.598153536583 0.09159148324414045
32772.16454615073 0.12901905453555462
32903.25320433533 0.1528177242253223
33034.86621715268 0.1355807579842385
33167.005682021285 0.007706769320037924
33299.673704749366 0.007608554116795476
33432.87239956837 0.04099175850944745
33566.60388916664 0.0804928885726357
33700.87030472331 0.09567685764206664
33835.6737859422 0.09246891493305855
33971.016481085964 0.08636693529759917
34106.900547010315 0.08401905730739939
34243.32814919835 0.08454281429040467
34380.30146179514 0.08369476417872244
34517.82266764233 0.07878468744989091
34655.893958312896 0.09820236286872366
34794.51753414615 0.09073547460312396
34933.69560428273 0.11402452873089308
35073.43038669985 0.15803874047877112
35213.72410824666 0.15948530153182702
35354.57900467965 0.1572673141344605
35495.99732069836 0.19402335879952967
35637.98130998116 0.21224552059793064
35780.53323522108 0.25312661945405046
35923.65536816197 0.24092833298653168
36067.34998963462 0.21152768338433608
36211.61938959315 0.25827738074978807
36356.46586715153 0.3362257278434713
36501.891730620126 0.4175572934164274
36647.89929754261 0.48850744295379106
36794.49089473278 0.5740782513923731
36941.6688583117 0.5516492668384416
37089.43553374496 0.6512700884043995
37237.793275879936 0.639415053192277
37386.74444898345 0.7659305001539908
37536.29142677938 0.842472300523957
37686.43659248651 0.7939810565468468
37837.18233885645 0.6946321081370721
37988.53106821188 0.9065515829359571
38140.48519248474 1.138644384851895
38293.04713325467 1.39834607262845
38446.21932178769 0.926642956264698
38600.00419907484 1.0903877574704683
38754.40421587113 1.0468689339937913
38909.42183273463 1.300131344373335
39065.05952006556 1.2950673246739446
39221.31975814583 1.3593398063136672
39378.205037178406 1.6112318233666263
39535.71785732712 1.5564901234128752
39693.860728756415 1.728046102145703
39852.636171671445 1.9481009365685373
40012.04671635814 1.9322665604969274
40172.09490322357 2.1167099929593007
40332.78328283648 2.102196176411574
40494.11441596781 2.156443190462249
40656.090873631685 2.0808874789378917
40818.71523712622 1.953383226941513
40981.990098074726 2.0478330143961934
41145.918058467025 1.9162068024760899
41310.50173070089 1.9406509490893733
41475.74373762369 1.9954855012722885
41641.646712574184 2.1840464912608213
41808.21329942448 2.153011476312258
41975.44615262219 2.3387446114348522
42143.347937232684 2.593420899170687
42311.921328981625 2.5833146071164075
42481.16901429755 2.808081587957372
42651.09369035474 2.8358619056264702
42821.69806511615 2.252365108204577
42992.98485737662 0.9254240184923817
43164.95679680613 0.7666327725802203
43337.61662399335 1.420229672245343
43510.96709048933 1.9035613222809065
43685.01095885128 2.7973157986390813
43859.75100268668 2.7218356704703806
44035.19000669744 2.722391056131802
44211.330766724226 2.6927725760723327
44388.176089791115 2.1519547008190307
44565.72879415028 2.2465378859657825
44743.991709326874 1.7113192599179305
44922.9676761642 1.8829587378638177
45102.65954686885 1.8683496092894025
45283.07018505633 1.478648879484478
45464.20246579656 1.8367085069984728
45646.05927565975 1.6684441600452369
45828.64351276236 1.90621729329228
46011.95808681343 1.900130997529936
46196.00591916067 1.7952217562799997
46380.78994283732 2.117881441789377
46566.31310260868 2.25730556117887
46752.578355019126 2.0332548579428833
46939.588668439166 2.631920228123588
47127.34702311293 2.0429970042709864
47315.85641120539 1.8982334571495418
47505.11983685021 2.345603876658404
47695.14031619761 1.9196088872012758
47885.9208774624 1.7090096584705499
48077.46456097225 2.277866998002227
48269.774419216126 2.2417909844281403
48462.853516892996 1.8572650324427806
48656.70493096058 2.3314492396217172
48851.33175068441 2.1710852623787433
49046.737077687154 2.0878586302655773
49242.92402599791 2.3371241318733107
49439.89572210189 2.1269720690247667
49637.6553049903 1.954724260887776
49836.20592621027 2.389276255388237
50035.55074991511 2.3675383424581
50235.69295291477 1.5722743244137272
50436.63572472643 2.3028833512044207
50638.382267625326 2.2563277820731567
50840.935796695834 1.81509509295998
51044.2995398826 1.7921716439546913
51248.47673804215 2.0788900412870492
51453.47064499432 1.1816348249175108
51659.28452757429 1.5682106466891748
51865.92166568459 1.8086370215501464
52073.38535234733 1.025470395392449
52281.67889375672 1.3698750542749834
52490.80560933175 1.5238731288040306
52700.76883176907 1.2406825210810535
52911.57190709616 1.2677055294071395
53123.218194724526 1.3245294912210008
53335.711067503435 1.5309038050155759
53549.053911773444 0.8064994580415781
53763.25012742054 1.0408612771398633
53978.303127930216 1.151500752616734
54194.21634044194 0.5387704702855778
54410.99320580371 1.0058289236949964
54628.63717862692 0.8072082936539551
54847.15172734143 0.905353330651999
55066.540334250785 0.9293789195017591
55286.80649558781 0.7543157630619386
55507.95372157016 0.6512265642305253
55729.985536456436 0.5566458301280498
55952.90547860226 0.6724850978184311
56176.717100516675 0.6471782977885201
56401.42396891874 0.5222843749937433
56627.02966479442 0.6132544145262079
56853.5377834536 0.5331347111911637
57080.95193458741 0.5306531184809306
57309.27574232576 0.47739052366956003
57538.51284529506 0.5429341964351662
57768.666896676245 0.4893791271342531
57999.74156426295 0.6570875543397637
58231.74053052 0.30461761822636957
58464.66749264208 0.4566716409211428
58698.52616261265 0.3511464169841493
58933.3202672631 0.36007653622479835
59169.05354833215 0.5449599849414725
59405.72976252549 0.33501722660942773
59643.3526815756 0.45606289904743524
59881.926092301896 0.44178244076718803
60121.45379667111 0.5377268805019729
60361.93961185778 0.4500501514889322
60603.38737030522 0.3345528151703992
60845.800919786445 0.5381174638409068
61089.184123465595 0.4288951882543825
61333.54085995945 0.6100313863926844
61578.87502339928 0.45747420341176476
61825.19052349288 0.5224235929355696
62072.491285586846 0.6070255092438352
62320.7812507292 0.6339482360289624
62570.06437573213 0.6694886044387348
62820.34463323505 0.6700635844977219
63071.62601176801 0.7356136068506324
63323.91251581507 0.5504106522462057
63577.20816587833 0.5119622944086664
63831.51699854184 0.4371328177414166
64086.843066536014 0.2796033795751297
64343.19043880215 0.2971507624347537
64600.563200557364 0.2516493009074542
64858.96545335958 0.15525891798355726
65118.401315173025 0.2245683909938713
65378.87492043372 0.3636464712533809
65640.39042011545 0.27736555306606203
65902.95198179591 0.2787786914195209
66166.56378972309 0.31133807645364714
66431.23004488199 0.32896821129850995
66696.95496506151 0.39562070875786104
66963.74278492175 0.4776266274510305
67231.59775606144 0.3613620867136172
67500.52414708569 0.42738349242808416
67770.52624367403 0.3062661122194408
68041.60834864872 0.3739886457090665
68313.77478204331 0.36536745447334634
68587.02988117147 0.26899719677136347
68861.37800069616 0.427818484104623
69136.82351269896 0.44079391032807724
69413.37080674975 0.4914665290788794
69691.02428997675 0.312369045548404
69969.78838713666 0.4193290125668941
70249.6675406852 0.35079208852741367
70530.66621084794 0.2734434872902857
70812.78887569135 0.34258131604345704
71096.04003119409 0.2987270261349716
71380.42419131887 0.30261084558076873
71665.94588808414 0.24097990137133363
71952.60967163648 0.24545732777850665
72240.42011032304 0.2560761198927825
72529.38179076432 0.22563450265319238
72819.49931792737 0.20399792719343388
73110.77731519907 0.19740093666716288
73403.22042445988 0.15949353050331178
73696.83330615771 0.16429066134496603
73991.62063938235 0.1653595982935041
74287.58712193987 0.15615330272907949
74584.73747042764 0.15115436915349836
74883.07642030934 0.17409269960484633
75182.60872599059 0.19593158092615925
75483.33916089457 0.21523878876063368
75785.27251753812 0.2348868194572513
76088.4136076083 0.23971850263487973
76392.76726203872 0.30756342029755956
76698.33833108687 0.07908247793284727
77005.13168441122 0.09945315981755555
77313.15221114887 0.10590210621082458
77622.40481999348 0.12711047518532687
77932.89443927344 0.14943781198526523
78244.62601703055 0.16892228792739494
78557.60452109865 0.1846379193025102
78871.83493918306 0.18457811812981878
79187.3222789398 0.17241007813427736
79504.07156805556 0.21652311223094264
79822.08785432778 0.21684580502677328
80141.37620574511 0.18913133286404327
80461.94171056806 0.20731868565815595
80783.78947741033 0.19862360186191877
81106.92463531997 0.2653555239991223
81431.35233386126 0.22405721517086194
81757.0777431967 0.22539407615308787
82084.10605416949 0.23228856692524738
82412.44247838613 0.27186725946326923
82742.09224829968 0.2844117934676142
83073.06061729288 0.26563953794743017
83405.35285976208 0.2852204588252645
83738.9742712011 0.29774802931350297
84073.93016828595 0.29340787911370547
84410.22588895904 0.3481295684445257
84747.86679251489 0.34612815839830025
85086.85825968496 0.3681526149415927
85427.20569272367 0.36369083583243406
85768.91451549459 0.40149699025120106
86111.99017355654 0.38839821104663264
86456.43813425078 0.429401490914113
86802.2638867878 0.446311410112872
87149.47294233493 0.46040716211119526
87498.07083410428 0.4864712804371271
87848.0631174407 0.4564739021121176
88199.45536991046 0.49561434690176326
88552.25319139009 0.5141929419501978
88906.46220415569 0.48537767046519836
89262.08805297229 0.41060657029957287
89619.1364051842 0.44675856311884243
89977.61295080492 0.533811434818947
90337.52340260813 0.5371684084050146
90698.87349621857 0.5504904054944398
91061.66899020346 0.589642584941405
91425.91566616425 0.584060514528946
91791.61932882894 0.5698433966833109
92158.78580614422 0.5814403672224909
92527.4209493688 0.6009575536470559
92897.53063316627 0.546549422100437
93269.12075569895 0.5732425143850586
93642.19723872172 0.5831643361642522
94016.76602767664 0.5732620425362824
94392.83309178732 0.5512494190792788
94770.40442415449 0.5693608257879571
95149.48604185111 0.5727729092832943
95530.08398601852 0.6146860250877666
95912.20432196259 0.6259377008390333
96295.85313925042 0.5708696473276602
96681.0365518075 0.5993207074430317
97067.76069801472 0.6056024848233608
97456.03174080675 0.6203612119478754
97845.85586776999 0.6740054116180604
98237.23929124104 0.6158048126162634
98630.18824840599 0.6461828103620899
99024.70900139965 0.553999810281933
99420.80783740526 0.6612944918724405
99818.49106875488 0.7127288369819642
100217.76503302988 0.6772259775444829
100618.636093162 0.5340088376805265
101021.11063753467 0.5477772234690443
101425.1950800848 0.6048914318067721
101830.89586040513 0.5977123043374432
102238.21944384674 0.5850650057538931
102647.17232162213 0.5793108802475052
103057.7610109086 0.5672860581717942
103469.99205495225 0.3359579980781731
103883.87202317205 0.3433974541808716
104299.40751126477 0.3900636393188864
104716.60514130979 0.4219816472736993
105135.47156187505 0.4749324761420673
105556.01344812254 0.5082291828345649
105978.23750191503 0.5059027151308026
106402.15045192267 0.4992245617995212
106827.75905373038 0.48080357466479084
107255.07008994528 0.3449843393310859
107684.09037030509 0.3818419935806481
108114.8267317863 0.4894872160597297
108547.28603871344 0.4622357623461551
108981.47518286831 0.48714506229948346
109417.40108359976 0.44033090082328763
109855.0706879342 0.3858785163172143
110294.49097068593 0.38885580454040036
110735.66893456863 0.5222032675865992
111178.61161030692 0.532254568693449
111623.32605674816 0.5315686165048477
112069.81936097513 0.5278994371735414
112518.09863841905 0.4032236094697192
112968.17103297272 0.5419549610699123
113420.0437171046 0.5129905687602081
113873.72389197304 0.49332849875219636
114329.21878754091 0.548882377507714
114786.53566269108 0.48762949490675767
115245.68180534184 0.4613062538632747
115706.66453256323 0.4404541199657396
116169.49119069346 0.451660476604849
116634.16915545624 0.4250771732933946
117100.70583207808 0.3089140289120219
117569.1086554064 0.35223702461367135
118039.385090028 0.3990869353405908
118511.54263038811 0.4521137477940982
118985.58880090967 0.3899528367284975
119461.5311561133 0.41752781142812634
119939.37728073777 0.3935963294516853
120419.13478986072 0.42902007358786703
120900.81132902016 0.30398339980152106
121384.41457433623 0.41278928937977627
121869.9522326336 0.46016462536174724
122357.43204156413 0.36210327410560883
122846.86176973036 0.31111622160350283
123338.2492168093 0.39680349606867316
123831.60221367657 0.2490998993839188
124326.92862253124 0.29707203052346665
124824.23633702139 0.3495384356395574
125323.53328236948 0.25627357727016
125824.82741549893 0.2620130567967933
126328.12672516092 0.3314435061312933
126833.43923206156 0.3190621522497153
127340.77298898982 0.27709799994484724
127850.13608094577 0.3325582221575047
128361.53662526955 0.28057741894775573
128874.98277177062 0.2812742737433003
129390.4827028577 0.29915151213093544
129908.04463366912 0.29960017471177847
130427.67681220379 0.2453900350251349
130949.38751945265 0.3178402110729122
131473.18506953045 0.2606750584891066
131999.07780980857 0.2873241525322063
132527.0741210478 0.2208980640709637
133057.182417532 0.21438240768812253
133589.4111472021 0.2628231399368385
134123.76879179094 0.21903196924136908
134660.26386695806 0.1896068753093564
135198.9049224259 0.24107072201578458
135739.7005421156 0.24770210286835254
136282.65934428407 0.2331979177863101
136827.78998166122 0.22130144511347488
137375.1011415879 0.21231029448031724
137924.60154615424 0.2410115323438997
138476.29995233883 0.21232415742570893
139030.20515214818 0.23064777140440595
139586.32597275675 0.23526432827641938
140144.6712766478 0.1775774474177816
140705.2499617544 0.21588466335438214
141268.0709616014 0.200275370510808
141833.1432454478 0.15463558735710536
142400.4758184296 0.18794563600419026
142970.07772170333 0.2139551608975724
143541.95803259013 0.15234104017067482
144116.12586472047 0.1512074128994896
144692.59036817937 0.15691791321562595
145271.3607296521 0.13228186312125617
145852.44617257072 0.19457251241682047
146435.85595726097 0.1901234088321679
147021.59938109003 0.18032983846448547
147609.6857786144 0.18539411916111836
148200.12452172884 0.16890365106487812
148792.92501981577 0.13588137634982012
149388.09671989502 0.14282189980625967
149985.6491067746 0.15897769387913088
150585.59170320167 0.15694755601854923
151187.93407001448 0.16484203262588215
151792.68580629455 0.1307775306404649
152399.85654951975 0.1752411638735664
153009.45597571784 0.16337392123823047
153621.4937996207 0.1361388320693684
154235.97977481916 0.1435699090945434
154852.92369391845 0.13662515782119264
155472.3353886941 0.1126929408252737
156094.2247302489 0.11515733778668637
156718.60162916992 0.12589154827536855
157345.47603568656 0.09862005314807831
157974.8579398293 0.105717416032636
158606.75737158864 0.12558596217778062
159241.18440107498 0.13372735783778494
159878.14913867926 0.08616831391700487
160517.661735234 0.12474945599473486
161159.73238217493 0.10116006251683081
161804.3713117036 0.12383479479211398
162451.58879695044 0.09214724130635124
163101.39515213823 0.10772082065023757
163753.8007327468 0.11558470119717025
164408.81593567782 0.11061876284030596
165066.45119942052 0.10204230122549948
165726.71700421823 0.09892909814056543
166389.62387223504 0.07667897173147341
167055.18236772402 0.09166037491063521
167723.40309719497 0.10895737101656867
168394.2967095837 0.09876803610671075
169067.87389642204 0.07311744491150143
169744.14539200772 0.09247600658722452
170423.1219735757 0.1070958452456764
171104.81446147006 0.06808407346968773
171789.23371931593 0.08448614919547777
172476.3906541932 0.07707885504990009
173166.29621680998 0.08259190794687019
173858.96140167722 0.06087314073304495
174554.39724728392 0.08680123843544318
175252.61483627307 0.07272435621690447
175953.62529561817 0.07303737741236047
176657.43979680064 0.08061654158663044
177364.06955598784 0.07048115336261256
178073.52583421173 0.07920371705153284
178785.8199375486 0.08318162866648873
179500.9632172988 0.06527188458795086
180218.967070168 0.07514450643496771
180939.84293844865 0.07573188699254119
181663.60231020238 0.05270759394844098
182390.25671944322 0.0636604765759299
183119.81774632097 0.06117637952674148
183852.29701730626 0.06700829413616935
184587.7062053755 0.06891621196460129
185326.057030197 0.05613357693574902
186067.3612583178 0.05078212656614346
186811.63070335102 0.05697744157582165
187558.8772261645 0.05735270840959697
188309.11273506918 0.07899576483438665
189062.3491860094 0.06479331853822155
189818.59858275342 0.04711009183484221
190577.87297708448 0.06172947630330338
191340.18446899284 0.06294648072708288
192105.54520686882 0.05119938174941706
192873.9673876963 0.04211188043516168
193645.46325724703 0.04292619630951833
194420.04511027603 0.036696584929257293
195197.72529071715 0.05159425416336562
195978.51619188 0.04178752788865016
196762.4302566476 0.04736136946720057
199107.9942767367 0.045122026669259
203090.15416227144 0.041210430318661
207151.95724551688 0.03997210252779025
211294.9963904272 0.031542915289596046
215520.89631823578 0.0315230062092529
219831.31424460045 0.02832892682428978
224227.94052949245 0.02529215016597996
228712.4993400823 0.02771951540738897
233286.74932688402 0.02719404882226421
237952.48431342165 0.01806726989003239
242711.5339996901 0.026518678509427344
247565.76467968393 0.02145736910879773
252517.0799732776 0.01436823579773899
257567.42157274322 0.01895124829916455
262718.770004198 0.01636260146611242
267973.145404282 0.012018092385435948
273332.6083123676 0.016542561844083932
278799.26047861495 0.01225133258086227
284375.2456881872 0.008388488925559242
290062.750601951 0.011158850258568708
295864.00561398995 0.009551022707351255
301781.2857262697 0.009324184515732841
307816.91144079523 0.00687997392332772
313973.24966961105 0.008768867449276515
320252.7146630032 0.007636080956137714
326657.7689562633 0.0067148166072203445
333190.92433538847 0.00533964134653047
339854.7428220964 0.006964079218121197
346651.83767853834 0.004900362252092362
353584.87443210906 0.004086586931955126
360656.57192075124 0.003861232278575203
367869.70335916633 0.004777544396332401
375227.09742634965 0.0038481795443998635
382731.63937487674 0.004552927921386852
390386.2721623741 0.0031755764475729356
398193.99760562164 0.002867521454035234
406157.87755773397 0.0023367757089526446
414281.0351088888 0.003316597933480243
422566.65581106645 0.0029333374449216744
431017.98892728786 0.002129689619921373
439638.3487058336 0.0018204390671602015
448431.11567995034 0.0017845875952278733
457399.7379935492 0.0019857013018316615
466547.7327534202 0.0015254023527765284
475878.6874084886 0.001507821783070123
485396.2611566584 0.0015120768530562751
495104.1863797916 0.0011480966018287144
505006.2701073874 0.0012416411317600887
515106.39550953516 0.0010515278224654324
525408.5234197257 0.0012501995463156607
535916.6938881205 0.0010749647228000694
546635.0277658828 0.0009826531553739342
557567.7283212005 0.0008071460927296569
568719.0828876244 0.0007352452881334436
580093.4645453768 0.0007077610954399087
591695.3338362843 0.0006723373444952182
603529.2405130101 0.0006507083790968731
615599.8253232702 0.0006990089559446358
627911.8218297358 0.0005235670049626825
640470.0582663304 0.0004744554868985741
653279.459431657 0.00042189068341127415
666345.04862029 0.0003523557089044859
679671.9495926959 0.0004335654593730641
693265.38858455 0.0004454421206161818
707130.6963562409 0.0003366803071496901
721273.3102833657 0.00028903170251012557
735698.7764890331 0.0003071207356711231
750412.7520188137 0.00024979492024693244
765421.0070591901 0.0002656339497165828
780729.4272003738 0.0002215665351266809
796344.0157443815 0.0002229447048847789
812270.896059269 0.00019018936977345933
828516.3139804546 0.0001698521415622271
845086.6402600636 0.0001691865395889147
861988.3730652649 0.00018756251892964557
879228.14052657 0.00020841617432510533
896812.7033371016 0.0001484236837413224
914748.9574038435 0.00013850858496876337
933043.9365519203 0.00011711832458301864
951704.8152829591 9.685514494334607e-05
970738.911588618 0.00011316527162787657
990153.6898203905 8.320731318294895e-05
