1000.5530765187797 2.267901493895916e-18
1004.5552888248548 4.5498540927824876e-63
1008.5735099801544 8.480814697580662e-62
1012.607804020075 1.6923706414606618e-61
1016.6582352361554 1.8539356887315567e-62
1020.7248681770998 9.766668695291866e-49
1024.8077676498083 6.373457534303403e-52
1028.9069987204075 2.678518663638703e-60
1033.022626715289 2.2461363229128263e-45
1037.1547172221503 7.257453557197487e-61
1041.3033360910388 9.01293564352275e-59
1045.468549435403 6.030862743023591e-57
1049.6504236331448 1.0646434394930789e-60
1053.8490253276773 2.7016819846415425e-51
1058.064421428988 5.591373544925026e-59
1062.296679114704 1.146128448953974e-50
1066.5458658311627 3.0665082285968956e-55
1070.8120492944875 2.411026245961421e-56
1075.0952974916654 3.0298998059834688e-46
1079.3956786816323 3.683815124504957e-56
1083.7132613963586 1.7484741417172182e-44
1088.048114441944 1.3545821908272955e-47
1092.4003068997117 4.18471041397128e-32
1096.7699081273104 1.1461412625268928e-46
1101.15698775982 4.8953843107635204e-48
1105.561615710859 7.232821624372863e-33
1109.9838621737026 1.030290333226041e-37
1114.4237976223976 4.872190511308704e-43
1118.8814928128868 4.511817506787309e-47
1123.3570187841383 4.172140576950969e-43
1127.8504468592753 2.00396195639112e-27
1132.361848646712 4.502575409110943e-31
1136.8912960412988 2.272123751278431e-30
1141.438861225464 9.410145721216795e-30
1146.004616670366 5.156100650589996e-29
1150.5886351370475 7.522072972934016e-30
1155.190989677596 5.072486943282416e-31
1159.8117536363065 7.489480305345703e-29
1164.4510006508515 1.9876903674943325e-31
1169.108804653455 9.478711661037764e-33
1173.7852398720688 3.6016440869114115e-28
1178.480380831557 1.379705949530448e-27
1183.1943023548836 2.453618624837275e-27
1187.9270795643029 5.471233151030018e-30
1192.67878788256 2.455299657131176e-28
1197.4495030340906 5.718727120388681e-28
1202.2393010462267 7.448601788031278e-33
1207.0482582504117 9.07223599006466e-30
1211.8764512834132 5.130099860520955e-30
1216.7239570885472 1.8094990589755976e-33
1221.5908529169012 2.760343344156556e-30
1226.4772163285688 2.436029959499643e-29
1231.383125193883 1.22516001654552e-30
1236.3086576946585 4.3966480070380376e-30
1241.2538923254372 2.8105915402732385e-29
1246.2189078947392 4.402503696387981e-33
1251.203783526318 1.9684140554622567e-29
1256.2085986604231 1.762363128360422e-28
1261.233433055065 5.270804180710485e-29
1266.2783667872852 3.71536936118974e-33
1271.3434802544346 4.068478352048037e-26
1276.4288541754522 1.3828330200173688e-26
1281.534569592154 1.2762648125815357e-29
1286.6607078705229 1.3055906278458578e-28
1291.8073507020044 1.2048297204119072e-24
1296.9745801048125 2.2198517413281816e-25
1302.162478425232 1.3718369952473479e-28
1307.3711283389327 8.308835159312049e-27
1312.6006128522888 1.3378279126649614e-24
1317.851015303698 3.6161260815091657e-26
1323.1224193649127 2.9322265571420823e-26
1328.4149090423725 2.756488464295866e-25
1333.728568678542 5.349400838444324e-25
1339.0634829532567 3.3595635838927463e-25
1344.4197368850691 2.401516727352846e-26
1349.7974158326099 3.536993334454996e-23
1355.1966054959403 2.3433174186068124e-23
1360.6173919179244 6.818119791559304e-22
1366.059861485596 8.073265700170667e-24
1371.5241009315384 3.0401429756539185e-23
1377.0101973352646 4.2202102840283783e-22
1382.5182381246057 1.1118777510530806e-21
1388.0483110771042 1.4304091059395598e-21
1393.6005043214122 3.2748555307227056e-21
1399.1749063386976 1.108900615335531e-21
1404.7716059640527 3.5001426645499443e-20
1410.3906923879088 1.6289917732740575e-20
1416.0322551574602 1.0625950003813082e-19
1421.6963841780905 1.0655209589977897e-21
1427.3831697148032 4.6407543638823874e-20
1433.0927023936622 7.737637430072861e-19
1438.8250732032368 1.3355057934709736e-19
1444.5803734960498 8.590099555900212e-19
1450.3586949900334 4.587724971747892e-19
1456.1601297699938 1.862331428118332e-18
1461.984770289074 5.927947911079122e-19
1467.83270937023 1.0050909746048439e-18
1473.704040207711 2.700843289513769e-18
1479.5988563685412 4.483872320639534e-19
1485.5172517940157 2.121516137169201e-18
1491.459320801192 4.2706788001877875e-18
1497.4251580843968 1.450405550705302e-18
1503.4148587167342 3.563263390874276e-18
1509.4285181516007 9.667743391258488e-19
1515.4662322242077 1.1255869466524873e-21
1521.5280971531042 2.294694013533441e-20
1527.6142095417167 1.2357373129935775e-21
1533.7246663798837 1.2437536683024673e-22
1539.859565045403 1.1859069226900477e-21
1546.0190033055849 1.189328617279405e-24
1552.203079318807 4.1149898171789075e-24
1558.4118916360824 4.812332918822074e-24
1564.6455392026269 4.6589378451623275e-24
1570.9041213594373 3.510255180380918e-23
1577.187737844875 6.5329891722548855e-24
1583.4964887962547 2.884657052568239e-23
1589.8304747514399 9.091847942148576e-23
1596.1897966504455 2.0262820633756161e-23
1602.5745558370472 3.1895592629141793e-23
1608.9848540603957 6.878975783440948e-23
1615.4207934766368 5.782021242485351e-23
1621.8824766505436 7.019895333942475e-23
1628.3700065571454 7.409739821910331e-23
1634.8834865833744 1.2649023008607174e-22
1641.4230205297079 1.8208215357309212e-22
1647.9887126118267 2.6572241161230645e-22
1654.580667462274 1.93305780203899e-22
1661.198990132123 6.460733037936131e-22
1667.8437860926513 8.644965993076501e-22
1674.515161237022 3.3782141407728658e-21
1681.2132218819695 2.2801032782345918e-20
1687.9380747694975 3.3625145642514714e-21
1694.6898270685758 3.7576016910882993e-19
1701.4685863768502 1.2479819045197519e-19
1708.2744607223572 9.493386748575952e-20
1715.1075585652468 2.9413555163744375e-19
1721.967988799508 1.551587997399326e-19
1728.8558607547059 5.498421168477527e-19
1735.7712841977245 1.8040842811516201e-19
1742.7143693345156 4.521156879165201e-20
1749.6852268118535 6.973613057178123e-19
1756.6839677191008 3.681870414265502e-19
1763.7107035899771 3.942152970612343e-18
1770.7655464043373 6.638560610138168e-18
1777.8486085899544 4.632781704347717e-19
1784.9600030243143 2.4255665291174122e-17
1792.0998430364118 1.8980319158386804e-17
1799.2682424085576 1.8399692999877074e-17
1806.4653153781921 7.126886099146004e-17
1813.6911766397043 3.3879203423533926e-18
1820.945941346263 1.4744150869082594e-17
1828.2297251116483 4.753085793330514e-19
1835.5426440120948 3.697397400690935e-19
1842.8848145881432 8.671112890829258e-17
1850.2563538464956 2.423874408878407e-16
1857.657379261881 1.749438561132595e-17
1865.0880087789287 1.959027439354875e-16
1872.5483608140448 1.3025775684670803e-16
1880.0385542573008 3.4781639522818176e-17
1887.5587084743302 7.228814593165807e-16
1895.1089433082268 5.189808582890456e-16
1902.68937908146 1.4297429385842398e-16
1910.3001365977857 4.7863922510439805e-15
1917.9413371441767 6.678997466522666e-16
1925.6131024927531 1.5247170270583288e-15
1933.3155549027244 3.2144267654747257e-15
1941.0488171223355 2.2847706181586304e-15
1948.8130123908247 1.2498645317498342e-15
1956.608264440388 5.627683251960573e-15
1964.434697498149 1.9674075791791892e-15
1972.2924362881417 4.423711115110412e-15
1980.1816060332944 8.660275405090689e-15
1988.1023324574276 4.321429543590559e-15
1996.0547417872574 2.8420823340123617e-15
2004.0389607544066 3.62325532086961e-15
2012.0551165974243 1.7271023305432398e-15
2020.1033370638136 2.135331958304661e-16
2028.1837504120688 1.128292402972928e-16
2036.2964854137172 1.1070547344085944e-15
2044.4416713553724 1.4697948457981861e-15
2052.6194380407937 8.235352654988727e-15
2060.829915792957 6.441531548759637e-15
2069.0732354561287 7.045784355961922e-15
2077.3495283979532 1.0121539951358724e-14
2085.6589265115445 1.2001717904682168e-14
2094.001562217591 1.7528776614510602e-14
2102.3775684664615 1.0009666153597837e-14
2110.787078740328 9.952169899153242e-15
2119.2302270552887 2.606654803106547e-14
2127.70714796351 3.916430518302014e-14
2136.217976555364 6.358644227991504e-14
2144.7628484615852 8.999325076729565e-15
2153.341899855432 5.978312081444617e-14
2161.9552674548536 6.710807190621952e-14
2170.603088524673 1.2550385720700844e-13
2179.285500878772 5.899322356808549e-14
2188.0026428822866 5.271747437128486e-14
2196.754653453816 2.480326123033699e-13
2205.541672067631 1.5646406071329055e-13
2214.3638387559017 1.3877233890289357e-12
2223.2212941109246 1.6705479860068515e-13
2232.114179287369 3.083518473524286e-12
2241.0426360045185 1.0084688703672316e-12
2250.0068065485366 8.871935284116206e-12
2259.0068337747302 2.4314660310277464e-12
2268.0428611098296 2.9577080582460666e-12
2277.115032554269 3.5067200026251815e-12
2286.223492684486 3.314885158848275e-12
2295.368386655224 4.69256001803339e-12
2304.549860201845 1.179633344290753e-12
2313.7680596426517 2.039752660493192e-11
2323.0231318812225 1.1459376162891909e-11
2332.3152244087473 8.117642115626034e-11
2341.6444853063817 1.5682545761614166e-10
2351.0110632476076 8.821963335509252e-12
2360.415107500598 2.2086448116325634e-10
2369.8567679306 6.446547765851363e-12
2379.3361950023227 2.3248319809528803e-10
2388.853539782332 1.4882818104455866e-10
2398.4089539414617 1.3505929880576917e-09
2408.0025897572273 1.3648023370758673e-09
2417.6346001162565 1.1503888943978153e-10
2427.3051385167214 1.5404858606037565e-09
2437.0143590707885 7.677151879523022e-10
2446.762416507072 1.2725997541237653e-09
2456.5494661731 3.622809401761092e-10
2466.375664037793 1.786813160036462e-10
2476.2411666939443 1.3513027516300989e-10
2486.1461313607197 1.2046912479171954e-11
2496.090715886162 1.5950659474606086e-10
2506.075078749707 2.3253863651046184e-10
2516.0993790647044 2.2861268039366538e-10
2526.163776580964 1.7647319945591999e-10
2536.268431687288 1.1508643834137371e-09
2546.4135054140374 1.2363719308687655e-09
2556.599159435693 5.435180133298648e-09
2566.825556073436 8.27924719335163e-09
2577.09285829773 1.188938407060558e-08
2587.4012297309205 9.905216631743984e-09
2597.7508346498444 1.89814188613705e-08
2608.141837988444 1.5177824884559477e-08
2618.5744053403982 2.6015132792291978e-08
2629.0487029617593 3.7390969954033035e-08
2639.5648977736064 4.049967773556869e-08
2650.123157364701 3.315608349507964e-08
2660.7236499941596 3.281077234265266e-08
2671.366544594136 2.522844191197361e-08
2682.052010772512 3.354234991673944e-08
2692.7802188156024 2.4341218735416914e-08
2703.551339690865 2.7492058178367352e-08
2714.365545049628 1.43660846894217e-08
2725.223007229827 1.2287137105036628e-08
2736.123899258746 1.454007136082825e-08
2747.0683948557817 1.2297217250296986e-08
2758.0566684352048 1.739097700123575e-08
2769.0888951089455 1.897503110459452e-08
2780.165250689381 1.6449836926598867e-08
2791.2859116921386 1.2924468401604478e-08
2802.451055338907 8.772276538427648e-09
2813.660859560263 4.712018080613686e-09
2824.9155029985036 1.8491847214443646e-09
2836.2151650104965 5.884535004129808e-10
2847.5600256705393 9.675738111976596e-11
2858.950265773222 1.852442419493762e-10
2870.386066836315 1.1518520873747052e-09
2881.8676111036607 4.467300900855149e-09
2893.3950815480757 1.3440141024075474e-08
2904.968661874268 3.045141443261429e-08
2916.588536521764 5.390522254196607e-08
2928.254890667851 8.544781920993206e-08
2939.9679102305226 1.0410006707662446e-07
2951.727781871445 1.1885581407461094e-07
2963.534692998931 1.6010657625054024e-07
2975.3888317709266 1.915447623074042e-07
2987.2903870980094 2.7052698737950406e-07
2999.2395486464025 2.8836783898948396e-07
3011.2365068409886 4.944168992915946e-07
3023.2814528683516 2.4512108820852897e-07
3035.374578679825 9.11534960257283e-07
3047.516076994544 1.0947703578110552e-06
3059.7061413025226 1.5428554838569967e-06
3071.9449658677336 5.971203016000678e-06
3084.232745731204 1.048670327587787e-05
3096.569676714128 1.302374415069885e-05
3108.955955420985 2.091902134342608e-05
3121.3917792426687 2.8218865900530362e-05
3133.8773463596394 3.816635126911937e-05
3146.412855745078 4.6383020571942885e-05
3158.998507168058 6.603918209457047e-05
3171.6345011967305 8.252501296316877e-05
3184.321039201517 4.4662436792562094e-05
3197.0583233583234 2.777058706504877e-05
3209.8465566517566 0.00010273032176790448
3222.6859428783637 0.00014676945933816951
3235.576686649877 0.00013955596921132895
3248.518993396477 0.00026472474823170753
3261.513069370063 0.00033127799377631037
3274.559121647543 0.0004681456159788103
3287.6573581341336 0.0004639515716908183
3300.8079875666704 8.910923100937331e-05
3314.0112195169368 0.0004445559214351161
3327.2672643950045 0.0009077406773904644
3340.5763334525845 0.0007516435834174881
3353.938638786395 0.0006525061646071108
3367.354393341541 0.0006750257973159065
3380.8238109149074 0.0006596570494433706
3394.347106158567 0.001574003991549703
3407.924494583201 0.0014866033180485094
3421.5561925615334 0.0008882263545616957
3435.2424173317804 0.00014048542214800626
3448.9833870011066 0.000207309072948016
3462.7793205491116 0.00030709881666567655
3476.630437831308 0.0001844570039414157
3490.536959582633 0.00018409366367570727
3504.4991074209643 0.0016780908794154846
3518.5171038506473 0.0020825421978410844
3532.5911722660503 0.0038395572524663594
3546.7215369551145 0.007819385553520353
3560.9084231029346 0.0037653439007498766
3575.1520567953467 0.0018911728852628305
3589.452665022528 0.005449522098802418
3603.810475682617 0.008056041322872408
3618.225717585348 0.006806610962657758
3632.698620455689 0.0034705880320229305
3647.2294149375116 0.0022009605819727075
3661.8183325972614 0.005823626949031633
3676.4656059276513 0.002294366851224299
3691.1714683513615 0.0024537008082522876
3705.936154224767 0.0005969129218355224
3720.7598988416657 0.00012742991845204508
3735.6429384370326 0.0001563440964009158
3750.585510190781 0.0005316066242685045
3765.587852231544 0.0038055630148695536
3780.6502036404704 0.011715839459361544
3795.772804455032 0.010158117047644345
3810.955895672852 0.010365391289246979
3826.199719255544 0.0016075182157745292
3841.504518132566 0.0044818677701200195
3856.870536205096 0.0005081185519070097
3872.2980183499167 0.00164678763715184
3887.7872104233156 0.0010554092009737474
3903.338359265009 0.0029662059585081947
3918.9517127020695 0.004020984501064072
3934.6275195528774 0.01103286071983446
3950.3660296310895 0.026785325232901825
3966.1674937496136 0.05748641178735482
3982.0321637246125 0.053604496783814314
3997.9602923795105 0.05513852553053379
4013.9521335490285 0.11516418188341361
4030.007942083225 0.1545665859240711
4046.1279738515577 0.0733265967393208
4062.312485746964 0.15858086125541432
4078.5617356899515 0.16693773450083468
4094.8759826327114 0.18744871840802263
4111.255486563242 0.17976999008861572
4127.700508509496 0.1669921642956704
4144.211310543533 0.15451366342528072
4160.788155785708 0.14757776172933987
4177.431308408849 0.12127653402463437
4194.141033642486 0.10341379567790877
4210.917597777056 0.07284326555585956
4227.761268168164 0.09270063450127781
4244.672313240838 0.10904243128679297
4261.651002493801 0.12563659725592027
4278.697606503776 0.1592357815448968
4295.812396929791 0.16200657525266532
4312.995646517511 0.2503799147036259
4330.24762910358 0.3405572948338443
4347.568619619994 0.44463676360907123
4364.958894098475 0.380750956653712
4382.418729674868 0.2855603568909738
4399.948404593568 0.6175689533700359
4417.548198211942 0.6942390167096566
4435.21839100479 0.5789335814122302
4452.959264568809 0.768335102211344
4470.771101627084 0.8207007469329937
4488.654186033592 0.9457246493015588
4506.608802777726 1.537509887780327
4524.635237988838 1.2314990815325133
4542.733778940792 1.3571867432497329
4560.904714056555 1.6018327418239937
4579.148332912781 1.7983565959272059
4597.464926244433 1.771274050790445
4615.85478594941 2.6015305808818288
4634.318205093208 2.0415581125683526
4652.855477913582 2.097210723278209
4671.466899825236 1.7662523582012561
4690.152767424537 2.224691231900254
4708.913378494234 3.7353660735986964
4727.749032008212 3.9868377178838936
4746.660028136244 4.448796560179478
4765.646668248789 2.4857876756408683
4784.709254921784 1.254950212963556
4803.8480919414715 1.4088583055064445
4823.063484309237 1.7236860852864753
4842.355738246474 2.894668926680268
4861.72516119946 3.9292040236508883
4881.172061844257 5.018057134074522
4900.6967500916335 3.982975467478325
4920.299537092001 4.452069322349783
4939.9807352403695 5.032105358837862
4959.740658181329 2.801843821684451
4979.5796208140555 2.448825739336407
4999.497939297312 1.725151091505904
5019.495931054502 1.3999383503444807
5039.57391477872 2.170009037035571
5059.732210437835 1.9361340004232925
5079.971139279585 2.3721601585705323
5100.291023836704 1.6062092878354328
5120.692187932051 1.0790257655411777
5141.174956683781 0.6926426263000484
5161.739656510514 0.4288656547534216
5182.386615136556 0.2956756446226566
5203.116161597103 0.48136869488304984
5223.928626243489 2.380131901615199
5244.824340748465 2.883785091977703
5265.803638111459 2.4686617626648566
5286.866852663905 3.7176431245275303
5308.0143200745615 3.809157297983957
5329.246377354859 2.8589287412495805
5350.563362864278 3.439518566247308
5371.965616315736 2.73254378796474
5393.453478780998 2.7293121398208195
5415.027292696122 2.674460812811136
5436.687401866905 2.171147717263175
5458.434151474374 1.4711546714073669
5480.267888080271 1.8434315117878648
5502.188959632591 1.666625529527932
5524.197715471122 1.7371077037006422
5546.294506333006 1.7367461289742157
5568.479684358337 1.5504523842969469
5590.753603095771 1.2615551711238362
5613.1166175081535 1.0399758015293765
5635.569083978187 0.9139120600940935
5658.1113603140975 0.8921336765112167
5680.743805755354 0.7528629812806563
5703.466780978376 0.67406695855495
5726.28064810229 0.5534745160901847
5749.185770694699 0.4359841777579276
5772.182513777476 0.3148554482719485
5795.271243832587 0.21427693724588065
5818.452328807918 0.12995109962659826
5841.72613812315 0.06883235648078168
5865.093042675643 0.014942859428195203
5888.553414846345 0.00011929624436992708
5912.10762850573 0.0034078190661886347
5935.756059019754 0.05394619986036141
5959.499083255832 0.1601613760310166
5983.337079588855 0.3210248573786369
6007.27042790721 0.5676547990225675
6031.299509618841 0.9376782870518553
6055.424707657316 1.4426976815036006
6079.646406487946 2.0957171591332684
6103.964992113897 2.8854704775515727
6128.380852082353 3.859256602754323
6152.894375490681 3.8384543227182824
6177.505952992646 2.390348472951037
6202.215976804616 2.4082478699910923
6227.024840711833 2.2359974509600735
6251.932940074681 3.510704241981419
6276.940671834981 5.232434826906407
6302.048434522321 7.594486669704944
6327.256628260409 10.445673877185794
6352.5656547734525 10.911518255083868
6377.975917392546 7.872105937811977
6403.487821062116 11.985438977767133
6429.101772346364 16.64791692029058
6454.81817943575 22.955922939113847
6480.637452153493 28.44568721208764
6506.560001962106 33.28369474012541
6532.586241969955 40.65367949650568
6558.716586937834 35.398540950598914
6584.951453285586 33.64390609336947
6611.291259098727 36.40920025425506
6637.7364241351215 33.69705296519028
6664.2873698316625 25.70483435523218
6690.94451931099 22.357405444218166
6717.7082973882325 21.90209629384887
6744.579130577787 22.250271035945836
6771.557447100097 29.24176677633984
6798.643676888497 22.57084853327548
6825.838251596053 25.774994796753784
6853.141604602436 21.53320988013718
6880.554171020846 17.635056000406017
6908.0763877049285 17.85431419420855
6935.708693255749 20.102648743486913
6963.4515280287715 23.2909086690568
6991.305334140887 24.75952206610176
7019.270555477449 32.254804061256294
7047.34763769936 62.02348245714321
7075.537028250157 41.43300165670936
7103.839176363159 28.784982744886495
7132.254533068612 25.7918382595611
7160.783551200888 31.64401908309374
7189.42668540569 53.86174995020738
7218.184392147313 58.30598748661135
7247.0571297159 86.71236916699195
7276.045358234765 105.2737418655262
7305.149539667704 122.3233203661051
7334.370137826372 127.12047298306399
7363.707618377678 124.12645359641098
7393.162448851191 117.18861910082829
7422.735098646595 108.02443270630343
7452.426039041182 98.22077698318344
7482.235743197345 89.06694409012225
7512.1646861701365 79.65975875046108
7542.213344914818 72.0176883058973
7572.382198294477 62.293368918447285
7602.671727087656 41.16482308039303
7633.082413996006 14.00309281496125
7663.614743651989 0.24335689500827173
7694.269202626598 0.3346549285199561
7725.046279437104 7.134403873749541
7755.946464554851 24.564915351033452
7786.970250413072 51.94438536726653
7818.118131414723 74.06717535819958
7849.390603940383 89.26472976397325
7880.788166356144 111.94141152061222
7912.311319021571 131.1168134044052
7943.960564297654 155.16527165790632
7975.736406554845 176.58894298580458
8007.639352181065 203.4914210089892
8039.669909589788 210.02141272902577
8071.828589228147 215.14651835237157
8104.115903585063 226.92821406669
8136.532367199402 242.207959687422
8169.078496668199 228.47052990286087
8201.754810654873 185.69455359581258
8234.561829897493 271.158499733112
8267.500077217084 287.08572360116835
8300.570077525952 294.91175391925964
8333.772357836056 310.02425238514394
8367.1074472674 288.9630098999085
8400.575877056472 297.4077347110735
8434.178180564695 255.5173730104255
8467.914893286956 221.3462022257634
8501.786552860101 264.7380020967676
8535.793699071543 301.8896556614268
8569.936873867831 336.43203193561965
8604.216621363299 328.4372997432011
8638.633487848754 231.0082477388175
8673.18802180015 294.7820749737856
8707.880773887353 158.56334395619533
8742.7122969829 180.85037421484287
8777.68314617083 236.9499489149686
8812.793878755514 240.1181532256317
8848.045054270535 289.60747882743203
8883.437234487617 228.97933109233225
8918.970983425568 299.30372171047287
8954.64686735927 311.64870673944444
8990.465454828707 344.9199018018303
9026.427316648023 301.50276298005844
9062.533025914616 283.87004839780803
9098.783158018272 333.7025961833645
9135.178290650345 345.30399753113187
9171.719003812947 377.29587331489967
9208.405879828202 407.5491387129482
9245.239503347511 408.2921296310537
9282.2204613609 409.7906081485482
9319.349343206346 394.0849099196741
9356.626740579171 400.6354724865253
9394.053247541488 403.5567651939831
9431.629460531654 429.40746918503993
9469.355978373778 457.0146215976076
9507.233402287276 464.69437240346315
9545.262335896427 471.65489329483654
9583.443385240013 470.173007193514
9621.777158780975 430.6772009489571
9660.264267416096 417.14371473889867
9698.90532448576 434.56200684523844
9737.7009457837 426.2483572917153
9776.651749566838 420.53145627706954
9815.758356565104 474.44057642642565
9855.021389991363 454.5694625667582
9894.441475551332 341.56239626792893
9934.019241453534 149.10850336679118
9973.755318419348 194.10176083905077
10013.650339693024 207.4832189641939
10053.704941051796 197.498122062992
10093.919760816003 253.10360372549266
10134.295439859268 250.7954395690185
10174.832621618703 259.5557506688113
10215.531952105179 274.2898235636026
10256.394079913602 263.566274571192
10297.419656233254 248.75906909300372
10338.609334858189 252.19391952822517
10379.96377219762 305.99113539861025
10421.483627286412 298.1973191886779
10463.169561795556 331.60850590167047
10505.022240042741 324.21971936064006
10547.042329002912 355.09578363858327
10589.230498318922 353.1344101094776
10631.587420312197 352.7334090764624
10674.113769993448 337.703875532548
10716.810225073421 343.5651896895104
10759.677465973711 368.3072127492349
10802.716175837608 369.21304213907695
10845.927040540959 383.8584401393657
10889.310748703121 393.86908767501126
10932.867991697934 387.6104954714421
10976.599463664725 380.8458583357786
11020.505861519383 389.15313419760815
11064.587884965462 383.5171065213365
11108.846236505324 381.6629934134176
11153.281621451348 385.30814870281046
11197.894747937147 388.4956090573594
11242.686326928899 398.9791826271629
11287.657072236614 401.5730527524338
11332.807700525562 393.850090441574
11378.138931327663 370.24280047167906
11423.651487052975 379.84285755218355
11469.346093001184 407.4126274729522
11515.22347737319 410.6985555495186
11561.284371282683 404.86612846889386
11607.529508767815 406.6556191622062
11653.959626802887 409.9891913765011
11700.5754653101 370.58153012426953
11747.377767171341 378.21898354523165
11794.367278240028 343.55935755281934
11841.544747352984 396.2847674188749
11888.9109263424 409.02138065588866
11936.46657004777 396.576050249123
11984.212436327958 354.2828897535238
12032.149286073272 358.9880996299977
12080.277883217566 382.4056592258774
12128.598994750435 369.51899224185246
12177.113390729437 384.38249914468366
12225.821844292353 375.1259725700444
12274.725131669524 391.55098392170333
12323.824032196202 385.6403349882325
12373.119328324985 382.3437531077712
12422.611805638286 347.38559413966084
12472.302252860838 385.6495282762181
12522.19146187228 358.74711975958314
12572.280227719768 390.87463197008066
12622.569348630648 392.587520477288
12673.059626025171 405.52128611564643
12723.751864529271 403.8082745428154
12774.646871987386 404.91917190684495
12825.74545947534 407.60131045470706
12877.04844131324 394.9098200821574
12928.556635078494 393.96905922185675
12980.270861618808 400.5457980149681
13032.191945065284 403.19218546511587
13084.320712845543 400.38846868935224
13136.657995696927 402.18616975657494
13189.204627679715 398.85933920259635
13241.961446190431 389.7403831408141
13294.929291975195 373.41485894495594
13348.109009143096 313.21356930005817
13401.50144517967 277.98580288381703
13455.107450960388 258.0656313225293
13508.927880764231 250.38522115287657
13562.963592287288 230.86124152488324
13617.215446656439 249.1918233049041
13671.684308443064 266.5720266444373
13726.371045676835 266.4249438537292
13781.276529859542 277.550776024263
13836.40163597898 252.97924415835266
13891.747242522899 251.8539608529126
13947.314231492988 236.7661403379404
14003.103488418961 234.58295560683962
14059.115902372636 239.3140954157844
14115.352365982128 216.6992338143496
14171.813775446057 219.16139459430127
14228.501030547843 218.0889182884333
14285.41503467003 219.74855590241248
14342.556694808713 215.39013436665104
14399.926921587949 217.28750690064012
14457.5266292743 224.04451370666786
14515.356735791396 225.64017198641386
14573.418162734559 229.90124726762437
14631.711835385498 224.578397074218
14690.238682727038 220.69253531387952
14748.999637457951 223.34613443831532
14807.995636007783 221.07913793198136
14867.227618551815 218.7605297300626
14926.69652902602 216.97633637890203
14986.403315142123 215.01279379485237
15046.348928402693 211.91472573600578
15106.534324116303 208.35943949128705
15166.96046141277 205.99738831277566
15227.62830325842 203.43134523078584
15288.538816471453 199.57168600301426
15349.692971737337 195.2302701052065
15411.091743624287 191.41291646559247
15472.736110598784 188.0592245027321
15534.62705504118 183.1212778313884
15596.765563261344 178.617888319107
15659.152625514387 174.0788225627874
15721.789236016448 169.3350465761257
15784.676392960515 164.5962742730339
15847.815098532355 159.90209333090684
15911.206358926484 154.83405545732248
15974.85118436219 149.55231835440395
16038.75058909964 143.69351424738085
16102.905591456036 137.43385438078076
16167.31721382186 131.45707019727038
16231.986482677148 126.09232325420469
16296.914428607855 121.84619578148764
16362.102086322288 118.48389383906921
16427.550494667576 115.7251033178123
16493.260696646248 113.36464377095601
16559.23373943283 109.85727546404796
16625.470674390563 106.40976469025779
16691.972557088127 98.75647678824335
16758.74044731648 97.5832389275801
16825.775409105743 96.09206880341362
16893.07851074217 92.97975766711102
16960.650824785134 89.71728744569982
17028.493428084275 87.37609832457971
17096.607401796613 85.74644924608492
17164.993831403797 82.94013998633825
17233.653806729413 80.9061954664494
17302.588421956334 77.8691419242527
17371.798775644158 75.12801345489417
17441.285970746736 72.53924965150698
17511.05111462972 70.42884746868609
17581.095319088243 67.54959377851567
17651.419700364593 64.33782639373416
17722.02537916605 62.62916713864306
17792.913480682713 59.56929733116864
17864.085134605448 57.0737052738897
17935.54147514387 54.072971217643776
18007.283641044443 53.42282453724395
18079.312775608625 50.99978137673737
18151.630026711056 50.47866572278477
18224.236546817894 50.160927788204475
18297.133493005167 47.33901022978454
18370.32202697719 47.353087221376285
18443.803315085097 46.83610833396444
18517.578528345435 44.79260402296254
18591.648842458817 42.15953815196412
18666.01543782865 41.649231948240526
18740.67949957997 41.5667278401559
18815.642217578286 43.43806948629681
18890.9047864486 43.0240709176546
18966.4684055944 43.25455221731437
19042.334279216768 41.31687239132534
19118.50361633364 41.04786654230468
19194.977630798967 39.28343770467951
19271.757541322168 38.32928674141346
19348.844571487454 37.45049990676221
19426.239949773408 35.971017140695416
19503.9449095725 36.69088614747829
19581.960689210795 35.24907026145205
19660.28853196764 36.05228268167964
19738.929686095507 35.33447588747852
19817.885404839893 35.63815172613896
19897.15694645925 35.25816713791299
19976.745574245087 35.26409184936744
20056.65255654207 35.20810718427095
20136.879166768238 34.87145214088238
20217.426683435307 34.6820196310236
20298.296390169045 34.16980177229503
20379.489575729727 33.86675085566019
20461.007534032648 33.466697559404906
20542.851564168777 32.98765435980245
20625.02297042545 32.48595144998633
20707.523062307162 31.999018235737505
20790.353154556382 31.449056711764168
20873.514567174607 30.957470018793042
20957.008625443308 30.433958233252223
21040.836659945082 29.933798459398854
21125.000006584854 29.45229736114014
21209.5000066112 28.97877028473548
21294.33800663765 28.5252263874236
21379.515358664197 28.087667950844857
21465.033420098855 27.654812800845693
21550.893553779246 27.214720766440916
21637.097127994366 26.741246802387572
21723.645516506345 26.311782080043727
21810.540098572368 25.812819996841338
21897.782258966654 25.220394727353167
21985.37338800253 24.147375232554754
22073.314881554532 23.35468943611027
22161.60814108075 23.513536667869896
22250.25457364508 23.156967929041418
22339.25559193965 22.595548241858427
22428.61261430741 22.038707788991353
22518.32706476464 21.65889122430259
22608.400373023702 21.167678159565174
22698.833974515794 21.054296822232196
22789.62931041386 20.61733143552436
22880.78782765551 20.19754292311736
22972.310978966132 20.019807611906092
23064.200222882002 20.36275071945325
23156.457023773528 19.973042372855872
23249.082851868614 19.216318202723077
23342.079183276095 18.727760821570463
23435.447500009202 18.73160774145608
23529.18929000923 19.090628370859463
23623.306047169273 19.409832646775683
23717.79927135796 18.751080431125203
23812.670468443375 18.686865692260525
23907.92115031715 19.347266789785834
24003.552834918424 19.71678842445415
24099.56704625809 19.928621635935983
24195.96531444313 20.061503578232
24292.749175700897 20.34956699483305
24389.9201724037 20.388932178504167
24487.479853093315 20.55058681488858
24585.42977250569 20.87121801291901
24683.771491595708 21.17808479868917
24782.50657756209 20.95122246952332
24881.636603872343 21.33850230516908
24981.16315028783 21.85508691015228
25081.087802888986 21.18989725670328
25181.412154100537 21.703940295608923
25282.137802716934 21.223340361152687
25383.266353927807 21.758732286611192
25484.79941934352 21.629215985391482
25586.73861702089 22.566806383652175
25689.08557148898 22.672996586349576
25791.84191377493 22.800235147101787
25895.009281430033 23.594920901127573
25998.589318555754 24.682775639057695
26102.58367582998 26.39819237360745
26206.994010533297 26.891659077901128
26311.821986575433 27.227642127864065
26417.069274521735 28.730379917730225
26522.737551619815 29.40636367164023
26628.828501826294 28.387713290312192
26735.343815833607 25.176270949724593
26842.285191096937 25.318307894013167
26949.654331861326 25.722793771030968
27057.452949188766 26.481006291898584
27165.682760985525 27.29553331286765
27274.345492029468 29.5281959876996
27383.442873997585 28.062475325435376
27492.976645493567 31.794594301526384
27602.948552075544 29.335760559641898
27713.360346283847 29.3285880425961
27824.213787668985 27.8867944968892
27935.510642819663 32.35418939553828
28047.252685390937 27.801938888849985
28159.441696132504 29.459727748468683
28272.079462917034 33.85351072158329
28385.167780768694 29.260422944959537
28498.70845189177 31.04038902895412
28612.703285699336 33.104446410928674
28727.154098842133 31.927743339381248
28842.062715237505 33.4418569336472
28957.430966098455 33.859386289242785
29073.260689962848 33.14440611059453
29189.553732722703 36.11296107775063
29306.311947653598 36.26970722721949
29423.537195444205 35.91090397816327
29541.231344225984 36.6521201161688
29659.396269602887 37.01359664138945
29778.033854681304 38.333044013554996
29897.14599010003 38.78518514167384
30016.734574060432 37.67825029818291
30136.80151235667 39.47796466299486
30257.348718406094 37.75524422938531
30378.37811327972 38.55435712377213
30499.89162573284 35.05017371658322
30621.891192235766 33.895486844547094
30744.37875700471 30.975795211654567
30867.356272032728 28.6984395063234
30990.825697120858 27.496817673874318
31114.78899990934 24.77504692453676
31239.24815590897 23.87354214346004
31364.20514853261 21.12943018739916
31489.661969126744 19.476281992425676
31615.62061700325 18.102567843098836
31742.083099471263 17.827754671598647
31869.05143186915 16.851631601747634
31996.527637596624 16.668970384070082
32124.51374814701 17.946079617547028
32253.011803139605 17.83351639529691
32382.02385035216 19.04218359547861
32511.55194575357 20.22342278422611
32641.598153536583 22.11987552396581
32772.16454615073 24.301518864273028
32903.25320433533 25.21179380258791
33034.86621715268 23.392398861739128
33167.005682021285 11.178227851540253
33299.673704749366 7.525700810670062
33432.87239956837 9.952572292765751
33566.60388916664 14.192820752330748
33700.87030472331 18.864657658428893
33835.6737859422 21.17307829269303
33971.016481085964 21.126897547006422
34106.900547010315 20.440554948681186
34243.32814919835 18.950188634469416
34380.30146179514 17.8656137083145
34517.82266764233 18.164450350065522
34655.893958312896 18.919918091796696
34794.51753414615 18.964268237428982
34933.69560428273 19.443590668716183
35073.43038669985 20.117796002279103
35213.72410824666 20.589138131632687
35354.57900467965 20.485670857085854
35495.99732069836 20.72948980004977
35637.98130998116 21.43099583006554
35780.53323522108 22.701708217658034
35923.65536816197 24.439378247167046
36067.34998963462 25.29271489721892
36211.61938959315 26.904158052874532
36356.46586715153 28.112525783050263
36501.891730620126 29.292685408247
36647.89929754261 30.371270528708592
36794.49089473278 31.77582281738114
36941.6688583117 32.361832565714025
37089.43553374496 33.071287246188454
37237.793275879936 33.4139630343904
37386.74444898345 34.15781877202519
37536.29142677938 34.45966718146979
37686.43659248651 34.29260896760667
37837.18233885645 34.39433470010197
37988.53106821188 34.433720105196414
38140.48519248474 34.58034458679521
38293.04713325467 34.68489973914405
38446.21932178769 34.298267973394545
38600.00419907484 34.36657241700933
38754.40421587113 34.10982105916118
38909.42183273463 33.97130509667454
39065.05952006556 33.69264059557896
39221.31975814583 33.391575166993384
39378.205037178406 33.25312093407901
39535.71785732712 32.85450675559337
39693.860728756415 32.56447416154937
39852.636171671445 32.2699470389051
40012.04671635814 31.89100125090875
40172.09490322357 31.552025170699384
40332.78328283648 31.144709215096892
40494.11441596781 30.737744900320017
40656.090873631685 30.39303974672204
40818.71523712622 29.83257744872429
40981.990098074726 29.50816504083306
41145.918058467025 29.121965214844003
41310.50173070089 28.534084700418365
41475.74373762369 28.35774768261146
41641.646712574184 27.71115186202853
41808.21329942448 27.301672674817294
41975.44615262219 27.075262233483762
42143.347937232684 26.49395454657817
42311.921328981625 26.40511049733613
42481.16901429755 25.557100540780386
42651.09369035474 25.42908411068077
42821.69806511615 24.993829942065283
42992.98485737662 24.106074357623683
43164.95679680613 23.821513059002175
43337.61662399335 23.47798856687342
43510.96709048933 22.94425853684888
43685.01095885128 22.31925316012312
43859.75100268668 21.482230652414028
44035.19000669744 20.676106428869144
44211.330766724226 20.335193009469002
44388.176089791115 19.061890624888864
44565.72879415028 18.794461844983715
44743.991709326874 17.511977464241895
44922.9676761642 17.261602674179972
45102.65954686885 17.047382808114374
45283.07018505633 16.279610691225024
45464.20246579656 16.11542257013884
45646.05927565975 15.446122729501484
45828.64351276236 15.818879556921905
46011.95808681343 15.64050192400116
46196.00591916067 15.685446797714704
46380.78994283732 15.738821589111518
46566.31310260868 16.19954635775147
46752.578355019126 15.723123129902689
46939.588668439166 15.956771508699825
47127.34702311293 15.336643273670283
47315.85641120539 15.048060531895189
47505.11983685021 14.67209518772028
47695.14031619761 14.325341903413584
47885.9208774624 13.849026289422273
48077.46456097225 14.05337648774004
48269.774419216126 14.020386615801645
48462.853516892996 13.436663382362674
48656.70493096058 13.80177484005152
48851.33175068441 13.297125008209607
49046.737077687154 13.172025499743771
49242.92402599791 12.90221967768948
49439.89572210189 12.908777705376957
49637.6553049903 12.216878749520614
49836.20592621027 13.113789744300432
50035.55074991511 12.587001606682168
50235.69295291477 11.808470364038177
50436.63572472643 12.2458404427979
50638.382267625326 12.370840589710571
50840.935796695834 11.88459516616928
51044.2995398826 12.13410674682688
51248.47673804215 11.78781714052421
51453.47064499432 11.306043322857272
51659.28452757429 11.31132566909832
51865.92166568459 11.744692944423301
52073.38535234733 10.749794521890085
52281.67889375672 11.160976676148344
52490.80560933175 10.835935878059129
52700.76883176907 10.49919201952531
52911.57190709616 10.461081403299788
53123.218194724526 10.277082000967466
53335.711067503435 10.719655223273042
53549.053911773444 9.576729640306896
53763.25012742054 9.733190423631337
53978.303127930216 9.782943413837694
54194.21634044194 8.546684820154457
54410.99320580371 9.610333880851401
54628.63717862692 9.030301524195872
54847.15172734143 9.096453845735594
55066.540334250785 8.930098113482993
55286.80649558781 8.563104254384557
55507.95372157016 8.37769825226698
55729.985536456436 8.100267447590454
55952.90547860226 8.4784306761228
56176.717100516675 8.153162878485348
56401.42396891874 8.227971787136592
56627.02966479442 7.992618630499632
56853.5377834536 7.698142815440162
57080.95193458741 7.590354535289982
57309.27574232576 7.399455685931044
57538.51284529506 7.700499025036232
57768.666896676245 7.159897293334611
57999.74156426295 7.582530172939258
58231.74053052 6.702869599856114
58464.66749264208 7.136421248745143
58698.52616261265 6.825445109188285
58933.3202672631 6.749550381233682
59169.05354833215 7.102592828782208
59405.72976252549 6.528426230392953
59643.3526815756 6.819386478220841
59881.926092301896 6.783664452533807
60121.45379667111 6.811819949961239
60361.93961185778 6.439545789126237
60603.38737030522 6.27918225620136
60845.800919786445 6.569578605966406
61089.184123465595 6.273495203005492
61333.54085995945 6.499373055240082
61578.87502339928 6.13633773696664
61825.19052349288 6.127786177725295
62072.491285586846 6.186538277276506
62320.7812507292 6.128284427114053
62570.06437573213 6.0934308139951225
62820.34463323505 6.042177419873941
63071.62601176801 5.992825037645237
63323.91251581507 5.853573675799843
63577.20816587833 5.8051492295197935
63831.51699854184 5.6026740466078
64086.843066536014 5.158960511434924
64343.19043880215 5.310945344374838
64600.563200557364 4.974492351122177
64858.96545335958 4.596144709894038
65118.401315173025 4.794857625573661
65378.87492043372 4.869819905463875
65640.39042011545 4.589581348013102
65902.95198179591 4.290135965720232
66166.56378972309 4.311776517073692
66431.23004488199 4.305242595195212
66696.95496506151 4.52137760235429
66963.74278492175 4.538715528184237
67231.59775606144 4.322075475045496
67500.52414708569 4.52117000265362
67770.52624367403 4.238335549713746
68041.60834864872 4.166556445235117
68313.77478204331 3.9994392456665557
68587.02988117147 4.003421118608659
68861.37800069616 4.2645117566059465
69136.82351269896 4.211234524984837
69413.37080674975 4.168966641354763
69691.02428997675 3.9672816840694636
69969.78838713666 4.016841616567749
70249.6675406852 3.8317303437356482
70530.66621084794 3.6653783572808964
70812.78887569135 3.6432083238876443
71096.04003119409 3.5236927830436207
71380.42419131887 3.485159268116893
71665.94588808414 3.313260224714347
71952.60967163648 3.2500038762583126
72240.42011032304 3.1787715958325795
72529.38179076432 3.0620967164108217
72819.49931792737 2.967382547851039
73110.77731519907 2.9721064015552963
73403.22042445988 2.7755212712587505
73696.83330615771 2.8182383186336777
73991.62063938235 2.8337684565498287
74287.58712193987 2.763250559876228
74584.73747042764 2.682528307780585
74883.07642030934 2.7912379789239847
75182.60872599059 2.8755905306520386
75483.33916089457 2.85620821780599
75785.27251753812 2.847949387822157
76088.4136076083 2.8314767666932465
76392.76726203872 3.0102306390999796
76698.33833108687 2.40153541444938
77005.13168441122 2.284669982702827
77313.15221114887 2.1843334385050865
77622.40481999348 2.2182033030989365
77932.89443927344 2.2578948436202677
78244.62601703055 2.295658736570658
78557.60452109865 2.3686281552136323
78871.83493918306 2.3225979961519143
79187.3222789398 2.385275468782842
79504.07156805556 2.436594302556501
79822.08785432778 2.4639080426807864
80141.37620574511 2.3986007963090006
80461.94171056806 2.345337022683926
80783.78947741033 2.387049127231589
81106.92463531997 2.439096190271391
81431.35233386126 2.33701400765623
81757.0777431967 2.301996516503393
82084.10605416949 2.2816130192617203
82412.44247838613 2.309527174861869
82742.09224829968 2.3013761002238713
83073.06061729288 2.274266091955769
83405.35285976208 2.2289721364540274
83738.9742712011 2.220650245107181
84073.93016828595 2.244733198544263
84410.22588895904 2.2171513998028654
84747.86679251489 2.2270892242452134
85086.85825968496 2.1768330787041097
85427.20569272367 2.202629829013227
85768.91451549459 2.20275844773898
86111.99017355654 2.1785109690115187
86456.43813425078 2.1401136014466084
86802.2638867878 2.156332286765737
87149.47294233493 2.1510475422686883
87498.07083410428 2.1192717132586267
87848.0631174407 2.0912405376513283
88199.45536991046 2.0886685184529292
88552.25319139009 2.096026169108169
88906.46220415569 2.0819564312888788
89262.08805297229 2.035250991436472
89619.1364051842 1.9897467089325689
89977.61295080492 2.0223492461993713
90337.52340260813 1.994313824541509
90698.87349621857 1.961647434240621
91061.66899020346 1.9515873810048585
91425.91566616425 1.9355158777023085
91791.61932882894 1.9164404749697548
92158.78580614422 1.8868978103254666
92527.4209493688 1.885327350510949
92897.53063316627 1.8390624921861365
93269.12075569895 1.834009243866979
93642.19723872172 1.8251707074086936
94016.76602767664 1.7893265557677218
94392.83309178732 1.755023847709125
94770.40442415449 1.745731327726112
95149.48604185111 1.7374797761134548
95530.08398601852 1.7227929573563037
95912.20432196259 1.7002190012665492
96295.85313925042 1.673055909553295
96681.0365518075 1.6526792723560997
97067.76069801472 1.6447417338862071
97456.03174080675 1.6253132562482726
97845.85586776999 1.6123118750893533
98237.23929124104 1.5763372117956531
98630.18824840599 1.5642883179211313
99024.70900139965 1.5031471885431889
99420.80783740526 1.531211411901284
99818.49106875488 1.5171470369637885
100217.76503302988 1.4964938554973815
100618.636093162 1.4720566763234302
101021.11063753467 1.452903176932093
101425.1950800848 1.4459977345314676
101830.89586040513 1.4269644269668262
102238.21944384674 1.4120051209115196
102647.17232162213 1.38349965592781
103057.7610109086 1.3648841497774837
103469.99205495225 1.2854792072637988
103883.87202317205 1.2487614299227008
104299.40751126477 1.2437505758774032
104716.60514130979 1.2410441651536792
105135.47156187505 1.2413046109028203
105556.01344812254 1.2411558146832269
105978.23750191503 1.2301626402088772
106402.15045192267 1.214714291276106
106827.75905373038 1.1971918853891674
107255.07008994528 1.1542793469626487
107684.09037030509 1.1525995762879542
108114.8267317863 1.1578314231824303
108547.28603871344 1.147871297969922
108981.47518286831 1.1296032565754137
109417.40108359976 1.1096525146098772
109855.0706879342 1.0738173349611955
110294.49097068593 1.0680293556089768
110735.66893456863 1.0841825989591498
111178.61161030692 1.0789948799391862
111623.32605674816 1.063205383545054
112069.81936097513 1.056641258686518
112518.09863841905 1.0191480973604117
112968.17103297272 1.032972800097116
113420.0437171046 1.010795425065731
113873.72389197304 1.005511347866284
114329.21878754091 0.992683919917011
114786.53566269108 0.9807388592669745
115245.68180534184 0.96139105488682
115706.66453256323 0.9376835902442705
116169.49119069346 0.9292362600529326
116634.16915545624 0.9221526043809432
117100.70583207808 0.8816973642978471
117569.1086554064 0.8749295677136599
118039.385090028 0.882228326868025
118511.54263038811 0.8813770195463181
118985.58880090967 0.8640677872071503
119461.5311561133 0.8538584903754975
119939.37728073777 0.8421588810523859
120419.13478986072 0.8405123906958292
120900.81132902016 0.7964399139931297
121384.41457433623 0.811261148276318
121869.9522326336 0.8126212822043235
122357.43204156413 0.7834531229344394
122846.86176973036 0.7656884912691786
123338.2492168093 0.7704125684004527
123831.60221367657 0.7258641340344505
124326.92862253124 0.7259240263838753
124824.23633702139 0.7424710104702182
125323.53328236948 0.7025566187115596
125824.82741549893 0.7005742718965051
126328.12672516092 0.7029569758137173
126833.43923206156 0.6958482929801676
127340.77298898982 0.6756147415522139
127850.13608094577 0.6760314980617472
128361.53662526955 0.6567742090983968
128874.98277177062 0.6640086133391847
129390.4827028577 0.6444882599118522
129908.04463366912 0.6462265343253508
130427.67681220379 0.6104223870949763
130949.38751945265 0.6271973046577145
131473.18506953045 0.604715271081598
131999.07780980857 0.61179147387698
132527.0741210478 0.5785025716062424
133057.182417532 0.5612258834326976
133589.4111472021 0.5811551963265429
134123.76879179094 0.5602581053158361
134660.26386695806 0.5379355234366052
135198.9049224259 0.5585862100725848
135739.7005421156 0.5412646324094129
136282.65934428407 0.5355525523389505
136827.78998166122 0.5245984784506769
137375.1011415879 0.5110220429037179
137924.60154615424 0.5200831855522733
138476.29995233883 0.49015457369923093
139030.20515214818 0.5042736377559289
139586.32597275675 0.4975963700028952
140144.6712766478 0.4695743525088481
140705.2499617544 0.4900901681749064
141268.0709616014 0.4690035963661019
141833.1432454478 0.4414728857010937
142400.4758184296 0.4505622780473837
142970.07772170333 0.4674930715794008
143541.95803259013 0.43013959097917115
144116.12586472047 0.4247326498226042
144692.59036817937 0.4179395679563179
145271.3607296521 0.4119626166524853
145852.44617257072 0.42215491594922544
146435.85595726097 0.4111686423569058
147021.59938109003 0.40808541830153994
147609.6857786144 0.41420507216554253
148200.12452172884 0.38898323196970924
148792.92501981577 0.3695283145394416
149388.09671989502 0.3821803930818457
149985.6491067746 0.3726226970858534
150585.59170320167 0.36920254278798176
151187.93407001448 0.37033097291749606
151792.68580629455 0.35028283502738444
152399.85654951975 0.3690981846262592
153009.45597571784 0.3624456924950418
153621.4937996207 0.3470588668289143
154235.97977481916 0.3348351232483502
154852.92369391845 0.3341072862923707
155472.3353886941 0.3092088944663891
156094.2247302489 0.324001180169834
156718.60162916992 0.3280805631580332
157345.47603568656 0.2945598471937312
157974.8579398293 0.30666884209316364
158606.75737158864 0.30678690028853534
159241.18440107498 0.31642687660876523
159878.14913867926 0.2708400965558412
160517.661735234 0.29649300169906895
161159.73238217493 0.2791955137663463
161804.3713117036 0.29737453763938326
162451.58879695044 0.26278233747143803
163101.39515213823 0.27702727243120817
163753.8007327468 0.27524230321921983
164408.81593567782 0.26657626781429844
165066.45119942052 0.2585702390144257
165726.71700421823 0.2597909384397807
166389.62387223504 0.22985102648743994
167055.18236772402 0.252801429958412
167723.40309719497 0.2643689932905415
168394.2967095837 0.2533528468469767
169067.87389642204 0.23764348416899658
169744.14539200772 0.23398983870322762
170423.1219735757 0.25280234163474163
171104.81446147006 0.20958989330131442
171789.23371931593 0.23408665146387245
172476.3906541932 0.2168363995978705
173166.29621680998 0.21768291604001083
173858.96140167722 0.19294590346372664
174554.39724728392 0.22291397814359457
175252.61483627307 0.21280634853842922
175953.62529561817 0.2084701433082117
176657.43979680064 0.20395142113179804
177364.06955598784 0.19806151454276594
178073.52583421173 0.19580367462176074
178785.8199375486 0.20748211264033298
179500.9632172988 0.18256436487995112
180218.967070168 0.1976588861429703
180939.84293844865 0.19294425721763508
181663.60231020238 0.16565929308082605
182390.25671944322 0.18726108101630218
183119.81774632097 0.18958902080464013
183852.29701730626 0.17779586268067427
184587.7062053755 0.17334857638363563
185326.057030197 0.1577544868708977
186067.3612583178 0.15028546433263487
186811.63070335102 0.16655799180922495
187558.8772261645 0.158947868217492
188309.11273506918 0.17712488086109426
189062.3491860094 0.16228300840404855
189818.59858275342 0.14663097003888384
190577.87297708448 0.16528162836627416
191340.18446899284 0.15926596104660778
192105.54520686882 0.14544837650280754
192873.9673876963 0.14046746471770716
193645.46325724703 0.1468797178531313
194420.04511027603 0.12064754577765513
195197.72529071715 0.14793751776454442
195978.51619188 0.1303653411769062
196762.4302566476 0.13472266846472608
199107.9942767367 0.13026468210353231
203090.15416227144 0.1175917765230415
207151.95724551688 0.11536876315403424
211294.9963904272 0.09975405615897345
215520.89631823578 0.09612342821696337
219831.31424460045 0.08934138225243746
224227.94052949245 0.08039990256577649
228712.4993400823 0.0797919983783772
233286.74932688402 0.07500797348184214
237952.48431342165 0.0638521240875718
242711.5339996901 0.06558134987999184
247565.76467968393 0.057831994794306
252517.0799732776 0.05146506487651143
257567.42157274322 0.050882014690564685
262718.770004198 0.04822062948099572
267973.145404282 0.04025838298349681
273332.6083123676 0.04265439206859953
278799.26047861495 0.037260241644936465
284375.2456881872 0.0312612911245877
290062.750601951 0.033534989830867716
295864.00561398995 0.029448285801458723
301781.2857262697 0.027905387077218874
307816.91144079523 0.02390907467165336
313973.24966961105 0.024245094206510505
320252.7146630032 0.022630431853579484
326657.7689562633 0.02067400676288247
333190.92433538847 0.017624652764523484
339854.7428220964 0.018795465112473042
346651.83767853834 0.015830835998623397
353584.87443210906 0.01406578998370061
360656.57192075124 0.013403244284765164
367869.70335916633 0.013153369508329262
375227.09742634965 0.01149850803015152
382731.63937487674 0.011686297563905186
390386.2721623741 0.010245847131667816
398193.99760562164 0.009371069437645858
406157.87755773397 0.007984805477213835
414281.0351088888 0.008592283646027205
422566.65581106645 0.00785245586175176
431017.98892728786 0.006657133262390385
439638.3487058336 0.006323512807535538
448431.11567995034 0.005978740633680928
457399.7379935492 0.0054578921571487565
466547.7327534202 0.004904390089429493
475878.6874084886 0.004807323256453799
485396.2611566584 0.00456364406130553
495104.1863797916 0.003906198310577379
505006.2701073874 0.003774760240443856
515106.39550953516 0.0032969210993311297
525408.5234197257 0.0035539790757731144
535916.6938881205 0.003187833124674108
546635.0277658828 0.0029184777834602546
557567.7283212005 0.0024373240870449965
568719.0828876244 0.0023533020945511523
580093.4645453768 0.0022537742888996412
591695.3338362843 0.0021580399930214438
603529.2405130101 0.0019223376478276837
615599.8253232702 0.001983536956213127
627911.8218297358 0.0016352715607539311
640470.0582663304 0.0014136014914239744
653279.459431657 0.0013421078349829714
666345.04862029 0.001268842569495468
679671.9495926959 0.0013170102851158953
693265.38858455 0.0012635884941577388
707130.6963562409 0.0010705847367381257
721273.3102833657 0.0009143807243423028
735698.7764890331 0.0008874549000975635
750412.7520188137 0.0008028086099801282
765421.0070591901 0.000813524428096602
780729.4272003738 0.0007390784648447379
796344.0157443815 0.000694081460419189
812270.896059269 0.0005834621490439533
828516.3139804546 0.0005436545439417699
845086.6402600636 0.0005223317892912024
861988.3730652649 0.0005204883357265283
879228.14052657 0.0005738236115885525
896812.7033371016 0.0004492917326045278
914748.9574038435 0.0004351399031965433
933043.9365519203 0.0003788086643755146
951704.8152829591 0.00032000754020896304
970738.911588618 0.0003561695095941748
990153.6898203905 0.00026948467728210644
