1000.5530765187797 1.1627001583310706e-15
1004.5552888248548 3.1255745739717473e-54
1008.5735099801544 2.894265114619154e-52
1012.607804020075 5.38621323375467e-52
1016.6582352361554 5.1907407879576315e-54
1020.7248681770998 5.597984194230017e-42
1024.8077676498083 4.3107465152435123e-44
1028.9069987204075 6.517795877166772e-51
1033.022626715289 4.843229669131829e-39
1037.1547172221503 2.1815973877791928e-52
1041.3033360910388 2.799823477852142e-49
1045.468549435403 2.189724899564957e-47
1049.6504236331448 3.0374287819958043e-53
1053.8490253276773 3.248714635273688e-43
1058.064421428988 3.2504718153713327e-50
1062.296679114704 1.0104607484370704e-42
1066.5458658311627 6.784907080111356e-46
1070.8120492944875 4.819143981167823e-47
1075.0952974916654 9.41979332624498e-40
1079.3956786816323 5.648952638150615e-47
1083.7132613963586 3.2119313480905267e-38
1088.048114441944 1.457955399416929e-40
1092.4003068997117 2.168843330436664e-29
1096.7699081273104 7.147397774053543e-40
1101.15698775982 1.2737118965385308e-40
1105.561615710859 5.907140305856626e-30
1109.9838621737026 7.898780812309432e-33
1114.4237976223976 6.035124512088437e-37
1118.8814928128868 8.311297424992319e-40
1123.3570187841383 5.176473055718428e-37
1127.8504468592753 3.8230887621572713e-25
1132.361848646712 2.1204494136922352e-28
1136.8912960412988 7.235284727739437e-28
1141.438861225464 1.1089722232150745e-27
1146.004616670366 7.507092929967263e-27
1150.5886351370475 6.025264700947272e-30
1155.190989677596 6.741238673526964e-29
1159.8117536363065 3.774790845894392e-32
1164.4510006508515 2.0647660599416928e-35
1169.108804653455 1.2714948505626673e-34
1173.7852398720688 1.6221566593221964e-37
1178.480380831557 3.417609007009334e-38
1183.1943023548836 3.131226209334573e-36
1187.9270795643029 8.020390745109077e-37
1192.67878788256 9.417749945520786e-37
1197.4495030340906 4.053190518442833e-37
1202.2393010462267 1.2582861363088697e-39
1207.0482582504117 1.2696900926187567e-34
1211.8764512834132 4.560444569382539e-36
1216.7239570885472 2.195728119352796e-37
1221.5908529169012 7.330271883290765e-35
1226.4772163285688 2.2889366624676122e-33
1231.383125193883 1.0494526670217896e-36
1236.3086576946585 5.663186347080285e-35
1241.2538923254372 1.7225034803667944e-34
1246.2189078947392 2.8152632979196143e-36
1251.203783526318 3.273258691746289e-35
1256.2085986604231 2.1707942351667827e-32
1261.233433055065 1.0789793899682582e-32
1266.2783667872852 3.7680534977672245e-36
1271.3434802544346 5.587177202501249e-31
1276.4288541754522 7.549636662787993e-33
1281.534569592154 7.287717427263613e-34
1286.6607078705229 3.0320655113020126e-32
1291.8073507020044 1.795070606875508e-31
1296.9745801048125 3.5374128606204954e-31
1302.162478425232 7.979672426489603e-33
1307.3711283389327 8.967375179549574e-31
1312.6006128522888 1.1846265842242639e-28
1317.851015303698 9.01563032956636e-31
1323.1224193649127 1.2887800727400436e-29
1328.4149090423725 8.203170903248092e-29
1333.728568678542 2.961975411425057e-29
1339.0634829532567 1.610457267597967e-30
1344.4197368850691 4.4867979581323295e-29
1349.7974158326099 2.6612433659031914e-28
1355.1966054959403 1.070325711522374e-28
1360.6173919179244 3.9443282349154774e-28
1366.059861485596 7.849071546302021e-29
1371.5241009315384 6.1173975960810744e-30
1377.0101973352646 5.332687293897762e-29
1382.5182381246057 1.9780754399107068e-26
1388.0483110771042 1.5933435897089906e-27
1393.6005043214122 1.5880336710881904e-28
1399.1749063386976 1.5473403512552568e-28
1404.7716059640527 2.531683200328762e-26
1410.3906923879088 1.1885524957535971e-27
1416.0322551574602 7.462304876806936e-26
1421.6963841780905 2.721144056249255e-29
1427.3831697148032 1.1393595782294858e-26
1433.0927023936622 1.0079675449882657e-24
1438.8250732032368 3.391592224942164e-26
1444.5803734960498 1.4680291446356731e-24
1450.3586949900334 5.086650954974123e-26
1456.1601297699938 8.980425860049242e-25
1461.984770289074 7.34585317573532e-24
1467.83270937023 2.6997595903852075e-25
1473.704040207711 5.7640484184938285e-24
1479.5988563685412 2.7121189525949024e-26
1485.5172517940157 1.975856247670485e-24
1491.459320801192 7.553233161001504e-24
1497.4251580843968 4.0519616076869146e-25
1503.4148587167342 2.1246750257188582e-21
1509.4285181516007 7.751242628664951e-24
1515.4662322242077 9.4829528420971e-25
1521.5280971531042 1.7477755816657057e-20
1527.6142095417167 6.15020820966239e-23
1533.7246663798837 3.302377322744277e-22
1539.859565045403 7.804775993260563e-21
1546.0190033055849 1.3706934293929656e-25
1552.203079318807 1.819115368479797e-21
1558.4118916360824 4.34520281330288e-21
1564.6455392026269 7.270270277667021e-22
1570.9041213594373 9.955797483588218e-21
1577.187737844875 6.361124646202392e-21
1583.4964887962547 1.8043340512878105e-20
1589.8304747514399 4.654165088244556e-20
1596.1897966504455 1.0018099833398964e-20
1602.5745558370472 2.6815162310610286e-20
1608.9848540603957 8.119125964111576e-20
1615.4207934766368 3.5404555526629794e-20
1621.8824766505436 1.418764471112024e-19
1628.3700065571454 1.6095607357660647e-19
1634.8834865833744 2.11362863045584e-19
1641.4230205297079 5.459718292311632e-19
1647.9887126118267 2.0985967705855085e-19
1654.580667462274 2.6208628756309016e-19
1661.198990132123 8.202895414060837e-19
1667.8437860926513 7.104495512677865e-19
1674.515161237022 1.7031511456978402e-18
1681.2132218819695 2.6326704698328104e-18
1687.9380747694975 2.754842355168832e-18
1694.6898270685758 8.260125684976415e-18
1701.4685863768502 6.4425916578408884e-18
1708.2744607223572 5.406516508943061e-18
1715.1075585652468 9.719915725943517e-18
1721.967988799508 8.127358829629108e-18
1728.8558607547059 1.09996261378533e-17
1735.7712841977245 2.2051297850853126e-17
1742.7143693345156 2.1531261955694323e-17
1749.6852268118535 4.116676271180504e-17
1756.6839677191008 6.47011823931919e-17
1763.7107035899771 1.149515960452449e-16
1770.7655464043373 1.1157632458550098e-16
1777.8486085899544 8.793900918285653e-17
1784.9600030243143 1.6468948138960335e-16
1792.0998430364118 1.6423090799754295e-16
1799.2682424085576 2.573981966406086e-16
1806.4653153781921 3.4788533157530604e-16
1813.6911766397043 3.50717837202987e-16
1820.945941346263 5.839175128417251e-16
1828.2297251116483 1.0092901234676624e-15
1835.5426440120948 6.351196693647702e-16
1842.8848145881432 1.0690459773728013e-15
1850.2563538464956 1.7993109031058873e-15
1857.657379261881 1.4782931987305625e-15
1865.0880087789287 2.830873433383469e-15
1872.5483608140448 2.7935456592908016e-15
1880.0385542573008 3.308233509130699e-15
1887.5587084743302 5.827768457010505e-15
1895.1089433082268 6.4380024316428656e-15
1902.68937908146 6.5759075515923004e-15
1910.3001365977857 1.1617144300215329e-14
1917.9413371441767 1.1080697256501748e-14
1925.6131024927531 1.4451405615020048e-14
1933.3155549027244 2.2212350558508927e-14
1941.0488171223355 2.346627695661804e-14
1948.8130123908247 2.863753290654204e-14
1956.608264440388 4.3291966116968645e-14
1964.434697498149 4.229575738596639e-14
1972.2924362881417 5.4127815748321956e-14
1980.1816060332944 7.227144692782747e-14
1988.1023324574276 7.90420308541697e-14
1996.0547417872574 9.146020800742303e-14
2004.0389607544066 1.1522478322378324e-13
2012.0551165974243 1.3687008624725513e-13
2020.1033370638136 1.6456751966721201e-13
2028.1837504120688 2.0302652125600458e-13
2036.2964854137172 2.327916278169365e-13
2044.4416713553724 2.7282646516346456e-13
2052.6194380407937 3.386032833483529e-13
2060.829915792957 3.991745034719229e-13
2069.0732354561287 4.757337695092537e-13
2077.3495283979532 5.705758081764056e-13
2085.6589265115445 6.902151177195327e-13
2094.001562217591 8.245479347431427e-13
2102.3775684664615 9.81648560173875e-13
2110.787078740328 1.1567548310786113e-12
2119.2302270552887 1.3987268460213859e-12
2127.70714796351 1.6734670574420172e-12
2136.217976555364 2.0058761089286e-12
2144.7628484615852 2.3378044404341645e-12
2153.341899855432 2.833784011925247e-12
2161.9552674548536 3.4100532414196247e-12
2170.603088524673 4.06833563289217e-12
2179.285500878772 4.74531326562972e-12
2188.0026428822866 5.6443227336957114e-12
2196.754653453816 6.835940251565845e-12
2205.541672067631 8.017009281521187e-12
2214.3638387559017 9.908183211890254e-12
2223.2212941109246 1.1200176639401108e-11
2232.114179287369 1.4300535056259832e-11
2241.0426360045185 1.605589309630544e-11
2250.0068065485366 2.077958174893476e-11
2259.0068337747302 2.272787210733373e-11
2268.0428611098296 2.748759327742746e-11
2277.115032554269 3.2612688889387656e-11
2286.223492684486 3.8248959988705396e-11
2295.368386655224 5.058156259311657e-11
2304.549860201845 5.056468576930861e-11
2313.7680596426517 6.558215942058723e-11
2323.0231318812225 7.429677013726258e-11
2332.3152244087473 9.41559232409327e-11
2341.6444853063817 1.1246929903430936e-10
2351.0110632476076 1.1420779998831156e-10
2360.415107500598 1.5412687313809614e-10
2369.8567679306 1.5543941015116937e-10
2379.3361950023227 2.1152187246004974e-10
2388.853539782332 2.3115978488192607e-10
2398.4089539414617 3.5373944234002643e-10
2408.0025897572273 4.083327414634975e-10
2417.6346001162565 3.563092635908303e-10
2427.3051385167214 5.85320732034351e-10
2437.0143590707885 5.794196190078797e-10
2446.762416507072 1.1335758229298912e-09
2456.5494661731 8.227899060293717e-10
2466.375664037793 1.2038126927092688e-09
2476.2411666939443 1.653123033002535e-09
2486.1461313607197 1.0525586929662725e-09
2496.090715886162 1.8779201018534835e-09
2506.075078749707 1.6476999156128361e-09
2516.0993790647044 2.3717474171348547e-09
2526.163776580964 6.267384032555182e-09
2536.268431687288 1.0414831772602713e-08
2546.4135054140374 1.7243151387043353e-08
2556.599159435693 6.02944025124676e-09
2566.825556073436 6.370979293598367e-09
2577.09285829773 7.326668058920756e-09
2587.4012297309205 6.611447150794234e-09
2597.7508346498444 1.0677341066053828e-08
2608.141837988444 9.681816837817172e-09
2618.5744053403982 2.7631568071386524e-08
2629.0487029617593 6.119835019725326e-08
2639.5648977736064 6.053712820877404e-08
2650.123157364701 6.098539888096572e-08
2660.7236499941596 4.4642832504091056e-08
2671.366544594136 6.241759266823018e-08
2682.052010772512 7.559353220732826e-08
2692.7802188156024 5.6475532931819845e-08
2703.551339690865 1.2323586781266909e-07
2714.365545049628 9.986201686522964e-08
2725.223007229827 1.1313663756019864e-07
2736.123899258746 1.4613862203374965e-07
2747.0683948557817 2.485076512348476e-07
2758.0566684352048 2.9833778641930087e-07
2769.0888951089455 5.819789637622116e-07
2780.165250689381 5.034907921897029e-07
2791.2859116921386 6.978586010325876e-07
2802.451055338907 6.342435701481046e-07
2813.660859560263 6.076910120950387e-07
2824.9155029985036 5.170287330885399e-07
2836.2151650104965 5.159979634883713e-07
2847.5600256705393 2.093343580536715e-07
2858.950265773222 3.5898997324311145e-07
2870.386066836315 9.422331229409023e-07
2881.8676111036607 2.0989841510284547e-06
2893.3950815480757 3.1413150423041475e-06
2904.968661874268 3.728819694075133e-06
2916.588536521764 4.309381757262528e-06
2928.254890667851 4.5928595128387195e-06
2939.9679102305226 5.3036801671258575e-06
2951.727781871445 6.670459078547453e-06
2963.534692998931 8.262192644878863e-06
2975.3888317709266 1.0081144681106717e-05
2987.2903870980094 1.4546031688866474e-05
2999.2395486464025 1.450676134187541e-05
3011.2365068409886 1.6284109479096438e-05
3023.2814528683516 1.4959135277240886e-05
3035.374578679825 1.0552587445671966e-05
3047.516076994544 2.0876086998077726e-05
3059.7061413025226 2.5809103289892247e-05
3071.9449658677336 2.7049358371339004e-05
3084.232745731204 3.131266326245349e-05
3096.569676714128 1.6676585535470927e-05
3108.955955420985 1.9009459246328886e-05
3121.3917792426687 4.108863687086731e-05
3133.8773463596394 4.6249073951886455e-05
3146.412855745078 5.0590305918990405e-05
3158.998507168058 4.9886224939525465e-05
3171.6345011967305 5.071632164850398e-05
3184.321039201517 4.6173316094340955e-05
3197.0583233583234 3.8966010321775165e-05
3209.8465566517566 1.748019407692477e-05
3222.6859428783637 6.946396482974795e-06
3235.576686649877 1.3596305220054182e-05
3248.518993396477 6.327525086789362e-06
3261.513069370063 1.6140704520051221e-06
3274.559121647543 2.1487994412794672e-07
3287.6573581341336 1.5861742551927642e-08
3300.8079875666704 1.4498196886516234e-10
3314.0112195169368 4.188963775648948e-09
3327.2672643950045 1.1650434456667898e-07
3340.5763334525845 1.2354769715071386e-06
3353.938638786395 7.539993392322077e-06
3367.354393341541 2.5564467946633246e-05
3380.8238109149074 5.8219072164275924e-05
3394.347106158567 0.00010315454710423452
3407.924494583201 0.00015317326643549684
3421.5561925615334 0.00018561316054887517
3435.2424173317804 0.00010984469786289284
3448.9833870011066 6.925983831391479e-06
3462.7793205491116 0.00021400941113440642
3476.630437831308 0.00045855246109986975
3490.536959582633 0.000612387197015511
3504.4991074209643 0.0007432443337112845
3518.5171038506473 0.0008702892363990959
3532.5911722660503 0.0009999354921258633
3546.7215369551145 0.0011352056882483741
3560.9084231029346 0.0012780857666459156
3575.1520567953467 0.0014298439450398384
3589.452665022528 0.0015915615830217906
3603.810475682617 0.0017643930865587827
3618.225717585348 0.001949152947796278
3632.698620455689 0.002147005355154576
3647.2294149375116 0.0023589523515090013
3661.8183325972614 0.0025863561545772717
3676.4656059276513 0.0028296067346735626
3691.1714683513615 0.0030904155099583316
3705.936154224767 0.003369935111711168
3720.7598988416657 0.0036690650331716486
3735.6429384370326 0.003989846604998396
3750.585510190781 0.004332313505361088
3765.587852231544 0.004697603774914935
3780.6502036404704 0.005087011141442434
3795.772804455032 0.005502783944462912
3810.955895672852 0.005944194623805212
3826.199719255544 0.006398992869116331
3841.504518132566 0.006891104701479655
3856.870536205096 0.007424357541389519
3872.2980183499167 0.007961139801329127
3887.7872104233156 0.008516469150326394
3903.338359265009 0.009077386196414756
3918.9517127020695 0.009627012065215672
3934.6275195528774 0.010126858057967291
3950.3660296310895 0.010516278382448672
3966.1674937496136 0.010666433269202249
3982.0321637246125 0.010311974880256891
3997.9602923795105 0.008922400009383274
4013.9521335490285 0.005565940772531417
4030.007942083225 0.0011359682517901812
4046.1279738515577 1.675453721108746e-05
4062.312485746964 0.0012092917074595377
4078.5617356899515 0.007102812563584064
4094.8759826327114 0.0132664084428661
4111.255486563242 0.017706257917295624
4127.700508509496 0.02106244148908964
4144.211310543533 0.023837207845140915
4160.788155785708 0.026266012558254493
4177.431308408849 0.02845158023321329
4194.141033642486 0.030411160133395343
4210.917597777056 0.032159208315715615
4227.761268168164 0.034453648259401864
4244.672313240838 0.0371863820042772
4261.651002493801 0.04070816974933105
4278.697606503776 0.04396908000387553
4295.812396929791 0.047736618244753976
4312.995646517511 0.05146053156826629
4330.24762910358 0.054756766778550243
4347.568619619994 0.058883162519220676
4364.958894098475 0.06299475649229637
4382.418729674868 0.06713180135923169
4399.948404593568 0.07078548040229789
4417.548198211942 0.07630569083635258
4435.21839100479 0.08136853764803956
4452.959264568809 0.08654109732969255
4470.771101627084 0.09214890013667364
4488.654186033592 0.09696856627459331
4506.608802777726 0.1025844239979122
4524.635237988838 0.11030746076123009
4542.733778940792 0.11652044163625201
4560.904714056555 0.12231845621973353
4579.148332912781 0.12348005379650635
4597.464926244433 0.13192896078260133
4615.85478594941 0.13731630078449145
4634.318205093208 0.14183779278950137
4652.855477913582 0.14499036450775657
4671.466899825236 0.14432616042068613
4690.152767424537 0.15169687658207803
4708.913378494234 0.14635904428460023
4727.749032008212 0.13135453286445609
4746.660028136244 0.10612785173534538
4765.646668248789 0.07707292504494717
4784.709254921784 0.04802872660994876
4803.8480919414715 0.0258343583008109
4823.063484309237 0.012368291635866157
4842.355738246474 0.006209948164973864
4861.72516119946 0.003678859354506232
4881.172061844257 0.0025290106188642575
4900.6967500916335 0.0019179557367283526
4920.299537092001 0.0014637212361508125
4939.9807352403695 0.0010946180775195384
4959.740658181329 0.0007973013869871056
4979.5796208140555 0.000555516497896354
4999.497939297312 0.0003811045389842716
5019.495931054502 0.0002620430550598133
5039.57391477872 0.0001989646866422363
5059.732210437835 0.00017563029211731157
5079.971139279585 0.00017418351735351724
5100.291023836704 0.00017761619687781477
5120.692187932051 0.0001763759690386818
5141.174956683781 0.00017348637224915648
5161.739656510514 0.00017375298191800358
5182.386615136556 0.00017414106025060637
5203.116161597103 0.00017047873662743928
5223.928626243489 0.00016556448243122227
5244.824340748465 0.00016166402817943681
5265.803638111459 0.00015674803024204832
5286.866852663905 0.00015057799309051243
5308.0143200745615 0.00014591780458381097
5329.246377354859 0.00014127232425001167
5350.563362864278 0.00013570630831734686
5371.965616315736 0.000131600506834628
5393.453478780998 0.00012747277902771338
5415.027292696122 0.00012216348252769052
5436.687401866905 0.00011806544329116785
5458.434151474374 0.00011357622570135329
5480.267888080271 0.00010810273394076659
5502.188959632591 0.00010363440248462728
5524.197715471122 9.90796956427842e-05
5546.294506333006 9.396281947922431e-05
5568.479684358337 8.928621476375588e-05
5590.753603095771 8.497453184401001e-05
5613.1166175081535 7.997680396822615e-05
5635.569083978187 7.588766461537592e-05
5658.1113603140975 7.100382092078016e-05
5680.743805755354 6.641101533870058e-05
5703.466780978376 6.20116056592652e-05
5726.28064810229 5.7532735508511095e-05
5749.185770694699 5.2689639091608996e-05
5772.182513777476 4.7532219631281476e-05
5795.271243832587 4.205794273873847e-05
5818.452328807918 3.639141357536713e-05
5841.72613812315 3.0751930227864184e-05
5865.093042675643 1.9991488998048592e-05
5888.553414846345 1.1005565667264981e-05
5912.10762850573 1.6459987556150645e-05
5935.756059019754 3.586540324995758e-05
5959.499083255832 5.7091324553413536e-05
5983.337079588855 8.12281223857383e-05
6007.27042790721 0.00011277038716747377
6031.299509618841 0.0001550961423906592
6055.424707657316 0.0002078489603000088
6079.646406487946 0.0002742903359871893
6103.964992113897 0.00036062778118119577
6128.380852082353 0.00047159830496530566
6152.894375490681 0.0006125277952832149
6177.505952992646 0.0007871495922474308
6202.215976804616 0.0010000980737204868
6227.024840711833 0.0012603397613761857
6251.932940074681 0.0015784445556890315
6276.940671834981 0.0019624407786598464
6302.048434522321 0.0024328173912267917
6327.256628260409 0.0029926654594845505
6352.5656547734525 0.003648106220114522
6377.975917392546 0.004420220017888703
6403.487821062116 0.005323051212056648
6429.101772346364 0.006373134962464233
6454.81817943575 0.007592802710007362
6480.637452153493 0.009037140208339133
6506.560001962106 0.010759836675969449
6532.586241969955 0.012786886472856552
6558.716586937834 0.01516383064740134
6584.951453285586 0.017942584270243093
6611.291259098727 0.02121780077194
6637.7364241351215 0.025074757222183525
6664.2873698316625 0.02952025844583345
6690.94451931099 0.034585577686781104
6717.7082973882325 0.04040478482468729
6744.579130577787 0.04703913342450888
6771.557447100097 0.054347474037243604
6798.643676888497 0.062063212721014886
6825.838251596053 0.06990222479069706
6853.141604602436 0.07752348991500797
6880.554171020846 0.08441961968423527
6908.0763877049285 0.08987561644801327
6935.708693255749 0.09367985266970077
6963.4515280287715 0.10131572719323792
6991.305334140887 0.108741533167566
7019.270555477449 0.11747848914037261
7047.34763769936 0.12837663523785817
7075.537028250157 0.13989643761023224
7103.839176363159 0.1515518753775108
7132.254533068612 0.1634316080162565
7160.783551200888 0.17012526037758713
7189.42668540569 0.17940086552270207
7218.184392147313 0.1912231341913143
7247.0571297159 0.19555633837195444
7276.045358234765 0.20210782542874997
7305.149539667704 0.20156863065957653
7334.370137826372 0.20683690819606643
7363.707618377678 0.20718679605010212
7393.162448851191 0.20768647116951833
7422.735098646595 0.20619659188866687
7452.426039041182 0.20411691824054934
7482.235743197345 0.20044610454955863
7512.1646861701365 0.19243995588554963
7542.213344914818 0.18498979208849387
7572.382198294477 0.1747352451519974
7602.671727087656 0.15225188979158724
7633.082413996006 0.09035389224630265
7663.614743651989 0.015024971026314211
7694.269202626598 0.020585875506221266
7725.046279437104 0.07529633007312363
7755.946464554851 0.15047606870929728
7786.970250413072 0.21970663135304744
7818.118131414723 0.2776716931576666
7849.390603940383 0.3317109618880921
7880.788166356144 0.38959568933998034
7912.311319021571 0.45303957132580275
7943.960564297654 0.523001743107801
7975.736406554845 0.5968144258275546
8007.639352181065 0.6766232176902124
8039.669909589788 0.7592241827184907
8071.828589228147 0.8420291785515206
8104.115903585063 0.9133247099202819
8136.532367199402 0.9844001931381678
8169.078496668199 1.0960620188223453
8201.754810654873 1.1188507439463498
8234.561829897493 1.3291626172782396
8267.500077217084 1.5255968343993889
8300.570077525952 1.648624378388349
8333.772357836056 1.7951571918891869
8367.1074472674 1.9026340414987017
8400.575877056472 2.0957679959651148
8434.178180564695 2.307241724982517
8467.914893286956 2.5431942374637573
8501.786552860101 2.781831432767884
8535.793699071543 3.0542922966729944
8569.936873867831 3.3511000900176113
8604.216621363299 3.6045964700866744
8638.633487848754 3.6867612930229514
8673.18802180015 4.016594184053222
8707.880773887353 4.233726249604529
8742.7122969829 4.557379421459999
8777.68314617083 4.892283561860911
8812.793878755514 5.180404954097048
8848.045054270535 5.34072357759509
8883.437234487617 4.652768929602019
8918.970983425568 4.273058990917072
8954.64686735927 5.453779257676661
8990.465454828707 4.72307952228472
9026.427316648023 6.295436805769112
9062.533025914616 7.533927308250317
9098.783158018272 8.286984549258442
9135.178290650345 9.120454255363065
9171.719003812947 9.82708233949229
9208.405879828202 11.41742722931951
9245.239503347511 12.10332910501704
9282.2204613609 8.420672742045802
9319.349343206346 9.228473803720224
9356.626740579171 10.071073212220062
9394.053247541488 11.974092971223993
9431.629460531654 12.815627339784756
9469.355978373778 13.3709245869805
9507.233402287276 13.220757467470412
9545.262335896427 14.667313205927437
9583.443385240013 13.759082368991407
9621.777158780975 15.00183403963926
9660.264267416096 16.24633480565933
9698.90532448576 17.908395363660382
9737.7009457837 18.328194503747575
9776.651749566838 19.40062161837965
9815.758356565104 20.449161352696223
9855.021389991363 21.71160044112185
9894.441475551332 23.445363257253018
9934.019241453534 23.78329222477769
9973.755318419348 20.86525699149299
10013.650339693024 16.785208824712015
10053.704941051796 18.364086313742543
10093.919760816003 20.131408751575567
10134.295439859268 23.41463371198012
10174.832621618703 26.602836577150065
10215.531952105179 29.413575725817182
10256.394079913602 32.07614532507816
10297.419656233254 34.844268368197014
10338.609334858189 37.74255191858705
10379.96377219762 40.74664436292974
10421.483627286412 43.3786958581374
10463.169561795556 46.01858423681286
10505.022240042741 48.684753384700365
10547.042329002912 50.541442593775216
10589.230498318922 52.174464062289296
10631.587420312197 54.235915272831754
10674.113769993448 55.450812975316005
10716.810225073421 56.31186479569494
10759.677465973711 56.9200159795814
10802.716175837608 57.215275963569496
10845.927040540959 56.16903870851064
10889.310748703121 52.78093462346074
10932.867991697934 45.1048441474267
10976.599463664725 38.59770262160422
11020.505861519383 31.935721049682403
11064.587884965462 26.318874610116143
11108.846236505324 20.350811438955414
11153.281621451348 14.566339966631936
11197.894747937147 14.756480407396651
11242.686326928899 15.584160238871995
11287.657072236614 18.363605127928764
11332.807700525562 12.3945701561356
11378.138931327663 11.584415536306388
11423.651487052975 12.941619254933384
11469.346093001184 12.634951184734785
11515.22347737319 6.779272766093597
11561.284371282683 4.478045072920444
11607.529508767815 5.697259349456881
11653.959626802887 10.068438834576703
11700.5754653101 8.570028477796114
11747.377767171341 2.8080583461859123
11794.367278240028 6.997228216729564
11841.544747352984 12.866651586806547
11888.9109263424 18.133042956927408
11936.46657004777 21.0517579631084
11984.212436327958 26.488903866601095
12032.149286073272 33.35921562506283
12080.277883217566 41.52726275550044
12128.598994750435 49.41329009943576
12177.113390729437 57.45624112656782
12225.821844292353 65.0012229645921
12274.725131669524 72.82388111320545
12323.824032196202 77.47468268718174
12373.119328324985 80.81081501442893
12422.611805638286 71.67813484284163
12472.302252860838 90.39142128366014
12522.19146187228 69.60833285289829
12572.280227719768 97.73945735609281
12622.569348630648 99.00559536172814
12673.059626025171 97.91087089982125
12723.751864529271 94.54705878172258
12774.646871987386 92.80326134154703
12825.74545947534 86.70988918798861
12877.04844131324 80.19750542062046
12928.556635078494 73.97491776903385
12980.270861618808 67.83629295270985
13032.191945065284 59.89928914691393
13084.320712845543 52.36369933363527
13136.657995696927 45.631609467191645
13189.204627679715 39.54205310045547
13241.961446190431 32.32525917331662
13294.929291975195 17.314367754884803
13348.109009143096 7.047534104946681
13401.50144517967 4.6749363470594245
13455.107450960388 3.03712918514204
13508.927880764231 2.2191262019894515
13562.963592287288 1.2617432420814096
13617.215446656439 0.9589373260366013
13671.684308443064 1.7706949244875352
13726.371045676835 1.2848658781290956
13781.276529859542 1.43822915489565
13836.40163597898 1.0575403605568594
13891.747242522899 1.220710964794648
13947.314231492988 0.9678349144664768
14003.103488418961 0.9481342079010852
14059.115902372636 1.2756222458686937
14115.352365982128 1.3254784915479176
14171.813775446057 1.5827533581306885
14228.501030547843 1.6842431444819532
14285.41503467003 2.3147414016178223
14342.556694808713 2.442063037155316
14399.926921587949 3.091870920316659
14457.5266292743 4.039425600378931
14515.356735791396 5.889177501100237
14573.418162734559 8.345560217453952
14631.711835385498 7.865006598404985
14690.238682727038 8.234180004963283
14748.999637457951 10.241027485407018
14807.995636007783 12.913166399547856
14867.227618551815 13.503902742006524
14926.69652902602 16.316058326425374
14986.403315142123 18.94626395031176
15046.348928402693 21.08657094590472
15106.534324116303 24.546801017960043
15166.96046141277 29.221936595257613
15227.62830325842 32.993093185825984
15288.538816471453 37.473565033225064
15349.692971737337 40.82904553452637
15411.091743624287 45.45472432420385
15472.736110598784 52.89719928733262
15534.62705504118 52.878928875105856
15596.765563261344 47.35051814027576
15659.152625514387 51.03727820227699
15721.789236016448 53.249735097740796
15784.676392960515 47.56911336324493
15847.815098532355 45.02817047694315
15911.206358926484 36.978248361170095
15974.85118436219 26.88359939342856
16038.75058909964 15.856019003199496
16102.905591456036 9.304282561598507
16167.31721382186 5.743187066045587
16231.986482677148 3.914964247790334
16296.914428607855 2.89599038640779
16362.102086322288 3.230637220479675
16427.550494667576 4.062781066608873
16493.260696646248 4.150565570172836
16559.23373943283 3.9458521781229607
16625.470674390563 4.232381788142129
16691.972557088127 1.1861147750254089
16758.74044731648 1.6334603813224065
16825.775409105743 2.772062142868141
16893.07851074217 2.4230326032564817
16960.650824785134 1.638882165743902
17028.493428084275 1.619242974742268
17096.607401796613 2.671994164074487
17164.993831403797 2.3615937119141877
17233.653806729413 3.719592378846284
17302.588421956334 2.3850074642378134
17371.798775644158 2.3185606261710707
17441.285970746736 3.0452851378837416
17511.05111462972 3.8033550471686723
17581.095319088243 3.391908977204371
17651.419700364593 2.920051507272536
17722.02537916605 2.490705264964341
17792.913480682713 3.2088080977786446
17864.085134605448 2.8236971393179386
17935.54147514387 1.7924330240257522
18007.283641044443 2.6299988650659207
18079.312775608625 2.8066282767285697
18151.630026711056 3.5381567736967994
18224.236546817894 3.684300316992599
18297.133493005167 3.175132218123304
18370.32202697719 2.9444623214089423
18443.803315085097 3.696658378589756
18517.578528345435 3.577611554372059
18591.648842458817 2.7958067441215135
18666.01543782865 2.755388139637194
18740.67949957997 3.583627007008476
18815.642217578286 6.052403625033692
18890.9047864486 6.794600639168641
18966.4684055944 8.50817351762131
19042.334279216768 7.449954947187098
19118.50361633364 8.777312309132816
19194.977630798967 8.5623503525929
19271.757541322168 7.15453201967856
19348.844571487454 6.092799355287125
19426.239949773408 5.242287272220864
19503.9449095725 7.41479524574004
19581.960689210795 6.320811882467448
19660.28853196764 8.314612419262966
19738.929686095507 8.516280989930333
19817.885404839893 9.57188142339538
19897.15694645925 10.377539564906854
19976.745574245087 12.370481212281133
20056.65255654207 13.219572091551557
20136.879166768238 14.681692836120229
20217.426683435307 17.540186425603842
20298.296390169045 17.117234407493616
20379.489575729727 19.477949917811568
20461.007534032648 21.0356938644856
20542.851564168777 21.462696858405092
20625.02297042545 22.117349486398087
20707.523062307162 22.274537038041267
20790.353154556382 20.666345579130706
20873.514567174607 20.025129870914682
20957.008625443308 17.95180755547142
21040.836659945082 16.62664055111944
21125.000006584854 14.837195637639963
21209.5000066112 12.709535894893108
21294.33800663765 10.788372385564688
21379.515358664197 9.58422841075636
21465.033420098855 7.808633058772162
21550.893553779246 6.597234652016344
21637.097127994366 4.717685986604879
21723.645516506345 4.401751685622464
21810.540098572368 3.567586319838657
21897.782258966654 2.3145618099437173
21985.37338800253 0.8599263188216687
22073.314881554532 0.49856865390806804
22161.60814108075 1.045478115477639
22250.25457364508 0.92761227055873
22339.25559193965 0.710027723487872
22428.61261430741 0.5054362114847326
22518.32706476464 0.39836423585752867
22608.400373023702 0.34840173592902235
22698.833974515794 0.3825332338675853
22789.62931041386 0.3297842224785248
22880.78782765551 0.24724337152531056
22972.310978966132 0.2513675400958657
23064.200222882002 0.47734356627755536
23156.457023773528 0.6065680485179175
23249.082851868614 0.22905815534665228
23342.079183276095 0.22721260360630965
23435.447500009202 0.2319114791691833
23529.18929000923 0.29968494227445325
23623.306047169273 0.4278738406710946
23717.79927135796 0.29580935815397164
23812.670468443375 0.26310687085035
23907.92115031715 0.4768064465343681
24003.552834918424 0.6274646707466741
24099.56704625809 0.7928185565772736
24195.96531444313 0.7379802349594112
24292.749175700897 0.7798023101115028
24389.9201724037 0.8560299261951919
24487.479853093315 1.0315791901330411
24585.42977250569 1.2463243693520232
24683.771491595708 1.3393894977579026
24782.50657756209 1.3810423639514386
24881.636603872343 1.5155349542392094
24981.16315028783 1.794949286400042
25081.087802888986 1.6364202023079049
25181.412154100537 1.647117680491932
25282.137802716934 1.4741085212139433
25383.266353927807 1.5621651226598612
25484.79941934352 1.1778851476664567
25586.73861702089 1.2590179757538011
25689.08557148898 1.1886455187272333
25791.84191377493 1.0764289187517426
25895.009281430033 0.9341506752772625
25998.589318555754 1.2599542517319375
26102.58367582998 1.4833181783131264
26206.994010533297 1.6187581649482106
26311.821986575433 1.7890278997244444
26417.069274521735 2.903587417502563
26522.737551619815 2.653113736608595
26628.828501826294 2.032780774033487
26735.343815833607 1.0021150415106383
26842.285191096937 1.1223698734289338
26949.654331861326 1.624957945122213
27057.452949188766 1.5754226718709643
27165.682760985525 1.704489303872935
27274.345492029468 2.7982007999022493
27383.442873997585 1.9117258130452943
27492.976645493567 3.2554772664069613
27602.948552075544 2.089500066823145
27713.360346283847 2.0941742458360264
27824.213787668985 1.5495472403273498
27935.510642819663 2.7025726629686497
28047.252685390937 1.7557853343707086
28159.441696132504 2.39031746133202
28272.079462917034 3.586822653670391
28385.167780768694 2.159350724084369
28498.70845189177 2.4674631605200164
28612.703285699336 3.241971376744933
28727.154098842133 3.1678780267837143
28842.062715237505 3.268750728389245
28957.430966098455 3.6707558361134955
29073.260689962848 3.3907299204163506
29189.553732722703 3.8692050701348024
29306.311947653598 4.76656706313578
29423.537195444205 4.370069133665169
29541.231344225984 4.343805603996132
29659.396269602887 4.473820652182403
29778.033854681304 4.684380406999169
29897.14599010003 4.923446367696884
30016.734574060432 4.083678865935452
30136.80151235667 4.432785685639862
30257.348718406094 4.027857428003143
30378.37811327972 3.523127057862998
30499.89162573284 2.7430307748000122
30621.891192235766 2.5044452053587167
30744.37875700471 2.186298230928169
30867.356272032728 1.7946805525824792
30990.825697120858 1.5323806732425393
31114.78899990934 1.2349777797773518
31239.24815590897 1.0722289472718716
31364.20514853261 0.785649298900519
31489.661969126744 0.6655537835422866
31615.62061700325 0.5361116338277205
31742.083099471263 0.5015542750180066
31869.05143186915 0.42375523722025127
31996.527637596624 0.39300005656793646
32124.51374814701 0.4063394104921238
32253.011803139605 0.3832576976689797
32382.02385035216 0.4009364160895512
32511.55194575357 0.41467025001498875
32641.598153536583 0.5278193240840343
32772.16454615073 0.6591846378049226
32903.25320433533 0.7189972986971103
33034.86621715268 0.6521314459475399
33167.005682021285 0.12052535684959789
33299.673704749366 0.07916188908144542
33432.87239956837 0.2216550732285578
33566.60388916664 0.408315506928064
33700.87030472331 0.5144416797664474
33835.6737859422 0.5400218702933108
33971.016481085964 0.511450668560952
34106.900547010315 0.4945757143919677
34243.32814919835 0.4742711892447448
34380.30146179514 0.4525507600737588
34517.82266764233 0.4509694667232677
34655.893958312896 0.5086784782129536
34794.51753414615 0.4926451381491517
34933.69560428273 0.5636236429039757
35073.43038669985 0.6849317324226584
35213.72410824666 0.7042227010693817
35354.57900467965 0.7036316864707044
35495.99732069836 0.7862776513809687
35637.98130998116 0.8460786658053869
35780.53323522108 0.9742844866709379
35923.65536816197 1.0089426957266612
36067.34998963462 0.9622519627788576
36211.61938959315 1.0933920856142174
36356.46586715153 1.2895750221158233
36501.891730620126 1.5034037098141066
36647.89929754261 1.6966076808531028
36794.49089473278 1.9517779395184185
36941.6688583117 1.9539669966351285
37089.43553374496 2.212281738214102
37237.793275879936 2.230419023593993
37386.74444898345 2.545857340264993
37536.29142677938 2.708877859834762
37686.43659248651 2.639342721341434
37837.18233885645 2.497909490647914
37988.53106821188 2.943760856258138
38140.48519248474 3.404335536834238
38293.04713325467 3.9322174512616037
38446.21932178769 3.1535655078871585
38600.00419907484 3.5700400250692046
38754.40421587113 3.519667652631684
38909.42183273463 4.002400231970838
39065.05952006556 4.054508324183088
39221.31975814583 4.133824000528492
39378.205037178406 4.679890373092923
39535.71785732712 4.549604845513479
39693.860728756415 4.914346216283869
39852.636171671445 5.360199455331801
40012.04671635814 5.379577898871935
40172.09490322357 5.722513718588833
40332.78328283648 5.7251840273957
40494.11441596781 5.871050563928648
40656.090873631685 5.783543579111164
40818.71523712622 5.580822071775879
40981.990098074726 5.797920855525131
41145.918058467025 5.5980313978367615
41310.50173070089 5.529335300814212
41475.74373762369 5.778882710599847
41641.646712574184 5.985111990034812
41808.21329942448 5.7759177200345455
41975.44615262219 5.960437456476754
42143.347937232684 6.128546194568996
42311.921328981625 5.880471106252786
42481.16901429755 5.921362827216453
42651.09369035474 5.899387838235229
42821.69806511615 5.266573360777854
42992.98485737662 3.1994422910962075
43164.95679680613 2.7880397821950726
43337.61662399335 3.9037940150443986
43510.96709048933 4.576385561614002
43685.01095885128 5.7552431207533115
43859.75100268668 5.539561981702105
44035.19000669744 5.265293257534599
44211.330766724226 5.06727645857195
44388.176089791115 4.290227356544768
44565.72879415028 4.406618399136697
44743.991709326874 3.5205494736863745
44922.9676761642 3.5164710120691782
45102.65954686885 3.3773808208811924
45283.07018505633 2.885461812628229
45464.20246579656 2.99493981184342
45646.05927565975 2.7620141532787583
45828.64351276236 3.0559730409265495
46011.95808681343 3.034207299330701
46196.00591916067 3.0312004395748504
46380.78994283732 3.381949827094017
46566.31310260868 3.9633634215383147
46752.578355019126 3.660474242696473
46939.588668439166 4.093523443900514
47127.34702311293 3.51448579858335
47315.85641120539 3.1022887488213198
47505.11983685021 3.358298406578919
47695.14031619761 3.1140279261150408
47885.9208774624 2.8269182342095407
48077.46456097225 3.5211872195497023
48269.774419216126 3.6082393894547886
48462.853516892996 3.149234932035845
48656.70493096058 3.70246217082786
48851.33175068441 3.6393073702920424
49046.737077687154 3.469767323728916
49242.92402599791 3.512377002254267
49439.89572210189 3.5057833574524384
49637.6553049903 3.1334800056154664
49836.20592621027 3.877098091833026
50035.55074991511 3.895896288888856
50235.69295291477 3.1615693777762086
50436.63572472643 3.970171275078493
50638.382267625326 3.969801256710586
50840.935796695834 3.654469865904533
51044.2995398826 3.635880542470717
51248.47673804215 3.94233322159684
51453.47064499432 2.767952123277484
51659.28452757429 3.185453133674048
51865.92166568459 3.617715902732141
52073.38535234733 2.587445888355241
52281.67889375672 3.048905073574313
52490.80560933175 3.1659359614727913
52700.76883176907 2.713195192979456
52911.57190709616 2.7848454051077742
53123.218194724526 2.8222787713993456
53335.711067503435 3.139959796137301
53549.053911773444 2.1063244728231334
53763.25012742054 2.3625676329293066
53978.303127930216 2.4907815055067437
54194.21634044194 1.55530120630156
54410.99320580371 2.3521142715125114
54628.63717862692 2.0365560768515887
54847.15172734143 2.1396848504782495
55066.540334250785 2.115255030478648
55286.80649558781 1.8210503729886753
55507.95372157016 1.6697046407492209
55729.985536456436 1.5430328206085195
55952.90547860226 1.7304475691810133
56176.717100516675 1.6817515603788307
56401.42396891874 1.5503239500101984
56627.02966479442 1.6188546229456062
56853.5377834536 1.4820958782943408
57080.95193458741 1.4810030218342016
57309.27574232576 1.4078584458860908
57538.51284529506 1.6030679534132817
57768.666896676245 1.3774680443426222
57999.74156426295 1.630884336575852
58231.74053052 0.9453936054568776
58464.66749264208 1.2207999988694187
58698.52616261265 1.1266713840640223
58933.3202672631 1.2076364408656906
59169.05354833215 1.5385675535819858
59405.72976252549 1.1228620673637408
59643.3526815756 1.3156618540892835
59881.926092301896 1.3262762077816952
60121.45379667111 1.409949424229256
60361.93961185778 1.2296081909627548
60603.38737030522 1.0593145105661763
60845.800919786445 1.361710295572265
61089.184123465595 1.2411343745735284
61333.54085995945 1.5459449142593455
61578.87502339928 1.2598728919795452
61825.19052349288 1.3636324926279757
62072.491285586846 1.4438052190920838
62320.7812507292 1.4227095273405281
62570.06437573213 1.506148781644552
62820.34463323505 1.45730613931461
63071.62601176801 1.5626066442144209
63323.91251581507 1.286353204630138
63577.20816587833 1.2540635332340373
63831.51699854184 1.1191233125587052
64086.843066536014 0.8577757843548343
64343.19043880215 0.8651994483874559
64600.563200557364 0.7488123414902594
64858.96545335958 0.598897902954924
65118.401315173025 0.7497222357553693
65378.87492043372 0.9738919177238153
65640.39042011545 0.8715908458816805
65902.95198179591 0.832192491586642
66166.56378972309 0.8681842494433455
66431.23004488199 0.9113628689911457
66696.95496506151 1.0587936739165213
66963.74278492175 1.1475339675173508
67231.59775606144 0.9411282955464833
67500.52414708569 1.0252362277419866
67770.52624367403 0.8432556953891917
68041.60834864872 0.9115910833045934
68313.77478204331 0.8866843594175708
68587.02988117147 0.781434223926037
68861.37800069616 1.022645540857235
69136.82351269896 1.037638554776578
69413.37080674975 1.0539588498675634
69691.02428997675 0.8337344532730967
69969.78838713666 0.9459934957826429
70249.6675406852 0.8197652648269286
70530.66621084794 0.7158716935387421
70812.78887569135 0.7773589389084452
71096.04003119409 0.710373573546892
71380.42419131887 0.7324259045892516
71665.94588808414 0.6203435935322912
71952.60967163648 0.6243834254646614
72240.42011032304 0.6097184352972931
72529.38179076432 0.5480742477305546
72819.49931792737 0.5281327040366341
73110.77731519907 0.5023007707226252
73403.22042445988 0.4524421876308257
73696.83330615771 0.4537875098108705
73991.62063938235 0.4535700358093999
74287.58712193987 0.4356613699065568
74584.73747042764 0.4391453684772925
74883.07642030934 0.47593055943912116
75182.60872599059 0.5134245460165058
75483.33916089457 0.5363614313298309
75785.27251753812 0.5692317140812918
76088.4136076083 0.5653044422990849
76392.76726203872 0.6850239556252495
76698.33833108687 0.31024017507732127
77005.13168441122 0.310909640233316
77313.15221114887 0.3101251676006029
77622.40481999348 0.34575391792930676
77932.89443927344 0.37894520256187436
78244.62601703055 0.408325298508365
78557.60452109865 0.4501059224269993
78871.83493918306 0.4574623390547361
79187.3222789398 0.444559840609417
79504.07156805556 0.5030748269401168
79822.08785432778 0.5008295716265603
80141.37620574511 0.4720120436596462
80461.94171056806 0.49522670503994826
80783.78947741033 0.47737110874190963
81106.92463531997 0.5618067668873793
81431.35233386126 0.4960208699713086
81757.0777431967 0.4964534787650785
82084.10605416949 0.5087598776937037
82412.44247838613 0.5426368384447033
82742.09224829968 0.5597236776311347
83073.06061729288 0.530930800711016
83405.35285976208 0.5472561913891345
83738.9742712011 0.5655933332125114
84073.93016828595 0.5637535731308907
84410.22588895904 0.6216041441865574
84747.86679251489 0.616641335910274
85086.85825968496 0.6443134970560591
85427.20569272367 0.6410944498805444
85768.91451549459 0.6803655175419291
86111.99017355654 0.6668887639679002
86456.43813425078 0.7138629671126822
86802.2638867878 0.739731752952051
87149.47294233493 0.7486219018324487
87498.07083410428 0.7786805883956531
87848.0631174407 0.7672950048525887
88199.45536991046 0.7981530587474956
88552.25319139009 0.8295501739606597
88906.46220415569 0.8104431996430717
89262.08805297229 0.7540528988480864
89619.1364051842 0.7999360593181524
89977.61295080492 0.8757975002157091
90337.52340260813 0.858122044252635
90698.87349621857 0.8966845360376138
91061.66899020346 0.9326522967944814
91425.91566616425 0.938205102366212
91791.61932882894 0.9179647750751555
92158.78580614422 0.9644096267890976
92527.4209493688 0.9589585165475755
92897.53063316627 0.9243429694381929
93269.12075569895 0.9674236266806698
93642.19723872172 0.9677884843606327
94016.76602767664 0.9513896875553794
94392.83309178732 0.9166408920491594
94770.40442415449 0.9552384305929288
95149.48604185111 0.9694278513174617
95530.08398601852 1.0301204290743926
95912.20432196259 1.0052917697664256
96295.85313925042 0.95231850890362
96681.0365518075 1.0005782220738604
97067.76069801472 1.0197931298663434
97456.03174080675 1.0257598874616574
97845.85586776999 1.0927276156865229
98237.23929124104 0.9723067960295783
98630.18824840599 1.037016264297525
99024.70900139965 0.8562480973021391
99420.80783740526 1.057629750704329
99818.49106875488 1.091053996263755
100217.76503302988 1.0393716252535463
100618.636093162 0.912783931531786
101021.11063753467 0.9213681884847533
101425.1950800848 0.9956290092178004
101830.89586040513 0.9724116340751601
102238.21944384674 0.9587181638457479
102647.17232162213 0.9252250593747336
103057.7610109086 0.9038185714375773
103469.99205495225 0.6629797637532504
103883.87202317205 0.6453622069452014
104299.40751126477 0.6606140019470566
104716.60514130979 0.6976706588999468
105135.47156187505 0.7934096397471011
105556.01344812254 0.8067070796496281
105978.23750191503 0.7901194334669753
106402.15045192267 0.7887462881743783
106827.75905373038 0.8052586237366123
107255.07008994528 0.6635447111875408
107684.09037030509 0.6937073787468193
108114.8267317863 0.823620412991227
108547.28603871344 0.7532994789873942
108981.47518286831 0.7576370775357921
109417.40108359976 0.7004757645869677
109855.0706879342 0.6061439647112973
110294.49097068593 0.6235831135475908
110735.66893456863 0.7763665457244676
111178.61161030692 0.7995111026993597
111623.32605674816 0.775071293545717
112069.81936097513 0.7899086797356045
112518.09863841905 0.6446929234255512
112968.17103297272 0.7918627001349101
113420.0437171046 0.7468243579614356
113873.72389197304 0.7526775997179919
114329.21878754091 0.7892323571717772
114786.53566269108 0.7245119479245293
115245.68180534184 0.7054064503410531
115706.66453256323 0.6355361855531176
116169.49119069346 0.642868293984252
116634.16915545624 0.6358389172287092
117100.70583207808 0.5106354357119156
117569.1086554064 0.5141063500756688
118039.385090028 0.6050090814112044
118511.54263038811 0.6513770101255073
118985.58880090967 0.5694298211017894
119461.5311561133 0.616001016246159
119939.37728073777 0.5959972309151653
120419.13478986072 0.6282333756575291
120900.81132902016 0.47434709499547906
121384.41457433623 0.5852243072614628
121869.9522326336 0.6506211558788632
122357.43204156413 0.5379551795141013
122846.86176973036 0.47974358700873704
123338.2492168093 0.5658194047837424
123831.60221367657 0.3983926845141034
124326.92862253124 0.4306912908663247
124824.23633702139 0.5054181507148753
125323.53328236948 0.39246376658806426
125824.82741549893 0.41182751515503213
126328.12672516092 0.4705531232942449
126833.43923206156 0.46777197512168966
127340.77298898982 0.4222479095961596
127850.13608094577 0.4581238515645326
128361.53662526955 0.4136770588919001
128874.98277177062 0.43497799706381307
129390.4827028577 0.42159648028831775
129908.04463366912 0.4374501757403961
130427.67681220379 0.3684637023354864
130949.38751945265 0.4419242745931307
131473.18506953045 0.373846646015878
131999.07780980857 0.41467494142787176
132527.0741210478 0.32599542496561795
133057.182417532 0.30659285695517235
133589.4111472021 0.3820927257662205
134123.76879179094 0.33090883837542784
134660.26386695806 0.2785854816831121
135198.9049224259 0.34418515814402034
135739.7005421156 0.34545892084547575
136282.65934428407 0.3290774654739682
136827.78998166122 0.3179099906844183
137375.1011415879 0.30753906701041955
137924.60154615424 0.33919203883258453
138476.29995233883 0.2857511522731585
139030.20515214818 0.3173154283758635
139586.32597275675 0.3206939706953334
140144.6712766478 0.25366745072820895
140705.2499617544 0.3131819093649788
141268.0709616014 0.28392237757946864
141833.1432454478 0.22770554779012034
142400.4758184296 0.2623425694738605
142970.07772170333 0.30452423830022823
143541.95803259013 0.2275101105515974
144116.12586472047 0.21960918835243518
144692.59036817937 0.22847654051345878
145271.3607296521 0.20126190539079605
145852.44617257072 0.2632206165317465
146435.85595726097 0.2533124297841248
147021.59938109003 0.24522873950555002
147609.6857786144 0.2589642738772549
148200.12452172884 0.22607053078721834
148792.92501981577 0.19196681819071768
149388.09671989502 0.2062344095810732
149985.6491067746 0.2140817873985124
150585.59170320167 0.21586661001035115
151187.93407001448 0.22265000323270853
151792.68580629455 0.1851149027372293
152399.85654951975 0.23721024667705598
153009.45597571784 0.22376120094398197
153621.4937996207 0.19195810483140566
154235.97977481916 0.1916350528281726
154852.92369391845 0.18977238794566223
155472.3353886941 0.15989067668041687
156094.2247302489 0.16702009900589967
156718.60162916992 0.18381935113492118
157345.47603568656 0.1439857506673468
157974.8579398293 0.15700052751030105
158606.75737158864 0.17671182680858477
159241.18440107498 0.19146531943378975
159878.14913867926 0.12751040272781491
160517.661735234 0.17154444349324205
161159.73238217493 0.14386405652623208
161804.3713117036 0.17302334325597693
162451.58879695044 0.1313162947713068
163101.39515213823 0.1497704851241323
163753.8007327468 0.15627207806785903
164408.81593567782 0.1483299121394807
165066.45119942052 0.13883177331462884
165726.71700421823 0.13776326624377552
166389.62387223504 0.10955363755540305
167055.18236772402 0.12958426169567308
167723.40309719497 0.15313362111528667
168394.2967095837 0.14098979760546063
169067.87389642204 0.11212044691575344
169744.14539200772 0.12540789655891033
170423.1219735757 0.1476334849654325
171104.81446147006 0.09808733945834733
171789.23371931593 0.12193530142647041
172476.3906541932 0.11041088821408447
173166.29621680998 0.1144438507162453
173858.96140167722 0.08830933794446989
174554.39724728392 0.11942458777757715
175252.61483627307 0.1059467998184458
175953.62529561817 0.10630810616049445
176657.43979680064 0.10964632022170921
177364.06955598784 0.09988163589786919
178073.52583421173 0.10519299342070859
178785.8199375486 0.1129315314776388
179500.9632172988 0.09084881151520055
180218.967070168 0.10491007503770915
180939.84293844865 0.10321303225939063
181663.60231020238 0.07660979981076335
182390.25671944322 0.09324709105231792
183119.81774632097 0.09366761092005953
183852.29701730626 0.09225799678883069
184587.7062053755 0.09295002071324357
185326.057030197 0.07739314309485817
186067.3612583178 0.0709809023443087
186811.63070335102 0.08175967965507396
187558.8772261645 0.0789649057694766
188309.11273506918 0.10579318563190793
189062.3491860094 0.0880974008537597
189818.59858275342 0.06877906472905285
190577.87297708448 0.08810273505027054
191340.18446899284 0.08661847499023466
192105.54520686882 0.07240547537605735
192873.9673876963 0.06396665166354071
193645.46325724703 0.06588409915939918
194420.04511027603 0.05335170092189557
195197.72529071715 0.07312405131932039
195978.51619188 0.06043011121512261
196762.4302566476 0.0666568091047369
199107.9942767367 0.06478804295749876
203090.15416227144 0.05776456296572898
207151.95724551688 0.056993740437277535
211294.9963904272 0.04625754333886657
215520.89631823578 0.04543207583679056
219831.31424460045 0.041934990987312556
224227.94052949245 0.03722904482725061
228712.4993400823 0.03955292300385648
233286.74932688402 0.038465991667954176
237952.48431342165 0.02782516107336315
242711.5339996901 0.035597503055421996
247565.76467968393 0.029556128036405532
252517.0799732776 0.022258798537816156
257567.42157274322 0.026328346386425658
262718.770004198 0.02362849801469497
267973.145404282 0.018290770468811685
273332.6083123676 0.0228095265778899
278799.26047861495 0.018081458272832106
284375.2456881872 0.013280604094340684
290062.750601951 0.01633805789396717
295864.00561398995 0.014074499146917737
301781.2857262697 0.013596734309123676
307816.91144079523 0.010650313054977606
313973.24966961105 0.012336709564993548
320252.7146630032 0.011039424317702048
326657.7689562633 0.00994494185238029
333190.92433538847 0.00808213841657559
339854.7428220964 0.009846706455443773
346651.83767853834 0.007357933971534548
353584.87443210906 0.006275542536851439
360656.57192075124 0.006037345959339319
367869.70335916633 0.0067127001010353045
375227.09742634965 0.005539956347496852
382731.63937487674 0.006230217165408428
390386.2721623741 0.0048016297066870335
398193.99760562164 0.004352114452694244
406157.87755773397 0.0036344908557062717
414281.0351088888 0.004535169210676089
422566.65581106645 0.0040473440127872275
431017.98892728786 0.0031200966674984677
439638.3487058336 0.0028579797645014032
448431.11567995034 0.0027261486826514803
457399.7379935492 0.0027556123127346756
466547.7327534202 0.0022713060349530724
475878.6874084886 0.0022628323132792847
485396.2611566584 0.0022472010973633026
495104.1863797916 0.001772747460882575
505006.2701073874 0.0017921204808415097
515106.39550953516 0.0015468339980300155
525408.5234197257 0.0017782930066668954
535916.6938881205 0.0015555831272104793
546635.0277658828 0.0014105855850841064
557567.7283212005 0.0011699317137681756
568719.0828876244 0.0010930792328347548
580093.4645453768 0.00106266894368613
591695.3338362843 0.0010089872226053144
603529.2405130101 0.0009274386422764968
615599.8253232702 0.0009834201096275553
627911.8218297358 0.0007640345690265603
640470.0582663304 0.0006845499649540431
653279.459431657 0.0006249320310066894
666345.04862029 0.0005534536771613496
679671.9495926959 0.0006240040406427441
693265.38858455 0.0006245988061238065
707130.6963562409 0.0004931508095456835
721273.3102833657 0.00042744960600879934
735698.7764890331 0.0004326597696561862
750412.7520188137 0.00036994543206887427
765421.0070591901 0.0003860920611606376
780729.4272003738 0.00032668704432957727
796344.0157443815 0.0003269242494475627
812270.896059269 0.0002763070980420332
828516.3139804546 0.00025205230040901456
845086.6402600636 0.000244677353003984
861988.3730652649 0.0002601053844871731
879228.14052657 0.00028904104637427825
896812.7033371016 0.0002162171613320988
914748.9574038435 0.0001973112210437497
933043.9365519203 0.00017085246804393223
951704.8152829591 0.00014421443827989454
970738.911588618 0.00016558024485047415
990153.6898203905 0.00012350060707146517
