1000.5530765187797 8.43071557025538e-25
1004.5552888248548 1.1023294960776033e-99
1008.5735099801544 4.0429391199867366e-95
1012.607804020075 1.22322603289007e-94
1016.6582352361554 1.1471777696657817e-99
1020.7248681770998 1.355773413065101e-68
1024.8077676498083 3.641001424024674e-74
1028.9069987204075 1.0637464578432212e-92
1033.022626715289 6.769719489195658e-64
1037.1547172221503 1.3840272150172063e-96
1041.3033360910388 3.1227138797131775e-89
1045.468549435403 1.4158054700159848e-83
1049.6504236331448 3.336446279706566e-99
1053.8490253276773 2.505876193693702e-73
1058.064421428988 3.696926922598835e-92
1062.296679114704 1.7763826938747526e-72
1066.5458658311627 1.3363312692677413e-80
1070.8120492944875 1.3712010446752095e-84
1075.0952974916654 2.3210649095201116e-65
1079.3956786816323 5.073586377781125e-85
1083.7132613963586 1.302385344187233e-62
1088.048114441944 5.571067704194133e-68
1092.4003068997117 1.643336080562878e-44
1096.7699081273104 1.577272457890757e-66
1101.15698775982 7.459907804045613e-69
1105.561615710859 5.527559694325637e-46
1109.9838621737026 2.0480658190362672e-53
1114.4237976223976 1.1350632380487163e-60
1118.8814928128868 1.6165494249814854e-67
1123.3570187841383 7.479310283942877e-61
1127.8504468592753 1.195869419762298e-35
1132.361848646712 2.784831450367439e-43
1136.8912960412988 4.7457474028631787e-42
1141.438861225464 5.641902114693208e-41
1146.004616670366 1.1552646167112914e-39
1150.5886351370475 2.918925196585943e-41
1155.190989677596 2.1069628695821927e-43
1159.8117536363065 1.638758078491473e-39
1164.4510006508515 4.968864461264621e-44
1169.108804653455 5.539436884852594e-46
1173.7852398720688 3.6246678885485554e-37
1178.480380831557 5.663748971767608e-35
1183.1943023548836 8.476750205368724e-36
1187.9270795643029 1.523911757742877e-38
1192.67878788256 6.06301646582065e-34
1197.4495030340906 2.045595986126933e-31
1202.2393010462267 8.861313505101975e-43
1207.0482582504117 7.237281438567775e-32
1211.8764512834132 2.374649640495601e-34
1216.7239570885472 1.806597697426494e-30
1221.5908529169012 6.602803085081633e-28
1226.4772163285688 7.189757659046686e-27
1231.383125193883 9.237456595465832e-29
1236.3086576946585 2.7428135295620946e-27
1241.2538923254372 4.407256109551266e-28
1246.2189078947392 9.19972344932872e-31
1251.203783526318 1.1520185775895986e-28
1256.2085986604231 2.2786136235992174e-30
1261.233433055065 1.8832083834181738e-27
1266.2783667872852 3.221029397900428e-32
1271.3434802544346 1.3094711227817932e-26
1276.4288541754522 4.357684718363153e-28
1281.534569592154 9.895815621236345e-30
1286.6607078705229 8.639456633229984e-31
1291.8073507020044 8.21135680586758e-26
1296.9745801048125 6.023391085179136e-26
1302.162478425232 1.5381822692329012e-28
1307.3711283389327 3.9283743040979136e-27
1312.6006128522888 7.977343157741191e-26
1317.851015303698 1.7356250653853412e-25
1323.1224193649127 3.5256632580711767e-25
1328.4149090423725 5.112198648681268e-25
1333.728568678542 2.937096776702242e-24
1339.0634829532567 5.891438749327952e-25
1344.4197368850691 9.348210361900851e-25
1349.7974158326099 1.1565251056128517e-24
1355.1966054959403 5.358382225195066e-24
1360.6173919179244 2.6886153748061553e-24
1366.059861485596 1.3973031859498032e-24
1371.5241009315384 1.6379929453672918e-24
1377.0101973352646 3.643315823969861e-24
1382.5182381246057 2.173302272440338e-23
1388.0483110771042 2.4106383765628202e-23
1393.6005043214122 1.763176055836169e-23
1399.1749063386976 6.487124474163031e-25
1404.7716059640527 2.735850139432243e-23
1410.3906923879088 1.789150338492617e-23
1416.0322551574602 1.4822690747799452e-22
1421.6963841780905 1.2077516319428525e-23
1427.3831697148032 1.4725384426015276e-23
1433.0927023936622 6.256161274869404e-22
1438.8250732032368 1.8701585714506254e-22
1444.5803734960498 9.253620038432729e-22
1450.3586949900334 5.786238993597697e-22
1456.1601297699938 1.0957868534469463e-21
1461.984770289074 1.531091035653625e-21
1467.83270937023 8.534837580442034e-22
1473.704040207711 1.9493186146916954e-21
1479.5988563685412 2.209035275582883e-21
1485.5172517940157 1.8904528763424976e-21
1491.459320801192 6.0681991461871176e-21
1497.4251580843968 3.657925594080305e-21
1503.4148587167342 9.807597216027405e-21
1509.4285181516007 1.0503471025725432e-20
1515.4662322242077 3.0954187122349208e-21
1521.5280971531042 7.647005102004699e-21
1527.6142095417167 4.362606001398337e-22
1533.7246663798837 4.3700562305069624e-21
1539.859565045403 8.184450776648562e-21
1546.0190033055849 1.1839250822187755e-22
1552.203079318807 3.0866201321047845e-22
1558.4118916360824 3.7718432207873524e-22
1564.6455392026269 3.6601235071666926e-22
1570.9041213594373 6.980735908192675e-22
1577.187737844875 6.442060220055362e-22
1583.4964887962547 9.93620177502001e-22
1589.8304747514399 1.4141529822232258e-21
1596.1897966504455 1.2199808834137494e-21
1602.5745558370472 1.6778207844995044e-21
1608.9848540603957 2.196523543481804e-21
1615.4207934766368 2.565614821949744e-21
1621.8824766505436 3.362982688313483e-21
1628.3700065571454 4.007924917294097e-21
1634.8834865833744 5.574415846824966e-21
1641.4230205297079 7.13931066887819e-21
1647.9887126118267 1.008949042975613e-20
1654.580667462274 9.926464833091694e-21
1661.198990132123 1.692442751060531e-20
1667.8437860926513 2.1585572468216736e-20
1674.515161237022 2.9737327896509374e-20
1681.2132218819695 4.951757608462565e-20
1687.9380747694975 4.508538923438372e-20
1694.6898270685758 1.1723089364993857e-19
1701.4685863768502 1.0556641615717101e-19
1708.2744607223572 1.5522662884977616e-19
1715.1075585652468 2.2664742136796904e-19
1721.967988799508 2.221944272867485e-19
1728.8558607547059 4.2494725049138008e-19
1735.7712841977245 3.5574807963610126e-19
1742.7143693345156 4.009694578592453e-19
1749.6852268118535 9.472427952504728e-19
1756.6839677191008 6.786503173922178e-19
1763.7107035899771 1.7110914806198972e-18
1770.7655464043373 2.169547616981936e-18
1777.8486085899544 1.2673143836890975e-18
1784.9600030243143 4.307538871081653e-18
1792.0998430364118 3.474152944568268e-18
1799.2682424085576 4.130286021141815e-18
1806.4653153781921 9.564466383169779e-18
1813.6911766397043 3.707579385992823e-18
1820.945941346263 8.982645968581386e-18
1828.2297251116483 1.8353822124547622e-17
1835.5426440120948 5.47389045254642e-18
1842.8848145881432 2.028860884123303e-17
1850.2563538464956 4.264370526275175e-17
1857.657379261881 1.7058236204008793e-17
1865.0880087789287 6.905833036353824e-17
1872.5483608140448 6.154926233788373e-17
1880.0385542573008 3.334169515625179e-17
1887.5587084743302 1.510771294957075e-16
1895.1089433082268 1.0859807418118298e-16
1902.68937908146 8.301462805966529e-17
1910.3001365977857 3.322416049828834e-16
1917.9413371441767 2.095996054186617e-16
1925.6131024927531 2.7674054289768804e-16
1933.3155549027244 6.161095713143537e-16
1941.0488171223355 5.663794410472878e-16
1948.8130123908247 5.385298721207215e-16
1956.608264440388 1.178018178366597e-15
1964.434697498149 8.276549212724291e-16
1972.2924362881417 1.1044364108618843e-15
1980.1816060332944 1.950162990338368e-15
1988.1023324574276 1.8293118084324054e-15
1996.0547417872574 1.796148636479385e-15
2004.0389607544066 2.8019878549992892e-15
2012.0551165974243 3.1384031730535852e-15
2020.1033370638136 3.563543336685832e-15
2028.1837504120688 5.127357655250212e-15
2036.2964854137172 5.08977606873449e-15
2044.4416713553724 4.7160399607874426e-15
2052.6194380407937 7.181595930396476e-15
2060.829915792957 7.864609611561955e-15
2069.0732354561287 8.893076003833644e-15
2077.3495283979532 9.999555364413315e-15
2085.6589265115445 1.3118912808706216e-14
2094.001562217591 1.5338936751732876e-14
2102.3775684664615 1.7275906489296368e-14
2110.787078740328 1.561461345077933e-14
2119.2302270552887 2.3281695752575456e-14
2127.70714796351 2.751821593608719e-14
2136.217976555364 3.568818729176831e-14
2144.7628484615852 2.3793539110593536e-14
2153.341899855432 4.335604158371101e-14
2161.9552674548536 6.096762303605146e-14
2170.603088524673 7.382160938842162e-14
2179.285500878772 5.513492595442658e-14
2188.0026428822866 6.828555121951387e-14
2196.754653453816 1.2860914546417885e-13
2205.541672067631 1.179201020016949e-13
2214.3638387559017 2.5828709313586524e-13
2223.2212941109246 1.2371428624413007e-13
2232.114179287369 4.758489394911807e-13
2241.0426360045185 2.964594012281761e-13
2250.0068065485366 8.272208556621184e-13
2259.0068337747302 4.863645183670497e-13
2268.0428611098296 8.465507120161656e-13
2277.115032554269 1.026869420464162e-12
2286.223492684486 1.241390436272536e-12
2295.368386655224 2.6756235814374668e-12
2304.549860201845 7.878982136087775e-13
2313.7680596426517 3.136430834165344e-12
2323.0231318812225 2.9714126767783003e-12
2332.3152244087473 5.5724612993167405e-12
2341.6444853063817 5.982001939212243e-12
2351.0110632476076 2.3158548093039947e-12
2360.415107500598 6.943262633030439e-12
2369.8567679306 2.762135499912146e-12
2379.3361950023227 1.0587139926133884e-11
2388.853539782332 9.12301742516448e-12
2398.4089539414617 1.9105475605913903e-11
2408.0025897572273 2.4702519901735926e-11
2417.6346001162565 1.2434590582476833e-11
2427.3051385167214 3.743877276253148e-11
2437.0143590707885 4.065720077616541e-11
2446.762416507072 8.120777623884209e-11
2456.5494661731 5.6186401669932976e-11
2466.375664037793 7.871138302412906e-11
2476.2411666939443 1.0979861366227105e-10
2486.1461313607197 4.4601123551700416e-11
2496.090715886162 1.0434874250179387e-10
2506.075078749707 1.0164723238725735e-10
2516.0993790647044 1.4408916353000396e-10
2526.163776580964 2.723033180629607e-10
2536.268431687288 3.883125041183397e-10
2546.4135054140374 4.938920381375039e-10
2556.599159435693 3.9219227308731303e-10
2566.825556073436 3.183768584086979e-10
2577.09285829773 4.6437474615423595e-10
2587.4012297309205 4.2762466574094167e-10
2597.7508346498444 7.057795067401948e-10
2608.141837988444 8.625335530613417e-10
2618.5744053403982 1.1892017278599481e-09
2629.0487029617593 1.5588768944904473e-09
2639.5648977736064 1.5682192476133852e-09
2650.123157364701 1.6819066505823643e-09
2660.7236499941596 1.9793594689546017e-09
2671.366544594136 2.0832575216489604e-09
2682.052010772512 2.9176105408312377e-09
2692.7802188156024 3.3010351906798493e-09
2703.551339690865 4.269112869888308e-09
2714.365545049628 5.020603919943008e-09
2725.223007229827 5.622861150412536e-09
2736.123899258746 6.382613418561087e-09
2747.0683948557817 7.737459132484487e-09
2758.0566684352048 8.54102976652363e-09
2769.0888951089455 1.0489063959304821e-08
2780.165250689381 1.1891995118335989e-08
2791.2859116921386 1.4145645975172478e-08
2802.451055338907 1.637356336100168e-08
2813.660859560263 1.8854501454806392e-08
2824.9155029985036 2.159980729177008e-08
2836.2151650104965 2.5005078641750985e-08
2847.5600256705393 2.8330272489065343e-08
2858.950265773222 3.287486658121059e-08
2870.386066836315 3.7405221882916384e-08
2881.8676111036607 4.297807365312946e-08
2893.3950815480757 4.9216293827771166e-08
2904.968661874268 5.61436100804231e-08
2916.588536521764 6.41608823838722e-08
2928.254890667851 7.31412340845396e-08
2939.9679102305226 8.329316668638186e-08
2951.727781871445 9.492396313870333e-08
2963.534692998931 1.0801205265312452e-07
2975.3888317709266 1.228280536647975e-07
2987.2903870980094 1.3972994577767247e-07
2999.2395486464025 1.5866094207915853e-07
3011.2365068409886 8.78275976729386e-08
3023.2814528683516 9.936483707659284e-08
3035.374578679825 1.0261779195448636e-07
3047.516076994544 1.2600478334070715e-07
3059.7061413025226 1.4381087289754232e-07
3071.9449658677336 1.5650347600611167e-07
3084.232745731204 1.6090153964843248e-07
3096.569676714128 1.26185979775593e-07
3108.955955420985 1.362746618506783e-07
3121.3917792426687 1.9808652109101607e-07
3133.8773463596394 2.176160098983187e-07
3146.412855745078 2.247433667815145e-07
3158.998507168058 2.2385168802047765e-07
3171.6345011967305 2.1437542594208753e-07
3184.321039201517 1.9445833777295233e-07
3197.0583233583234 1.5984137595012717e-07
3209.8465566517566 9.057420704259089e-08
3222.6859428783637 4.9320054969697617e-08
3235.576686649877 5.211919532206776e-08
3248.518993396477 2.314407075694133e-08
3261.513069370063 5.664796362761081e-09
3274.559121647543 6.339189589973623e-10
3287.6573581341336 2.5533232938730044e-11
3300.8079875666704 1.0651988979158408e-12
3314.0112195169368 7.149650859132281e-12
3327.2672643950045 3.1313051085396604e-10
3340.5763334525845 5.0533296897037536e-09
3353.938638786395 3.593143349119749e-08
3367.354393341541 1.3327224349021514e-07
3380.8238109149074 3.2726482059718734e-07
3394.347106158567 6.220567511498095e-07
3407.924494583201 9.865607558679913e-07
3421.5561925615334 1.280930328125483e-06
3435.2424173317804 9.181274358314345e-07
3448.9833870011066 1.4934814001057457e-07
3462.7793205491116 1.853639882900872e-06
3476.630437831308 3.84187722117517e-06
3490.536959582633 5.386390073654726e-06
3504.4991074209643 6.861851220456201e-06
3518.5171038506473 8.40585537529637e-06
3532.5911722660503 1.0072210837881108e-05
3546.7215369551145 1.1895844806223685e-05
3560.9084231029346 1.3902423080897542e-05
3575.1520567953467 1.6114202762001537e-05
3589.452665022528 1.8554347237248743e-05
3603.810475682617 2.124637768521171e-05
3618.225717585348 2.4215381320016718e-05
3632.698620455689 2.748770048640411e-05
3647.2294149375116 3.1092201950643064e-05
3661.8183325972614 3.506015115752865e-05
3676.4656059276513 3.942511162354533e-05
3691.1714683513615 4.42224774134777e-05
3705.936154224767 4.9489550938600635e-05
3720.7598988416657 5.526738747526177e-05
3735.6429384370326 6.15976960608424e-05
3750.585510190781 6.852406759242144e-05
3765.587852231544 7.609224053137107e-05
3780.6502036404704 8.434779166754135e-05
3795.772804455032 9.333539952895503e-05
3810.955895672852 0.00010309569931902812
3826.199719255544 0.0001136611405495128
3841.504518132566 0.00012505584635975962
3856.870536205096 0.0001372731136355912
3872.2980183499167 0.00015026336843206064
3887.7872104233156 0.00016392633564960138
3903.338359265009 0.0001780266448124506
3918.9517127020695 0.00019213418004671655
3934.6275195528774 0.00020541963660541178
3950.3660296310895 0.0002163504307605267
3966.1674937496136 0.00022195925568941575
3982.0321637246125 0.0002163860817992869
3997.9602923795105 0.00018828555779052
4013.9521335490285 0.00012006834037261702
4030.007942083225 2.7394348380582502e-05
4046.1279738515577 4.327559734204139e-07
4062.312485746964 3.0611529714784917e-05
4078.5617356899515 0.00016775829792478164
4094.8759826327114 0.00031955737331001353
4111.255486563242 0.000441959379639794
4127.700508509496 0.0005438271545264575
4144.211310543533 0.0006352164382535587
4160.788155785708 0.0007224998015060724
4177.431308408849 0.0008094997114661594
4194.141033642486 0.000898614002200792
4210.917597777056 0.0009914700328453614
4227.761268168164 0.0010893338546186125
4244.672313240838 0.0011932807323633504
4261.651002493801 0.0013041450250484048
4278.697606503776 0.001422612905208594
4295.812396929791 0.001549613533401634
4312.995646517511 0.0016857625370888792
4330.24762910358 0.0018318163020503283
4347.568619619994 0.001988645224827381
4364.958894098475 0.0021571542339778368
4382.418729674868 0.002337935859061673
4399.948404593568 0.0025320477829404
4417.548198211942 0.002740687104813714
4435.21839100479 0.0029642483672923446
4452.959264568809 0.0032044602264644363
4470.771101627084 0.0034615710569694544
4488.654186033592 0.0037367793865493125
4506.608802777726 0.004032081705935856
4524.635237988838 0.004348823838470807
4542.733778940792 0.004686422058861034
4560.904714056555 0.005041251532360072
4579.148332912781 0.005184897194700542
4597.464926244433 0.0055336734039840236
4615.85478594941 0.005887855183508279
4634.318205093208 0.0062448926916157535
4652.855477913582 0.006607187447443066
4671.466899825236 0.006997719077255423
4690.152767424537 0.007356059397686669
4708.913378494234 0.007614017131248199
4727.749032008212 0.007694935986689298
4746.660028136244 0.007523578031355368
4765.646668248789 0.007051269128808609
4784.709254921784 0.0062328997008897265
4803.8480919414715 0.00507164016584518
4823.063484309237 0.00373951140969073
4842.355738246474 0.0025910655055250303
4861.72516119946 0.0018133980290305609
4881.172061844257 0.001287869589723782
4900.6967500916335 0.0009355198796721906
4920.299537092001 0.0006387073921637609
4939.9807352403695 0.00039179408004591244
4959.740658181329 0.00021067268151869694
4979.5796208140555 9.964924043594719e-05
4999.497939297312 4.255780108734073e-05
5019.495931054502 1.9137026695954156e-05
5039.57391477872 1.1029984911296968e-05
5059.732210437835 8.597450089665985e-06
5079.971139279585 8.116396035268327e-06
5100.291023836704 7.969085861972215e-06
5120.692187932051 7.575925416307344e-06
5141.174956683781 7.221921189622659e-06
5161.739656510514 7.1666855152452165e-06
5182.386615136556 7.21493774317256e-06
5203.116161597103 7.157931884841161e-06
5223.928626243489 7.1001627690619174e-06
5244.824340748465 7.129532494389413e-06
5265.803638111459 7.147543173494473e-06
5286.866852663905 7.15187528422681e-06
5308.0143200745615 7.2293477585759335e-06
5329.246377354859 7.318794719633076e-06
5350.563362864278 7.397603300793127e-06
5371.965616315736 7.5375339782712806e-06
5393.453478780998 7.683143145659245e-06
5415.027292696122 7.794897070880605e-06
5436.687401866905 7.948319316185446e-06
5458.434151474374 8.084985871913765e-06
5480.267888080271 8.17933850122923e-06
5502.188959632591 8.304300380835911e-06
5524.197715471122 8.416433082043652e-06
5546.294506333006 8.487535803617564e-06
5568.479684358337 8.568226374761342e-06
5590.753603095771 8.641827379490337e-06
5613.1166175081535 8.66456391971281e-06
5635.569083978187 8.706100096943717e-06
5658.1113603140975 8.676605986556515e-06
5680.743805755354 8.64520563182467e-06
5703.466780978376 8.568097734724727e-06
5726.28064810229 8.478986337056402e-06
5749.185770694699 8.340958359226824e-06
5772.182513777476 8.17719737576682e-06
5795.271243832587 7.979801686068404e-06
5818.452328807918 7.79214425447722e-06
5841.72613812315 7.5541750492465205e-06
5865.093042675643 6.943954174627644e-06
5888.553414846345 5.299852913635933e-06
5912.10762850573 7.569873616068216e-06
5935.756059019754 1.0122689403685896e-05
5959.499083255832 1.2888382728784677e-05
5983.337079588855 1.600481222678286e-05
6007.27042790721 1.9849095009374062e-05
6031.299509618841 2.4676746632397583e-05
6055.424707657316 3.0393420032078944e-05
6079.646406487946 3.708555267066126e-05
6103.964992113897 4.511397940283207e-05
6128.380852082353 5.471172370942197e-05
6152.894375490681 6.608724249632729e-05
6177.505952992646 7.934201459442201e-05
6202.215976804616 9.47702506480816e-05
6227.024840711833 0.00011281446395347741
6251.932940074681 0.0001340770136567695
6276.940671834981 0.00015914564931429647
6302.048434522321 0.00018927623541978587
6327.256628260409 0.00022532919961887755
6352.5656547734525 0.00026854808494814446
6377.975917392546 0.00032160456616578143
6403.487821062116 0.00038733084518650495
6429.101772346364 0.0004696894050090348
6454.81817943575 0.0005749298304031304
6480.637452153493 0.0007110303871041241
6506.560001962106 0.0008903552165386674
6532.586241969955 0.0011260491018275178
6558.716586937834 0.001438446772636275
6584.951453285586 0.001851213302050985
6611.291259098727 0.0024015236200931275
6637.7364241351215 0.0031380880529336672
6664.2873698316625 0.0041073967450600555
6690.94451931099 0.005369801871011862
6717.7082973882325 0.007016901547012842
6744.579130577787 0.009128978275223168
6771.557447100097 0.011695195381633945
6798.643676888497 0.014586674714104027
6825.838251596053 0.017552040756163536
6853.141604602436 0.020204158211300286
6880.554171020846 0.022053560476516076
6908.0763877049285 0.022919095854795395
6935.708693255749 0.023178828683964307
6963.4515280287715 0.023584750199402472
6991.305334140887 0.024515242615039807
7019.270555477449 0.026254407987249147
7047.34763769936 0.028819546701896945
7075.537028250157 0.03194431965416694
7103.839176363159 0.03525788703318594
7132.254533068612 0.03861200996316466
7160.783551200888 0.041661115103297196
7189.42668540569 0.04400358026394325
7218.184392147313 0.045339344640566624
7247.0571297159 0.045304018601735906
7276.045358234765 0.04459598788046463
7305.149539667704 0.043011883229763875
7334.370137826372 0.04118463886506756
7363.707618377678 0.0392540759993783
7393.162448851191 0.037269109881250116
7422.735098646595 0.03487465175645161
7452.426039041182 0.03246661437706682
7482.235743197345 0.02991720899804281
7512.1646861701365 0.026690524071434425
7542.213344914818 0.023585212370071728
7572.382198294477 0.02048914821413681
7602.671727087656 0.016298276433038588
7633.082413996006 0.007360893237730757
7663.614743651989 0.00038918809305869796
7694.269202626598 0.0005512207757097877
7725.046279437104 0.0038437279194931035
7755.946464554851 0.01030203259474282
7786.970250413072 0.021598811979247234
7818.118131414723 0.032738683503219276
7849.390603940383 0.04312312266764384
7880.788166356144 0.05490263654925264
7912.311319021571 0.06860555301473197
7943.960564297654 0.0849588277446465
7975.736406554845 0.10466347950826504
8007.639352181065 0.12772365008696185
8039.669909589788 0.15386445961688963
8071.828589228147 0.1834565584672209
8104.115903585063 0.21663761395633888
8136.532367199402 0.253900564176203
8169.078496668199 0.29792360329521045
8201.754810654873 0.35134739425463124
8234.561829897493 0.4190829508990168
8267.500077217084 0.5009177993588413
8300.570077525952 0.5849589572579285
8333.772357836056 0.6707680591429962
8367.1074472674 0.7548331906260761
8400.575877056472 0.8333911815773546
8434.178180564695 0.9028464224711229
8467.914893286956 0.9655624113942723
8501.786552860101 1.0360569843077323
8535.793699071543 1.1431921429989844
8569.936873867831 1.2935613186082484
8604.216621363299 1.4846363155591307
8638.633487848754 1.7021342956366514
8673.18802180015 1.948629853910517
8707.880773887353 2.207308491407693
8742.7122969829 2.481081728440969
8777.68314617083 2.763141230683321
8812.793878755514 3.042291576748217
8848.045054270535 3.3013008498363736
8883.437234487617 3.4951837821236
8918.970983425568 3.64836280104512
8954.64686735927 3.9690910255472946
8990.465454828707 4.196052096315774
9026.427316648023 4.717216206487942
9062.533025914616 5.161889511991593
9098.783158018272 5.5251417324131635
9135.178290650345 5.898742878864057
9171.719003812947 6.247220825005807
9208.405879828202 6.685146085079624
9245.239503347511 6.965746847202185
9282.2204613609 6.213158696619908
9319.349343206346 6.101320070670264
9356.626740579171 6.687790110668138
9394.053247541488 7.687792862629236
9431.629460531654 7.73811994676457
9469.355978373778 7.790238413127789
9507.233402287276 8.000408239168461
9545.262335896427 8.227435056512746
9583.443385240013 8.229739651283804
9621.777158780975 8.405066677522235
9660.264267416096 8.593849027549021
9698.90532448576 8.778094416837812
9737.7009457837 8.62091425565133
9776.651749566838 8.415403616533878
9815.758356565104 8.095155671477636
9855.021389991363 7.679898425874318
9894.441475551332 7.1996171795529795
9934.019241453534 6.6183177569249585
9973.755318419348 5.80029172097678
10013.650339693024 3.797863281358413
10053.704941051796 3.4114288698003326
10093.919760816003 3.090315623196255
10134.295439859268 2.7853628663287138
10174.832621618703 2.485104845313867
10215.531952105179 2.228199620497108
10256.394079913602 2.0042986205950357
10297.419656233254 1.7960049014183077
10338.609334858189 1.5809324915120793
10379.96377219762 1.4124979181542217
10421.483627286412 1.2600369492926153
10463.169561795556 1.1256767554060685
10505.022240042741 1.0078038777634588
10547.042329002912 0.9033148924535712
10589.230498318922 0.8086568916422173
10631.587420312197 0.7226613326824981
10674.113769993448 0.6442904422835697
10716.810225073421 0.5758073098710194
10759.677465973711 0.5186988676227707
10802.716175837608 0.4743565550108824
10845.927040540959 0.4414334695300326
10889.310748703121 0.4148356658669903
10932.867991697934 0.39042015364481963
10976.599463664725 0.3668812697595505
11020.505861519383 0.34177945334590104
11064.587884965462 0.31532632590256393
11108.846236505324 0.2872964119262652
11153.281621451348 0.2579029775411202
11197.894747937147 0.25351720103536685
11242.686326928899 0.25472834908640035
11287.657072236614 0.2797940255184347
11332.807700525562 0.2565036599824392
11378.138931327663 0.30601993703398966
11423.651487052975 0.32547558729330317
11469.346093001184 0.32712812719123785
11515.22347737319 0.3202176612325555
11561.284371282683 0.32001418843356894
11607.529508767815 0.3305468037219753
11653.959626802887 0.37282391465019393
11700.5754653101 0.3989509911449845
11747.377767171341 0.3911282639960998
11794.367278240028 0.43842561731885804
11841.544747352984 0.4435142078473512
11888.9109263424 0.43772749481422935
11936.46657004777 0.42510033587554763
11984.212436327958 0.4169938282290023
12032.149286073272 0.4166042480642975
12080.277883217566 0.42746432470074164
12128.598994750435 0.4498973272201217
12177.113390729437 0.4818126860345683
12225.821844292353 0.5183409586737318
12274.725131669524 0.5582387495919249
12323.824032196202 0.5989312146967789
12373.119328324985 0.6475703595102864
12422.611805638286 0.7098419781752082
12472.302252860838 0.7897406812972292
12522.19146187228 0.8554274194549553
12572.280227719768 0.9465710619870196
12622.569348630648 1.067577810064944
12673.059626025171 1.189217239204076
12723.751864529271 1.300189104844034
12774.646871987386 1.3963678874064085
12825.74545947534 1.4735516325150428
12877.04844131324 1.54438370428694
12928.556635078494 1.6242870147748232
12980.270861618808 1.7205960849502016
13032.191945065284 1.8289482784363629
13084.320712845543 1.9563311646951977
13136.657995696927 2.0758509777104215
13189.204627679715 2.2020610545766863
13241.961446190431 2.303838440639649
13294.929291975195 2.2458400563591994
13348.109009143096 2.0430615697950887
13401.50144517967 1.4015611489701991
13455.107450960388 0.8233380531494866
13508.927880764231 0.5514255116126535
13562.963592287288 0.38474472789698466
13617.215446656439 0.4469816939201981
13671.684308443064 0.8041528962749579
13726.371045676835 1.0295645831248685
13781.276529859542 1.2056323858696139
13836.40163597898 0.5454172532844136
13891.747242522899 0.7963629464037572
13947.314231492988 0.6903763133625677
14003.103488418961 0.9706147030951412
14059.115902372636 0.9473430483559899
14115.352365982128 0.8493421700341339
14171.813775446057 0.951218674999523
14228.501030547843 1.1265379426143536
14285.41503467003 1.3928252540588613
14342.556694808713 1.4019625650537952
14399.926921587949 1.574217434598783
14457.5266292743 1.802562580285057
14515.356735791396 1.9890761488384425
14573.418162734559 2.099346822794117
14631.711835385498 2.030639718078012
14690.238682727038 1.8816228970305409
14748.999637457951 1.7981716943024175
14807.995636007783 1.7482793988771184
14867.227618551815 1.7359520308241203
14926.69652902602 1.7032560353056032
14986.403315142123 1.7398789773187133
15046.348928402693 1.7112311096216757
15106.534324116303 1.5788662674628415
15166.96046141277 1.5076783956807616
15227.62830325842 1.532216168325711
15288.538816471453 1.502030993114417
15349.692971737337 1.4715978656615203
15411.091743624287 1.4269468406105137
15472.736110598784 1.386323574181881
15534.62705504118 1.3438402550288309
15596.765563261344 1.3044731834615828
15659.152625514387 1.2605363374259078
15721.789236016448 1.2100465960970597
15784.676392960515 1.1522912442862798
15847.815098532355 1.0950207055278163
15911.206358926484 1.0352354049930492
15974.85118436219 0.9744781686981601
16038.75058909964 0.9098360786915121
16102.905591456036 0.8392699090624476
16167.31721382186 0.7620215776729939
16231.986482677148 0.6801339673160474
16296.914428607855 0.6096501045037649
16362.102086322288 0.5597988346497015
16427.550494667576 0.5221497526674365
16493.260696646248 0.5149642637228378
16559.23373943283 0.4861649592515475
16625.470674390563 0.45077825683027617
16691.972557088127 0.346823423749666
16758.74044731648 0.386640990184778
16825.775409105743 0.35961564172550764
16893.07851074217 0.3251883423354671
16960.650824785134 0.2936653088007955
17028.493428084275 0.2691124295084535
17096.607401796613 0.2577469089960464
17164.993831403797 0.23994046526711127
17233.653806729413 0.22148884063846988
17302.588421956334 0.19874834819684195
17371.798775644158 0.18478642646405277
17441.285970746736 0.17192210778570505
17511.05111462972 0.15906306111523325
17581.095319088243 0.14447752865382044
17651.419700364593 0.12997089449465798
17722.02537916605 0.11858007509563712
17792.913480682713 0.10803046884132805
17864.085134605448 0.09430281117393753
17935.54147514387 0.0802118906520695
18007.283641044443 0.07167231628330864
18079.312775608625 0.060561867492875836
18151.630026711056 0.05326589349023925
18224.236546817894 0.04814311328890273
18297.133493005167 0.0395465281186014
18370.32202697719 0.03487041911787198
18443.803315085097 0.037320623971304485
18517.578528345435 0.03607642656098182
18591.648842458817 0.031735967055093225
18666.01543782865 0.025233691347925722
18740.67949957997 0.02150383554508881
18815.642217578286 0.03077722682436209
18890.9047864486 0.027085105772042328
18966.4684055944 0.023921565856733235
19042.334279216768 0.01843358791036872
19118.50361633364 0.018591536258046507
19194.977630798967 0.01643070187356674
19271.757541322168 0.01554919435277612
19348.844571487454 0.015245554921345912
19426.239949773408 0.0145141590468526
19503.9449095725 0.015032304456883432
19581.960689210795 0.014875931242863441
19660.28853196764 0.014988648220449385
19738.929686095507 0.014783075582828408
19817.885404839893 0.014308126690292449
19897.15694645925 0.014129463385847139
19976.745574245087 0.013497580175706396
20056.65255654207 0.012744019654625918
20136.879166768238 0.012186622368558055
20217.426683435307 0.011503039757224389
20298.296390169045 0.011045360584992829
20379.489575729727 0.010533006887954569
20461.007534032648 0.00995475115867865
20542.851564168777 0.009322110451276797
20625.02297042545 0.008668772401747349
20707.523062307162 0.008011501677183563
20790.353154556382 0.007381678840843599
20873.514567174607 0.006825239763111777
20957.008625443308 0.006381455491888751
21040.836659945082 0.006091781803860019
21125.000006584854 0.005971673677469807
21209.5000066112 0.006028330192417136
21294.33800663765 0.006226489877428148
21379.515358664197 0.006528621133181563
21465.033420098855 0.00686221624772061
21550.893553779246 0.007186015210386252
21637.097127994366 0.007378588237230465
21723.645516506345 0.007558330604528431
21810.540098572368 0.007518189581939742
21897.782258966654 0.007435428503221296
21985.37338800253 0.00658075901614047
22073.314881554532 0.006633164411727792
22161.60814108075 0.006654025530073298
22250.25457364508 0.006254804392693509
22339.25559193965 0.005997417965020875
22428.61261430741 0.005653324912033382
22518.32706476464 0.005473217890619519
22608.400373023702 0.005030478456112624
22698.833974515794 0.005133394164691822
22789.62931041386 0.004907928783890573
22880.78782765551 0.004739471401691651
22972.310978966132 0.00444674061432105
23064.200222882002 0.004636846655970983
23156.457023773528 0.004160728179156984
23249.082851868614 0.004247225084765577
23342.079183276095 0.0040658953877790276
23435.447500009202 0.0037093185235785114
23529.18929000923 0.0037782047535859843
23623.306047169273 0.004058709855607786
23717.79927135796 0.0034118021699464708
23812.670468443375 0.0040863654152459
23907.92115031715 0.004209448104180157
24003.552834918424 0.0045504558487932745
24099.56704625809 0.005098442434018697
24195.96531444313 0.0056781100413761405
24292.749175700897 0.006504008496991062
24389.9201724037 0.007558017604020253
24487.479853093315 0.008876678743957101
24585.42977250569 0.010620056649911155
24683.771491595708 0.012462388758207961
24782.50657756209 0.014772791363495269
24881.636603872343 0.016908530828474433
24981.16315028783 0.019694950518214124
25081.087802888986 0.021430958140225064
25181.412154100537 0.023335874827393722
25282.137802716934 0.022662397547193847
25383.266353927807 0.023466873951408805
25484.79941934352 0.021222863408502466
25586.73861702089 0.027925068798382007
25689.08557148898 0.02251461392737471
25791.84191377493 0.02321282085235295
25895.009281430033 0.02204307964676693
25998.589318555754 0.027707102652766546
26102.58367582998 0.036072884410440494
26206.994010533297 0.04352785773066576
26311.821986575433 0.0423035590405706
26417.069274521735 0.08507991171709745
26522.737551619815 0.07968280795221673
26628.828501826294 0.0367957127090424
26735.343815833607 0.017874731710563058
26842.285191096937 0.03600631845618491
26949.654331861326 0.06409409569423703
27057.452949188766 0.07535389068773365
27165.682760985525 0.07227138901580421
27274.345492029468 0.11348242158718042
27383.442873997585 0.05583927293962762
27492.976645493567 0.12170903100259735
27602.948552075544 0.061424826758223104
27713.360346283847 0.0733817463420481
27824.213787668985 0.07187272091571179
27935.510642819663 0.14417458686951992
28047.252685390937 0.0868107860274173
28159.441696132504 0.13266220665623432
28272.079462917034 0.20233889173901762
28385.167780768694 0.14740479862133654
28498.70845189177 0.1984581035449088
28612.703285699336 0.25434513707781176
28727.154098842133 0.27128316972306166
28842.062715237505 0.32411753779118807
28957.430966098455 0.3525437498172045
29073.260689962848 0.3674493404832948
29189.553732722703 0.4523137868541741
29306.311947653598 0.5335323055114104
29423.537195444205 0.5236076437081824
29541.231344225984 0.615246873467978
29659.396269602887 0.6570290382599654
29778.033854681304 0.6758513311377661
29897.14599010003 0.795352923947267
30016.734574060432 0.38124357425885036
30136.80151235667 0.8074220873904503
30257.348718406094 0.9055042202331322
30378.37811327972 0.965140298591952
30499.89162573284 0.8984748847817698
30621.891192235766 1.1332538167359576
30744.37875700471 1.0349092304539824
30867.356272032728 1.0029459905245441
30990.825697120858 0.980926395721457
31114.78899990934 0.7855507216678401
31239.24815590897 0.9211034679009936
31364.20514853261 0.6529157581234253
31489.661969126744 0.6378932301253499
31615.62061700325 0.3816320719826025
31742.083099471263 0.39183004362769563
31869.05143186915 0.25185835550418756
31996.527637596624 0.21603070293618323
32124.51374814701 0.22627394787816318
32253.011803139605 0.17650731216359825
32382.02385035216 0.20347569234169258
32511.55194575357 0.2608472861769687
32641.598153536583 0.2732817758570822
32772.16454615073 0.4884385183093892
32903.25320433533 0.7891600145515897
33034.86621715268 0.5601559817256586
33167.005682021285 0.012708613055878346
33299.673704749366 0.06846695075072198
33432.87239956837 0.36909134011050176
33566.60388916664 0.5171904754021605
33700.87030472331 0.5266168768793112
33835.6737859422 0.37192704722896885
33971.016481085964 0.34513177079379964
34106.900547010315 0.352431850522812
34243.32814919835 0.3669241036289468
34380.30146179514 0.45583208100633116
34517.82266764233 0.46958906243788084
34655.893958312896 0.6152080443250364
34794.51753414615 0.6324107560435391
34933.69560428273 0.7705401676239082
35073.43038669985 0.984657467718992
35213.72410824666 1.0988703483214082
35354.57900467965 1.0074392837935013
35495.99732069836 1.2464509728803463
35637.98130998116 1.5867635858708042
35780.53323522108 1.731381145285075
35923.65536816197 1.968981595042765
36067.34998963462 2.007664235236869
36211.61938959315 2.404744617578356
36356.46586715153 2.7699000371888705
36501.891730620126 2.670782153285728
36647.89929754261 2.8551407829836526
36794.49089473278 3.170499165715428
36941.6688583117 2.9760378302877326
37089.43553374496 2.9888077063714498
37237.793275879936 3.087770482034785
37386.74444898345 3.3307763697481185
37536.29142677938 3.363654469007752
37686.43659248651 3.211646230895025
37837.18233885645 3.2400519586931242
37988.53106821188 3.2925141157082782
38140.48519248474 3.499178792147725
38293.04713325467 3.583692792566515
38446.21932178769 3.2056030993622966
38600.00419907484 3.430347719981511
38754.40421587113 3.425983034150165
38909.42183273463 3.4402074966785787
39065.05952006556 3.3772194564948603
39221.31975814583 3.387697775438455
39378.205037178406 3.416803700213553
39535.71785732712 3.3600183869968023
39693.860728756415 3.3682569528500665
39852.636171671445 3.3392094104308865
40012.04671635814 3.2901193483537767
40172.09490322357 3.2694299647874514
40332.78328283648 3.226821591242645
40494.11441596781 3.1849451761051006
40656.090873631685 3.1861411983111245
40818.71523712622 3.1258836659348264
40981.990098074726 3.081042592112403
41145.918058467025 3.0212036807992804
41310.50173070089 3.0097018854949145
41475.74373762369 2.9508272202478896
41641.646712574184 2.923143132594842
41808.21329942448 2.8826732568750666
41975.44615262219 2.813496052958007
42143.347937232684 2.8188385198972163
42311.921328981625 2.7633390773116893
42481.16901429755 2.7793373955804546
42651.09369035474 2.7207355564475506
42821.69806511615 2.6761417300727612
42992.98485737662 2.4365766383995746
43164.95679680613 2.433862930461107
43337.61662399335 2.52939120777014
43510.96709048933 2.4970828922231467
43685.01095885128 2.480608937727474
43859.75100268668 2.432937991740487
44035.19000669744 2.3853954717513117
44211.330766724226 2.3644442166284163
44388.176089791115 2.270786154496461
44565.72879415028 2.2858316544217208
44743.991709326874 2.2147272736543777
44922.9676761642 2.2110631859713434
45102.65954686885 2.176540579787732
45283.07018505633 2.0601003926266888
45464.20246579656 2.121670126917077
45646.05927565975 2.0384228064522762
45828.64351276236 2.031661759034176
46011.95808681343 2.0196767394189443
46196.00591916067 1.874465529322581
46380.78994283732 1.9429387693808462
46566.31310260868 1.8882402051309897
46752.578355019126 1.7138938828075585
46939.588668439166 1.8612731402535
47127.34702311293 1.7887168625590357
47315.85641120539 1.6513409984704257
47505.11983685021 1.7563883657984416
47695.14031619761 1.700882461724836
47885.9208774624 1.466373034346582
48077.46456097225 1.6229874991974436
48269.774419216126 1.6230390807280775
48462.853516892996 1.327162753814484
48656.70493096058 1.5905680816289967
48851.33175068441 1.4946495564936584
49046.737077687154 1.339155109091913
49242.92402599791 1.4928309951883456
49439.89572210189 1.3035774853133628
49637.6553049903 1.1615840468338896
49836.20592621027 1.379417742901595
50035.55074991511 1.3590181777669537
50235.69295291477 0.8956388707162505
50436.63572472643 1.3213000652388884
50638.382267625326 1.3226074251959357
50840.935796695834 1.000192072996086
51044.2995398826 1.1622632633388577
51248.47673804215 1.164796608418017
51453.47064499432 0.7904537437477098
51659.28452757429 1.077480336267012
51865.92166568459 1.1258429590234575
52073.38535234733 0.5947878427931684
52281.67889375672 0.8881662355626673
52490.80560933175 0.930859700526506
52700.76883176907 0.8481153354775527
52911.57190709616 0.7729937642792206
53123.218194724526 0.8658339805792814
53335.711067503435 0.9486378382636772
53549.053911773444 0.4484032133744483
53763.25012742054 0.7220141196844779
53978.303127930216 0.8794417197345686
54194.21634044194 0.32077847647503466
54410.99320580371 0.7039489685610929
54628.63717862692 0.4682482177580612
54847.15172734143 0.5434174801149839
55066.540334250785 0.6064577503464775
55286.80649558781 0.5139607088050181
55507.95372157016 0.4013542771966312
55729.985536456436 0.31346678226268787
55952.90547860226 0.4388620121191353
56176.717100516675 0.4302426596684733
56401.42396891874 0.2929725548610633
56627.02966479442 0.38693370797467536
56853.5377834536 0.30849321165828386
57080.95193458741 0.29334137398159127
57309.27574232576 0.267558328768413
57538.51284529506 0.23715840996582802
57768.666896676245 0.2607768177511113
57999.74156426295 0.41851550958817235
58231.74053052 0.16525800521059197
58464.66749264208 0.34952986360569943
58698.52616261265 0.18791404197709716
58933.3202672631 0.174653029179608
59169.05354833215 0.2927223647037029
59405.72976252549 0.1657523923710249
59643.3526815756 0.2930148534689393
59881.926092301896 0.261114832370619
60121.45379667111 0.36041171617168644
60361.93961185778 0.28966974490882963
60603.38737030522 0.16760701872335948
60845.800919786445 0.28585472104842685
61089.184123465595 0.20857878233003663
61333.54085995945 0.2513896761038721
61578.87502339928 0.1672270707125975
61825.19052349288 0.2032681274936188
62072.491285586846 0.33189238879574995
62320.7812507292 0.3578422705369719
62570.06437573213 0.4067890145151621
62820.34463323505 0.38795312146892164
63071.62601176801 0.45261383476937217
63323.91251581507 0.30266739306881674
63577.20816587833 0.2929495201088642
63831.51699854184 0.2729564639407871
64086.843066536014 0.14199639807985384
64343.19043880215 0.20765392979182373
64600.563200557364 0.19539573566493262
64858.96545335958 0.09336983509726765
65118.401315173025 0.16484157027365004
65378.87492043372 0.18882564361320692
65640.39042011545 0.125091895389525
65902.95198179591 0.13523938589956275
66166.56378972309 0.1535902494863778
66431.23004488199 0.14950246399694261
66696.95496506151 0.17749112708319353
66963.74278492175 0.22777095345203283
67231.59775606144 0.19605159585955437
67500.52414708569 0.2860505749586997
67770.52624367403 0.19347600491688738
68041.60834864872 0.22933875521313887
68313.77478204331 0.2571946227520868
68587.02988117147 0.13450275513333546
68861.37800069616 0.2581965687567177
69136.82351269896 0.2773643696576941
69413.37080674975 0.3071644436337177
69691.02428997675 0.20691924609839007
69969.78838713666 0.26876440375201877
70249.6675406852 0.26110606009566867
70530.66621084794 0.1761236119848431
70812.78887569135 0.28480119760966705
71096.04003119409 0.2619697727541496
71380.42419131887 0.2505854325448214
71665.94588808414 0.18643082079032366
71952.60967163648 0.2229471420285051
72240.42011032304 0.2210329244486555
72529.38179076432 0.20191372939609367
72819.49931792737 0.15700864228185227
73110.77731519907 0.16697336078705016
73403.22042445988 0.10929245952093149
73696.83330615771 0.14655369305122343
73991.62063938235 0.15077352540669817
74287.58712193987 0.14922245360161637
74584.73747042764 0.11966476017841245
74883.07642030934 0.14794674364738813
75182.60872599059 0.1755572294767597
75483.33916089457 0.18900754725811694
75785.27251753812 0.18591261375003626
76088.4136076083 0.19786138940934084
76392.76726203872 0.2018102598390193
76698.33833108687 0.04791821660596823
77005.13168441122 0.10020828355815938
77313.15221114887 0.12265194277069717
77622.40481999348 0.12797533703036662
77932.89443927344 0.1500124169262129
78244.62601703055 0.16464004959021122
78557.60452109865 0.1560631134423185
78871.83493918306 0.14106590361759835
79187.3222789398 0.13544820663249435
79504.07156805556 0.16871392828999793
79822.08785432778 0.16899617754383323
80141.37620574511 0.1376218489552584
80461.94171056806 0.15122588264306747
80783.78947741033 0.14998680618433374
81106.92463531997 0.20136717553526967
81431.35233386126 0.17072581560241276
81757.0777431967 0.167120827820841
82084.10605416949 0.16972695487103298
82412.44247838613 0.17615152549401178
82742.09224829968 0.19118868333849603
83073.06061729288 0.1943007975523812
83405.35285976208 0.19191271823007397
83738.9742712011 0.1723511528709346
84073.93016828595 0.18877066935416664
84410.22588895904 0.1939767745739424
84747.86679251489 0.18668078211623726
85086.85825968496 0.16514700042910224
85427.20569272367 0.18603495878266002
85768.91451549459 0.18631010032346787
86111.99017355654 0.17542374643713468
86456.43813425078 0.15074965191949405
86802.2638867878 0.17348417686733086
87149.47294233493 0.17720217719024378
87498.07083410428 0.16409409541306633
87848.0631174407 0.14361021469024418
88199.45536991046 0.15839974328086778
88552.25319139009 0.16537385940353777
88906.46220415569 0.15990256191134014
89262.08805297229 0.14099796504817957
89619.1364051842 0.13248057477832573
89977.61295080492 0.14785070427260552
90337.52340260813 0.15364518300670232
90698.87349621857 0.13068148820756462
91061.66899020346 0.145706839867661
91425.91566616425 0.12864981034907913
91791.61932882894 0.13939552661953789
92158.78580614422 0.11833706535678165
92527.4209493688 0.1472885383932801
92897.53063316627 0.12240354370110378
93269.12075569895 0.11974643902952985
93642.19723872172 0.12971414181735078
94016.76602767664 0.1269302814679066
94392.83309178732 0.14038115445774604
94770.40442415449 0.11604229001448128
95149.48604185111 0.11817566022769191
95530.08398601852 0.11450378412516851
95912.20432196259 0.1353335739367152
96295.85313925042 0.13604529386727596
96681.0365518075 0.10656909606835077
97067.76069801472 0.11745673758214281
97456.03174080675 0.12054353738774233
97845.85586776999 0.13196422145471712
98237.23929124104 0.13397296722839172
98630.18824840599 0.1140706815786833
99024.70900139965 0.11748337684478458
99420.80783740526 0.11841519581086436
99818.49106875488 0.1315844344954722
100217.76503302988 0.13077667224367795
100618.636093162 0.1091914125145948
101021.11063753467 0.12019121033919529
101425.1950800848 0.1277105908674918
101830.89586040513 0.1285042221413076
102238.21944384674 0.12759142427789336
102647.17232162213 0.12489088281347839
103057.7610109086 0.11250816782584729
103469.99205495225 0.050610594971588145
103883.87202317205 0.06348751336773277
104299.40751126477 0.09311602916639587
104716.60514130979 0.10862549097319373
105135.47156187505 0.10013034609344237
105556.01344812254 0.10645420138687073
105978.23750191503 0.11449669155349237
106402.15045192267 0.11105515105410504
106827.75905373038 0.09252672058649376
107255.07008994528 0.05588663508726369
107684.09037030509 0.05872415564392152
108114.8267317863 0.0803035662871822
108547.28603871344 0.09613965976188228
108981.47518286831 0.1014420947258291
109417.40108359976 0.10264894011369931
109855.0706879342 0.10349827696698968
110294.49097068593 0.09690452782275806
110735.66893456863 0.10828120871639756
111178.61161030692 0.10742692141351064
111623.32605674816 0.10753842810582269
112069.81936097513 0.09281882167955713
112518.09863841905 0.08951448095471623
112968.17103297272 0.10374254542729189
113420.0437171046 0.10361131832427085
113873.72389197304 0.10218417857614145
114329.21878754091 0.10085933003014227
114786.53566269108 0.08922543142468574
115245.68180534184 0.08050628266566691
115706.66453256323 0.09716331218521503
116169.49119069346 0.09749196778467603
116634.16915545624 0.09593899107518233
117100.70583207808 0.0767118151866182
117569.1086554064 0.08647125885533491
118039.385090028 0.07771325597115894
118511.54263038811 0.09085365155527562
118985.58880090967 0.09163434842911322
119461.5311561133 0.08958827565319902
119939.37728073777 0.07346855749210182
120419.13478986072 0.08407257554026303
120900.81132902016 0.06970721737282393
121384.41457433623 0.08594672286376234
121869.9522326336 0.085972287157332
122357.43204156413 0.07578540113810339
122846.86176973036 0.074943360946489
123338.2492168093 0.07865037676527906
123831.60221367657 0.07092091422600459
124326.92862253124 0.08017265054077345
124824.23633702139 0.08109915434299718
125323.53328236948 0.07384941767105227
125824.82741549893 0.07296927783971863
126328.12672516092 0.07678120971111897
126833.43923206156 0.06957753834143893
127340.77298898982 0.07171261566581136
127850.13608094577 0.07569594440158442
128361.53662526955 0.06709299567480859
128874.98277177062 0.07278684870807926
129390.4827028577 0.07264785765813217
129908.04463366912 0.07144437166915928
130427.67681220379 0.06785140051511429
130949.38751945265 0.07023810117826786
131473.18506953045 0.06857452786006615
131999.07780980857 0.06884548457142943
132527.0741210478 0.0679078246123993
133057.182417532 0.06904878929562677
133589.4111472021 0.06631820036784204
134123.76879179094 0.06425843433535912
134660.26386695806 0.06547965726794797
135198.9049224259 0.06630897935039623
135739.7005421156 0.06360192715780365
136282.65934428407 0.06449733178109157
136827.78998166122 0.06407374347708032
137375.1011415879 0.0622542771088155
137924.60154615424 0.06219725636757021
138476.29995233883 0.06194539908487269
139030.20515214818 0.061845974459853084
139586.32597275675 0.0613653308172952
140144.6712766478 0.05954904004391842
140705.2499617544 0.05865316523334093
141268.0709616014 0.058524412433056894
141833.1432454478 0.057508344374601665
142400.4758184296 0.05766630839947758
142970.07772170333 0.057137824968011286
143541.95803259013 0.05601501423671488
144116.12586472047 0.055479322235259754
144692.59036817937 0.05314821242464738
145271.3607296521 0.053477262805236285
145852.44617257072 0.054044502305876006
146435.85595726097 0.05358667073658578
147021.59938109003 0.05282069129823881
147609.6857786144 0.05229637083346832
148200.12452172884 0.05171785679208227
148792.92501981577 0.05085119489296024
149388.09671989502 0.04981838152216559
149985.6491067746 0.05003097007281599
150585.59170320167 0.049271902591609525
151187.93407001448 0.048835022849952316
151792.68580629455 0.04771542879639531
152399.85654951975 0.04771295051562288
153009.45597571784 0.04720988244037877
153621.4937996207 0.046092259572561446
154235.97977481916 0.045967402925280156
154852.92369391845 0.045456172695066584
155472.3353886941 0.044589347760941915
156094.2247302489 0.0436565750894576
156718.60162916992 0.04348630932067168
157345.47603568656 0.04216021230044533
157974.8579398293 0.04165076970538869
158606.75737158864 0.0408490415730237
159241.18440107498 0.039767317358020214
159878.14913867926 0.039607707947457486
160517.661735234 0.040263987278689115
161159.73238217493 0.039896950666247946
161804.3713117036 0.04008629586050091
162451.58879695044 0.03904244535057897
163101.39515213823 0.0396359370462026
163753.8007327468 0.039284691789226577
164408.81593567782 0.03905097720814677
165066.45119942052 0.038702453194871166
165726.71700421823 0.038021003331434385
166389.62387223504 0.03679305731469488
167055.18236772402 0.03746833340133992
167723.40309719497 0.03728601839717098
168394.2967095837 0.03658987667584626
169067.87389642204 0.03463151560945213
169744.14539200772 0.036110537163907205
170423.1219735757 0.03608320844530268
171104.81446147006 0.034676237339801734
171789.23371931593 0.03498249715224416
172476.3906541932 0.03383649486382068
173166.29621680998 0.03460410070443934
173858.96140167722 0.033089662632411594
174554.39724728392 0.034298933928487874
175252.61483627307 0.033020773946041984
175953.62529561817 0.032581339192244874
176657.43979680064 0.033305915293168224
177364.06955598784 0.03305376586822071
178073.52583421173 0.03301937087492576
178785.8199375486 0.032771678792028726
179500.9632172988 0.03216113988201262
180218.967070168 0.0315061244122216
180939.84293844865 0.03161763764076651
181663.60231020238 0.030289323738909905
182390.25671944322 0.03061130032968321
183119.81774632097 0.03013908717024232
183852.29701730626 0.031002895888002875
184587.7062053755 0.030806294389815317
185326.057030197 0.030236020681410628
186067.3612583178 0.029900189506931258
186811.63070335102 0.029363851220538705
187558.8772261645 0.029701927458152252
188309.11273506918 0.029583711903636373
189062.3491860094 0.02943925075190269
189818.59858275342 0.026681111488548404
190577.87297708448 0.028510142870275288
191340.18446899284 0.02881250658715255
192105.54520686882 0.026752586601962818
192873.9673876963 0.025983804360160383
193645.46325724703 0.025540078054143184
194420.04511027603 0.0258961863346162
195197.72529071715 0.027390809146135665
195978.51619188 0.025683067907821683
196762.4302566476 0.026641972459617646
199107.9942767367 0.02498819745582133
203090.15416227144 0.024427558893669255
207151.95724551688 0.023246498863582408
211294.9963904272 0.021037124210861638
215520.89631823578 0.020457564916067546
219831.31424460045 0.01872969266762853
224227.94052949245 0.017632522534973705
228712.4993400823 0.017549511653950453
233286.74932688402 0.016992752918476843
237952.48431342165 0.013219707080526596
242711.5339996901 0.015998433803788667
247565.76467968393 0.014259351105087996
252517.0799732776 0.010605475735564937
257567.42157274322 0.01261288430720608
262718.770004198 0.011528506668049533
267973.145404282 0.009039472558748327
273332.6083123676 0.01084835534166178
278799.26047861495 0.008752302199241556
284375.2456881872 0.006505714596566605
290062.750601951 0.00809929837932786
295864.00561398995 0.007245498365117427
301781.2857262697 0.006922642066890871
307816.91144079523 0.005321625778520211
313973.24966961105 0.006514122324984243
320252.7146630032 0.005702066238202101
326657.7689562633 0.0050203319193548425
333190.92433538847 0.004199459848358017
339854.7428220964 0.004952431360891333
346651.83767853834 0.003816795527796858
353584.87443210906 0.0032346483909948846
360656.57192075124 0.0030158875159262658
367869.70335916633 0.0033972513778627264
375227.09742634965 0.003042138675034825
382731.63937487674 0.003491401674563418
390386.2721623741 0.0023897724293274157
398193.99760562164 0.0021667829293253774
406157.87755773397 0.0018683928623265337
414281.0351088888 0.0025890920956208154
422566.65581106645 0.0021039441989488122
431017.98892728786 0.0016490796515619584
439638.3487058336 0.0014388422390879424
448431.11567995034 0.0014160305158416556
457399.7379935492 0.0015416059816965365
466547.7327534202 0.0011467999668544073
475878.6874084886 0.0012042359233694552
485396.2611566584 0.0011823525434509282
495104.1863797916 0.0009356904629828617
505006.2701073874 0.0009158183956485684
515106.39550953516 0.0008499309071996543
525408.5234197257 0.0010078779197014109
535916.6938881205 0.000876568650845469
546635.0277658828 0.0007928300135919728
557567.7283212005 0.0006281518134842404
568719.0828876244 0.0005528360174884404
580093.4645453768 0.0005664764632595779
591695.3338362843 0.0005422326802079666
603529.2405130101 0.0005418588307725006
615599.8253232702 0.0005760824252249505
627911.8218297358 0.0003910077976731841
640470.0582663304 0.0003674636167527186
653279.459431657 0.00034906081733560577
666345.04862029 0.0002941784135952303
679671.9495926959 0.00036813677707256637
693265.38858455 0.000368487139250846
707130.6963562409 0.0002766043908706645
721273.3102833657 0.00021818018895738682
735698.7764890331 0.00026085569836741885
750412.7520188137 0.00020768274065932784
765421.0070591901 0.00021714997685932008
780729.4272003738 0.0001857157599631805
796344.0157443815 0.0001833412505843604
812270.896059269 0.00016003304206790796
828516.3139804546 0.00014151018439408064
845086.6402600636 0.0001335137805046153
861988.3730652649 0.0001534410259175037
879228.14052657 0.00016455062319364758
896812.7033371016 0.00011990024577934497
914748.9574038435 0.00012123229653179468
933043.9365519203 9.68998737948429e-05
951704.8152829591 8.197511441125787e-05
970738.911588618 9.413997507410273e-05
990153.6898203905 7.068172728305486e-05
