1000.5530765187797 8.792810907262675e-16
1004.5552888248548 2.8556424611608525e-53
1008.5735099801544 1.3072018490343097e-51
1012.607804020075 2.410965316859742e-51
1016.6582352361554 6.184462205543939e-53
1020.7248681770998 4.928080364571135e-41
1024.8077676498083 1.0602891704542296e-43
1028.9069987204075 2.8186473170130273e-50
1033.022626715289 2.217456964116593e-38
1037.1547172221503 2.002136767451332e-51
1041.3033360910388 1.2144376600582667e-48
1045.468549435403 1.008130971533833e-46
1049.6504236331448 6.723829538002945e-52
1053.8490253276773 6.468969030822284e-43
1058.064421428988 1.7901301472916864e-49
1062.296679114704 2.0466451763365234e-42
1066.5458658311627 2.7469225683710608e-45
1070.8120492944875 2.1969126952700368e-46
1075.0952974916654 6.760134400761856e-39
1079.3956786816323 2.4382838339258434e-46
1083.7132613963586 2.295362381455659e-37
1088.048114441944 4.6061124276351514e-40
1092.4003068997117 1.7488173799812148e-28
1096.7699081273104 2.7512640527334446e-39
1101.15698775982 2.8142774108992206e-40
1105.561615710859 8.998075991420175e-29
1109.9838621737026 2.5706066835579677e-32
1114.4237976223976 4.0209027147260814e-36
1118.8814928128868 1.855271041115953e-39
1123.3570187841383 3.642243614626424e-36
1127.8504468592753 1.864463929153e-25
1132.361848646712 2.0245050128358394e-27
1136.8912960412988 5.485856724681117e-27
1141.438861225464 4.519370818948406e-27
1146.004616670366 2.416747541061227e-26
1150.5886351370475 5.328128726589436e-31
1155.190989677596 8.187516616746572e-29
1159.8117536363065 2.7378496404841078e-33
1164.4510006508515 1.0110165219642251e-36
1169.108804653455 8.467692783607922e-36
1173.7852398720688 5.438783318720961e-38
1178.480380831557 4.784221576724738e-39
1183.1943023548836 1.8427567209449152e-37
1187.9270795643029 1.6587137213345863e-36
1192.67878788256 1.0314160934427777e-36
1197.4495030340906 1.4154305030119428e-37
1202.2393010462267 1.2987612212110414e-38
1207.0482582504117 5.253231375964222e-35
1211.8764512834132 6.29404230580459e-36
1216.7239570885472 1.7806074860288696e-38
1221.5908529169012 1.1456334017192529e-35
1226.4772163285688 2.3543611729885386e-34
1231.383125193883 5.564547545301005e-38
1236.3086576946585 4.4570726402930737e-36
1241.2538923254372 2.628528530048846e-35
1246.2189078947392 2.360557007849981e-37
1251.203783526318 1.3392075093831595e-35
1256.2085986604231 2.3663978516429606e-33
1261.233433055065 1.2305729833397361e-33
1266.2783667872852 3.0276807201429836e-36
1271.3434802544346 3.4584319681360283e-31
1276.4288541754522 2.5596792538691496e-33
1281.534569592154 5.76716964717056e-34
1286.6607078705229 1.9476221126855513e-32
1291.8073507020044 1.490875254296624e-31
1296.9745801048125 2.7168859143595208e-31
1302.162478425232 1.031603478822894e-33
1307.3711283389327 1.1035283260421997e-31
1312.6006128522888 2.188605439214005e-28
1317.851015303698 1.0182183974081165e-31
1323.1224193649127 2.1081345744803426e-30
1328.4149090423725 1.281442505204004e-29
1333.728568678542 5.122856998558357e-30
1339.0634829532567 1.9466144690974913e-31
1344.4197368850691 8.83706077225024e-30
1349.7974158326099 4.1066548490906197e-29
1355.1966054959403 1.5830659651096486e-29
1360.6173919179244 5.638616795792343e-29
1366.059861485596 9.708481419937102e-30
1371.5241009315384 7.6315066210767465e-31
1377.0101973352646 6.019414235467357e-30
1382.5182381246057 2.6457887747321257e-27
1388.0483110771042 2.577045993455669e-28
1393.6005043214122 1.7571721092115494e-29
1399.1749063386976 1.891143348085727e-29
1404.7716059640527 3.535608864195812e-27
1410.3906923879088 1.4305797228426042e-28
1416.0322551574602 9.907483915720426e-27
1421.6963841780905 3.8022950627747144e-30
1427.3831697148032 1.8509393299197697e-27
1433.0927023936622 2.3258003667298035e-25
1438.8250732032368 5.46694357581449e-27
1444.5803734960498 2.946717227691352e-25
1450.3586949900334 8.322778667079673e-27
1456.1601297699938 1.1396672317358244e-25
1461.984770289074 2.4167782846660225e-24
1467.83270937023 4.2681689789105965e-26
1473.704040207711 1.1190484098505193e-24
1479.5988563685412 3.409538000529888e-27
1485.5172517940157 2.8106920275943934e-25
1491.459320801192 1.1066857127604555e-24
1497.4251580843968 6.439099557911246e-26
1503.4148587167342 9.954221526547642e-22
1509.4285181516007 1.1633557345052789e-24
1515.4662322242077 1.5966880991586762e-25
1521.5280971531042 5.96758445231638e-20
1527.6142095417167 1.1720984837897917e-23
1533.7246663798837 3.9550812486288955e-22
1539.859565045403 8.620669879989821e-20
1546.0190033055849 2.039092382187128e-26
1552.203079318807 1.0455207538346736e-20
1558.4118916360824 5.404245496166021e-20
1564.6455392026269 4.33028166259747e-22
1570.9041213594373 2.2065565397312656e-19
1577.187737844875 6.042243508420597e-20
1583.4964887962547 4.0979317645316285e-19
1589.8304747514399 1.0307531295576109e-18
1596.1897966504455 6.095855403248374e-20
1602.5745558370472 4.2044038610606403e-19
1608.9848540603957 2.246765177450605e-18
1615.4207934766368 3.9502954842465067e-19
1621.8824766505436 3.410407417894117e-18
1628.3700065571454 4.908582094309089e-18
1634.8834865833744 5.6773364325534986e-18
1641.4230205297079 1.2695743990667313e-17
1647.9887126118267 3.896183415353923e-18
1654.580667462274 5.52247647482457e-18
1661.198990132123 2.1479487666719352e-17
1667.8437860926513 2.0070733421854123e-17
1674.515161237022 3.6227663126434994e-17
1681.2132218819695 5.4763110074974526e-17
1687.9380747694975 4.9932320582306003e-17
1694.6898270685758 1.756237002885265e-16
1701.4685863768502 1.0280954857185443e-16
1708.2744607223572 9.292570854533023e-17
1715.1075585652468 2.2065529419606946e-16
1721.967988799508 1.427819742765428e-16
1728.8558607547059 2.691711164948933e-16
1735.7712841977245 4.297578786725589e-16
1742.7143693345156 5.292676193259042e-16
1749.6852268118535 1.0892796507729357e-15
1756.6839677191008 1.6604256151186473e-15
1763.7107035899771 3.404438081046369e-15
1770.7655464043373 2.322911783493354e-15
1777.8486085899544 1.8848317608880396e-15
1784.9600030243143 3.552185594705709e-15
1792.0998430364118 3.506368418829685e-15
1799.2682424085576 5.6606356963153455e-15
1806.4653153781921 6.667957946153607e-15
1813.6911766397043 6.9753188928043825e-15
1820.945941346263 1.2713847826490929e-14
1828.2297251116483 2.1608488064000285e-14
1835.5426440120948 1.4045601259793343e-14
1842.8848145881432 2.4951916974728673e-14
1850.2563538464956 3.761646710123247e-14
1857.657379261881 3.87024801236042e-14
1865.0880087789287 7.2920677245823e-14
1872.5483608140448 6.944645386909266e-14
1880.0385542573008 8.721787603422374e-14
1887.5587084743302 1.557461639814314e-13
1895.1089433082268 1.9732105473819827e-13
1902.68937908146 1.8449893737878832e-13
1910.3001365977857 2.898234150690469e-13
1917.9413371441767 3.369841643666043e-13
1925.6131024927531 3.8827439265621993e-13
1933.3155549027244 6.136348495119124e-13
1941.0488171223355 6.960021655336637e-13
1948.8130123908247 8.928465212987931e-13
1956.608264440388 1.2559717145080122e-12
1964.434697498149 1.5375816065945291e-12
1972.2924362881417 1.826339460121142e-12
1980.1816060332944 2.378585645711693e-12
1988.1023324574276 2.9210469968354746e-12
1996.0547417872574 3.2027044891134265e-12
2004.0389607544066 4.385879111842189e-12
2012.0551165974243 5.074581895701661e-12
2020.1033370638136 6.181661386561789e-12
2028.1837504120688 7.640806022549417e-12
2036.2964854137172 8.97897623739737e-12
2044.4416713553724 1.0382113899873669e-11
2052.6194380407937 1.2664324514982989e-11
2060.829915792957 1.4912942713102708e-11
2069.0732354561287 1.7320980262944714e-11
2077.3495283979532 1.997829971666262e-11
2085.6589265115445 2.4094784658188903e-11
2094.001562217591 2.7809674794610704e-11
2102.3775684664615 3.2428233434370446e-11
2110.787078740328 3.521727586474014e-11
2119.2302270552887 4.3559637629800616e-11
2127.70714796351 5.0616401439786966e-11
2136.217976555364 5.974796075740212e-11
2144.7628484615852 5.907445354210217e-11
2153.341899855432 7.656247300284929e-11
2161.9552674548536 9.099368711910371e-11
2170.603088524673 1.0767518474472231e-10
2179.285500878772 1.038556084391194e-10
2188.0026428822866 1.275356519361889e-10
2196.754653453816 1.6685476213622366e-10
2205.541672067631 1.8703397771428642e-10
2214.3638387559017 2.2046676431243765e-10
2223.2212941109246 2.0147638824628498e-10
2232.114179287369 3.2327563594728185e-10
2241.0426360045185 3.3065935801466056e-10
2250.0068065485366 4.817764720667677e-10
2259.0068337747302 3.758761079863265e-10
2268.0428611098296 5.478289461557893e-10
2277.115032554269 6.953477648519494e-10
2286.223492684486 8.711420616072085e-10
2295.368386655224 1.0972306108094371e-09
2304.549860201845 7.574662629620596e-10
2313.7680596426517 1.2850892154793949e-09
2323.0231318812225 1.6845173635587702e-09
2332.3152244087473 2.139083569216913e-09
2341.6444853063817 2.134288625472049e-09
2351.0110632476076 1.8575305877369784e-09
2360.415107500598 2.8738696523192953e-09
2369.8567679306 2.765513024394061e-09
2379.3361950023227 4.131474566079442e-09
2388.853539782332 4.720498310348626e-09
2398.4089539414617 6.073920254917458e-09
2408.0025897572273 7.092087597547087e-09
2417.6346001162565 5.569107765972864e-09
2427.3051385167214 8.543387612272929e-09
2437.0143590707885 1.0711365217137921e-08
2446.762416507072 1.3682900872528749e-08
2456.5494661731 1.4850228375111405e-08
2466.375664037793 1.7553376476475398e-08
2476.2411666939443 2.087764658758299e-08
2486.1461313607197 1.8709104125202378e-08
2496.090715886162 2.413106016576372e-08
2506.075078749707 2.849006231043672e-08
2516.0993790647044 3.408339085077501e-08
2526.163776580964 4.509212813605942e-08
2536.268431687288 5.696895004664484e-08
2546.4135054140374 7.262935104386003e-08
2556.599159435693 6.232887013056794e-08
2566.825556073436 6.743253872133224e-08
2577.09285829773 7.946406838593999e-08
2587.4012297309205 8.787362352209435e-08
2597.7508346498444 1.0548945541342168e-07
2608.141837988444 1.1796169288639523e-07
2618.5744053403982 1.5292143691268487e-07
2629.0487029617593 2.0993607270488468e-07
2639.5648977736064 2.2606228614360955e-07
2650.123157364701 2.450183573311962e-07
2660.7236499941596 2.522895344586859e-07
2671.366544594136 2.918343108633883e-07
2682.052010772512 3.374806731568526e-07
2692.7802188156024 3.522152781669962e-07
2703.551339690865 4.460874133567538e-07
2714.365545049628 4.7396605338796637e-07
2725.223007229827 5.28892198519022e-07
2736.123899258746 6.064341771962033e-07
2747.0683948557817 7.269383155440772e-07
2758.0566684352048 7.9652906207033e-07
2769.0888951089455 9.726949263262265e-07
2780.165250689381 9.999050868627443e-07
2791.2859116921386 1.120826533477221e-06
2802.451055338907 1.194845081276634e-06
2813.660859560263 1.2908944749341531e-06
2824.9155029985036 1.3980537424667432e-06
2836.2151650104965 1.5127056625749735e-06
2847.5600256705393 1.6521278995715864e-06
2858.950265773222 1.8602725815042126e-06
2870.386066836315 2.146544376338416e-06
2881.8676111036607 2.5340133578849142e-06
2893.3950815480757 3.025600010912718e-06
2904.968661874268 3.577072663181024e-06
2916.588536521764 4.321547799289022e-06
2928.254890667851 5.063804447047218e-06
2939.9679102305226 6.018741835316326e-06
2951.727781871445 7.258302600345474e-06
2963.534692998931 8.697476126048745e-06
2975.3888317709266 1.0408298825735028e-05
2987.2903870980094 1.3492196659105459e-05
2999.2395486464025 1.4968903457776972e-05
3011.2365068409886 1.299002458952546e-05
3023.2814528683516 1.3480957727790072e-05
3035.374578679825 8.046258288111445e-06
3047.516076994544 1.9021501198767408e-05
3059.7061413025226 2.3789704850606218e-05
3071.9449658677336 2.5524512878163545e-05
3084.232745731204 2.8610058748596596e-05
3096.569676714128 1.3226493867661542e-05
3108.955955420985 1.554726412091426e-05
3121.3917792426687 3.8507586145613446e-05
3133.8773463596394 4.464960053263219e-05
3146.412855745078 4.883242153921584e-05
3158.998507168058 4.570659578930375e-05
3171.6345011967305 4.527365655635758e-05
3184.321039201517 3.646754339200781e-05
3197.0583233583234 2.656492691815449e-05
3209.8465566517566 8.763160049611533e-06
3222.6859428783637 2.8240082297830355e-06
3235.576686649877 4.908067780795631e-06
3248.518993396477 1.8433353661036757e-06
3261.513069370063 4.304419934602531e-07
3274.559121647543 6.220201639825386e-08
3287.6573581341336 6.027851155767743e-09
3300.8079875666704 2.413560185346901e-10
3314.0112195169368 2.097689498608992e-09
3327.2672643950045 3.746488917597308e-08
3340.5763334525845 3.4291905573676854e-07
3353.938638786395 2.1094176824424007e-06
3367.354393341541 8.559121476653124e-06
3380.8238109149074 2.581877475390298e-05
3394.347106158567 6.0376541037945916e-05
3407.924494583201 0.00011161644498274508
3421.5561925615334 0.0001491599945397564
3435.2424173317804 7.230498565955394e-05
3448.9833870011066 3.4965704012857222e-06
3462.7793205491116 0.00018071139543808602
3476.630437831308 0.0006026834975971175
3490.536959582633 0.0009890068335571976
3504.4991074209643 0.0013553534091411265
3518.5171038506473 0.001733796176747741
3532.5911722660503 0.002135695708449227
3546.7215369551145 0.002567700028484737
3560.9084231029346 0.0030314682236415725
3575.1520567953467 0.0035338174096228186
3589.452665022528 0.004080205450916557
3603.810475682617 0.00467188377178012
3618.225717585348 0.005304611022892686
3632.698620455689 0.005989707719019207
3647.2294149375116 0.006727540710076146
3661.8183325972614 0.007529965839935413
3676.4656059276513 0.008359628562568742
3691.1714683513615 0.009275866588970314
3705.936154224767 0.010244772983075424
3720.7598988416657 0.011278006872188218
3735.6429384370326 0.012402447007661825
3750.585510190781 0.013594748437350668
3765.587852231544 0.014874478315594129
3780.6502036404704 0.016230343891639767
3795.772804455032 0.017634130656388552
3810.955895672852 0.019113007695926023
3826.199719255544 0.02053402426536344
3841.504518132566 0.02213791964928068
3856.870536205096 0.023818594241200607
3872.2980183499167 0.02538330949480159
3887.7872104233156 0.02690215235629063
3903.338359265009 0.028303452138289886
3918.9517127020695 0.029465496155008212
3934.6275195528774 0.03005996286938961
3950.3660296310895 0.02980304809518752
3966.1674937496136 0.027899486648087404
3982.0321637246125 0.02343750138282293
3997.9602923795105 0.015689015666213228
4013.9521335490285 0.006068672432725433
4030.007942083225 0.0006961206059362455
4046.1279738515577 1.1667748501249764e-05
4062.312485746964 0.0007352459690009186
4078.5617356899515 0.007537604633283467
4094.8759826327114 0.02280232495792317
4111.255486563242 0.03965188854082416
4127.700508509496 0.054671003197593764
4144.211310543533 0.06768158321156068
4160.788155785708 0.07920717349029863
4177.431308408849 0.08989422437003396
4194.141033642486 0.10012568704507593
4210.917597777056 0.10864738323869517
4227.761268168164 0.11940998149120428
4244.672313240838 0.12756684664910062
4261.651002493801 0.1403162287956305
4278.697606503776 0.14776848383017152
4295.812396929791 0.16190196805063317
4312.995646517511 0.17393916094327988
4330.24762910358 0.180470646172494
4347.568619619994 0.19653062385378786
4364.958894098475 0.21214211626684418
4382.418729674868 0.2236870216459577
4399.948404593568 0.22878395369353188
4417.548198211942 0.254122876527713
4435.21839100479 0.2721064352058592
4452.959264568809 0.28996148453998893
4470.771101627084 0.3077743037323978
4488.654186033592 0.3155202839819067
4506.608802777726 0.3309213357629653
4524.635237988838 0.3663713912223688
4542.733778940792 0.3819893470640103
4560.904714056555 0.3888331633309281
4579.148332912781 0.3375866217306269
4597.464926244433 0.3921360966363535
4615.85478594941 0.3939431514972875
4634.318205093208 0.3890287034740978
4652.855477913582 0.3722130708263359
4671.466899825236 0.32697970671595344
4690.152767424537 0.34393311262567855
4708.913378494234 0.2871365537519109
4727.749032008212 0.2077942199794079
4746.660028136244 0.12465600597951816
4765.646668248789 0.06481549246692413
4784.709254921784 0.028478051779546206
4803.8480919414715 0.012013100504428652
4823.063484309237 0.0051226917112811845
4842.355738246474 0.0025277120720480447
4861.72516119946 0.001530682102310296
4881.172061844257 0.001083828242595692
4900.6967500916335 0.0008465501256320863
4920.299537092001 0.0006685466739076659
4939.9807352403695 0.0005205073170323572
4959.740658181329 0.0003972916782869006
4979.5796208140555 0.00029344471893307965
4999.497939297312 0.00021556725386510012
5019.495931054502 0.00016131294437116665
5039.57391477872 0.00013256236134863474
5059.732210437835 0.00012343109324346155
5079.971139279585 0.0001255457397234987
5100.291023836704 0.0001303875084490621
5120.692187932051 0.00013297269094069564
5141.174956683781 0.00013485916416349877
5161.739656510514 0.0001386135486248575
5182.386615136556 0.00014265061749333744
5203.116161597103 0.0001447013090040665
5223.928626243489 0.00014628397396446809
5244.824340748465 0.0001487422766939276
5265.803638111459 0.00015070500723367297
5286.866852663905 0.00015214350803997916
5308.0143200745615 0.00015464840211195646
5329.246377354859 0.0001573856905155558
5350.563362864278 0.00015977529704235623
5371.965616315736 0.00016325664127417934
5393.453478780998 0.0001668945390548581
5415.027292696122 0.00016997102114394065
5436.687401866905 0.00017411890096297083
5458.434151474374 0.0001781675843937361
5480.267888080271 0.00018170272488368482
5502.188959632591 0.00018609944625496206
5524.197715471122 0.0001905827354842029
5546.294506333006 0.00019470079721371566
5568.479684358337 0.00019926520297441688
5590.753603095771 0.00020420671059917763
5613.1166175081535 0.00020851787116533824
5635.569083978187 0.0002137612230667129
5658.1113603140975 0.00021813059520156048
5680.743805755354 0.00022215728661616378
5703.466780978376 0.00022767075054763722
5726.28064810229 0.0002328609433423457
5749.185770694699 0.00023792399146259705
5772.182513777476 0.0002433074974503619
5795.271243832587 0.00024913277167665644
5818.452328807918 0.0002558248519948
5841.72613812315 0.00026374011716159953
5865.093042675643 0.0002657460404634957
5888.553414846345 0.00027046637500014045
5912.10762850573 0.0002969940665511701
5935.756059019754 0.0003447795078856095
5959.499083255832 0.00039474268516335266
5983.337079588855 0.00045000109022739327
6007.27042790721 0.0005159982320559879
6031.299509618841 0.0005958408195895402
6055.424707657316 0.0006864535622701887
6079.646406487946 0.0007898895969300095
6103.964992113897 0.0009101498235267365
6128.380852082353 0.0010493931492765393
6152.894375490681 0.0012103195857848749
6177.505952992646 0.0013941771207396153
6202.215976804616 0.0016035989803857866
6227.024840711833 0.0018439778243128353
6251.932940074681 0.0021210313474811643
6276.940671834981 0.0024394724555970564
6302.048434522321 0.0028153876045284207
6327.256628260409 0.0032440962799398843
6352.5656547734525 0.0037345178151553843
6377.975917392546 0.0042952563802004596
6403.487821062116 0.004937292570822038
6429.101772346364 0.0056678847856823965
6454.81817943575 0.006481853531768357
6480.637452153493 0.007445311127776026
6506.560001962106 0.008597313409003297
6532.586241969955 0.009917827148380479
6558.716586937834 0.011435110777568749
6584.951453285586 0.013196032447995736
6611.291259098727 0.015256510251958712
6637.7364241351215 0.017643620677698833
6664.2873698316625 0.020375353690553502
6690.94451931099 0.02347212951939767
6717.7082973882325 0.027006873350289482
6744.579130577787 0.03102132514187568
6771.557447100097 0.03545986751460844
6798.643676888497 0.04022674186467512
6825.838251596053 0.04524918625630658
6853.141604602436 0.0504573792277961
6880.554171020846 0.05560564680460845
6908.0763877049285 0.0601352547752165
6935.708693255749 0.0634758532217835
6963.4515280287715 0.07020395263738032
6991.305334140887 0.07624666636047008
7019.270555477449 0.08284289959758787
7047.34763769936 0.09108702144594422
7075.537028250157 0.0997791655437394
7103.839176363159 0.10867931234165039
7132.254533068612 0.11787995977832379
7160.783551200888 0.12239400895198081
7189.42668540569 0.12997217824503884
7218.184392147313 0.14089220713667863
7247.0571297159 0.14553407441131455
7276.045358234765 0.15303468543179022
7305.149539667704 0.15423690806817839
7334.370137826372 0.16196438554569423
7363.707618377678 0.1644082102695618
7393.162448851191 0.16760266692180362
7422.735098646595 0.16940348985106155
7452.426039041182 0.1701909061085806
7482.235743197345 0.16967908065290951
7512.1646861701365 0.16561427453668595
7542.213344914818 0.16141500388492672
7572.382198294477 0.15453706409730059
7602.671727087656 0.1375744640355625
7633.082413996006 0.0881128646602974
7663.614743651989 0.01605122122769452
7694.269202626598 0.02123628033726404
7725.046279437104 0.07683364786091575
7755.946464554851 0.14166069125456757
7786.970250413072 0.19867180571209056
7818.118131414723 0.24720456165689392
7849.390603940383 0.29211782721334634
7880.788166356144 0.33945296365332495
7912.311319021571 0.39102343130014394
7943.960564297654 0.447219452018476
7975.736406554845 0.5034224735971728
8007.639352181065 0.5653095065381852
8039.669909589788 0.6287996453925723
8071.828589228147 0.68930949858671
8104.115903585063 0.734230866524589
8136.532367199402 0.7813555498629572
8169.078496668199 0.8714126766395172
8201.754810654873 0.8887081642366826
8234.561829897493 1.042223769238851
8267.500077217084 1.2037620032094
8300.570077525952 1.2935106544230313
8333.772357836056 1.4011666891550778
8367.1074472674 1.4662264760557229
8400.575877056472 1.6113070902981912
8434.178180564695 1.7719092781678456
8467.914893286956 1.9530385520346811
8501.786552860101 2.1318440133414476
8535.793699071543 2.339093753771732
8569.936873867831 2.5636829692405003
8604.216621363299 2.7904141908049134
8638.633487848754 3.018168696057733
8673.18802180015 3.229578167195647
8707.880773887353 3.434786476263949
8742.7122969829 3.70207736298547
8777.68314617083 3.97254963448443
8812.793878755514 4.136974549274207
8848.045054270535 4.121444334929436
8883.437234487617 3.287087058725755
8918.970983425568 2.7454749329274977
8954.64686735927 3.827145336451028
8990.465454828707 3.034607719901468
9026.427316648023 4.301710910562932
9062.533025914616 5.357928265458517
9098.783158018272 5.855534430142319
9135.178290650345 6.490678943371557
9171.719003812947 7.018737976796133
9208.405879828202 8.369923284544829
9245.239503347511 8.851884712445665
9282.2204613609 5.938605526911118
9319.349343206346 6.578671452836154
9356.626740579171 7.079608428108654
9394.053247541488 8.429215518468284
9431.629460531654 9.176349076568087
9469.355978373778 9.714210118243486
9507.233402287276 9.63314590866529
9545.262335896427 10.8269659945988
9583.443385240013 10.067405630682313
9621.777158780975 11.14807325860586
9660.264267416096 12.206369071408295
9698.90532448576 13.583282438217289
9737.7009457837 14.029347969224268
9776.651749566838 14.990486865033994
9815.758356565104 15.926234959231104
9855.021389991363 17.15936798840724
9894.441475551332 18.886224638253662
9934.019241453534 19.1206072118786
9973.755318419348 17.351749577988134
10013.650339693024 16.244350871618824
10053.704941051796 16.71724209139404
10093.919760816003 18.471846313990987
10134.295439859268 20.793689216938578
10174.832621618703 23.13145514972537
10215.531952105179 26.011123679663367
10256.394079913602 28.373638190543772
10297.419656233254 31.295850349721444
10338.609334858189 34.426073068059004
10379.96377219762 38.398901927086555
10421.483627286412 41.3458163773465
10463.169561795556 45.35413900060758
10505.022240042741 48.51446992956455
10547.042329002912 50.833608209806336
10589.230498318922 53.18018952814317
10631.587420312197 56.03297337032413
10674.113769993448 58.22780824197285
10716.810225073421 59.46442165410361
10759.677465973711 60.78721588242237
10802.716175837608 61.60300363867022
10845.927040540959 60.407077369258694
10889.310748703121 56.23539373215106
10932.867991697934 46.44193397727671
10976.599463664725 38.49688155031715
11020.505861519383 30.624684683019858
11064.587884965462 24.52723561469177
11108.846236505324 17.676837196027428
11153.281621451348 11.607153778678963
11197.894747937147 11.694333956990093
11242.686326928899 12.442305781687416
11287.657072236614 15.183143829287104
11332.807700525562 9.756298005054767
11378.138931327663 7.537803471923143
11423.651487052975 8.889299211541129
11469.346093001184 8.820296761492605
11515.22347737319 3.8828832460838543
11561.284371282683 2.2371340920085747
11607.529508767815 3.1399454183996247
11653.959626802887 6.390963789001784
11700.5754653101 4.959408002897696
11747.377767171341 1.1523053976471331
11794.367278240028 3.8477469581248562
11841.544747352984 8.169818124189826
11888.9109263424 12.826404792983292
11936.46657004777 15.594289882560897
11984.212436327958 21.00497015468819
12032.149286073272 28.516610462905767
12080.277883217566 38.18777023644241
12128.598994750435 48.18432074102146
12177.113390729437 58.949327902632284
12225.821844292353 69.77511108997496
12274.725131669524 82.07141110237055
12323.824032196202 88.56650138871726
12373.119328324985 93.43722450645649
12422.611805638286 72.98872652911741
12472.302252860838 100.50762033181225
12522.19146187228 67.10634626655177
12572.280227719768 117.43398511531625
12622.569348630648 127.21412424312383
12673.059626025171 126.39186943606406
12723.751864529271 121.15669129288912
12774.646871987386 118.08726192874757
12825.74545947534 107.76774213573758
12877.04844131324 97.22101263032795
12928.556635078494 87.11005564026388
12980.270861618808 76.74412581860473
13032.191945065284 63.99735010816242
13084.320712845543 52.73447855186743
13136.657995696927 43.41998573826729
13189.204627679715 35.375991800786124
13241.961446190431 26.880216603372393
13294.929291975195 12.270314156514198
13348.109009143096 4.361751313032859
13401.50144517967 2.9330083646942926
13455.107450960388 1.8235531690689866
13508.927880764231 1.2491128830413971
13562.963592287288 0.6645836970248776
13617.215446656439 0.431747953472116
13671.684308443064 0.9239627104112638
13726.371045676835 0.6116857671576704
13781.276529859542 0.6372992118445147
13836.40163597898 0.44529350028340603
13891.747242522899 0.5246519746806734
13947.314231492988 0.40811263103086853
14003.103488418961 0.40037338203340234
14059.115902372636 0.5857814037028507
14115.352365982128 0.6550059245828375
14171.813775446057 0.8110220971357112
14228.501030547843 0.8748248215893676
14285.41503467003 1.2632913595468753
14342.556694808713 1.4011574608538437
14399.926921587949 1.844610355704029
14457.5266292743 2.47321452133507
14515.356735791396 3.734526366790516
14573.418162734559 5.518279868544594
14631.711835385498 5.249067144780364
14690.238682727038 5.575652629421129
14748.999637457951 6.962703292209682
14807.995636007783 9.163089522810772
14867.227618551815 9.732516517969248
14926.69652902602 12.077059413073332
14986.403315142123 14.325678949572396
15046.348928402693 16.134398497842234
15106.534324116303 19.183840950156043
15166.96046141277 23.42785302304163
15227.62830325842 26.717798133359125
15288.538816471453 30.97400986508057
15349.692971737337 34.334320496861835
15411.091743624287 38.76322047540022
15472.736110598784 46.05020278743288
15534.62705504118 45.57071283824677
15596.765563261344 38.75564010544087
15659.152625514387 42.35530854410008
15721.789236016448 45.33544837159942
15784.676392960515 38.85854143136649
15847.815098532355 36.362127165771014
15911.206358926484 28.664031207739253
15974.85118436219 19.809386903412125
16038.75058909964 10.74313518934274
16102.905591456036 5.9156484571652435
16167.31721382186 3.4275154966558095
16231.986482677148 2.192583322224967
16296.914428607855 1.5115837627785698
16362.102086322288 1.680718409783509
16427.550494667576 2.13277748868098
16493.260696646248 2.12058918701616
16559.23373943283 2.0164084932026545
16625.470674390563 2.187643024672773
16691.972557088127 0.5310771226424322
16758.74044731648 0.7390914437974053
16825.775409105743 1.3758003527795004
16893.07851074217 1.1596963344030198
16960.650824785134 0.7141407865398733
17028.493428084275 0.696840696268881
17096.607401796613 1.24214162576572
17164.993831403797 1.0545029767235221
17233.653806729413 1.8807827233066858
17302.588421956334 1.0854525207967916
17371.798775644158 1.0687851441179486
17441.285970746736 1.540292553407365
17511.05111462972 2.0142999821476626
17581.095319088243 1.783115511912634
17651.419700364593 1.5150686680894774
17722.02537916605 1.2466857413324932
17792.913480682713 1.7787947971753277
17864.085134605448 1.5053885759465895
17935.54147514387 0.915666067220746
18007.283641044443 1.4367219317442057
18079.312775608625 1.6193999248964848
18151.630026711056 2.087792741382429
18224.236546817894 2.2007705318892756
18297.133493005167 1.9084707127624247
18370.32202697719 1.7095483566314913
18443.803315085097 2.3166586004370635
18517.578528345435 2.2820115626717428
18591.648842458817 1.8239466505525752
18666.01543782865 1.7885948724642604
18740.67949957997 2.402177376448805
18815.642217578286 4.321892798915876
18890.9047864486 4.938292624496598
18966.4684055944 6.253671606349008
19042.334279216768 5.5016284106150986
19118.50361633364 6.531622374250302
19194.977630798967 6.416200947470562
19271.757541322168 5.329299077641208
19348.844571487454 4.474490224784888
19426.239949773408 3.9115813194968934
19503.9449095725 5.683327544466801
19581.960689210795 4.829731059602901
19660.28853196764 6.4810193737496204
19738.929686095507 6.703552277695066
19817.885404839893 7.605736604290147
19897.15694645925 8.432459285963017
19976.745574245087 10.32546037238137
20056.65255654207 10.917678118699696
20136.879166768238 12.28069086563297
20217.426683435307 14.988825513366566
20298.296390169045 14.603482231370288
20379.489575729727 16.781695277443614
20461.007534032648 18.18323350602637
20542.851564168777 18.633429351238174
20625.02297042545 19.192920509519688
20707.523062307162 19.332797464560258
20790.353154556382 17.619967724161253
20873.514567174607 16.882777376933607
20957.008625443308 14.78328376279438
21040.836659945082 13.434909069874713
21125.000006584854 11.64039565115032
21209.5000066112 9.666361604816002
21294.33800663765 7.8559704019418355
21379.515358664197 6.831356082329382
21465.033420098855 5.309651088778217
21550.893553779246 4.367167381302465
21637.097127994366 2.9243629973254524
21723.645516506345 2.711374912518996
21810.540098572368 2.170309737639312
21897.782258966654 1.3454211080267748
21985.37338800253 0.4532145414208713
22073.314881554532 0.2466712179711053
22161.60814108075 0.5656585135084716
22250.25457364508 0.49554520317505196
22339.25559193965 0.37090282175626255
22428.61261430741 0.2547410343135209
22518.32706476464 0.19393728981277636
22608.400373023702 0.1698440112461191
22698.833974515794 0.1873954772862904
22789.62931041386 0.16260606020848667
22880.78782765551 0.1180128557746844
22972.310978966132 0.12053332958980491
23064.200222882002 0.23744990654790657
23156.457023773528 0.31765271677040885
23249.082851868614 0.11089886106440446
23342.079183276095 0.11473846497355511
23435.447500009202 0.11740710170137982
23529.18929000923 0.1516399468364174
23623.306047169273 0.22125516679177334
23717.79927135796 0.15295588713838185
23812.670468443375 0.1363326431814288
23907.92115031715 0.2546456191941926
24003.552834918424 0.34231778236762145
24099.56704625809 0.44180732160512964
24195.96531444313 0.4064482352009908
24292.749175700897 0.4262163441309594
24389.9201724037 0.47927501356350327
24487.479853093315 0.6059728407000388
24585.42977250569 0.7500666231495828
24683.771491595708 0.8175173322212816
24782.50657756209 0.8446681285623326
24881.636603872343 0.922812168078321
24981.16315028783 1.1150606818844608
25081.087802888986 1.0520257746296005
25181.412154100537 1.0479350058756594
25282.137802716934 0.9483855276516888
25383.266353927807 1.0255168010556364
25484.79941934352 0.7438555583309376
25586.73861702089 0.7776218609852942
25689.08557148898 0.7326906576695799
25791.84191377493 0.6451839998660313
25895.009281430033 0.5412173484768307
25998.589318555754 0.7582676550222835
26102.58367582998 0.8910785180426204
26206.994010533297 0.9864352909914035
26311.821986575433 1.1314264788374395
26417.069274521735 1.9517051453541605
26522.737551619815 1.7601146234089053
26628.828501826294 1.3371401977527124
26735.343815833607 0.6324548847814754
26842.285191096937 0.7419001505897554
26949.654331861326 1.1340071154333327
27057.452949188766 1.0889070942916232
27165.682760985525 1.1846111348165296
27274.345492029468 2.047558628183125
27383.442873997585 1.3442662700264505
27492.976645493567 2.3760436608004745
27602.948552075544 1.45032960792585
27713.360346283847 1.4807215420388073
27824.213787668985 1.0614572050285032
27935.510642819663 1.9295032961904905
28047.252685390937 1.2376573903081356
28159.441696132504 1.7292423802311532
28272.079462917034 2.6160508757954504
28385.167780768694 1.5375198973013484
28498.70845189177 1.776866436373275
28612.703285699336 2.3620031301315176
28727.154098842133 2.361163894572065
28842.062715237505 2.37075922344302
28957.430966098455 2.7175913326017187
29073.260689962848 2.4859387227139353
29189.553732722703 2.7950117181790337
29306.311947653598 3.5464614284434814
29423.537195444205 3.2631684233400557
29541.231344225984 3.1489890261814497
29659.396269602887 3.2739112326242847
29778.033854681304 3.4531470139330604
29897.14599010003 3.5768153913903773
30016.734574060432 2.318050032579843
30136.80151235667 2.8436219112733223
30257.348718406094 2.8462540189699266
30378.37811327972 2.499774576863691
30499.89162573284 1.9283228096897447
30621.891192235766 1.7889399013190204
30744.37875700471 1.5596315750320884
30867.356272032728 1.2860332301929513
30990.825697120858 1.088055985704142
31114.78899990934 0.8721165085001122
31239.24815590897 0.7560463641205116
31364.20514853261 0.5473941851096202
31489.661969126744 0.4630225433983225
31615.62061700325 0.37033926967995545
31742.083099471263 0.34255562327573635
31869.05143186915 0.28590577071774437
31996.527637596624 0.26286996207440927
32124.51374814701 0.2702914536146412
32253.011803139605 0.2518832573046768
32382.02385035216 0.26173201785093475
32511.55194575357 0.2674902599899512
32641.598153536583 0.347869474387184
32772.16454615073 0.4406747650463505
32903.25320433533 0.4837460732728242
33034.86621715268 0.4365049878020529
33167.005682021285 0.0723828239892137
33299.673704749366 0.0471669553010603
33432.87239956837 0.14434300881056625
33566.60388916664 0.2719661947192389
33700.87030472331 0.34154556370462263
33835.6737859422 0.358680603757769
33971.016481085964 0.340107030470325
34106.900547010315 0.3289692595702098
34243.32814919835 0.3159286027879525
34380.30146179514 0.30205805664597857
34517.82266764233 0.2997130035382095
34655.893958312896 0.34310084457107876
34794.51753414615 0.32986597566505294
34933.69560428273 0.3810732635786241
35073.43038669985 0.47262371578615653
35213.72410824666 0.48467296797101617
35354.57900467965 0.4864378765268443
35495.99732069836 0.5482675119951664
35637.98130998116 0.591039958512459
35780.53323522108 0.685785800401185
35923.65536816197 0.6965262227408261
36067.34998963462 0.6529369221134411
36211.61938959315 0.7429538654669785
36356.46586715153 0.8853472254306324
36501.891730620126 1.0504059466103184
36647.89929754261 1.1889250827712297
36794.49089473278 1.3775138964455804
36941.6688583117 1.3710612242446971
37089.43553374496 1.5711704428888849
37237.793275879936 1.5706456024813857
37386.74444898345 1.8082292716529986
37536.29142677938 1.9299945944544439
37686.43659248651 1.8734528828480626
37837.18233885645 1.752265383239877
37988.53106821188 2.1077834424354167
38140.48519248474 2.469419298090316
38293.04713325467 2.896406550597724
38446.21932178769 2.2743964930427625
38600.00419907484 2.564548092141876
38754.40421587113 2.497041546307019
38909.42183273463 2.9131603415184957
39065.05952006556 2.9455355093330753
39221.31975814583 3.028300690035705
39378.205037178406 3.4738404271452072
39535.71785732712 3.36903867809637
39693.860728756415 3.673767975729874
39852.636171671445 4.059955006898733
40012.04671635814 4.063444596210688
40172.09490322357 4.3785851495089485
40332.78328283648 4.399904459314477
40494.11441596781 4.562206976977466
40656.090873631685 4.4839850447934815
40818.71523712622 4.35488232300993
40981.990098074726 4.528076212983725
41145.918058467025 4.362744183871736
41310.50173070089 4.307770441625471
41475.74373762369 4.532554675941854
41641.646712574184 4.7383527269624715
41808.21329942448 4.530544839961928
41975.44615262219 4.576424317731316
42143.347937232684 4.652559554332738
42311.921328981625 4.539513398465422
42481.16901429755 4.441563262018357
42651.09369035474 4.527904364458919
42821.69806511615 3.9679956401700336
42992.98485737662 2.4072405764292175
43164.95679680613 2.116473539270299
43337.61662399335 2.908453620734361
43510.96709048933 3.5067378138135292
43685.01095885128 4.45883613447267
43859.75100268668 4.413957285398274
44035.19000669744 4.432789633441339
44211.330766724226 4.483335713419621
44388.176089791115 4.045895915457875
44565.72879415028 4.4109100313000615
44743.991709326874 3.7889832586807164
44922.9676761642 4.067794141761691
45102.65954686885 4.127356359883378
45283.07018505633 3.6570850807807456
45464.20246579656 4.363993356631947
45646.05927565975 4.017693112940749
45828.64351276236 4.402025768646612
46011.95808681343 4.427304817211013
46196.00591916067 4.0931541908530535
46380.78994283732 4.377919732750407
46566.31310260868 4.6130009396969545
46752.578355019126 4.378689061557238
46939.588668439166 4.9783369331192375
47127.34702311293 4.424646606921262
47315.85641120539 4.25339727847804
47505.11983685021 4.653223767627406
47695.14031619761 4.1949872460707045
47885.9208774624 3.952237723175591
48077.46456097225 4.465483023510818
48269.774419216126 4.370714457159815
48462.853516892996 4.031385770867701
48656.70493096058 4.315883132707324
48851.33175068441 4.280026152127424
49046.737077687154 3.997350462114418
49242.92402599791 4.164132836006357
49439.89572210189 3.6599008133988766
49637.6553049903 3.449917011723671
49836.20592621027 4.036604377938435
50035.55074991511 3.7779563371996483
50235.69295291477 2.8626469735263296
50436.63572472643 3.738424736255736
50638.382267625326 3.595846845925079
50840.935796695834 3.1478893766542924
51044.2995398826 3.073386792685305
51248.47673804215 3.4303377697999338
51453.47064499432 2.2945469102417597
51659.28452757429 2.6939511832372034
51865.92166568459 3.049063468496581
52073.38535234733 2.150375612561409
52281.67889375672 2.5231892816368253
52490.80560933175 2.6445890906350704
52700.76883176907 2.2650006613379485
52911.57190709616 2.314123683393586
53123.218194724526 2.3616044628974424
53335.711067503435 2.608666822718791
53549.053911773444 1.7190600116758912
53763.25012742054 1.9479753913350877
53978.303127930216 2.0562894810599013
54194.21634044194 1.2623083430831576
54410.99320580371 1.9242562389730178
54628.63717862692 1.655416006395985
54847.15172734143 1.7432147075195168
55066.540334250785 1.72299990891861
55286.80649558781 1.4730534566058164
55507.95372157016 1.3400147415533077
55729.985536456436 1.2294873212152833
55952.90547860226 1.3868421674714144
56176.717100516675 1.3488035849545392
56401.42396891874 1.2177893281733698
56627.02966479442 1.2913213256393115
56853.5377834536 1.1767539024415654
57080.95193458741 1.1819571005610183
57309.27574232576 1.1156178378956645
57538.51284529506 1.2560023842173615
57768.666896676245 1.110122846065028
57999.74156426295 1.3026609401648561
58231.74053052 0.7370821715107098
58464.66749264208 0.9665321623393069
58698.52616261265 0.8825280079624087
58933.3202672631 0.95761398326107
59169.05354833215 1.2270190651134432
59405.72976252549 0.8906410868056942
59643.3526815756 1.0377192726447255
59881.926092301896 1.0522011437531025
60121.45379667111 1.1197839962028615
60361.93961185778 0.9793967790271252
60603.38737030522 0.8279509507128627
60845.800919786445 1.0585353702809057
61089.184123465595 0.9464819649967373
61333.54085995945 1.043258073142247
61578.87502339928 0.8437192351302468
61825.19052349288 0.9330663141235795
62072.491285586846 1.0497116403247317
62320.7812507292 1.0725650850669852
62570.06437573213 1.1134556261472435
62820.34463323505 1.1116474714790245
63071.62601176801 1.2289297068496912
63323.91251581507 1.001552595242081
63577.20816587833 0.995077953805109
63831.51699854184 0.8889995636865466
64086.843066536014 0.6757352157955133
64343.19043880215 0.6884310100356836
64600.563200557364 0.5898616098959553
64858.96545335958 0.4651675386786449
65118.401315173025 0.5912529501883257
65378.87492043372 0.782320776919021
65640.39042011545 0.7023605975125577
65902.95198179591 0.6788775062881455
66166.56378972309 0.7110313939739664
66431.23004488199 0.7438094408497443
66696.95496506151 0.8633580672965613
66963.74278492175 0.9323414099178003
67231.59775606144 0.7717764364305469
67500.52414708569 0.8291575952684436
67770.52624367403 0.6832199742741304
68041.60834864872 0.7370656977811713
68313.77478204331 0.7309174221707667
68587.02988117147 0.6366430516815273
68861.37800069616 0.8303117221044147
69136.82351269896 0.8519763167757383
69413.37080674975 0.8713324825299239
69691.02428997675 0.680081111831081
69969.78838713666 0.7815237047992961
70249.6675406852 0.6810299259781113
70530.66621084794 0.5873733483699198
70812.78887569135 0.6506511672784802
71096.04003119409 0.5931243382717845
71380.42419131887 0.6152988615778585
71665.94588808414 0.5157451633025629
71952.60967163648 0.5229221716505771
72240.42011032304 0.5121836754877458
72529.38179076432 0.4577096467294296
72819.49931792737 0.43964608414303163
73110.77731519907 0.4182603965298507
73403.22042445988 0.37317909731953025
73696.83330615771 0.37415323573857756
73991.62063938235 0.37404852151833695
74287.58712193987 0.3569370419975041
74584.73747042764 0.3621790523711959
74883.07642030934 0.394809778442125
75182.60872599059 0.4273395945273948
75483.33916089457 0.4501091429871436
75785.27251753812 0.4807437177597969
76088.4136076083 0.4777776740923574
76392.76726203872 0.582086278248355
76698.33833108687 0.25030639441342334
77005.13168441122 0.2525512359860383
77313.15221114887 0.25297779713115565
77622.40481999348 0.28465922503132257
77932.89443927344 0.31430378290451066
78244.62601703055 0.34221547895942206
78557.60452109865 0.3776622779250597
78871.83493918306 0.38560844714417697
79187.3222789398 0.37239328270174876
79504.07156805556 0.4260877732389969
79822.08785432778 0.4229110009591873
80141.37620574511 0.3979001804443126
80461.94171056806 0.4197650329199346
80783.78947741033 0.4041703845219681
81106.92463531997 0.48122204810398983
81431.35233386126 0.4228786485913076
81757.0777431967 0.4238640551876256
82084.10605416949 0.4350770444813269
82412.44247838613 0.4668780946336444
82742.09224829968 0.4836970327799141
83073.06061729288 0.4579522937707696
83405.35285976208 0.4744067307366886
83738.9742712011 0.48927013773346223
84073.93016828595 0.4886735809713008
84410.22588895904 0.5437388988240948
84747.86679251489 0.5391892461593599
85086.85825968496 0.5506158041328704
85427.20569272367 0.5604190005778483
85768.91451549459 0.6009771004914696
86111.99017355654 0.5858287447720456
86456.43813425078 0.5811666729256609
86802.2638867878 0.6487071625399446
87149.47294233493 0.6609552456571094
87498.07083410428 0.6868083514906033
87848.0631174407 0.6299793459646189
88199.45536991046 0.6888021543942893
88552.25319139009 0.7327474415611294
88906.46220415569 0.7173644025504946
89262.08805297229 0.6393921347117074
89619.1364051842 0.6493543233876187
89977.61295080492 0.7625322257284743
90337.52340260813 0.7632703912038047
90698.87349621857 0.7532677254774985
91061.66899020346 0.7907488215641123
91425.91566616425 0.8046094634500948
91791.61932882894 0.803464714822353
92158.78580614422 0.8260595793869528
92527.4209493688 0.8539585007796081
92897.53063316627 0.7801363322660136
93269.12075569895 0.8234472300013501
93642.19723872172 0.8593350170749348
94016.76602767664 0.8469313939397116
94392.83309178732 0.7904148338773607
94770.40442415449 0.8244373507511409
95149.48604185111 0.8538793060339133
95530.08398601852 0.9108875649762174
95912.20432196259 0.9052064036144062
96295.85313925042 0.8309309935954178
96681.0365518075 0.8732214336561863
97067.76069801472 0.9066806849359021
97456.03174080675 0.9177107091176568
97845.85586776999 0.9822602534471889
98237.23929124104 0.8824869267110986
98630.18824840599 0.9277346543976771
99024.70900139965 0.7835003189109145
99420.80783740526 0.9582162853229769
99818.49106875488 1.010608274104265
100217.76503302988 0.9623934623192634
100618.636093162 0.8151715735682225
101021.11063753467 0.80518311717383
101425.1950800848 0.8959291972963284
101830.89586040513 0.8788940514927691
102238.21944384674 0.8651922420732913
102647.17232162213 0.8300738761649259
103057.7610109086 0.8122138062531373
103469.99205495225 0.45360753115096203
103883.87202317205 0.44365675287153883
104299.40751126477 0.5026124771461126
104716.60514130979 0.5423603686362654
105135.47156187505 0.6040095259278744
105556.01344812254 0.6637433975340387
105978.23750191503 0.6731905760804462
106402.15045192267 0.6633871532024977
106827.75905373038 0.641530552182706
107255.07008994528 0.45483099988461684
107684.09037030509 0.5086493813772911
108114.8267317863 0.6613610625667297
108547.28603871344 0.6483750730780992
108981.47518286831 0.645897407557945
109417.40108359976 0.5869586498753184
109855.0706879342 0.5118818304572325
110294.49097068593 0.5273363562092078
110735.66893456863 0.7073257784618956
111178.61161030692 0.7184823023443087
111623.32605674816 0.7125985213904698
112069.81936097513 0.7194313650996106
112518.09863841905 0.5564809554167429
112968.17103297272 0.7382242600771545
113420.0437171046 0.6964046301937402
113873.72389197304 0.6884193284634313
114329.21878754091 0.7473515107144414
114786.53566269108 0.6634068403316217
115245.68180534184 0.6264242323976209
115706.66453256323 0.5878432044173211
116169.49119069346 0.6082973934603114
116634.16915545624 0.575227464621936
117100.70583207808 0.4312795475325705
117569.1086554064 0.46519413700735107
118039.385090028 0.5422181711344993
118511.54263038811 0.6007435952088381
118985.58880090967 0.5353754833772232
119461.5311561133 0.5594459838375108
119939.37728073777 0.5273837792140361
120419.13478986072 0.5752770796728439
120900.81132902016 0.4089713971725032
121384.41457433623 0.5395714835188087
121869.9522326336 0.6148861976191539
122357.43204156413 0.48385370780262793
122846.86176973036 0.41845334186709937
123338.2492168093 0.5190485849633786
123831.60221367657 0.33375535087468994
124326.92862253124 0.3917131964610217
124824.23633702139 0.4650599901599736
125323.53328236948 0.34308486460447063
125824.82741549893 0.3523174083494725
126328.12672516092 0.42770024412992563
126833.43923206156 0.41596476723264536
127340.77298898982 0.3663950937431734
127850.13608094577 0.4213817820911632
128361.53662526955 0.36578991017072787
128874.98277177062 0.3781003358505965
129390.4827028577 0.3772315521100236
129908.04463366912 0.3942972366481037
130427.67681220379 0.31816674391241834
130949.38751945265 0.4072587943980852
131473.18506953045 0.33570046131081965
131999.07780980857 0.3735063231219965
132527.0741210478 0.2888767704605773
133057.182417532 0.2726881017363814
133589.4111472021 0.3385039674849121
134123.76879179094 0.2871794097904143
134660.26386695806 0.25062725414568404
135198.9049224259 0.31679758568475436
135739.7005421156 0.31021346871816596
136282.65934428407 0.29466386637108544
136827.78998166122 0.28496507362947665
137375.1011415879 0.2695702594829266
137924.60154615424 0.3021404094021097
138476.29995233883 0.2637435968908967
139030.20515214818 0.2902539329675941
139586.32597275675 0.3016363049696366
140144.6712766478 0.2359104400357386
140705.2499617544 0.2722691356167369
141268.0709616014 0.25224860741563165
141833.1432454478 0.20707509868920926
142400.4758184296 0.23570256040977042
142970.07772170333 0.27368133250578314
143541.95803259013 0.20811180184728253
144116.12586472047 0.20208433046246507
144692.59036817937 0.19765752419235952
145271.3607296521 0.1827007974295473
145852.44617257072 0.2405540862147243
146435.85595726097 0.23102433764393632
147021.59938109003 0.22193680219542675
147609.6857786144 0.23343093020841796
148200.12452172884 0.20676767408068927
148792.92501981577 0.17694729781426288
149388.09671989502 0.18245310760054653
149985.6491067746 0.19570033820753724
150585.59170320167 0.19475489241775962
151187.93407001448 0.2015824899442296
151792.68580629455 0.1705399907275366
152399.85654951975 0.2125684838426567
153009.45597571784 0.20042572742624493
153621.4937996207 0.17358482433022263
154235.97977481916 0.17445680929209295
154852.92369391845 0.16873215759990626
155472.3353886941 0.1462130558744332
156094.2247302489 0.15105923974721291
156718.60162916992 0.16181896020528752
157345.47603568656 0.13259498888252577
157974.8579398293 0.13525489297348114
158606.75737158864 0.15549237221924633
159241.18440107498 0.1668814154202726
159878.14913867926 0.11676427014666281
160517.661735234 0.15488202470957838
161159.73238217493 0.132696364295521
161804.3713117036 0.15507377225078303
162451.58879695044 0.12075275200133398
163101.39515213823 0.13556519283436733
163753.8007327468 0.14299113638165878
164408.81593567782 0.1356409174045118
165066.45119942052 0.1292243975218831
165726.71700421823 0.12513650446558908
166389.62387223504 0.10195606497995945
167055.18236772402 0.11931595934921926
167723.40309719497 0.139215837671951
168394.2967095837 0.12798749170676943
169067.87389642204 0.10332817111032644
169744.14539200772 0.11707753747586977
170423.1219735757 0.1375912378626148
171104.81446147006 0.09144047479642502
171789.23371931593 0.11213266734822676
172476.3906541932 0.10317984165185654
173166.29621680998 0.10658604898878493
173858.96140167722 0.08228541997471286
174554.39724728392 0.11151946006303856
175252.61483627307 0.09793037902597758
175953.62529561817 0.09896910697621891
176657.43979680064 0.10180717256878614
177364.06955598784 0.0933414856090381
178073.52583421173 0.09919894245419361
178785.8199375486 0.10452155747467981
179500.9632172988 0.08484025453483236
180218.967070168 0.09721351602911281
180939.84293844865 0.09522503757169255
181663.60231020238 0.07136915959007474
182390.25671944322 0.0858967890242666
183119.81774632097 0.0865280190344375
183852.29701730626 0.08639778065006361
184587.7062053755 0.0875253360123879
185326.057030197 0.07263086844851191
186067.3612583178 0.066423814920512
186811.63070335102 0.07599948955809495
187558.8772261645 0.07398392780354245
188309.11273506918 0.0982934592782447
189062.3491860094 0.08251365678681559
189818.59858275342 0.06403493114404214
190577.87297708448 0.08170342711536163
191340.18446899284 0.08050111504587358
192105.54520686882 0.06713567325432011
192873.9673876963 0.059200143748852366
193645.46325724703 0.06079042787378081
194420.04511027603 0.049676553223035845
195197.72529071715 0.06710104638438416
195978.51619188 0.056222729657066206
196762.4302566476 0.06201803470084103
199107.9942767367 0.05898023638485506
203090.15416227144 0.05356542454814778
207151.95724551688 0.052986784391031765
211294.9963904272 0.0430285485202693
215520.89631823578 0.04230406969361455
219831.31424460045 0.038944463819333995
224227.94052949245 0.034599554824407464
228712.4993400823 0.03688077545627626
233286.74932688402 0.03586041757157378
237952.48431342165 0.025726064194354956
242711.5339996901 0.03328241181612639
247565.76467968393 0.027709014883322003
252517.0799732776 0.02057150484714508
257567.42157274322 0.024646139063538967
262718.770004198 0.02200109025029652
267973.145404282 0.016955045818382815
273332.6083123676 0.02131606824195434
278799.26047861495 0.016789280807133662
284375.2456881872 0.012259842835584176
290062.750601951 0.015140644426267677
295864.00561398995 0.013114709150101609
301781.2857262697 0.01264223085756191
307816.91144079523 0.009854238739464708
313973.24966961105 0.011560784193421464
320252.7146630032 0.010245773411745117
326657.7689562633 0.009185876113755428
333190.92433538847 0.007512587646491378
339854.7428220964 0.008871932760680294
346651.83767853834 0.006783819833928347
353584.87443210906 0.005820399495065406
360656.57192075124 0.0055825824179167646
367869.70335916633 0.005894942026896723
375227.09742634965 0.005184539533764491
382731.63937487674 0.0058753556881606635
390386.2721623741 0.004427259530410456
398193.99760562164 0.00397628121083976
406157.87755773397 0.003372710972391618
414281.0351088888 0.004273010303994673
422566.65581106645 0.003664784181204668
431017.98892728786 0.002896793440525087
439638.3487058336 0.0026440760056220245
448431.11567995034 0.0025335270094228256
457399.7379935492 0.0025834419356915274
466547.7327534202 0.0020725345720374842
475878.6874084886 0.0021088641763422926
485396.2611566584 0.0020952817604973826
495104.1863797916 0.0016459109481060175
505006.2701073874 0.0016256208824493624
515106.39550953516 0.001442455345567715
525408.5234197257 0.001677836025726837
535916.6938881205 0.001456763292710388
546635.0277658828 0.0013293457232607464
557567.7283212005 0.0010940897071799007
568719.0828876244 0.000993665001386875
580093.4645453768 0.0009913007158109755
591695.3338362843 0.0009387820895123725
603529.2405130101 0.0008723140968398693
615599.8253232702 0.0009249731931769105
627911.8218297358 0.0006985382312505093
640470.0582663304 0.0006386180831588612
653279.459431657 0.0005837241201894655
666345.04862029 0.0005130770484745952
679671.9495926959 0.0005855703517351437
693265.38858455 0.000589598672419217
707130.6963562409 0.00046160036456585607
721273.3102833657 0.00038644768511035733
735698.7764890331 0.00040995469555038814
750412.7520188137 0.00034587045869037693
765421.0070591901 0.0003611491298515669
780729.4272003738 0.00030702208888191805
796344.0157443815 0.00030572806723148547
812270.896059269 0.0002588366659550139
828516.3139804546 0.00023562203390002388
845086.6402600636 0.0002242175082928866
861988.3730652649 0.00024494262449468974
879228.14052657 0.0002715973990903448
896812.7033371016 0.00020300629005904453
914748.9574038435 0.0001860633795530465
933043.9365519203 0.00015967747710617547
951704.8152829591 0.00013465844575773214
970738.911588618 0.00015543120634681277
990153.6898203905 0.00011534049433204992
