1000.5530765187797 2.926246080700035e-20
1004.5552888248548 6.067067676396124e-78
1008.5735099801544 1.5253903074948731e-74
1012.607804020075 3.793527624351984e-74
1016.6582352361554 9.203789069280177e-78
1020.7248681770998 3.1300724237133316e-54
1024.8077676498083 5.201718578325201e-58
1028.9069987204075 1.5367596880623272e-72
1033.022626715289 6.786651048030218e-51
1037.1547172221503 1.9779715672182905e-75
1041.3033360910388 3.410715889068427e-69
1045.468549435403 6.186312308886033e-65
1049.6504236331448 5.328108847634165e-77
1053.8490253276773 1.96697660125087e-57
1058.064421428988 3.6180150197726636e-72
1062.296679114704 1.009897592907381e-56
1066.5458658311627 1.0169026736651735e-62
1070.8120492944875 2.132931997419568e-65
1075.0952974916654 1.618307472968162e-51
1079.3956786816323 9.576420685322025e-66
1083.7132613963586 1.3470876910332237e-49
1088.048114441944 3.686979056157634e-53
1092.4003068997117 6.077727677736061e-36
1096.7699081273104 4.277328094206794e-52
1101.15698775982 9.305548171709065e-54
1105.561615710859 7.092587421228357e-37
1109.9838621737026 1.106748385844311e-42
1114.4237976223976 5.123488211749799e-48
1118.8814928128868 1.097248930918494e-52
1123.3570187841383 4.619687415388352e-48
1127.8504468592753 5.346922619128885e-30
1132.361848646712 7.939165197328431e-35
1136.8912960412988 5.702613328028663e-34
1141.438861225464 2.929660929468242e-33
1146.004616670366 2.470065382672381e-32
1150.5886351370475 4.266888548630328e-34
1155.190989677596 6.517763648588212e-35
1159.8117536363065 1.3326275744701069e-34
1164.4510006508515 2.333205265972069e-38
1169.108804653455 2.5087960479454106e-38
1173.7852398720688 2.935710101485361e-41
1178.480380831557 1.0977560917127432e-41
1183.1943023548836 6.905199449579024e-39
1187.9270795643029 8.23899607614268e-45
1192.67878788256 3.4602316531392855e-43
1197.4495030340906 4.452897056339973e-42
1202.2393010462267 2.1515595894477682e-49
1207.0482582504117 1.958115666131931e-42
1211.8764512834132 1.960708519156994e-43
1216.7239570885472 1.200465659375116e-43
1221.5908529169012 1.9302541906988964e-40
1226.4772163285688 2.736869261103836e-36
1231.383125193883 2.707937058693568e-40
1236.3086576946585 9.504309898187426e-38
1241.2538923254372 4.196250354687894e-39
1246.2189078947392 8.348554012732574e-41
1251.203783526318 1.9084065244726655e-40
1256.2085986604231 1.3430990516280364e-34
1261.233433055065 3.556044417469322e-35
1266.2783667872852 1.4626948196195642e-45
1271.3434802544346 6.538909981215717e-36
1276.4288541754522 5.399573043065936e-35
1281.534569592154 5.591702979491302e-41
1286.6607078705229 1.2557354316279121e-38
1291.8073507020044 2.4433555648755892e-34
1296.9745801048125 1.014509450927165e-34
1302.162478425232 1.241973599740019e-35
1307.3711283389327 8.09322453332228e-33
1312.6006128522888 8.789183216388639e-34
1317.851015303698 1.5025500997839592e-32
1323.1224193649127 2.098900707525094e-31
1328.4149090423725 1.3143814401216842e-30
1333.728568678542 1.0549208274113587e-30
1339.0634829532567 3.2108261013669077e-32
1344.4197368850691 2.4640619696522387e-31
1349.7974158326099 5.405748523995841e-29
1355.1966054959403 2.8768974813972314e-29
1360.6173919179244 2.606024565434075e-28
1366.059861485596 1.1103418475318336e-29
1371.5241009315384 2.7771020279513035e-31
1377.0101973352646 1.6057705934893417e-29
1382.5182381246057 3.732520414485084e-27
1388.0483110771042 1.1100366712193981e-27
1393.6005043214122 7.793061066150429e-29
1399.1749063386976 4.4102501896137167e-29
1404.7716059640527 1.8121241576691313e-26
1410.3906923879088 1.6078658084599954e-27
1416.0322551574602 5.588329707449537e-26
1421.6963841780905 2.9193517714258723e-30
1427.3831697148032 1.674886086194314e-26
1433.0927023936622 1.866575908063444e-24
1438.8250732032368 4.60565984523723e-26
1444.5803734960498 2.372117531257876e-24
1450.3586949900334 9.685194045343572e-26
1456.1601297699938 8.830744695824686e-25
1461.984770289074 1.1212240027042209e-23
1467.83270937023 3.463825306243705e-25
1473.704040207711 9.05137527724474e-24
1479.5988563685412 2.959122480230802e-26
1485.5172517940157 1.8247847887089788e-24
1491.459320801192 8.929550734284222e-24
1497.4251580843968 7.7557710049498825e-25
1503.4148587167342 3.649282306132801e-21
1509.4285181516007 7.82063581217254e-24
1515.4662322242077 2.0100616599866577e-24
1521.5280971531042 1.370706411569449e-19
1527.6142095417167 1.0876363263445806e-22
1533.7246663798837 2.279293920167605e-21
1539.859565045403 2.0858802661061494e-19
1546.0190033055849 4.478810580919742e-26
1552.203079318807 3.6478380078076255e-20
1558.4118916360824 1.5326708019760352e-19
1564.6455392026269 3.330615440180817e-21
1570.9041213594373 5.587682639840434e-19
1577.187737844875 1.850363682127128e-19
1583.4964887962547 1.0509002050203751e-18
1589.8304747514399 2.614899949277991e-18
1596.1897966504455 2.247698945958361e-19
1602.5745558370472 1.1637666812385555e-18
1608.9848540603957 6.381228300217498e-18
1615.4207934766368 1.1936050619526935e-18
1621.8824766505436 1.0112063967407451e-17
1628.3700065571454 1.6373731083801627e-17
1634.8834865833744 1.7374496617053272e-17
1641.4230205297079 6.196131628301617e-17
1647.9887126118267 1.0254284563918795e-17
1654.580667462274 1.5557374588406074e-17
1661.198990132123 1.1290964540951674e-16
1667.8437860926513 7.388878796638264e-17
1674.515161237022 2.041977695962358e-16
1681.2132218819695 2.524269738958749e-16
1687.9380747694975 2.1977086364419012e-16
1694.6898270685758 7.352953282771964e-16
1701.4685863768502 4.980213760373386e-16
1708.2744607223572 3.054932674448857e-16
1715.1075585652468 8.284297599182546e-16
1721.967988799508 5.653889248540718e-16
1728.8558607547059 8.551316918918868e-16
1735.7712841977245 2.0116218945879706e-15
1742.7143693345156 1.6795943834480473e-15
1749.6852268118535 2.8444380924366593e-15
1756.6839677191008 6.7909366185050586e-15
1763.7107035899771 1.028563783675836e-14
1770.7655464043373 8.61207104855854e-15
1777.8486085899544 7.841110881314692e-15
1784.9600030243143 9.756854782166345e-15
1792.0998430364118 1.276106643015078e-14
1799.2682424085576 1.9793283031181374e-14
1806.4653153781921 1.714512934008491e-14
1813.6911766397043 3.298510485250758e-14
1820.945941346263 3.9375841888868844e-14
1828.2297251116483 5.790984968287396e-14
1835.5426440120948 5.638111625973121e-14
1842.8848145881432 7.398480962333074e-14
1850.2563538464956 9.986746756622004e-14
1857.657379261881 1.270257019799929e-13
1865.0880087789287 1.9189023527833249e-13
1872.5483608140448 1.8562585220673528e-13
1880.0385542573008 2.6411082749331027e-13
1887.5587084743302 3.6270684256925483e-13
1895.1089433082268 4.895287267321114e-13
1902.68937908146 4.882504537366204e-13
1910.3001365977857 6.284801171561663e-13
1917.9413371441767 7.559734900341546e-13
1925.6131024927531 9.796732766680435e-13
1933.3155549027244 1.2968144173105235e-12
1941.0488171223355 1.462175499840634e-12
1948.8130123908247 2.0585872493223125e-12
1956.608264440388 2.5215986988291825e-12
1964.434697498149 3.18845207741756e-12
1972.2924362881417 3.856894965246517e-12
1980.1816060332944 4.483107428445618e-12
1988.1023324574276 5.670412841767979e-12
1996.0547417872574 6.3805255509040045e-12
2004.0389607544066 8.167714886891789e-12
2012.0551165974243 9.480066652207106e-12
2020.1033370638136 1.1682095475167196e-11
2028.1837504120688 1.3923170786074088e-11
2036.2964854137172 1.6513182946758305e-11
2044.4416713553724 1.9943899535285137e-11
2052.6194380407937 2.3503894798598564e-11
2060.829915792957 2.801575895109719e-11
2069.0732354561287 3.3059059587454326e-11
2077.3495283979532 3.9024262034328806e-11
2085.6589265115445 4.621304804507379e-11
2094.001562217591 5.4296309209058543e-11
2102.3775684664615 6.413086581493458e-11
2110.787078740328 7.52817894628877e-11
2119.2302270552887 8.868468307736386e-11
2127.70714796351 1.0425173263205656e-10
2136.217976555364 1.2238859170519941e-10
2144.7628484615852 1.4343948069134678e-10
2153.341899855432 1.6833325072469028e-10
2161.9552674548536 1.9739685661821533e-10
2170.603088524673 2.3119491917847288e-10
2179.285500878772 2.701243701706447e-10
2188.0026428822866 3.1594414301985044e-10
2196.754653453816 3.69639776154092e-10
2205.541672067631 4.3134490273999974e-10
2214.3638387559017 5.045118076064268e-10
2223.2212941109246 5.867339714451114e-10
2232.114179287369 6.870113380006882e-10
2241.0426360045185 7.976717936295346e-10
2250.0068065485366 9.329089406708034e-10
2259.0068337747302 1.0804962208776796e-09
2268.0428611098296 1.2581686300428253e-09
2277.115032554269 1.4622560349044907e-09
2286.223492684486 1.6972626109061073e-09
2295.368386655224 1.9799878753508417e-09
2304.549860201845 2.2755905482362087e-09
2313.7680596426517 2.651262593193197e-09
2323.0231318812225 3.065053644881201e-09
2332.3152244087473 3.559461464249161e-09
2341.6444853063817 4.11597058834549e-09
2351.0110632476076 4.723164242793817e-09
2360.415107500598 5.4862655264567165e-09
2369.8567679306 6.2938149597729765e-09
2379.3361950023227 7.303803586961412e-09
2388.853539782332 8.400114095107962e-09
2398.4089539414617 9.73642969204109e-09
2408.0025897572273 1.122034340543826e-08
2417.6346001162565 1.2803881607162713e-08
2427.3051385167214 1.4861404797364937e-08
2437.0143590707885 1.7036754467968362e-08
2446.762416507072 1.9765625819717785e-08
2456.5494661731 2.245401882906832e-08
2466.375664037793 2.5808544508277376e-08
2476.2411666939443 2.9668172262658293e-08
2486.1461313607197 3.361125155092909e-08
2496.090715886162 3.869867896830567e-08
2506.075078749707 4.417361985283897e-08
2516.0993790647044 5.060645290368878e-08
2526.163776580964 5.821656716139017e-08
2536.268431687288 6.675825238559082e-08
2546.4135054140374 7.629698128966194e-08
2556.599159435693 8.631258341310924e-08
2566.825556073436 9.799342357722104e-08
2577.09285829773 1.1179806202720265e-07
2587.4012297309205 1.2700320849197884e-07
2597.7508346498444 1.4489526236571783e-07
2608.141837988444 1.647915151644845e-07
2618.5744053403982 1.875972273845269e-07
2629.0487029617593 2.133577426328757e-07
2639.5648977736064 2.418180948565652e-07
2650.123157364701 2.7403822547780785e-07
2660.7236499941596 3.106392752044874e-07
2671.366544594136 3.517196896661057e-07
2682.052010772512 3.9863528318744724e-07
2692.7802188156024 4.510475005050772e-07
2703.551339690865 5.103575641275866e-07
2714.365545049628 5.769384090787215e-07
2725.223007229827 6.517475575069239e-07
2736.123899258746 7.358944382176461e-07
2747.0683948557817 8.305048077287959e-07
2758.0566684352048 9.367347797106863e-07
2769.0888951089455 1.0561048711954797e-06
2780.165250689381 1.1900330817923903e-06
2791.2859116921386 1.3402625562586868e-06
2802.451055338907 1.5086933617100599e-06
2813.660859560263 1.6974412952194428e-06
2824.9155029985036 1.9088458636088344e-06
2836.2151650104965 2.1455009096920084e-06
2847.5600256705393 2.41028041625698e-06
2858.950265773222 2.7063696349820947e-06
2870.386066836315 3.037292008289173e-06
2881.8676111036607 3.406946025424901e-06
2893.3950815480757 3.81964276586237e-06
2904.968661874268 4.280145097913747e-06
2916.588536521764 4.793714430250752e-06
2928.254890667851 5.366154296747568e-06
2939.9679102305226 6.003870847727699e-06
2951.727781871445 6.713924975614708e-06
2963.534692998931 7.5040906806974045e-06
2975.3888317709266 8.382936676105306e-06
2987.2903870980094 9.359900611070093e-06
2999.2395486464025 1.0445292842164252e-05
3011.2365068409886 8.632349950854263e-07
3023.2814528683516 9.188187973439972e-07
3035.374578679825 2.5969953841501803e-07
3047.516076994544 1.0678730820522225e-06
3059.7061413025226 1.3104383111248018e-06
3071.9449658677336 1.277422774683058e-06
3084.232745731204 1.0133898903118418e-06
3096.569676714128 2.544686393613532e-07
3108.955955420985 2.441144723490981e-07
3121.3917792426687 8.214270250384031e-07
3133.8773463596394 8.468408284125989e-07
3146.412855745078 7.074857170016088e-07
3158.998507168058 5.353067030261481e-07
3171.6345011967305 3.693073617585176e-07
3184.321039201517 2.2960156047142493e-07
3197.0583233583234 1.2342168567411813e-07
3209.8465566517566 4.1301997248767314e-08
3222.6859428783637 1.506106729891241e-08
3235.576686649877 1.716414974649291e-08
3248.518993396477 7.334168842266424e-09
3261.513069370063 3.3207269431972235e-09
3274.559121647543 1.7451001237751816e-09
3287.6573581341336 6.82422027269928e-10
3300.8079875666704 1.4620793955827473e-10
3314.0112195169368 4.695202060315642e-10
3327.2672643950045 1.964330158517081e-09
3340.5763334525845 5.0721896533416475e-09
3353.938638786395 1.2553223702949963e-08
3367.354393341541 3.660623738157819e-08
3380.8238109149074 1.0136151957625612e-07
3394.347106158567 2.461456761497517e-07
3407.924494583201 5.219422459113398e-07
3421.5561925615334 8.530536557454111e-07
3435.2424173317804 5.904095553730057e-07
3448.9833870011066 7.584979414179954e-08
3462.7793205491116 1.643385762728661e-06
3476.630437831308 6.4583452878028484e-06
3490.536959582633 1.354533625490906e-05
3504.4991074209643 2.2578914189631727e-05
3518.5171038506473 3.399049641468496e-05
3532.5911722660503 4.8109731992798335e-05
3546.7215369551145 6.53131161430853e-05
3560.9084231029346 8.593786359539156e-05
3575.1520567953467 0.00011029559658484586
3589.452665022528 0.00013871501161297935
3603.810475682617 0.00017151927195070696
3618.225717585348 0.00020903477941039124
3632.698620455689 0.00025157728285219285
3647.2294149375116 0.00029948152648057007
3661.8183325972614 0.0003531028302250899
3676.4656059276513 0.00041279852939846173
3691.1714683513615 0.0004788768951571056
3705.936154224767 0.0005516250760280282
3720.7598988416657 0.0006313469971534705
3735.6429384370326 0.0007182298459165665
3750.585510190781 0.0008123523472377018
3765.587852231544 0.0009137163348274408
3780.6502036404704 0.0010220777431838711
3795.772804455032 0.0011368967978144448
3810.955895672852 0.0012571595239589742
3826.199719255544 0.0013812381285373983
3841.504518132566 0.0015069003576674387
3856.870536205096 0.0016301122890599949
3872.2980183499167 0.0017448825334389025
3887.7872104233156 0.001843014084984505
3903.338359265009 0.001911831545495323
3918.9517127020695 0.0019336366951276426
3934.6275195528774 0.001883412523963312
3950.3660296310895 0.0017298111330112118
3966.1674937496136 0.0014424495592169932
3982.0321637246125 0.0010167045059391662
3997.9602923795105 0.0005290637739656187
4013.9521335490285 0.00016202439745300137
4030.007942083225 2.5096378535735558e-05
4046.1279738515577 7.869424751633586e-07
4062.312485746964 2.7926464146652326e-05
4078.5617356899515 0.00021339358594825043
4094.8759826327114 0.0008262901081797599
4111.255486563242 0.0019006569506008428
4127.700508509496 0.003235221726454993
4144.211310543533 0.004657257653439121
4160.788155785708 0.0060852793514290645
4177.431308408849 0.0074977491186564394
4194.141033642486 0.008898106247096456
4210.917597777056 0.010288122073338112
4227.761268168164 0.011709203800495895
4244.672313240838 0.013135802123648737
4261.651002493801 0.014657445362462438
4278.697606503776 0.016166616350806046
4295.812396929791 0.01782757014164656
4312.995646517511 0.019514829259265464
4330.24762910358 0.021235379872980083
4347.568619619994 0.023165346048694798
4364.958894098475 0.025182862612261197
4382.418729674868 0.027204545497576355
4399.948404593568 0.02928433353553435
4417.548198211942 0.03180471058610591
4435.21839100479 0.03432598005276949
4452.959264568809 0.03696930168095161
4470.771101627084 0.03974924597562329
4488.654186033592 0.042422717775676314
4506.608802777726 0.045493095612529524
4524.635237988838 0.04913091589094813
4542.733778940792 0.05253141166435134
4560.904714056555 0.055726158684314915
4579.148332912781 0.028609800189097975
4597.464926244433 0.02644068154761661
4615.85478594941 0.023749930598411222
4634.318205093208 0.020718157246057783
4652.855477913582 0.01766694061903742
4671.466899825236 0.015307724364435981
4690.152767424537 0.012602751881340813
4708.913378494234 0.008761399353704085
4727.749032008212 0.005031069906881798
4746.660028136244 0.0024392830488752884
4765.646668248789 0.0011015478251439816
4784.709254921784 0.000502143852324132
4803.8480919414715 0.00023976503475185772
4823.063484309237 0.00013161020694578106
4842.355738246474 9.068538415827976e-05
4861.72516119946 7.459241263228996e-05
4881.172061844257 6.651003103678008e-05
4900.6967500916335 6.201484323991961e-05
4920.299537092001 5.792715760740857e-05
4939.9807352403695 5.370215881913924e-05
4959.740658181329 4.949732976641805e-05
4979.5796208140555 4.5445048122299666e-05
4999.497939297312 4.187824878549825e-05
5019.495931054502 3.9444813410469735e-05
5039.57391477872 3.8803617341390424e-05
5059.732210437835 4.0032407027810123e-05
5079.971139279585 4.25549476343467e-05
5100.291023836704 4.556239890639094e-05
5120.692187932051 4.8509747616352864e-05
5141.174956683781 5.157568870942234e-05
5161.739656510514 5.507540786070168e-05
5182.386615136556 5.8835761221967596e-05
5203.116161597103 6.260043329862733e-05
5223.928626243489 6.655739319234382e-05
5244.824340748465 7.089743720170248e-05
5265.803638111459 7.548755840750364e-05
5286.866852663905 8.032427555360521e-05
5308.0143200745615 8.565199424628225e-05
5329.246377354859 9.140192002989172e-05
5350.563362864278 9.751781597365374e-05
5371.965616315736 0.00010423086645784373
5393.453478780998 0.00011140598274015093
5415.027292696122 0.000119011621063484
5436.687401866905 0.00012741300669565474
5458.434151474374 0.00013637510059815038
5480.267888080271 0.00014594646440455874
5502.188959632591 0.00015632408762445799
5524.197715471122 0.0001674765578857147
5546.294506333006 0.00017936420707515075
5568.479684358337 0.00019217816252175087
5590.753603095771 0.00020594561191167185
5613.1166175081535 0.00022057371835347304
5635.569083978187 0.00023637372968708938
5658.1113603140975 0.00025307422522310145
5680.743805755354 0.0002697540960938533
5703.466780978376 0.00028973395622684665
5726.28064810229 0.00031019509547092097
5749.185770694699 0.0003318272669731458
5772.182513777476 0.0003550234076373218
5795.271243832587 0.00037954358441454896
5818.452328807918 0.00040520162722428065
5841.72613812315 0.00043112034273344965
5865.093042675643 0.0004408166419624211
5888.553414846345 0.00017386556585141134
5912.10762850573 0.000435068586741109
5935.756059019754 0.0005679516693195591
5959.499083255832 0.0006219748554815614
5983.337079588855 0.0006752520917092352
6007.27042790721 0.000732603163940657
6031.299509618841 0.000794835597058825
6055.424707657316 0.0008607085444874662
6079.646406487946 0.0009316148424714383
6103.964992113897 0.0010079470725353208
6128.380852082353 0.00109034453341438
6152.894375490681 0.0011794759987935359
6177.505952992646 0.0012756634760232003
6202.215976804616 0.0013796222628638648
6227.024840711833 0.0014921048863476309
6251.932940074681 0.0016133746921854037
6276.940671834981 0.0017444063014590459
6302.048434522321 0.0018911777303030754
6327.256628260409 0.0020469786282986367
6352.5656547734525 0.0022181932429799047
6377.975917392546 0.002402198098145697
6403.487821062116 0.0026027622361320356
6429.101772346364 0.002818806799584196
6454.81817943575 0.003035942400623345
6480.637452153493 0.0032861570447893797
6506.560001962106 0.0035835954196661176
6532.586241969955 0.0038961414334379397
6558.716586937834 0.004230732390611834
6584.951453285586 0.004603151865472035
6611.291259098727 0.005021524642711697
6637.7364241351215 0.005479184142528571
6664.2873698316625 0.0059805047431402275
6690.94451931099 0.006525283464969495
6717.7082973882325 0.0071212849185058776
6744.579130577787 0.00777208563679566
6771.557447100097 0.008472016479723414
6798.643676888497 0.009213198915561556
6825.838251596053 0.009987831957726883
6853.141604602436 0.010786508908773824
6880.554171020846 0.0115779426244618
6908.0763877049285 0.012256445568489772
6935.708693255749 0.012636668991109486
6963.4515280287715 0.013841566726599553
6991.305334140887 0.01479438543212505
7019.270555477449 0.015772070795703065
7047.34763769936 0.01707986473948401
7075.537028250157 0.01845989326794774
7103.839176363159 0.01987309936665553
7132.254533068612 0.021361446187536794
7160.783551200888 0.021779174828515196
7189.42668540569 0.022731445024408416
7218.184392147313 0.025082362713834253
7247.0571297159 0.025693851922155116
7276.045358234765 0.02723593015943369
7305.149539667704 0.027398175552244802
7334.370137826372 0.02940433548313145
7363.707618377678 0.030109970110375504
7393.162448851191 0.030928408863349834
7422.735098646595 0.03157400921679981
7452.426039041182 0.03190939021722501
7482.235743197345 0.03201554370120001
7512.1646861701365 0.031410081425401866
7542.213344914818 0.03063869535138596
7572.382198294477 0.02945914060046505
7602.671727087656 0.02655204301089415
7633.082413996006 0.016310812304878783
7663.614743651989 0.0021405298278032556
7694.269202626598 0.0028388791108330705
7725.046279437104 0.012778170202702017
7755.946464554851 0.024978991316024143
7786.970250413072 0.036668491377068874
7818.118131414723 0.04631749130300442
7849.390603940383 0.05482698857680264
7880.788166356144 0.06380231410053402
7912.311319021571 0.0738057853958654
7943.960564297654 0.0849189093236681
7975.736406554845 0.096368050103926
8007.639352181065 0.1092105196993207
8039.669909589788 0.12263447712897788
8071.828589228147 0.1356061366110451
8104.115903585063 0.1442014688727253
8136.532367199402 0.1493117062874875
8169.078496668199 0.16927240135439947
8201.754810654873 0.18831494679208186
8234.561829897493 0.20478144589851088
8267.500077217084 0.24586655451434355
8300.570077525952 0.26348306681865713
8333.772357836056 0.28912821153115786
8367.1074472674 0.3119156027039782
8400.575877056472 0.34986009227334364
8434.178180564695 0.38933483748462716
8467.914893286956 0.4326056588404746
8501.786552860101 0.4759608096600258
8535.793699071543 0.5248614039728382
8569.936873867831 0.5765340411175641
8604.216621363299 0.6304547125349591
8638.633487848754 0.6861046946662681
8673.18802180015 0.7414567584184538
8707.880773887353 0.7966485814493509
8742.7122969829 0.8599686851624517
8777.68314617083 0.9250567117515118
8812.793878755514 0.9817125968488531
8848.045054270535 1.0206918792130775
8883.437234487617 0.9360032040563456
8918.970983425568 0.7732274462831091
8954.64686735927 0.8975622010213631
8990.465454828707 0.7904335984435363
9026.427316648023 1.1118124743469477
9062.533025914616 1.3164952488811204
9098.783158018272 1.357630320239087
9135.178290650345 1.460160870046871
9171.719003812947 1.4634199393241556
9208.405879828202 1.762776530136123
9245.239503347511 1.7514354993909382
9282.2204613609 0.6828968625239363
9319.349343206346 0.5901533420965799
9356.626740579171 0.7663269163068314
9394.053247541488 1.315646054125087
9431.629460531654 1.2640892904637262
9469.355978373778 1.1877175106297773
9507.233402287276 1.1592345328443165
9545.262335896427 1.2756130184411731
9583.443385240013 1.0829008889987666
9621.777158780975 1.3156168243312494
9660.264267416096 1.7099994704637476
9698.90532448576 2.2266925741539842
9737.7009457837 2.274913010791204
9776.651749566838 2.534763897823744
9815.758356565104 2.865886846866356
9855.021389991363 3.2562872553310886
9894.441475551332 3.772879663049064
9934.019241453534 4.0950407310031816
9973.755318419348 4.413183984276985
10013.650339693024 4.740841262534135
10053.704941051796 5.16123879334285
10093.919760816003 5.661136940364522
10134.295439859268 6.194036580090498
10174.832621618703 6.531525790168148
10215.531952105179 7.070500972065148
10256.394079913602 7.612958986655984
10297.419656233254 8.288691191754175
10338.609334858189 8.590260583229439
10379.96377219762 9.282619417425037
10421.483627286412 9.800825594936551
10463.169561795556 10.232198749755248
10505.022240042741 10.627404959785412
10547.042329002912 11.039767471079013
10589.230498318922 11.24207591429148
10631.587420312197 11.431585246579349
10674.113769993448 11.46644569447109
10716.810225073421 11.484968506823165
10759.677465973711 11.369947816220224
10802.716175837608 11.367502521625916
10845.927040540959 10.976089288352076
10889.310748703121 9.695010997183028
10932.867991697934 7.1475137949572245
10976.599463664725 5.101946317522992
11020.505861519383 3.1044548968821237
11064.587884965462 2.0642482653950096
11108.846236505324 1.2399495207188365
11153.281621451348 0.7649770673537152
11197.894747937147 0.9200647501193101
11242.686326928899 1.1571011223174636
11287.657072236614 1.5896764724833037
11332.807700525562 0.7037609973229624
11378.138931327663 1.3626608977693295
11423.651487052975 1.6440417863406789
11469.346093001184 1.5767170039704843
11515.22347737319 1.0215256938038675
11561.284371282683 0.6282865518820525
11607.529508767815 0.6695268302216326
11653.959626802887 1.1836920970603455
11700.5754653101 1.2359755745811856
11747.377767171341 0.666133226524462
11794.367278240028 1.6711403572390289
11841.544747352984 2.6861237746270614
11888.9109263424 3.6246540593982686
11936.46657004777 4.467779796016632
11984.212436327958 5.969038049998176
12032.149286073272 7.514282209667479
12080.277883217566 9.37957201801644
12128.598994750435 10.728168570704655
12177.113390729437 12.550897947876352
12225.821844292353 13.905648268160233
12274.725131669524 15.83236714998698
12323.824032196202 17.297789589286488
12373.119328324985 18.576797654411283
12422.611805638286 19.08687656883008
12472.302252860838 21.52757531660364
12522.19146187228 20.912241788375592
12572.280227719768 25.013160130697358
12622.569348630648 25.98896708139799
12673.059626025171 25.9129295632432
12723.751864529271 24.248318610894092
12774.646871987386 23.323592574470815
12825.74545947534 20.301462609397262
12877.04844131324 17.58455545999084
12928.556635078494 16.002306866658213
12980.270861618808 14.437149867848044
13032.191945065284 12.986565295002041
13084.320712845543 11.982442467822791
13136.657995696927 10.189673338784901
13189.204627679715 9.502176938596945
13241.961446190431 7.029228188814897
13294.929291975195 3.266382403998593
13348.109009143096 0.9986142156898234
13401.50144517967 0.24470447330260528
13455.107450960388 0.10336632257230965
13508.927880764231 0.06159200827615856
13562.963592287288 0.019852016955515504
13617.215446656439 0.023692571415465626
13671.684308443064 0.052445810691063965
13726.371045676835 0.04657569806025024
13781.276529859542 0.12228418882963661
13836.40163597898 0.04328417613841669
13891.747242522899 0.06220708025021231
13947.314231492988 0.048472148529978956
14003.103488418961 0.06058277037780042
14059.115902372636 0.07989103054153236
14115.352365982128 0.07053330552732621
14171.813775446057 0.07957148852885658
14228.501030547843 0.09518168833778058
14285.41503467003 0.21591816148790513
14342.556694808713 0.16519483993457829
14399.926921587949 0.19869761945609637
14457.5266292743 0.37081022992974094
14515.356735791396 0.6475412599420284
14573.418162734559 0.9224953372274733
14631.711835385498 0.7969759187237749
14690.238682727038 0.6828794378751684
14748.999637457951 0.8787012574267485
14807.995636007783 1.050003009735982
14867.227618551815 1.1054767826347496
14926.69652902602 1.4655904701454388
14986.403315142123 1.8811881165307225
15046.348928402693 2.091046880335553
15106.534324116303 2.2702245214696632
15166.96046141277 2.703705184788277
15227.62830325842 3.5839853376119137
15288.538816471453 4.266348737175889
15349.692971737337 5.1743142109960765
15411.091743624287 5.985842802381166
15472.736110598784 7.208610695523328
15534.62705504118 7.617460510004724
15596.765563261344 7.996146855329768
15659.152625514387 8.692840304686865
15721.789236016448 9.693605913990842
15784.676392960515 9.972512320251935
15847.815098532355 10.276686068249
15911.206358926484 9.561484901557586
15974.85118436219 8.499938163647109
16038.75058909964 6.455293399982198
16102.905591456036 4.371605124384892
16167.31721382186 2.8664871879215066
16231.986482677148 1.882445068854977
16296.914428607855 1.4543498279680653
16362.102086322288 1.6606725690812785
16427.550494667576 1.917793683312648
16493.260696646248 2.056504429000594
16559.23373943283 1.9166907069446866
16625.470674390563 2.228741973276685
16691.972557088127 0.4237415164156802
16758.74044731648 1.1357607424614333
16825.775409105743 1.5966774679006437
16893.07851074217 1.245167914375419
16960.650824785134 0.8915245452757742
17028.493428084275 0.7742434848202163
17096.607401796613 1.197626124694693
17164.993831403797 1.1314763257357385
17233.653806729413 1.3767005622591564
17302.588421956334 0.9253359837710312
17371.798775644158 0.952915469730992
17441.285970746736 1.0613680739632363
17511.05111462972 1.1112457577786556
17581.095319088243 0.8742918406770966
17651.419700364593 0.6719719236698336
17722.02537916605 0.5565417086407967
17792.913480682713 0.5415178270383895
17864.085134605448 0.40623225405214514
17935.54147514387 0.20181286331150017
18007.283641044443 0.2867605584901625
18079.312775608625 0.1864111778594561
18151.630026711056 0.2277691334473243
18224.236546817894 0.25787611823745693
18297.133493005167 0.1132941438308983
18370.32202697719 0.10257702561000626
18443.803315085097 0.19952288272941504
18517.578528345435 0.18144643659973067
18591.648842458817 0.13213396349268672
18666.01543782865 0.07074636660611223
18740.67949957997 0.09448662621629304
18815.642217578286 0.38114823816644167
18890.9047864486 0.31258134032484775
18966.4684055944 0.421007165109607
19042.334279216768 0.2383239814931364
19118.50361633364 0.24566341105992218
19194.977630798967 0.2549305594500142
19271.757541322168 0.17331428910038965
19348.844571487454 0.1471422188301431
19426.239949773408 0.16164319348519868
19503.9449095725 0.2269224589250001
19581.960689210795 0.22583813605704492
19660.28853196764 0.3494297142608068
19738.929686095507 0.35694474991049163
19817.885404839893 0.4531845621200408
19897.15694645925 0.5330910986658549
19976.745574245087 0.6587039014273901
20056.65255654207 0.6984535460445351
20136.879166768238 0.7831718309790023
20217.426683435307 0.8246027018150436
20298.296390169045 0.8529577276536302
20379.489575729727 0.9641192831911632
20461.007534032648 1.0504386761840918
20542.851564168777 1.0614997778639061
20625.02297042545 1.1051983637818197
20707.523062307162 1.104031568290678
20790.353154556382 1.0754531554514017
20873.514567174607 1.0731287657661208
20957.008625443308 1.0319041451338082
21040.836659945082 0.9958883467110211
21125.000006584854 0.9571641461780375
21209.5000066112 0.9009606043414478
21294.33800663765 0.8533020770769243
21379.515358664197 0.817737395091646
21465.033420098855 0.7462243594529008
21550.893553779246 0.7102571320506784
21637.097127994366 0.5942622478432161
21723.645516506345 0.605960033094779
21810.540098572368 0.5213063720556447
21897.782258966654 0.42279518743819083
21985.37338800253 0.16008643653410748
22073.314881554532 0.1597534146491784
22161.60814108075 0.2455090376152668
22250.25457364508 0.18943505071412395
22339.25559193965 0.1404462853631808
22428.61261430741 0.10187177314916512
22518.32706476464 0.08335723182516265
22608.400373023702 0.07092370031536022
22698.833974515794 0.09180668898337496
22789.62931041386 0.07595183987930823
22880.78782765551 0.06069316549782097
22972.310978966132 0.053906504171354806
23064.200222882002 0.10958691910470147
23156.457023773528 0.12460108720718213
23249.082851868614 0.049397819742949045
23342.079183276095 0.052813786009180554
23435.447500009202 0.04245605209558781
23529.18929000923 0.05469568766249538
23623.306047169273 0.09157183004145306
23717.79927135796 0.040434677890983026
23812.670468443375 0.06714928287801081
23907.92115031715 0.09692456709534883
24003.552834918424 0.12176952897309865
24099.56704625809 0.1596396738651774
24195.96531444313 0.14725030996541097
24292.749175700897 0.1759488505896194
24389.9201724037 0.19811004545616567
24487.479853093315 0.2081042764052317
24585.42977250569 0.2767543207695649
24683.771491595708 0.279102371029839
24782.50657756209 0.26597175827194863
24881.636603872343 0.26789647352825985
24981.16315028783 0.25798213303389206
25081.087802888986 0.18057131561556583
25181.412154100537 0.14000845654669963
25282.137802716934 0.08113254063064769
25383.266353927807 0.08688761560077041
25484.79941934352 0.04539809690042063
25586.73861702089 0.07931800445410285
25689.08557148898 0.037511384628323576
25791.84191377493 0.039829101318110405
25895.009281430033 0.02633036437203911
25998.589318555754 0.044631149301691896
26102.58367582998 0.05461653126735441
26206.994010533297 0.0891054208805643
26311.821986575433 0.0867292222449226
26417.069274521735 0.2428669597682513
26522.737551619815 0.1727485546330013
26628.828501826294 0.04281221402898675
26735.343815833607 0.01249050685246056
26842.285191096937 0.024689626871329595
26949.654331861326 0.060582780897424915
27057.452949188766 0.057803348030609596
27165.682760985525 0.06902705209163304
27274.345492029468 0.16002753528531147
27383.442873997585 0.05244887282626688
27492.976645493567 0.14919590301797842
27602.948552075544 0.0552398867380277
27713.360346283847 0.06918852652789963
27824.213787668985 0.047068066350428955
27935.510642819663 0.12107774948592256
28047.252685390937 0.06601221962336662
28159.441696132504 0.12347379205987324
28272.079462917034 0.2295513742575557
28385.167780768694 0.12506057731838094
28498.70845189177 0.18791174100667307
28612.703285699336 0.24423351771620874
28727.154098842133 0.2659047710394868
28842.062715237505 0.2977517567671062
28957.430966098455 0.3750272822869373
29073.260689962848 0.34951143616256436
29189.553732722703 0.44835892917550035
29306.311947653598 0.6819961413247351
29423.537195444205 0.6134489047253578
29541.231344225984 0.5986962432151638
29659.396269602887 0.6455149273002582
29778.033854681304 0.6691384387665514
29897.14599010003 0.8712157235657415
30016.734574060432 0.2812710360634185
30136.80151235667 0.7800742884241908
30257.348718406094 1.017479527705492
30378.37811327972 0.9953503784302692
30499.89162573284 0.6983371361721348
30621.891192235766 1.0064280791923303
30744.37875700471 0.8114313985820623
30867.356272032728 0.655820380952539
30990.825697120858 0.574314698519579
31114.78899990934 0.4497131188024568
31239.24815590897 0.5320064671074121
31364.20514853261 0.3526762802223349
31489.661969126744 0.2830559070005575
31615.62061700325 0.17250161096673644
31742.083099471263 0.15557982006194873
31869.05143186915 0.11079059114931569
31996.527637596624 0.09369384764085377
32124.51374814701 0.09344557906140803
32253.011803139605 0.08519028271266266
32382.02385035216 0.09190646153499712
32511.55194575357 0.0993959267476604
32641.598153536583 0.12775473468424725
32772.16454615073 0.21176427653967977
32903.25320433533 0.2858196311306828
33034.86621715268 0.21680731647737062
33167.005682021285 0.008108567359969948
33299.673704749366 0.01528456187877388
33432.87239956837 0.09536592044468895
33566.60388916664 0.15510972233685066
33700.87030472331 0.1657583855643233
33835.6737859422 0.1325400104458555
33971.016481085964 0.12244343553145348
34106.900547010315 0.11825517557717849
34243.32814919835 0.12722406731832217
34380.30146179514 0.14022582803037237
34517.82266764233 0.13057675235115757
34655.893958312896 0.16654529935899606
34794.51753414615 0.15679787846524695
34933.69560428273 0.20624961929285274
35073.43038669985 0.31094422845194314
35213.72410824666 0.2999229329011666
35354.57900467965 0.26780209615128675
35495.99732069836 0.3696891072927234
35637.98130998116 0.410986386984755
35780.53323522108 0.48391855576585713
35923.65536816197 0.4980730508979602
36067.34998963462 0.45165516393263055
36211.61938959315 0.6471483112820445
36356.46586715153 0.8843553786980494
36501.891730620126 0.9844467784567529
36647.89929754261 1.174399255912638
36794.49089473278 1.3622064098039963
36941.6688583117 1.2968737985670111
37089.43553374496 1.410969479795072
37237.793275879936 1.474247566614322
37386.74444898345 1.7738699948267456
37536.29142677938 2.0236905356698105
37686.43659248651 1.840156459404817
37837.18233885645 1.597567015331806
37988.53106821188 1.9768839760535077
38140.48519248474 2.5978009530958937
38293.04713325467 3.1675277298870634
38446.21932178769 1.897195475177057
38600.00419907484 2.503355624807856
38754.40421587113 2.6508579032768047
38909.42183273463 2.953229735145717
39065.05952006556 2.9240564312084425
39221.31975814583 3.0225880585065665
39378.205037178406 3.5210627724222454
39535.71785732712 3.371287204309559
39693.860728756415 3.6954861726279455
39852.636171671445 3.9675847947915925
40012.04671635814 3.891808173034281
40172.09490322357 4.0500531210321045
40332.78328283648 3.9205190643930474
40494.11441596781 3.7185182074154826
40656.090873631685 3.66356657999621
40818.71523712622 3.2754354197392255
40981.990098074726 3.279234900708793
41145.918058467025 2.942802948840275
41310.50173070089 2.7689762178098603
41475.74373762369 2.9040394767849853
41641.646712574184 2.943177089019785
41808.21329942448 2.745904987733571
41975.44615262219 3.1274681084023346
42143.347937232684 3.3490434300441296
42311.921328981625 3.2430672769491884
42481.16901429755 3.3806899794100596
42651.09369035474 3.517542925257695
42821.69806511615 2.8678081632065595
42992.98485737662 1.0225428492772244
43164.95679680613 1.0314759380175145
43337.61662399335 2.198142925250917
43510.96709048933 2.4983229116873527
43685.01095885128 2.9052657286284544
43859.75100268668 2.3380623953187074
44035.19000669744 1.881419460017148
44211.330766724226 1.6302635852556915
44388.176089791115 1.086035854335103
44565.72879415028 0.9398684917127038
44743.991709326874 0.6231956900504367
44922.9676761642 0.49293561455516854
45102.65954686885 0.3847298493769246
45283.07018505633 0.2949220970911076
45464.20246579656 0.22558132313361068
45646.05927565975 0.20220978066398476
45828.64351276236 0.20715733276025614
46011.95808681343 0.1892627517056288
46196.00591916067 0.23363541080926237
46380.78994283732 0.29897123931165176
46566.31310260868 0.5748191485166705
46752.578355019126 0.49407430451539597
46939.588668439166 0.36710904037680736
47127.34702311293 0.3162525949104503
47315.85641120539 0.24609256272355667
47505.11983685021 0.2800618791268468
47695.14031619761 0.29941299403717125
47885.9208774624 0.2959879595105753
48077.46456097225 0.3973037967469015
48269.774419216126 0.46839902381703763
48462.853516892996 0.4017257200910625
48656.70493096058 0.614132351538874
48851.33175068441 0.6846546987620178
49046.737077687154 0.681747326968756
49242.92402599791 0.7833332227992722
49439.89572210189 0.7855432531477177
49637.6553049903 0.7326850409525333
49836.20592621027 1.1766228116681328
50035.55074991511 1.246589351479598
50235.69295291477 0.746746935239006
50436.63572472643 1.365407035098972
50638.382267625326 1.6217307003545351
50840.935796695834 1.1300871954354892
51044.2995398826 1.4022859325150319
51248.47673804215 1.5170726384234945
51453.47064499432 0.6864815238982725
51659.28452757429 1.087089894155608
51865.92166568459 1.535501392339104
52073.38535234733 0.5056767726505832
52281.67889375672 0.9917161343169553
52490.80560933175 1.0826386445738228
52700.76883176907 0.9474840988256653
52911.57190709616 0.7956894241956118
53123.218194724526 1.0412112591433218
53335.711067503435 1.2480976102552794
53549.053911773444 0.39888937659930673
53763.25012742054 0.6604980283859327
53978.303127930216 0.9337637387399444
54194.21634044194 0.25694380252078525
54410.99320580371 0.6772077864888769
54628.63717862692 0.42674612446589233
54847.15172734143 0.5492562372859403
55066.540334250785 0.6110957010305861
55286.80649558781 0.4479151006735225
55507.95372157016 0.37382945084341634
55729.985536456436 0.2792210773509742
55952.90547860226 0.4240783769552831
56176.717100516675 0.4037766787910708
56401.42396891874 0.2741119544992821
56627.02966479442 0.3802758877346573
56853.5377834536 0.2916880098947943
57080.95193458741 0.2826160751518915
57309.27574232576 0.2320719573377571
57538.51284529506 0.24302117339530266
57768.666896676245 0.24987782182592955
57999.74156426295 0.41136808937734165
58231.74053052 0.16708562260986118
58464.66749264208 0.33006000193981627
58698.52616261265 0.1676083262073035
58933.3202672631 0.1613717811681768
59169.05354833215 0.3274897390016231
59405.72976252549 0.15278286892709747
59643.3526815756 0.28529848055106993
59881.926092301896 0.26109234575501167
60121.45379667111 0.3671285093594494
60361.93961185778 0.29842213703563847
60603.38737030522 0.16271789017916152
60845.800919786445 0.31640677332306066
61089.184123465595 0.21617027182483517
61333.54085995945 0.28972127152894267
61578.87502339928 0.18879895836821864
61825.19052349288 0.22721080202278482
62072.491285586846 0.3584019610736178
62320.7812507292 0.40667079481408497
62570.06437573213 0.507533381827311
62820.34463323505 0.4694373206435114
63071.62601176801 0.6007180109087737
63323.91251581507 0.4023330908418516
63577.20816587833 0.34888902461700994
63831.51699854184 0.2987436412061886
64086.843066536014 0.16461937875213836
64343.19043880215 0.20119280081608865
64600.563200557364 0.2006086873805729
64858.96545335958 0.09963232943292445
65118.401315173025 0.15580605945780085
65378.87492043372 0.2147889040112401
65640.39042011545 0.13439644952168048
65902.95198179591 0.13904602559068246
66166.56378972309 0.16284309995121762
66431.23004488199 0.1669727559564355
66696.95496506151 0.1916329359337923
66963.74278492175 0.2719151600709906
67231.59775606144 0.20213166739694025
67500.52414708569 0.3221864547170325
67770.52624367403 0.20054341221477415
68041.60834864872 0.24513938746000288
68313.77478204331 0.2648304894573235
68587.02988117147 0.14694801743648322
68861.37800069616 0.29637699817562013
69136.82351269896 0.33015186023324683
69413.37080674975 0.3662375275128936
69691.02428997675 0.2244220069563321
69969.78838713666 0.30511621858980126
70249.6675406852 0.2862460296531938
70530.66621084794 0.19396412035079477
70812.78887569135 0.3078148339172246
71096.04003119409 0.26102912606223044
71380.42419131887 0.25562035214910367
71665.94588808414 0.18664918876482867
71952.60967163648 0.21134270628332882
72240.42011032304 0.20927476537309828
72529.38179076432 0.19510263059637586
72819.49931792737 0.1551807050334429
73110.77731519907 0.18212483607355393
73403.22042445988 0.11588391987462249
73696.83330615771 0.1464205860977136
73991.62063938235 0.1524753118938243
74287.58712193987 0.14885910106226508
74584.73747042764 0.11535546136578444
74883.07642030934 0.14821461275519474
75182.60872599059 0.18008934994804593
75483.33916089457 0.19626875992436377
75785.27251753812 0.18926755108123192
76088.4136076083 0.20041530165115204
76392.76726203872 0.2722041479078338
76698.33833108687 0.056770493641649294
77005.13168441122 0.08971005433656762
77313.15221114887 0.10435837756208129
77622.40481999348 0.12244433883871594
77932.89443927344 0.15497945246073844
78244.62601703055 0.16861004701282586
78557.60452109865 0.17830934735971055
78871.83493918306 0.1552831776797448
79187.3222789398 0.15473809401717792
79504.07156805556 0.20395743760249554
79822.08785432778 0.21680363222590857
80141.37620574511 0.17184382512148247
80461.94171056806 0.18290298363527618
80783.78947741033 0.17786328651119723
81106.92463531997 0.27343515174950483
81431.35233386126 0.21995424044731157
81757.0777431967 0.21372033819335873
82084.10605416949 0.21886298941267052
82412.44247838613 0.26338447475798293
82742.09224829968 0.2948346381187743
83073.06061729288 0.2787282462084353
83405.35285976208 0.2936088725082331
83738.9742712011 0.25815860871886204
84073.93016828595 0.2993552334859256
84410.22588895904 0.35518463265552136
84747.86679251489 0.3577420402401594
85086.85825968496 0.28141107675086524
85427.20569272367 0.3609990784817969
85768.91451549459 0.4057469064677477
86111.99017355654 0.375148069757345
86456.43813425078 0.31686648794479805
86802.2638867878 0.37278028282165865
87149.47294233493 0.43388629473647233
87498.07083410428 0.39827931816153833
87848.0631174407 0.3209988985586571
88199.45536991046 0.3698616063514723
88552.25319139009 0.44697837096832177
88906.46220415569 0.4115964983400645
89262.08805297229 0.3202802711528683
89619.1364051842 0.30371022756433386
89977.61295080492 0.3949477385184209
90337.52340260813 0.40562636998400625
90698.87349621857 0.35651356963192965
91061.66899020346 0.38907451395947834
91425.91566616425 0.3578044210741816
91791.61932882894 0.37670650910871495
92158.78580614422 0.31396000870754837
92527.4209493688 0.4243636591403481
92897.53063316627 0.3227867511568184
93269.12075569895 0.3183033869054416
93642.19723872172 0.3746758949879129
94016.76602767664 0.37829412218273595
94392.83309178732 0.3695392542286705
94770.40442415449 0.30895207361325433
95149.48604185111 0.3373432226427319
95530.08398601852 0.33976036538627263
95912.20432196259 0.40645827956967845
96295.85313925042 0.37239472964382253
96681.0365518075 0.30358958829844096
97067.76069801472 0.3448081442718131
97456.03174080675 0.3628327551208736
97845.85586776999 0.4005537662529025
98237.23929124104 0.38641875479303434
98630.18824840599 0.34196607572216475
99024.70900139965 0.3278778982312921
99420.80783740526 0.36861340891499045
99818.49106875488 0.4288887908397781
100217.76503302988 0.41087740436944387
100618.636093162 0.3035382217567685
101021.11063753467 0.32196128127994633
101425.1950800848 0.3833810792970812
101830.89586040513 0.3995165687166777
102238.21944384674 0.3969827620408423
102647.17232162213 0.352194055148262
103057.7610109086 0.3128538940374354
103469.99205495225 0.09251466396704974
103883.87202317205 0.10396936327898365
104299.40751126477 0.16066139899880158
104716.60514130979 0.1943899292570353
105135.47156187505 0.18480905595953243
105556.01344812254 0.22982692444475586
105978.23750191503 0.2576225203104581
106402.15045192267 0.22561822418678276
106827.75905373038 0.1750195063436505
107255.07008994528 0.09706971588936963
107684.09037030509 0.10828862603159345
108114.8267317863 0.1615579398373301
108547.28603871344 0.20980466540011578
108981.47518286831 0.2243816553239389
109417.40108359976 0.21565892506372186
109855.0706879342 0.21450583995612146
110294.49097068593 0.2152023029280077
110735.66893456863 0.28261633779474754
111178.61161030692 0.2746747031847372
111623.32605674816 0.3051397835026532
112069.81936097513 0.2523913323070461
112518.09863841905 0.1960166137993208
112968.17103297272 0.2925300254862677
113420.0437171046 0.28708406762040506
113873.72389197304 0.2728036442930272
114329.21878754091 0.3001316138310345
114786.53566269108 0.23758489465784569
115245.68180534184 0.19466848346072724
115706.66453256323 0.24222299738920064
116169.49119069346 0.26392056056432645
116634.16915545624 0.24445012406482758
117100.70583207808 0.15177846383282634
117569.1086554064 0.20174732992636013
118039.385090028 0.18798595246845
118511.54263038811 0.23286045246017711
118985.58880090967 0.23697306719370298
119461.5311561133 0.2289469490329337
119939.37728073777 0.16386263384004582
120419.13478986072 0.21375561474056037
120900.81132902016 0.14324430507646718
121384.41457433623 0.2240520145730748
121869.9522326336 0.23906863203895526
122357.43204156413 0.17833063850758984
122846.86176973036 0.1630877183322026
123338.2492168093 0.20232907474449036
123831.60221367657 0.13278948104091973
124326.92862253124 0.17204291642722322
124824.23633702139 0.2051498531387917
125323.53328236948 0.13523782531540007
125824.82741549893 0.1448090061168978
126328.12672516092 0.1900918455039487
126833.43923206156 0.1553689237823691
127340.77298898982 0.14638319948067083
127850.13608094577 0.1887042519326662
128361.53662526955 0.1410707812060369
128874.98277177062 0.15082989776184802
129390.4827028577 0.1691579706216455
129908.04463366912 0.16336352813127739
130427.67681220379 0.12815796121597145
130949.38751945265 0.16353646326618893
131473.18506953045 0.14765773085946496
131999.07780980857 0.1578206086694025
132527.0741210478 0.12996791755785955
133057.182417532 0.13859763102937728
133589.4111472021 0.13445293799813596
134123.76879179094 0.11113415830385556
134660.26386695806 0.11993764384101101
135198.9049224259 0.148607623921911
135739.7005421156 0.14009330172607978
136282.65934428407 0.14008347755532605
136827.78998166122 0.13707270453260992
137375.1011415879 0.12328449551381128
137924.60154615424 0.13507317944681185
138476.29995233883 0.13424348061248162
139030.20515214818 0.13309710176740847
139586.32597275675 0.11966414058979756
140144.6712766478 0.07792410377132156
140705.2499617544 0.11883817527026627
141268.0709616014 0.11952773560197401
141833.1432454478 0.1038234161488148
142400.4758184296 0.11971204915914668
142970.07772170333 0.1191151375699164
143541.95803259013 0.10377265231375116
144116.12586472047 0.10551055792338954
144692.59036817937 0.09452965789162378
145271.3607296521 0.09167831485282353
145852.44617257072 0.12254933195794943
146435.85595726097 0.1229119963184221
147021.59938109003 0.1151708384046019
147609.6857786144 0.11812632522639253
148200.12452172884 0.11500385097613565
148792.92501981577 0.09794039802856719
149388.09671989502 0.09355352819826383
149985.6491067746 0.11022399239839382
150585.59170320167 0.10337333996843893
151187.93407001448 0.11080527483229355
151792.68580629455 0.09183684370180152
152399.85654951975 0.11174527269217713
153009.45597571784 0.10742436790613874
153621.4937996207 0.09078412376771293
154235.97977481916 0.098901024127901
154852.92369391845 0.09138858618130304
155472.3353886941 0.07916013837487133
156094.2247302489 0.07820483935944315
156718.60162916992 0.07921047429418548
157345.47603568656 0.07066764377784102
157974.8579398293 0.06741491737465807
158606.75737158864 0.07721970650844942
159241.18440107498 0.07355062535579268
159878.14913867926 0.06187989383935284
160517.661735234 0.08213885797935594
161159.73238217493 0.07124622760253414
161804.3713117036 0.08167309387340797
162451.58879695044 0.0664951333315304
163101.39515213823 0.0750766902138478
163753.8007327468 0.07996841223901174
164408.81593567782 0.08035946156341038
165066.45119942052 0.07614504530396242
165726.71700421823 0.07113092734203458
166389.62387223504 0.05927614879302461
167055.18236772402 0.06777043510696061
167723.40309719497 0.07719694656414616
168394.2967095837 0.06671468679754909
169067.87389642204 0.05340450224209606
169744.14539200772 0.06721851241000329
170423.1219735757 0.07674251651737132
171104.81446147006 0.05285048768294177
171789.23371931593 0.06169792532307183
172476.3906541932 0.056920946578269516
173166.29621680998 0.06183910743153403
173858.96140167722 0.04808029806517009
174554.39724728392 0.06530950003534344
175252.61483627307 0.05350618612773185
175953.62529561817 0.053578134450567076
176657.43979680064 0.06055236766862198
177364.06955598784 0.054143517958473275
178073.52583421173 0.06158944960862261
178785.8199375486 0.0630179904173548
179500.9632172988 0.0507581689949833
180218.967070168 0.054707783262498026
180939.84293844865 0.05500240569218297
181663.60231020238 0.04114447880514247
182390.25671944322 0.047091885463384886
183119.81774632097 0.0443866927265939
183852.29701730626 0.052341392197599035
184587.7062053755 0.053960505449197844
185326.057030197 0.045294015135691555
186067.3612583178 0.04136341452105518
186811.63070335102 0.04355861923984708
187558.8772261645 0.04601823634719914
188309.11273506918 0.05713088940404877
189062.3491860094 0.05043704075115702
189818.59858275342 0.036650773694703404
190577.87297708448 0.045697429196510986
191340.18446899284 0.04823390809448685
192105.54520686882 0.03834891271287186
192873.9673876963 0.03233492416849604
193645.46325724703 0.03266390620915097
194420.04511027603 0.030028248301516364
195197.72529071715 0.039860339306842026
195978.51619188 0.03296551602643266
196762.4302566476 0.03704692701456011
199107.9942767367 0.03393951021404314
203090.15416227144 0.03256614066681644
207151.95724551688 0.03130507193160451
211294.9963904272 0.025109826858056097
215520.89631823578 0.02511420934017793
219831.31424460045 0.02218156595003993
224227.94052949245 0.02016076672475561
228712.4993400823 0.02182791553204088
233286.74932688402 0.021358127090128513
237952.48431342165 0.014384592265640341
242711.5339996901 0.02112216609642934
247565.76467968393 0.017365031748871405
252517.0799732776 0.011464191631031169
257567.42157274322 0.015108651134875173
262718.770004198 0.01301340306895426
267973.145404282 0.00961577999641762
273332.6083123676 0.013101386829082996
278799.26047861495 0.00968927971478732
284375.2456881872 0.006775418342361277
290062.750601951 0.008812670115250712
295864.00561398995 0.007632547447829902
301781.2857262697 0.007446113408786279
307816.91144079523 0.005537562261503344
313973.24966961105 0.007079653439253677
320252.7146630032 0.006100017142205914
326657.7689562633 0.005347029335255764
333190.92433538847 0.00434072551980394
339854.7428220964 0.005298903473678904
346651.83767853834 0.003967545710891484
353584.87443210906 0.0033461825238724485
360656.57192075124 0.0031087605447202515
367869.70335916633 0.0036152826656900183
375227.09742634965 0.003175259031216925
382731.63937487674 0.0037054413228495603
390386.2721623741 0.0025450417727386297
398193.99760562164 0.002314564889928257
406157.87755773397 0.0019181015742486098
414281.0351088888 0.0027119646259697403
422566.65581106645 0.002315789197629807
431017.98892728786 0.0017679519360452567
439638.3487058336 0.0014824045830517797
448431.11567995034 0.001461208478251955
457399.7379935492 0.001609517796016138
466547.7327534202 0.001233205323331043
475878.6874084886 0.0012362060663007534
485396.2611566584 0.0012282630505017897
495104.1863797916 0.000944311649841469
505006.2701073874 0.0009672750946601617
515106.39550953516 0.0008818741032996068
525408.5234197257 0.0010317446006853257
535916.6938881205 0.0008857573595854037
546635.0277658828 0.0008144577659249844
557567.7283212005 0.0006751254574351255
568719.0828876244 0.0005849254139983354
580093.4645453768 0.0005832505702807561
591695.3338362843 0.0005531494619972428
603529.2405130101 0.0005471744553233978
615599.8253232702 0.0005763944746849481
627911.8218297358 0.0004173651211405782
640470.0582663304 0.00039250900613869684
653279.459431657 0.0003560269724959734
666345.04862029 0.00029304990402021674
679671.9495926959 0.00036042748790455
693265.38858455 0.0003695840928730576
707130.6963562409 0.0002827186863081751
721273.3102833657 0.0002283778134984555
735698.7764890331 0.00026212201522956457
750412.7520188137 0.0002102844951772474
765421.0070591901 0.00022154601408754814
780729.4272003738 0.00018759287840606142
796344.0157443815 0.00018617506585489753
812270.896059269 0.0001619517978721434
828516.3139804546 0.00014377770325399913
845086.6402600636 0.0001401801037703045
861988.3730652649 0.00015700071679062883
879228.14052657 0.0001677923552882556
896812.7033371016 0.00012223040611146488
914748.9574038435 0.000116482031910455
933043.9365519203 9.928971867626241e-05
951704.8152829591 8.231392370997095e-05
970738.911588618 9.437994970515425e-05
990153.6898203905 7.09444304788208e-05
