1000.5530765187797 3.796950546021308e-11
1004.5552888248548 3.5282391761607465e-33
1008.5735099801544 6.015273599939954e-32
1012.607804020075 8.95696558728424e-32
1016.6582352361554 5.0779353387056236e-33
1020.7248681770998 1.3915499118286038e-27
1024.8077676498083 4.311323951621821e-28
1028.9069987204075 4.564802564482527e-31
1033.022626715289 1.2210402691551966e-26
1037.1547172221503 5.514590029700312e-32
1041.3033360910388 4.341842172059673e-30
1045.468549435403 5.789509583450286e-29
1049.6504236331448 1.3359279651280185e-32
1053.8490253276773 2.6786057883910445e-27
1058.064421428988 1.0907761871303681e-30
1062.296679114704 5.539508943718118e-27
1066.5458658311627 4.140303319925432e-28
1070.8120492944875 1.0362200261703276e-28
1075.0952974916654 6.71594520549756e-26
1079.3956786816323 1.2936401462835172e-28
1083.7132613963586 1.5739797103565128e-25
1088.048114441944 6.291576880667318e-26
1092.4003068997117 3.9220617215450567e-22
1096.7699081273104 1.3866306601627072e-25
1101.15698775982 1.0524573994820128e-25
1105.561615710859 3.021419402472642e-22
1109.9838621737026 2.2962524033385722e-23
1114.4237976223976 1.2591596733318852e-24
1118.8814928128868 3.272187028535741e-25
1123.3570187841383 1.7819555428908928e-24
1127.8504468592753 1.370276000952613e-20
1132.361848646712 3.532639385091656e-21
1136.8912960412988 4.7142939284113015e-21
1141.438861225464 5.065779675425008e-21
1146.004616670366 8.770165905121569e-21
1150.5886351370475 2.5592912069622e-22
1155.190989677596 1.6049239577510903e-21
1159.8117536363065 6.219308396309935e-24
1164.4510006508515 1.5545634338019106e-26
1169.108804653455 4.5059984596482235e-25
1173.7852398720688 1.357718024847917e-24
1178.480380831557 1.1976124596582528e-25
1183.1943023548836 6.951048708537474e-25
1187.9270795643029 1.5328863156891772e-23
1192.67878788256 1.5028251197743187e-23
1197.4495030340906 5.0323358146198285e-24
1202.2393010462267 9.188796932549252e-30
1207.0482582504117 3.9105129487562775e-26
1211.8764512834132 3.0702002844214745e-25
1216.7239570885472 1.7335199205174386e-29
1221.5908529169012 2.3884077999161217e-28
1226.4772163285688 1.002938824282382e-26
1231.383125193883 5.777405912840296e-27
1236.3086576946585 1.3839857063075969e-25
1241.2538923254372 1.7838430646614645e-26
1246.2189078947392 1.4513602580949852e-25
1251.203783526318 9.224293190500622e-23
1256.2085986604231 3.22936639792818e-23
1261.233433055065 2.6400575367153335e-23
1266.2783667872852 1.319919076351479e-29
1271.3434802544346 3.0968289494046043e-22
1276.4288541754522 1.1845425361805179e-21
1281.534569592154 4.632444938097392e-26
1286.6607078705229 2.0982525022812314e-24
1291.8073507020044 4.990067390679221e-21
1296.9745801048125 2.8282660512867167e-21
1302.162478425232 3.3514367851913217e-29
1307.3711283389327 2.216247706129249e-25
1312.6006128522888 5.246175290405216e-20
1317.851015303698 6.80843089358629e-26
1323.1224193649127 3.408588778793437e-24
1328.4149090423725 1.5142051182955686e-23
1333.728568678542 5.8247579408745915e-24
1339.0634829532567 1.9270957696942087e-26
1344.4197368850691 1.0355059260446356e-23
1349.7974158326099 2.2651202863106994e-23
1355.1966054959403 1.200530434850848e-23
1360.6173919179244 3.034285919769557e-23
1366.059861485596 6.352680723105953e-24
1371.5241009315384 1.4549882445938927e-26
1377.0101973352646 8.343238350289795e-25
1382.5182381246057 1.0610690922515229e-21
1388.0483110771042 8.852884643703443e-23
1393.6005043214122 2.238239112613182e-24
1399.1749063386976 9.385080601783133e-25
1404.7716059640527 5.911731564487169e-22
1410.3906923879088 3.283073892943569e-23
1416.0322551574602 1.688133791337299e-21
1421.6963841780905 9.351188223784302e-27
1427.3831697148032 3.730151854221157e-22
1433.0927023936622 5.0548482067180746e-20
1438.8250732032368 1.0187280672316369e-21
1444.5803734960498 5.251801113908216e-20
1450.3586949900334 1.2728444948641701e-21
1456.1601297699938 3.0258655347778327e-20
1461.984770289074 3.3386551263660607e-19
1467.83270937023 5.195579551229394e-21
1473.704040207711 1.414641585264795e-19
1479.5988563685412 1.6572326208754526e-22
1485.5172517940157 2.1333464731772927e-20
1491.459320801192 1.0771102473840198e-19
1497.4251580843968 7.081520490347832e-21
1503.4148587167342 1.55374997175314e-17
1509.4285181516007 6.300956697300506e-20
1515.4662322242077 1.2127602306822452e-20
1521.5280971531042 1.2839227479287129e-17
1527.6142095417167 2.755855683404279e-19
1533.7246663798837 1.0193263012594988e-18
1539.859565045403 8.20574591577789e-18
1546.0190033055849 3.6099051235048475e-23
1552.203079318807 3.1979967060193023e-18
1558.4118916360824 5.5011719059992e-18
1564.6455392026269 1.7549346135361975e-18
1570.9041213594373 8.751465690656631e-18
1577.187737844875 7.454162979626186e-18
1583.4964887962547 1.417254967175554e-17
1589.8304747514399 3.2365370822652586e-17
1596.1897966504455 1.2585880434449164e-17
1602.5745558370472 2.2618846646300937e-17
1608.9848540603957 4.787003129044329e-17
1615.4207934766368 3.195795330140801e-17
1621.8824766505436 8.798421863800862e-17
1628.3700065571454 7.588644157581837e-17
1634.8834865833744 1.0929656294574558e-16
1641.4230205297079 2.794950926254997e-16
1647.9887126118267 1.2463566014124178e-16
1654.580667462274 1.364704481044996e-16
1661.198990132123 3.7685224122956425e-16
1667.8437860926513 2.7274110178977883e-16
1674.515161237022 7.350302491383177e-16
1681.2132218819695 1.0992324485986565e-15
1687.9380747694975 1.2154033381288184e-15
1694.6898270685758 2.9213163852270643e-15
1701.4685863768502 2.4441479261081785e-15
1708.2744607223572 1.9911512162116286e-15
1715.1075585652468 3.2197365675802524e-15
1721.967988799508 2.7390233733660875e-15
1728.8558607547059 3.617662307387955e-15
1735.7712841977245 6.7054058766028e-15
1742.7143693345156 7.172292010740135e-15
1749.6852268118535 1.1243040806748388e-14
1756.6839677191008 1.8344806851198675e-14
1763.7107035899771 3.0179778621342385e-14
1770.7655464043373 2.7939029704737296e-14
1777.8486085899544 2.3876946978096143e-14
1784.9600030243143 3.9212579068705904e-14
1792.0998430364118 3.7232751608842865e-14
1799.2682424085576 6.032074785624089e-14
1806.4653153781921 7.211210033906404e-14
1813.6911766397043 8.195513481971402e-14
1820.945941346263 1.2928275319718015e-13
1828.2297251116483 1.9858938708133187e-13
1835.5426440120948 1.3978916401561907e-13
1842.8848145881432 2.0710982334051664e-13
1850.2563538464956 3.097424029328357e-13
1857.657379261881 2.8703805475035426e-13
1865.0880087789287 4.836377607384826e-13
1872.5483608140448 5.037353081695881e-13
1880.0385542573008 6.052530225129114e-13
1887.5587084743302 9.373784084586533e-13
1895.1089433082268 1.0557593541762e-12
1902.68937908146 1.1120518762438912e-12
1910.3001365977857 1.7080245047393856e-12
1917.9413371441767 1.7326432734911958e-12
1925.6131024927531 2.144629568635653e-12
1933.3155549027244 3.0076335468392615e-12
1941.0488171223355 3.247160814370888e-12
1948.8130123908247 3.852335707814117e-12
1956.608264440388 5.4246815334656155e-12
1964.434697498149 5.399421963900166e-12
1972.2924362881417 6.691264533362852e-12
1980.1816060332944 8.597357806348486e-12
1988.1023324574276 9.351026413645887e-12
1996.0547417872574 1.0673869998009401e-11
2004.0389607544066 1.2978744290018477e-11
2012.0551165974243 1.5120828109870935e-11
2020.1033370638136 1.7785463182700395e-11
2028.1837504120688 2.1310881702759947e-11
2036.2964854137172 2.4010629762470306e-11
2044.4416713553724 2.7641605531591366e-11
2052.6194380407937 3.32523908569077e-11
2060.829915792957 3.841929956524393e-11
2069.0732354561287 4.47198942836984e-11
2077.3495283979532 5.240187262621888e-11
2085.6589265115445 6.17971238277104e-11
2094.001562217591 7.205800186838314e-11
2102.3775684664615 8.38905011100917e-11
2110.787078740328 9.683194803202785e-11
2119.2302270552887 1.1405183051869967e-10
2127.70714796351 1.332613216893501e-10
2136.217976555364 1.5588899917472985e-10
2144.7628484615852 1.7847326832678238e-10
2153.341899855432 2.105264640903597e-10
2161.9552674548536 2.470991278816577e-10
2170.603088524673 2.8802455875213637e-10
2179.285500878772 3.2990372304551006e-10
2188.0026428822866 3.837086243983436e-10
2196.754653453816 4.518534597673046e-10
2205.541672067631 5.200672533345057e-10
2214.3638387559017 6.207037341138801e-10
2223.2212941109246 6.957072428766206e-10
2232.114179287369 8.521767568641188e-10
2241.0426360045185 9.49518407154258e-10
2250.0068065485366 1.1709091066747114e-09
2259.0068337747302 1.2804423088052304e-09
2268.0428611098296 1.5084354481979868e-09
2277.115032554269 1.7517271051026224e-09
2286.223492684486 2.0138465658202285e-09
2295.368386655224 2.517575229373362e-09
2304.549860201845 2.5789517463381784e-09
2313.7680596426517 3.1875401036368447e-09
2323.0231318812225 3.581325588092081e-09
2332.3152244087473 4.329166445824513e-09
2341.6444853063817 5.029520088682102e-09
2351.0110632476076 5.222224486995909e-09
2360.415107500598 6.6043062115895605e-09
2369.8567679306 6.837278676295766e-09
2379.3361950023227 8.674499919092694e-09
2388.853539782332 9.523289760532596e-09
2398.4089539414617 1.2942587313192372e-08
2408.0025897572273 1.4803947126507487e-08
2417.6346001162565 1.395299525025657e-08
2427.3051385167214 2.0042154717776786e-08
2437.0143590707885 2.0790534964667584e-08
2446.762416507072 3.364474539884887e-08
2456.5494661731 2.7689725180364258e-08
2466.375664037793 3.628944680219058e-08
2476.2411666939443 4.7163501264135625e-08
2486.1461313607197 3.554438743350669e-08
2496.090715886162 5.324876315405257e-08
2506.075078749707 5.088290458811844e-08
2516.0993790647044 6.649838788660907e-08
2526.163776580964 1.4542219413866578e-07
2536.268431687288 2.238303831682982e-07
2546.4135054140374 3.589597164785303e-07
2556.599159435693 1.4508588345053037e-07
2566.825556073436 1.4793473854973135e-07
2577.09285829773 1.6980268073112001e-07
2587.4012297309205 1.6057761894239754e-07
2597.7508346498444 2.298554138072476e-07
2608.141837988444 2.2412356831118164e-07
2618.5744053403982 4.96526045380107e-07
2629.0487029617593 1.114400610985296e-06
2639.5648977736064 1.0787177528816946e-06
2650.123157364701 1.0737180153488975e-06
2660.7236499941596 7.931323305393838e-07
2671.366544594136 1.0484220875841564e-06
2682.052010772512 1.226053075127498e-06
2692.7802188156024 9.458229080066239e-07
2703.551339690865 1.940239991841957e-06
2714.365545049628 1.5486250668531042e-06
2725.223007229827 1.7360931242863192e-06
2736.123899258746 2.2064682963529283e-06
2747.0683948557817 3.6862982628678573e-06
2758.0566684352048 4.5913875268013885e-06
2769.0888951089455 9.706721177451492e-06
2780.165250689381 8.188135643737655e-06
2791.2859116921386 1.1750832724732124e-05
2802.451055338907 1.1198299270064124e-05
2813.660859560263 1.1249648333101845e-05
2824.9155029985036 9.364689915887729e-06
2836.2151650104965 1.44283211778052e-05
2847.5600256705393 1.4247478772549808e-05
2858.950265773222 2.4551232011407888e-05
2870.386066836315 2.6651009652169847e-05
2881.8676111036607 4.4992745223906475e-05
2893.3950815480757 5.805679267673541e-05
2904.968661874268 6.176501058221101e-05
2916.588536521764 6.397968134038177e-05
2928.254890667851 6.31605966117848e-05
2939.9679102305226 6.97321471502129e-05
2951.727781871445 8.189951422035152e-05
2963.534692998931 0.0001026393097280566
2975.3888317709266 0.00012305204722835254
2987.2903870980094 0.00018106917509429405
2999.2395486464025 0.00017518327230750928
3011.2365068409886 0.0002801036640211136
3023.2814528683516 0.00023301309195288805
3035.374578679825 0.00032375665341865596
3047.516076994544 0.00033202879356179337
3059.7061413025226 0.0004113267479026394
3071.9449658677336 0.0004294187140889503
3084.232745731204 0.000548006467861576
3096.569676714128 0.0005190972438934817
3108.955955420985 0.000642075443877363
3121.3917792426687 0.0008249835140390564
3133.8773463596394 0.0009595159775611098
3146.412855745078 0.0011510107793058042
3158.998507168058 0.0011954728000234712
3171.6345011967305 0.0014542900404852228
3184.321039201517 0.0014463577792487602
3197.0583233583234 0.001571395544302356
3209.8465566517566 0.0015403617316639415
3222.6859428783637 0.00115168920849819
3235.576686649877 0.0018455679830474668
3248.518993396477 0.00189773394090246
3261.513069370063 0.0015901497697217457
3274.559121647543 0.0009708074220532007
3287.6573581341336 0.00017549143192625648
3300.8079875666704 3.9746933577249087e-07
3314.0112195169368 4.107228634507129e-05
3327.2672643950045 0.0007997164703037786
3340.5763334525845 0.002275761655677969
3353.938638786395 0.003556420875119391
3367.354393341541 0.004625944228729452
3380.8238109149074 0.005525546992040545
3394.347106158567 0.006241197070291962
3407.924494583201 0.006783842634822715
3421.5561925615334 0.007042700356507565
3435.2424173317804 0.006209170921874366
3448.9833870011066 0.0024742058555962693
3462.7793205491116 0.007902298632050074
3476.630437831308 0.009006538739409634
3490.536959582633 0.009863616632543728
3504.4991074209643 0.011830791622442965
3518.5171038506473 0.012722476510910895
3532.5911722660503 0.014460061927491684
3546.7215369551145 0.016820728822263178
3560.9084231029346 0.01592450481956996
3575.1520567953467 0.016100300731868515
3589.452665022528 0.01872128955399491
3603.810475682617 0.021093329463358113
3618.225717585348 0.02178018865489637
3632.698620455689 0.02343827252229453
3647.2294149375116 0.024772631817328132
3661.8183325972614 0.02821065303707312
3676.4656059276513 0.026352588586292167
3691.1714683513615 0.02831932334211816
3705.936154224767 0.02867201016920413
3720.7598988416657 0.030105023180672465
3735.6429384370326 0.03214881184091452
3750.585510190781 0.03456789487179687
3765.587852231544 0.03868626068686857
3780.6502036404704 0.044806773646745235
3795.772804455032 0.045844983202947484
3810.955895672852 0.049090043121634966
3826.199719255544 0.048006182670491324
3841.504518132566 0.0528048669068423
3856.870536205096 0.0536323093835368
3872.2980183499167 0.05783405152403986
3887.7872104233156 0.06109782493192351
3903.338359265009 0.06580016242185797
3918.9517127020695 0.0706367540395048
3934.6275195528774 0.07735320398509338
3950.3660296310895 0.09767773469342844
3966.1674937496136 0.10710552926736325
3982.0321637246125 0.11833177370962368
3997.9602923795105 0.12398284865225408
4013.9521335490285 0.1257110536580016
4030.007942083225 0.09468149993779326
4046.1279738515577 0.007806820310255167
4062.312485746964 0.10090349631416652
4078.5617356899515 0.1602453249005986
4094.8759826327114 0.18281901102542158
4111.255486563242 0.20362440603571136
4127.700508509496 0.21040904736566868
4144.211310543533 0.21935644531480616
4160.788155785708 0.250641155233858
4177.431308408849 0.2505479856340835
4194.141033642486 0.2669449309525274
4210.917597777056 0.2520339839734325
4227.761268168164 0.29070233759541086
4244.672313240838 0.31986307172468004
4261.651002493801 0.32836545701348885
4278.697606503776 0.34528821964510514
4295.812396929791 0.36620010085115995
4312.995646517511 0.380276050154112
4330.24762910358 0.39675071162899767
4347.568619619994 0.445444800531333
4364.958894098475 0.4299717690476635
4382.418729674868 0.39198099424480504
4399.948404593568 0.47926571174520805
4417.548198211942 0.4965118792001242
4435.21839100479 0.5199213914717544
4452.959264568809 0.561344517400605
4470.771101627084 0.5664939839249982
4488.654186033592 0.5740170437178578
4506.608802777726 0.6725515523686203
4524.635237988838 0.6889361167839352
4542.733778940792 0.7616513494054906
4560.904714056555 0.7150987530221786
4579.148332912781 0.7786779212593677
4597.464926244433 0.8866354869167343
4615.85478594941 0.9304957688206515
4634.318205093208 0.912742892690775
4652.855477913582 0.9418395754516047
4671.466899825236 1.002465994667766
4690.152767424537 0.9565116037099991
4708.913378494234 1.0777239646878056
4727.749032008212 1.0290929264775488
4746.660028136244 1.100884987466094
4765.646668248789 1.1030248530677023
4784.709254921784 0.8567240683029439
4803.8480919414715 0.8841223108247945
4823.063484309237 0.6812210581351833
4842.355738246474 0.7291224823410526
4861.72516119946 0.6578897863824233
4881.172061844257 0.6108994045829228
4900.6967500916335 0.5692183231645302
4920.299537092001 0.4867948001176165
4939.9807352403695 0.4309249713348928
4959.740658181329 0.33516953773333386
4979.5796208140555 0.2384676252680163
4999.497939297312 0.16252092640126975
5019.495931054502 0.09128830918085264
5039.57391477872 0.06458599463923506
5059.732210437835 0.05096160352186863
5079.971139279585 0.04834919042075369
5100.291023836704 0.04764401688619129
5120.692187932051 0.045033706450721155
5141.174956683781 0.04210773925883573
5161.739656510514 0.03997005609543416
5182.386615136556 0.03808121173555382
5203.116161597103 0.03492819232703266
5223.928626243489 0.031140011351480347
5244.824340748465 0.027886012033612677
5265.803638111459 0.025394295906469362
5286.866852663905 0.02238533234729409
5308.0143200745615 0.020214237731434544
5329.246377354859 0.018125929768987904
5350.563362864278 0.016035856593099904
5371.965616315736 0.01439114707132306
5393.453478780998 0.012883230620869025
5415.027292696122 0.011334264574004708
5436.687401866905 0.010093321850189936
5458.434151474374 0.008918285974454527
5480.267888080271 0.007731010222357712
5502.188959632591 0.0067776973931165125
5524.197715471122 0.005902764471743773
5546.294506333006 0.0050611408128962004
5568.479684358337 0.004340472273211336
5590.753603095771 0.003720713203700281
5613.1166175081535 0.0031154249392008216
5635.569083978187 0.002632566564280589
5658.1113603140975 0.002155514616366439
5680.743805755354 0.0017450216316372536
5703.466780978376 0.0014045345389705865
5726.28064810229 0.0011041008332561147
5749.185770694699 0.000842412947198781
5772.182513777476 0.000624856195039951
5795.271243832587 0.0004521926356864772
5818.452328807918 0.00032067142284224475
5841.72613812315 0.00022347324503384938
5865.093042675643 0.00010421178158061769
5888.553414846345 1.4226671868428689e-05
5912.10762850573 5.98129275199569e-05
5935.756059019754 0.0002329863840057592
5959.499083255832 0.00048560467906461107
5983.337079588855 0.0008693006361898782
6007.27042790721 0.001522585558586725
6031.299509618841 0.0026320927713862807
6055.424707657316 0.004272813472684106
6079.646406487946 0.006627365641408082
6103.964992113897 0.010057421794992357
6128.380852082353 0.014941475347957936
6152.894375490681 0.021714217191414403
6177.505952992646 0.030908910555381815
6202.215976804616 0.042920906120215464
6227.024840711833 0.05862762183001838
6251.932940074681 0.07909833488507334
6276.940671834981 0.1052830866648314
6302.048434522321 0.13914357193084148
6327.256628260409 0.18149624201008077
6352.5656547734525 0.23304734457642448
6377.975917392546 0.2961007238604122
6403.487821062116 0.372067944507121
6429.101772346364 0.46284004842160553
6454.81817943575 0.5714307781582602
6480.637452153493 0.694068441159538
6506.560001962106 0.8454950672846115
6532.586241969955 1.0216078968987927
6558.716586937834 1.2302323612364876
6584.951453285586 1.476182631985696
6611.291259098727 1.7622752694382269
6637.7364241351215 2.0975359522452
6664.2873698316625 2.481955265437124
6690.94451931099 2.913296341979556
6717.7082973882325 3.390544331811406
6744.579130577787 3.9284131059723406
6771.557447100097 4.454228669081482
6798.643676888497 4.966176841592144
6825.838251596053 5.360819409727532
6853.141604602436 5.630520097271849
6880.554171020846 5.642410788621026
6908.0763877049285 5.232792033932345
6935.708693255749 4.874405324124659
6963.4515280287715 4.828438879701315
6991.305334140887 4.756457092899874
7019.270555477449 4.982988056050882
7047.34763769936 5.240991451370298
7075.537028250157 5.623301267469152
7103.839176363159 5.963914149115634
7132.254533068612 6.3129290169983685
7160.783551200888 6.4398206572312064
7189.42668540569 6.633254278744614
7218.184392147313 6.77264677356887
7247.0571297159 6.633270600249811
7276.045358234765 6.500552429964274
7305.149539667704 6.107745731806178
7334.370137826372 5.762393424358974
7363.707618377678 5.207299055876202
7393.162448851191 4.802687192139916
7422.735098646595 4.384809133632048
7452.426039041182 4.005919412329469
7482.235743197345 3.685851905585752
7512.1646861701365 3.2658115861713712
7542.213344914818 2.9040217747794888
7572.382198294477 2.490541579932506
7602.671727087656 1.8776964299726338
7633.082413996006 0.8563629919791612
7663.614743651989 0.08388756312460664
7694.269202626598 0.11438958767843826
7725.046279437104 0.6076294103538695
7755.946464554851 1.5361781345033292
7786.970250413072 2.6879314865859163
7818.118131414723 3.821086274437957
7849.390603940383 4.945467368704881
7880.788166356144 6.133399069277751
7912.311319021571 7.359555464590275
7943.960564297654 8.730668483883496
7975.736406554845 9.961797691709124
8007.639352181065 11.507167817456882
8039.669909589788 13.61841834280526
8071.828589228147 15.800963893615789
8104.115903585063 17.990511169810105
8136.532367199402 20.282424342563235
8169.078496668199 22.88449938722493
8201.754810654873 22.307408290913237
8234.561829897493 28.410731604924756
8267.500077217084 32.48136144829395
8300.570077525952 34.7886028197727
8333.772357836056 38.07997524256174
8367.1074472674 40.55995966021626
8400.575877056472 43.63889334894709
8434.178180564695 46.893191142433345
8467.914893286956 50.03228058043023
8501.786552860101 53.174811650634815
8535.793699071543 54.41029356623668
8569.936873867831 55.579984508478525
8604.216621363299 51.73934006381766
8638.633487848754 38.04593553664353
8673.18802180015 44.545360689167694
8707.880773887353 42.61671528511954
8742.7122969829 45.60950419631617
8777.68314617083 49.56309352050679
8812.793878755514 54.939500282307925
8848.045054270535 62.86489843404454
8883.437234487617 66.07857655078818
8918.970983425568 67.49764932885607
8954.64686735927 71.91679259671663
8990.465454828707 75.64848535999593
9026.427316648023 82.40317104818358
9062.533025914616 85.50341813724462
9098.783158018272 90.58159986177779
9135.178290650345 91.19279269528553
9171.719003812947 90.6778976306835
9208.405879828202 98.5995986638834
9245.239503347511 98.58322521072509
9282.2204613609 65.13420746579789
9319.349343206346 70.2473420187048
9356.626740579171 71.63104322902409
9394.053247541488 76.6552548843626
9431.629460531654 79.78168122273212
9469.355978373778 83.45842635842118
9507.233402287276 81.92471178513932
9545.262335896427 88.17417301169111
9583.443385240013 78.7277737854117
9621.777158780975 81.8348624681457
9660.264267416096 83.66501176909271
9698.90532448576 85.21088110611923
9737.7009457837 84.20710100579804
9776.651749566838 88.66827594358293
9815.758356565104 91.94324878737869
9855.021389991363 97.93398304918979
9894.441475551332 103.96300007617809
9934.019241453534 98.4110835929923
9973.755318419348 99.37623558569523
10013.650339693024 86.8595541236142
10053.704941051796 92.65108509853646
10093.919760816003 97.94448961103859
10134.295439859268 108.87271996178205
10174.832621618703 118.65544351138671
10215.531952105179 125.45134856437656
10256.394079913602 132.146579898662
10297.419656233254 139.92653997683888
10338.609334858189 146.156093260934
10379.96377219762 155.42527765439348
10421.483627286412 159.15326725707854
10463.169561795556 160.65971993601593
10505.022240042741 156.55088996796155
10547.042329002912 158.13909663628183
10589.230498318922 153.75288719346273
10631.587420312197 165.81351030363547
10674.113769993448 168.52633090051714
10716.810225073421 171.35569868769596
10759.677465973711 180.72941999105188
10802.716175837608 187.13678607572237
10845.927040540959 188.72711518045847
10889.310748703121 176.41527816090556
10932.867991697934 144.3644406271886
10976.599463664725 131.41103433419966
11020.505861519383 122.8862572716808
11064.587884965462 117.57983076883252
11108.846236505324 108.21448820555513
11153.281621451348 101.06013375504286
11197.894747937147 104.84807830739689
11242.686326928899 110.7242474628291
11287.657072236614 115.25573044294208
11332.807700525562 83.20247134336343
11378.138931327663 94.7694141787147
11423.651487052975 95.29112169170105
11469.346093001184 110.9044194370093
11515.22347737319 104.44915041748057
11561.284371282683 104.42496463334341
11607.529508767815 105.9995602529306
11653.959626802887 106.07554602725655
11700.5754653101 94.84351639702736
11747.377767171341 101.05645479408739
11794.367278240028 88.76542866117892
11841.544747352984 105.47450991881033
11888.9109263424 122.38747746802329
11936.46657004777 137.62854190264127
11984.212436327958 140.7007040547924
12032.149286073272 149.3240777918143
12080.277883217566 163.90853387198763
12128.598994750435 164.81053427394352
12177.113390729437 177.52308880945975
12225.821844292353 181.33091312438518
12274.725131669524 193.2231758165648
12323.824032196202 200.1498800551949
12373.119328324985 209.0673920103544
12422.611805638286 184.9005988621312
12472.302252860838 221.5847804498526
12522.19146187228 187.26845625463727
12572.280227719768 230.02394127086728
12622.569348630648 227.3621518298693
12673.059626025171 232.73905451810398
12723.751864529271 227.90486252210147
12774.646871987386 233.11018087361063
12825.74545947534 227.199415193711
12877.04844131324 220.16695258222714
12928.556635078494 220.2407023809344
12980.270861618808 214.20567244755043
13032.191945065284 214.32964369494366
13084.320712845543 202.74078612313778
13136.657995696927 197.5915777704929
13189.204627679715 189.61929915518166
13241.961446190431 170.55257449913321
13294.929291975195 130.38869607502184
13348.109009143096 59.61511032911449
13401.50144517967 44.795731634188535
13455.107450960388 34.94754235208706
13508.927880764231 31.41390856120053
13562.963592287288 26.190054282618668
13617.215446656439 26.40205241781728
13671.684308443064 32.20968674802984
13726.371045676835 25.913122386151883
13781.276529859542 32.05797822310488
13836.40163597898 31.99846688642233
13891.747242522899 32.19374513002885
13947.314231492988 29.51955249204161
14003.103488418961 27.690674960086255
14059.115902372636 29.478447463486013
14115.352365982128 23.502903279200673
14171.813775446057 23.344842790446425
14228.501030547843 22.12789957031299
14285.41503467003 23.626005320186433
14342.556694808713 22.00155010458341
14399.926921587949 25.72366886579845
14457.5266292743 27.353321499696897
14515.356735791396 32.37027824929229
14573.418162734559 41.70008272816138
14631.711835385498 35.87586386326727
14690.238682727038 34.79834655611683
14748.999637457951 38.16337407908055
14807.995636007783 43.10731413882792
14867.227618551815 43.41450413399467
14926.69652902602 46.467418891797294
14986.403315142123 50.09182171939045
15046.348928402693 52.827564008000316
15106.534324116303 57.969354610323435
15166.96046141277 65.06698628889201
15227.62830325842 67.85954659056354
15288.538816471453 73.19868024092948
15349.692971737337 77.3714043173837
15411.091743624287 82.34364963519555
15472.736110598784 95.0537164657397
15534.62705504118 100.53438828572445
15596.765563261344 104.81247701720532
15659.152625514387 114.95898561392255
15721.789236016448 122.67485746686141
15784.676392960515 131.57440848876413
15847.815098532355 143.47320741422573
15911.206358926484 145.2828202008156
15974.85118436219 155.8387542173036
16038.75058909964 160.85604808604012
16102.905591456036 168.4378109762347
16167.31721382186 175.98372147138716
16231.986482677148 178.8425151084841
16296.914428607855 182.0688114543045
16362.102086322288 190.56140899938788
16427.550494667576 197.2455718899085
16493.260696646248 202.58902008964031
16559.23373943283 205.30760756367778
16625.470674390563 204.7755260430872
16691.972557088127 205.31341935659114
16758.74044731648 213.94588395509538
16825.775409105743 219.1066997373025
16893.07851074217 208.1472390595869
16960.650824785134 197.09520809825904
17028.493428084275 189.4866801182516
17096.607401796613 175.93167470159054
17164.993831403797 139.99026147461262
17233.653806729413 137.53332424168934
17302.588421956334 120.53375259382038
17371.798775644158 110.60122093339031
17441.285970746736 104.13470861536636
17511.05111462972 96.70520770353043
17581.095319088243 86.5014401238723
17651.419700364593 75.53230462038813
17722.02537916605 65.7886660861624
17792.913480682713 57.122685545901525
17864.085134605448 52.90231580959814
17935.54147514387 45.77131053911561
18007.283641044443 45.745220291580445
18079.312775608625 37.160920833832
18151.630026711056 43.72687981653863
18224.236546817894 39.16833848768488
18297.133493005167 38.80684237300711
18370.32202697719 37.57479159944362
18443.803315085097 33.63747477973282
18517.578528345435 32.83078514843141
18591.648842458817 23.8423035956918
18666.01543782865 27.066127536618737
18740.67949957997 31.22523758342095
18815.642217578286 35.81622235284446
18890.9047864486 40.14149151651366
18966.4684055944 44.19081079536749
19042.334279216768 43.11198275350496
19118.50361633364 47.34419080124912
19194.977630798967 44.496897169266866
19271.757541322168 42.69592698310034
19348.844571487454 38.914759044192124
19426.239949773408 32.86424402225354
19503.9449095725 39.970727520843504
19581.960689210795 34.235343184396235
19660.28853196764 38.43024878982116
19738.929686095507 38.61917739335899
19817.885404839893 37.851773199414644
19897.15694645925 39.13662303907569
19976.745574245087 42.19832743244505
20056.65255654207 42.28081452184535
20136.879166768238 45.16144279801052
20217.426683435307 53.51322617903289
20298.296390169045 52.23917399495175
20379.489575729727 56.98390069212192
20461.007534032648 62.63595655192084
20542.851564168777 66.45081332607874
20625.02297042545 71.25937410942393
20707.523062307162 78.61628065803465
20790.353154556382 81.03109997768422
20873.514567174607 84.7968987516249
20957.008625443308 91.46739466148951
21040.836659945082 99.49069417959726
21125.000006584854 103.18933774824733
21209.5000066112 105.99614011699163
21294.33800663765 109.12656162330941
21379.515358664197 114.8841050086102
21465.033420098855 121.30009120105976
21550.893553779246 120.03092150066759
21637.097127994366 122.06033724228945
21723.645516506345 125.7319349248516
21810.540098572368 123.20811904185048
21897.782258966654 119.62843711806745
21985.37338800253 110.50072471691917
22073.314881554532 103.84082686912853
22161.60814108075 110.27618644731841
22250.25457364508 110.08009252723924
22339.25559193965 109.85859579731847
22428.61261430741 105.06201810261109
22518.32706476464 100.72776239589324
22608.400373023702 97.86012025398688
22698.833974515794 96.16719313726365
22789.62931041386 92.04504000875467
22880.78782765551 89.77398282489726
22972.310978966132 51.89891063900462
23064.200222882002 64.45570126733946
23156.457023773528 59.43917131841914
23249.082851868614 45.77387851532968
23342.079183276095 48.40261287094526
23435.447500009202 46.57940853064611
23529.18929000923 46.11907199522955
23623.306047169273 46.58815725604182
23717.79927135796 43.242173093974245
23812.670468443375 38.006165044456644
23907.92115031715 42.06739325929322
24003.552834918424 45.63167109847337
24099.56704625809 42.28640899264738
24195.96531444313 41.73132992457193
24292.749175700897 39.99641763312538
24389.9201724037 37.442831032408044
24487.479853093315 32.12892376759595
24585.42977250569 34.992974793599394
24683.771491595708 31.193007003139492
24782.50657756209 24.99716055902564
24881.636603872343 26.032330221382928
24981.16315028783 25.03440440452291
25081.087802888986 18.439469070278214
25181.412154100537 18.42553046377352
25282.137802716934 16.324453562174988
25383.266353927807 16.00323168659013
25484.79941934352 14.243260678709845
25586.73861702089 15.187676008360313
25689.08557148898 15.6927471751635
25791.84191377493 14.621169007395034
25895.009281430033 15.085367819090745
25998.589318555754 16.52080979833451
26102.58367582998 18.595581921997415
26206.994010533297 17.801245438273092
26311.821986575433 17.574793425482895
26417.069274521735 20.65517829574328
26522.737551619815 20.53060206565804
26628.828501826294 16.936288818130272
26735.343815833607 11.814527400003893
26842.285191096937 11.679117645412397
26949.654331861326 12.245755941832225
27057.452949188766 11.598550577604703
27165.682760985525 12.184472395863244
27274.345492029468 13.580373589658425
27383.442873997585 12.894935155665616
27492.976645493567 15.34289287766866
27602.948552075544 14.271684111802793
27713.360346283847 13.88826228590493
27824.213787668985 12.17500800260409
27935.510642819663 14.793301572440113
28047.252685390937 12.604903149717126
28159.441696132504 13.090417912902092
28272.079462917034 15.827807707841533
28385.167780768694 12.895306548442187
28498.70845189177 13.28613306263704
28612.703285699336 14.995329772005109
28727.154098842133 14.878447424288124
28842.062715237505 14.77950482619004
28957.430966098455 15.715844433423808
29073.260689962848 14.238971993437449
29189.553732722703 15.126552335837474
29306.311947653598 16.91516813862941
29423.537195444205 16.54616249790218
29541.231344225984 16.63973342644622
29659.396269602887 16.51648880947588
29778.033854681304 18.206062385228865
29897.14599010003 18.141641317249533
30016.734574060432 18.76163769874157
30136.80151235667 19.462239374071583
30257.348718406094 18.862660328663825
30378.37811327972 20.76842876784198
30499.89162573284 18.430752978274437
30621.891192235766 20.98666629418328
30744.37875700471 19.55673732602721
30867.356272032728 18.397845714548623
30990.825697120858 18.636624538160255
31114.78899990934 16.236091970227893
31239.24815590897 16.90062201183048
31364.20514853261 14.879848329620058
31489.661969126744 13.924520654517783
31615.62061700325 13.909859302350712
31742.083099471263 12.856983685458037
31869.05143186915 13.728977786355372
31996.527637596624 11.397928742921394
32124.51374814701 13.727725652550873
32253.011803139605 13.89823021969106
32382.02385035216 14.4420074729544
32511.55194575357 16.615378137909925
32641.598153536583 18.208661053438984
32772.16454615073 19.228924815210817
32903.25320433533 20.775503040628887
33034.86621715268 18.012166063390993
33167.005682021285 8.99097084461368
33299.673704749366 4.094497111222493
33432.87239956837 5.831006439567835
33566.60388916664 10.224953294273488
33700.87030472331 16.11650618307026
33835.6737859422 17.87415543482084
33971.016481085964 18.76558094345369
34106.900547010315 18.18635816403171
34243.32814919835 17.05595012520466
34380.30146179514 16.033755743138617
34517.82266764233 17.0386811160964
34655.893958312896 18.85156629782324
34794.51753414615 18.213666259949527
34933.69560428273 17.861476774691422
35073.43038669985 21.535141472251688
35213.72410824666 20.894315332757806
35354.57900467965 21.1496675381094
35495.99732069836 21.35075801300771
35637.98130998116 22.90346495143403
35780.53323522108 24.706420092849775
35923.65536816197 27.085794925887626
36067.34998963462 27.34978705445253
36211.61938959315 28.989379649752994
36356.46586715153 30.807723780901426
36501.891730620126 32.606848040747096
36647.89929754261 33.77617274904514
36794.49089473278 34.32533893389444
36941.6688583117 36.199493755576086
37089.43553374496 38.43794558905418
37237.793275879936 39.919505662756826
37386.74444898345 37.61321248607484
37536.29142677938 40.598629601810565
37686.43659248651 40.569107934689434
37837.18233885645 41.516458997630984
37988.53106821188 42.664716777490845
38140.48519248474 43.12922305201849
38293.04713325467 41.46682747967112
38446.21932178769 43.7725663143521
38600.00419907484 45.038425398064106
38754.40421587113 45.00601890417731
38909.42183273463 43.286651969405774
39065.05952006556 43.83947860360869
39221.31975814583 44.28183102559532
39378.205037178406 42.318799294505254
39535.71785732712 39.32983981017575
39693.860728756415 36.47447329333783
39852.636171671445 32.69947192180906
40012.04671635814 29.313120429387528
40172.09490322357 28.77677929538422
40332.78328283648 25.710450300522343
40494.11441596781 24.17283345502683
40656.090873631685 21.71185258960717
40818.71523712622 19.35936842318255
40981.990098074726 19.68542588320568
41145.918058467025 18.560654019338898
41310.50173070089 17.873740699386502
41475.74373762369 19.06035989860506
41641.646712574184 17.418338369467904
41808.21329942448 14.439603298486828
41975.44615262219 12.960986465763476
42143.347937232684 10.53629353681599
42311.921328981625 9.198154730009492
42481.16901429755 7.8269950342938115
42651.09369035474 7.103989828710313
42821.69806511615 6.331576982123245
42992.98485737662 5.258493984979659
43164.95679680613 4.798213018383504
43337.61662399335 4.9982211476911536
43510.96709048933 5.134027623214469
43685.01095885128 5.349463900999682
43859.75100268668 5.521064499956026
44035.19000669744 5.5965055629192335
44211.330766724226 5.8141784105490215
44388.176089791115 5.791885391187173
44565.72879415028 6.160624004899949
44743.991709326874 6.053592758245389
44922.9676761642 6.187636180710378
45102.65954686885 6.464846762285408
45283.07018505633 6.505563182306562
45464.20246579656 6.736671577304989
45646.05927565975 6.732739155438297
45828.64351276236 7.136833164141848
46011.95808681343 7.224077810626484
46196.00591916067 7.420530733785469
46380.78994283732 7.56967028699762
46566.31310260868 8.379279181530348
46752.578355019126 7.971075243676205
46939.588668439166 8.372018414603069
47127.34702311293 7.768177069806302
47315.85641120539 7.6349085091855615
47505.11983685021 7.539432227405815
47695.14031619761 7.356225379283746
47885.9208774624 7.175911347067531
48077.46456097225 7.672240841299583
48269.774419216126 7.652771687416361
48462.853516892996 7.522020734197735
48656.70493096058 7.6488159532690885
48851.33175068441 7.588313448180317
49046.737077687154 7.539835066929447
49242.92402599791 7.46777330726532
49439.89572210189 7.53544392157929
49637.6553049903 7.040096802696952
49836.20592621027 8.326028549467928
50035.55074991511 7.762561689208469
50235.69295291477 7.184689690131321
50436.63572472643 8.22032447122498
50638.382267625326 8.224197171375211
50840.935796695834 7.8705254340913635
51044.2995398826 8.373602930641892
51248.47673804215 8.265940794257912
51453.47064499432 8.065637980281112
51659.28452757429 7.811131010906733
51865.92166568459 8.951277757068082
52073.38535234733 7.7468665211599745
52281.67889375672 8.597216568714945
52490.80560933175 8.323801825968419
52700.76883176907 8.087062203861862
52911.57190709616 8.064396393190204
53123.218194724526 8.19111134215048
53335.711067503435 8.621272648074742
53549.053911773444 7.195285203106768
53763.25012742054 7.472497263340879
53978.303127930216 7.459980405314815
54194.21634044194 5.956519673715368
54410.99320580371 7.405706535374229
54628.63717862692 6.862769847154553
54847.15172734143 7.135840718627093
55066.540334250785 6.981918195107901
55286.80649558781 6.139119669139715
55507.95372157016 6.213295610397444
55729.985536456436 6.025195284882832
55952.90547860226 6.573852533224933
56176.717100516675 6.32220987334024
56401.42396891874 6.416095176433196
56627.02966479442 6.290358827086145
56853.5377834536 5.646584745515607
57080.95193458741 5.743329551174673
57309.27574232576 5.4521681406639875
57538.51284529506 6.076327444258772
57768.666896676245 5.295931590289913
57999.74156426295 5.990264520739533
58231.74053052 4.900818995861223
58464.66749264208 5.445641233761259
58698.52616261265 5.0895855923874045
58933.3202672631 4.975081922166066
59169.05354833215 5.800026723446048
59405.72976252549 4.753345863737006
59643.3526815756 5.6062426143384405
59881.926092301896 5.529864433436171
60121.45379667111 5.8390739618972844
60361.93961185778 5.122082645958836
60603.38737030522 4.896507608339153
60845.800919786445 5.928601362504857
61089.184123465595 5.2079564783308525
61333.54085995945 6.697733979010003
61578.87502339928 5.3086157211134415
61825.19052349288 5.5213444400839045
62072.491285586846 5.84902027669105
62320.7812507292 5.829210509550287
62570.06437573213 5.853890964577719
62820.34463323505 6.056863912576378
63071.62601176801 5.925913184752498
63323.91251581507 5.8546295819061775
63577.20816587833 5.696840373263627
63831.51699854184 5.041523244724759
64086.843066536014 4.31466138250802
64343.19043880215 4.433102720760734
64600.563200557364 4.0373947590707555
64858.96545335958 3.3438742977781795
65118.401315173025 3.5778606931665036
65378.87492043372 3.748839553350498
65640.39042011545 3.3751591335089617
65902.95198179591 3.1759114473691086
66166.56378972309 3.1717799143347056
66431.23004488199 3.1963854922110184
66696.95496506151 3.385370832756103
66963.74278492175 3.4872931807936403
67231.59775606144 3.2576859163015235
67500.52414708569 3.630304830664816
67770.52624367403 3.2244936612934314
68041.60834864872 3.172573878271525
68313.77478204331 3.0432474202874045
68587.02988117147 3.045221103489
68861.37800069616 3.4019521361401606
69136.82351269896 3.4564555361736002
69413.37080674975 3.4606010977474995
69691.02428997675 3.1719571389521017
69969.78838713666 3.3578753790878335
70249.6675406852 3.110204767171075
70530.66621084794 2.909219024520628
70812.78887569135 2.976555390467378
71096.04003119409 2.808149073144177
71380.42419131887 2.8924598477940515
71665.94588808414 2.7262297883173026
71952.60967163648 2.702844765369451
72240.42011032304 2.6187094572615663
72529.38179076432 2.4939591295781125
72819.49931792737 2.3864317166387723
73110.77731519907 2.52153975242798
73403.22042445988 2.2124642259595446
73696.83330615771 2.2389363472620265
73991.62063938235 2.3503135067347185
74287.58712193987 2.214393948491293
74584.73747042764 2.174371942786475
74883.07642030934 2.2592684595951464
75182.60872599059 2.4389388314390805
75483.33916089457 2.385518593601483
75785.27251753812 2.3250605047816144
76088.4136076083 2.259022026696379
76392.76726203872 2.618344433713704
76698.33833108687 2.098927303402897
77005.13168441122 1.8527751048911636
77313.15221114887 1.7305848846926593
77622.40481999348 1.74302379158752
77932.89443927344 1.7965965341439838
78244.62601703055 1.8734668809102424
78557.60452109865 1.949002556285869
78871.83493918306 1.8441286407103525
79187.3222789398 1.9661248367743838
79504.07156805556 2.0549843393281355
79822.08785432778 2.0987952502665514
80141.37620574511 2.092287732470352
80461.94171056806 1.974371037650557
80783.78947741033 2.131872271740003
81106.92463531997 2.094588060487128
81431.35233386126 2.034325905105611
81757.0777431967 1.9672048427701925
82084.10605416949 1.9670952618001922
82412.44247838613 2.0339339211696963
82742.09224829968 2.006018995450777
83073.06061729288 2.1018107236327257
83405.35285976208 1.9055135703307922
83738.9742712011 1.9495736776974228
84073.93016828595 2.176262051457063
84410.22588895904 1.9633239573935772
84747.86679251489 2.1373511316676743
85086.85825968496 1.9871942983653161
85427.20569272367 2.080971114927115
85768.91451549459 2.052522289152856
86111.99017355654 2.146832695938509
86456.43813425078 2.1438063762216815
86802.2638867878 2.059186231257167
87149.47294233493 2.1340584088233316
87498.07083410428 1.9935977399780949
87848.0631174407 2.061154702551112
88199.45536991046 2.003776773109134
88552.25319139009 2.054749065506254
88906.46220415569 2.020454460156501
89262.08805297229 1.9052276363390477
89619.1364051842 1.8108890388991041
89977.61295080492 1.92671378660635
90337.52340260813 1.9048001319457248
90698.87349621857 1.995194930984778
91061.66899020346 1.9829631491902888
91425.91566616425 2.029823583654516
91791.61932882894 2.0120264201995868
92158.78580614422 1.9974840771104878
92527.4209493688 1.9340924796665588
92897.53063316627 1.9146409655646106
93269.12075569895 1.960396125689541
93642.19723872172 2.0023154315010987
94016.76602767664 1.8574856295033797
94392.83309178732 1.7923753243375655
94770.40442415449 1.8651058536415457
95149.48604185111 1.8550515138493313
95530.08398601852 1.9874914296377983
95912.20432196259 1.8025833272220073
96295.85313925042 1.7860877128059187
96681.0365518075 1.829720805023404
97067.76069801472 1.8084415792566921
97456.03174080675 1.8508348809665813
97845.85586776999 1.9254673789027845
98237.23929124104 1.6875651937956473
98630.18824840599 1.8235467299298744
99024.70900139965 1.4709728965523172
99420.80783740526 1.7649466326503704
99818.49106875488 1.7274558790793388
100217.76503302988 1.696415633681152
100618.636093162 1.6030660484162818
101021.11063753467 1.5197560900883857
101425.1950800848 1.605351903883491
101830.89586040513 1.581143769064255
102238.21944384674 1.500305724752907
102647.17232162213 1.4829173942253397
103057.7610109086 1.4440707447963184
103469.99205495225 1.379704280671597
103883.87202317205 1.363191877319692
104299.40751126477 1.3368257947020974
104716.60514130979 1.3350295289556717
105135.47156187505 1.4756601318499716
105556.01344812254 1.418882237109476
105978.23750191503 1.3423693805859522
106402.15045192267 1.399661949730792
106827.75905373038 1.491137533288115
107255.07008994528 1.3683106886321297
107684.09037030509 1.3193523189229717
108114.8267317863 1.4463561669591245
108547.28603871344 1.3471133493612184
108981.47518286831 1.2557456834567229
109417.40108359976 1.2647901050258428
109855.0706879342 1.0609326019148255
110294.49097068593 1.0902134843712676
110735.66893456863 1.190897947898217
111178.61161030692 1.2345162760378594
111623.32605674816 1.153792249765371
112069.81936097513 1.1707194433600274
112518.09863841905 1.1077027570437326
112968.17103297272 1.1410816414237377
113420.0437171046 1.0992646907529275
113873.72389197304 1.1416137896034455
114329.21878754091 1.1356524116516815
114786.53566269108 1.0746821612320938
115245.68180534184 1.08712677854316
115706.66453256323 0.9628825006521373
116169.49119069346 0.9619995558880928
116634.16915545624 0.9780025905707581
117100.70583207808 0.8824557616720234
117569.1086554064 0.8232160824318282
118039.385090028 0.9219603431796308
118511.54263038811 0.9303168309591912
118985.58880090967 0.8664919277316703
119461.5311561133 0.9033064805602953
119939.37728073777 0.8987391339072173
120419.13478986072 0.8933636847227436
120900.81132902016 0.7886405267888585
121384.41457433623 0.822726629984302
121869.9522326336 0.8953331343560132
122357.43204156413 0.798751384371537
122846.86176973036 0.7609173034450503
123338.2492168093 0.7914557264198961
123831.60221367657 0.693995193090397
124326.92862253124 0.665085738966257
124824.23633702139 0.7345913447720986
125323.53328236948 0.6449494083612213
125824.82741549893 0.6646052624136201
126328.12672516092 0.6654297689477218
126833.43923206156 0.6852694607672268
127340.77298898982 0.6649424535519601
127850.13608094577 0.6329932723340024
128361.53662526955 0.610054858787057
128874.98277177062 0.6527649427772825
129390.4827028577 0.6028965557917111
129908.04463366912 0.604368154372622
130427.67681220379 0.5544491355037603
130949.38751945265 0.5999540254274193
131473.18506953045 0.5517832837942458
131999.07780980857 0.5542488220032734
132527.0741210478 0.484323881548421
133057.182417532 0.4827619383022842
133589.4111472021 0.5444912284718452
134123.76879179094 0.49947730894617937
134660.26386695806 0.43914068850442584
135198.9049224259 0.455323737791672
135739.7005421156 0.4667665739967753
136282.65934428407 0.4587482415689617
136827.78998166122 0.453980850949105
137375.1011415879 0.43277664281567035
137924.60154615424 0.446352948110595
138476.29995233883 0.3976494992682077
139030.20515214818 0.3904395980798124
139586.32597275675 0.40892525220058895
140144.6712766478 0.3808740200020736
140705.2499617544 0.41225578065996343
141268.0709616014 0.3806952620810366
141833.1432454478 0.3507969565588049
142400.4758184296 0.36568582356257806
142970.07772170333 0.38604531775052603
143541.95803259013 0.33819505884676704
144116.12586472047 0.3311962579494062
144692.59036817937 0.32148188128459027
145271.3607296521 0.3142927203743783
145852.44617257072 0.3287915205873619
146435.85595726097 0.3070904028328013
147021.59938109003 0.31253564817351925
147609.6857786144 0.3279013560252654
148200.12452172884 0.30183820932510536
148792.92501981577 0.2687107776474671
149388.09671989502 0.22724698459937437
149985.6491067746 0.28616689005470425
150585.59170320167 0.2966279766914406
151187.93407001448 0.2891652909057158
151792.68580629455 0.2650293161807989
152399.85654951975 0.2684688093128883
153009.45597571784 0.27051363601179235
153621.4937996207 0.2646178269496282
154235.97977481916 0.25016188080160123
154852.92369391845 0.26749615901536755
155472.3353886941 0.2524909356093728
156094.2247302489 0.2522071542647107
156718.60162916992 0.25970853744572797
157345.47603568656 0.23586617011254946
157974.8579398293 0.2438660826489426
158606.75737158864 0.2501740382248871
159241.18440107498 0.2689164829310832
159878.14913867926 0.22246006424891027
160517.661735234 0.24144909778611495
161159.73238217493 0.22934571327355294
161804.3713117036 0.23474845673821043
162451.58879695044 0.2073970237446941
163101.39515213823 0.2254045433399549
163753.8007327468 0.2289312209583583
164408.81593567782 0.223219709847534
165066.45119942052 0.215773986473236
165726.71700421823 0.21609401986518445
166389.62387223504 0.19369484840059634
167055.18236772402 0.20898732192353345
167723.40309719497 0.21038455885466528
168394.2967095837 0.21022585197837687
169067.87389642204 0.19671742398466832
169744.14539200772 0.19950246192658275
170423.1219735757 0.2192250634783096
171104.81446147006 0.1760957363745072
171789.23371931593 0.19173026773246665
172476.3906541932 0.1825552754973435
173166.29621680998 0.18353535558282266
173858.96140167722 0.16358086340349
174554.39724728392 0.18724675151959233
175252.61483627307 0.17939849056927476
175953.62529561817 0.17092281514749982
176657.43979680064 0.17203013943601836
177364.06955598784 0.16779798586794553
178073.52583421173 0.16756614491227348
178785.8199375486 0.17515441792595995
179500.9632172988 0.15419764418665968
180218.967070168 0.16938693331624233
180939.84293844865 0.16286784635555177
181663.60231020238 0.14007627357433594
182390.25671944322 0.15795031287774242
183119.81774632097 0.15859110628847847
183852.29701730626 0.15029831576914282
184587.7062053755 0.14793844645136453
185326.057030197 0.1333862167418602
186067.3612583178 0.12722652443317783
186811.63070335102 0.1383431702659334
187558.8772261645 0.132608827626329
188309.11273506918 0.15441319383717214
189062.3491860094 0.13704299526098032
189818.59858275342 0.12389021679405508
190577.87297708448 0.14136262469536026
191340.18446899284 0.13728791453243055
192105.54520686882 0.12097078596715001
192873.9673876963 0.11805532110319904
193645.46325724703 0.12117861524263193
194420.04511027603 0.1031033152036027
195197.72529071715 0.12350188831258464
195978.51619188 0.109610602302339
196762.4302566476 0.11286000295625513
199107.9942767367 0.11052815511308921
203090.15416227144 0.09920696225444738
207151.95724551688 0.09662615421441871
211294.9963904272 0.08361936462292668
215520.89631823578 0.0803725439715911
219831.31424460045 0.07453373732088978
224227.94052949245 0.06737217049302056
228712.4993400823 0.06689675669823
233286.74932688402 0.06272697681878583
237952.48431342165 0.053412783951681746
242711.5339996901 0.05494103916166925
247565.76467968393 0.048627577333424786
252517.0799732776 0.04280345324229534
257567.42157274322 0.042561114515945936
262718.770004198 0.04013753454471393
267973.145404282 0.03409570661158383
273332.6083123676 0.0355576696958031
278799.26047861495 0.03129976033811804
284375.2456881872 0.026371461612494405
290062.750601951 0.028022812819557173
295864.00561398995 0.024606174863422762
301781.2857262697 0.023221180273216003
307816.91144079523 0.02019162447070977
313973.24966961105 0.02020199019674124
320252.7146630032 0.01881145284233312
326657.7689562633 0.017211159502810196
333190.92433538847 0.014857409413694471
339854.7428220964 0.015606640088124464
346651.83767853834 0.013272939147330024
353584.87443210906 0.011844116883818777
360656.57192075124 0.011232370107199005
367869.70335916633 0.011064363589337836
375227.09742634965 0.00967679892102601
382731.63937487674 0.00963503846533696
390386.2721623741 0.00852162429086109
398193.99760562164 0.007851783074060387
406157.87755773397 0.006838753998314391
414281.0351088888 0.0070783312189573126
422566.65581106645 0.00648466979034981
431017.98892728786 0.0056377730902864645
439638.3487058336 0.005273189929200114
448431.11567995034 0.004977921115067986
457399.7379935492 0.004578513449235933
466547.7327534202 0.004162879929016001
475878.6874084886 0.0039700951021618336
485396.2611566584 0.0037717854807626
495104.1863797916 0.0032837950992121337
505006.2701073874 0.00315618323738685
515106.39550953516 0.0028017877345798818
525408.5234197257 0.002871243674574068
535916.6938881205 0.002604318504006078
546635.0277658828 0.002359919920816864
557567.7283212005 0.002078687493010646
568719.0828876244 0.0019750600506711845
580093.4645453768 0.0018651572173699984
591695.3338362843 0.0017586921451803494
603529.2405130101 0.0015938732032022428
615599.8253232702 0.0015894278020939193
627911.8218297358 0.0013645183309063706
640470.0582663304 0.0012022888148101448
653279.459431657 0.0011334632552629812
666345.04862029 0.0010554542449744022
679671.9495926959 0.0010291469929397748
693265.38858455 0.0010008504840267399
707130.6963562409 0.0008744927200309562
721273.3102833657 0.0007761834073119263
735698.7764890331 0.0007356642171014709
750412.7520188137 0.0006720362884705577
765421.0070591901 0.0006575904600106593
780729.4272003738 0.000582175066305348
796344.0157443815 0.0005609745735984696
812270.896059269 0.0004901210458610383
828516.3139804546 0.0004535036120709029
845086.6402600636 0.00042831302124505307
861988.3730652649 0.00041562103916961007
879228.14052657 0.00043270269350930503
896812.7033371016 0.00036184681675444026
914748.9574038435 0.00033041120390015643
933043.9365519203 0.00030308330821935124
951704.8152829591 0.000266141164418382
970738.911588618 0.00027498922258398684
990153.6898203905 0.0002255852953760897
