1000.5530765187797 2.8662128369227213e-26
1004.5552888248548 9.519325738426157e-102
1008.5735099801544 3.2649966947344994e-97
1012.607804020075 1.0073717381728794e-96
1016.6582352361554 1.2921992959671422e-101
1020.7248681770998 1.868667052984685e-71
1024.8077676498083 4.306245735572799e-77
1028.9069987204075 9.438868928837631e-95
1033.022626715289 1.0321240329925775e-66
1037.1547172221503 1.4481276541023222e-98
1041.3033360910388 2.4256066722852802e-91
1045.468549435403 1.488246652150865e-86
1049.6504236331448 2.5847951620846893e-100
1053.8490253276773 2.8430529239060004e-76
1058.064421428988 3.7921396158276417e-94
1062.296679114704 2.191726116652801e-75
1066.5458658311627 1.522523177228496e-83
1070.8120492944875 4.640846377749188e-87
1075.0952974916654 4.463304998560914e-68
1079.3956786816323 3.4297715014848144e-87
1083.7132613963586 2.638085267393195e-65
1088.048114441944 1.1004961847322572e-70
1092.4003068997117 2.221939226392741e-46
1096.7699081273104 3.363638948215122e-69
1101.15698775982 1.3281925936928332e-71
1105.561615710859 6.940810310774861e-48
1109.9838621737026 1.2265674423869408e-55
1114.4237976223976 2.728942292564813e-63
1118.8814928128868 3.2412683159595566e-70
1123.3570187841383 1.8850344755762293e-63
1127.8504468592753 1.2133035407751831e-36
1132.361848646712 4.303302491028306e-45
1136.8912960412988 7.635901212856914e-44
1141.438861225464 9.339565256988002e-43
1146.004616670366 2.0198951869196653e-41
1150.5886351370475 4.9460222492198214e-43
1155.190989677596 3.278938006945841e-45
1159.8117536363065 2.946882994506818e-41
1164.4510006508515 6.753559697610064e-46
1169.108804653455 4.677915011452035e-48
1173.7852398720688 9.515574336600976e-39
1178.480380831557 4.404510460128026e-36
1183.1943023548836 4.152563502537261e-37
1187.9270795643029 3.012166569898561e-40
1192.67878788256 5.218822269496813e-35
1197.4495030340906 2.3554529301005093e-32
1202.2393010462267 1.2732892908971938e-44
1207.0482582504117 6.100881262916832e-33
1211.8764512834132 1.2081673126823763e-35
1216.7239570885472 2.496074391415537e-32
1221.5908529169012 2.2380062792649595e-29
1226.4772163285688 2.959165105400829e-28
1231.383125193883 2.7426854397914484e-31
1236.3086576946585 3.7734833722662895e-29
1241.2538923254372 1.9642213529630624e-29
1246.2189078947392 6.411045911991309e-33
1251.203783526318 3.2976081618954908e-31
1256.2085986604231 1.5108942960694876e-31
1261.233433055065 5.552002365027049e-29
1266.2783667872852 5.062786915449269e-32
1271.3434802544346 1.985734869928159e-28
1276.4288541754522 1.7456997025039472e-29
1281.534569592154 2.163877638940715e-30
1286.6607078705229 7.30019137881601e-31
1291.8073507020044 1.066081675540127e-27
1296.9745801048125 6.415532386409669e-28
1302.162478425232 1.5543572169173535e-29
1307.3711283389327 1.8641991082086374e-27
1312.6006128522888 8.946003688295762e-28
1317.851015303698 3.9987269177835175e-27
1323.1224193649127 3.985851397416908e-27
1328.4149090423725 2.3685822881520107e-26
1333.728568678542 1.8823723624637937e-25
1339.0634829532567 6.405904607618355e-27
1344.4197368850691 1.5691192827178108e-26
1349.7974158326099 1.5033558547337698e-26
1355.1966054959403 1.7190966378224602e-25
1360.6173919179244 5.0583617891460604e-26
1366.059861485596 1.7464951589424803e-26
1371.5241009315384 1.4927576565525495e-26
1377.0101973352646 5.532273699384617e-26
1382.5182381246057 1.1820116676064412e-24
1388.0483110771042 1.0513856854899186e-24
1393.6005043214122 1.7801100318436056e-24
1399.1749063386976 2.03719663223788e-25
1404.7716059640527 4.0886863211591936e-24
1410.3906923879088 5.4370570952397e-24
1416.0322551574602 1.9537493505820407e-23
1421.6963841780905 7.753710863533551e-24
1427.3831697148032 6.798947777145215e-24
1433.0927023936622 1.5038324218671563e-22
1438.8250732032368 2.460019048550447e-23
1444.5803734960498 2.1102165144710596e-22
1450.3586949900334 2.483840767837743e-22
1456.1601297699938 4.539504747763418e-22
1461.984770289074 5.596796305704635e-22
1467.83270937023 3.865682568977389e-22
1473.704040207711 7.037123601508809e-22
1479.5988563685412 9.044634860053786e-22
1485.5172517940157 7.736880217128885e-22
1491.459320801192 2.422516797634384e-21
1497.4251580843968 1.6274730075583246e-21
1503.4148587167342 4.20541137470109e-21
1509.4285181516007 4.872463324889189e-21
1515.4662322242077 2.2647388954981056e-21
1521.5280971531042 4.936587263969256e-21
1527.6142095417167 1.2756128078998598e-21
1533.7246663798837 2.579623718866381e-21
1539.859565045403 2.532805900019346e-21
1546.0190033055849 2.230483447904621e-23
1552.203079318807 2.9865237999387814e-22
1558.4118916360824 2.430797324881285e-22
1564.6455392026269 1.5447069059333398e-22
1570.9041213594373 2.5456409698752506e-22
1577.187737844875 1.0868608706357097e-22
1583.4964887962547 3.929088667686675e-22
1589.8304747514399 1.2686917112659864e-21
1596.1897966504455 3.0359686950560963e-22
1602.5745558370472 4.78274553573325e-22
1608.9848540603957 1.142068532408297e-21
1615.4207934766368 9.971841688275752e-22
1621.8824766505436 1.3965262995327488e-21
1628.3700065571454 1.5253847428613169e-21
1634.8834865833744 2.2491157387127404e-21
1641.4230205297079 3.1930759853184543e-21
1647.9887126118267 4.150909820783527e-21
1654.580667462274 2.0877571547901764e-21
1661.198990132123 9.817520095094689e-21
1667.8437860926513 1.0667202305718573e-20
1674.515161237022 2.5469843802819322e-20
1681.2132218819695 5.32040105226959e-20
1687.9380747694975 3.6002960498911984e-20
1694.6898270685758 2.631032258429976e-19
1701.4685863768502 1.749000717793304e-19
1708.2744607223572 1.178779886711795e-19
1715.1075585652468 3.3600908091624657e-19
1721.967988799508 3.337038730642628e-19
1728.8558607547059 6.468128978860377e-19
1735.7712841977245 4.2517712416896927e-19
1742.7143693345156 2.8797246964220856e-19
1749.6852268118535 5.228398461518097e-19
1756.6839677191008 7.772492634478412e-19
1763.7107035899771 3.2077987681867015e-18
1770.7655464043373 4.4092049126941215e-18
1777.8486085899544 1.359264392560345e-18
1784.9600030243143 7.984228885227018e-18
1792.0998430364118 6.792179181869927e-18
1799.2682424085576 7.224789555300753e-18
1806.4653153781921 1.433659296591531e-17
1813.6911766397043 4.058333026565813e-18
1820.945941346263 5.7108392189445485e-18
1828.2297251116483 5.484484844331341e-18
1835.5426440120948 3.3607700051495806e-18
1842.8848145881432 2.2065146850141263e-17
1850.2563538464956 5.437667732181917e-17
1857.657379261881 2.127426238266584e-17
1865.0880087789287 1.0412814027194639e-16
1872.5483608140448 9.176646136398794e-17
1880.0385542573008 3.9521710058015684e-17
1887.5587084743302 2.1762519719152795e-16
1895.1089433082268 1.5109973912481338e-16
1902.68937908146 9.631675388625335e-17
1910.3001365977857 4.775847453172993e-16
1917.9413371441767 2.6300052036671603e-16
1925.6131024927531 3.879546856805647e-16
1933.3155549027244 8.759815914314512e-16
1941.0488171223355 7.392462955143596e-16
1948.8130123908247 6.903154381322319e-16
1956.608264440388 1.5723061867832418e-15
1964.434697498149 8.76906037997124e-16
1972.2924362881417 1.2287370664507596e-15
1980.1816060332944 2.0562014548073076e-15
1988.1023324574276 1.6046637744455977e-15
1996.0547417872574 1.3601842200800155e-15
2004.0389607544066 1.782480853966473e-15
2012.0551165974243 1.5778453197087512e-15
2020.1033370638136 1.4751686370716197e-15
2028.1837504120688 1.9165968884890373e-15
2036.2964854137172 2.472270928793992e-15
2044.4416713553724 2.7629529444949136e-15
2052.6194380407937 4.709384434414265e-15
2060.829915792957 5.5635975427765265e-15
2069.0732354561287 6.63002323207274e-15
2077.3495283979532 7.865249683147286e-15
2085.6589265115445 1.075136522531762e-14
2094.001562217591 1.2909610053665204e-14
2102.3775684664615 1.434193768771059e-14
2110.787078740328 1.285679853090411e-14
2119.2302270552887 1.960982454919992e-14
2127.70714796351 2.366292061800896e-14
2136.217976555364 3.0693383357901595e-14
2144.7628484615852 1.959781386447899e-14
2153.341899855432 3.769013647588905e-14
2161.9552674548536 5.377778011596243e-14
2170.603088524673 6.574091836438013e-14
2179.285500878772 4.774439774283717e-14
2188.0026428822866 5.801638714073821e-14
2196.754653453816 1.1149048338733741e-13
2205.541672067631 1.0053073036991721e-13
2214.3638387559017 2.277608285371469e-13
2223.2212941109246 1.0754850239402631e-13
2232.114179287369 4.2354668503852507e-13
2241.0426360045185 2.616642932841147e-13
2250.0068065485366 7.538861458475645e-13
2259.0068337747302 4.2186341588044804e-13
2268.0428611098296 7.195944423597604e-13
2277.115032554269 8.922956102213982e-13
2286.223492684486 1.0592556364628722e-12
2295.368386655224 2.412979603894033e-12
2304.549860201845 6.356356879239465e-13
2313.7680596426517 2.606267144540094e-12
2323.0231318812225 2.4385387874403577e-12
2332.3152244087473 4.653038075729144e-12
2341.6444853063817 5.245667186445405e-12
2351.0110632476076 1.8923204623174888e-12
2360.415107500598 6.273016052072926e-12
2369.8567679306 2.290200684161182e-12
2379.3361950023227 9.17108606032853e-12
2388.853539782332 7.861211499514153e-12
2398.4089539414617 1.7235368716862977e-11
2408.0025897572273 2.1514475441739088e-11
2417.6346001162565 9.940554968520434e-12
2427.3051385167214 3.197417596733745e-11
2437.0143590707885 3.24897220497294e-11
2446.762416507072 6.828657782352094e-11
2456.5494661731 4.4426304664051866e-11
2466.375664037793 6.234078990872202e-11
2476.2411666939443 8.575256878445475e-11
2486.1461313607197 3.4710524070612784e-11
2496.090715886162 7.888455518181571e-11
2506.075078749707 7.530959934703741e-11
2516.0993790647044 1.047560165923352e-10
2526.163776580964 1.9380532920171465e-10
2536.268431687288 2.7050481891179423e-10
2546.4135054140374 3.3087580221203564e-10
2556.599159435693 2.4964745585320247e-10
2566.825556073436 2.0567120050257288e-10
2577.09285829773 2.7953693276245726e-10
2587.4012297309205 2.5883484894785285e-10
2597.7508346498444 3.9011903738508894e-10
2608.141837988444 4.5367832679200016e-10
2618.5744053403982 5.868040328839004e-10
2629.0487029617593 7.235269052873735e-10
2639.5648977736064 7.181902030050826e-10
2650.123157364701 7.481145250142691e-10
2660.7236499941596 8.417462794629869e-10
2671.366544594136 8.801724929302278e-10
2682.052010772512 1.0869227929640334e-09
2692.7802188156024 1.1931923769469849e-09
2703.551339690865 1.3781005368088031e-09
2714.365545049628 1.5219363383436085e-09
2725.223007229827 1.6571918840233555e-09
2736.123899258746 1.8099056155581552e-09
2747.0683948557817 2.0068916856114087e-09
2758.0566684352048 2.195252875319923e-09
2769.0888951089455 2.452168455555371e-09
2780.165250689381 2.7183801952646933e-09
2791.2859116921386 3.033812242002827e-09
2802.451055338907 3.3969527732023264e-09
2813.660859560263 3.824226124966928e-09
2824.9155029985036 4.329049758161533e-09
2836.2151650104965 4.930505049639822e-09
2847.5600256705393 5.6418338193745834e-09
2858.950265773222 6.49446263658397e-09
2870.386066836315 7.506310690322633e-09
2881.8676111036607 8.715237479439564e-09
2893.3950815480757 1.0155354401239101e-08
2904.968661874268 1.1869534575028541e-08
2916.588536521764 1.3910399421501594e-08
2928.254890667851 1.633557969623801e-08
2939.9679102305226 1.9214420344727157e-08
2951.727781871445 2.2629259756362266e-08
2963.534692998931 2.6670496047663936e-08
2975.3888317709266 3.144760893716316e-08
2987.2903870980094 3.7088549453987135e-08
2999.2395486464025 4.372610989280829e-08
3011.2365068409886 4.961796367483354e-08
3023.2814528683516 5.832792556630232e-08
3035.374578679825 5.512696404535013e-08
3047.516076994544 8.058138123593796e-08
3059.7061413025226 9.505052271355057e-08
3071.9449658677336 1.1119802006771877e-07
3084.232745731204 1.290736993176507e-07
3096.569676714128 1.188106523404322e-07
3108.955955420985 1.3779516846599888e-07
3121.3917792426687 2.0378091241125002e-07
3133.8773463596394 2.3785702621897549e-07
3146.412855745078 2.7515483836980087e-07
3158.998507168058 3.1666095831047163e-07
3171.6345011967305 3.624247685997074e-07
3184.321039201517 4.115232374174184e-07
3197.0583233583234 4.59597674544368e-07
3209.8465566517566 4.409214774892567e-07
3222.6859428783637 3.286210921473156e-07
3235.576686649877 5.908686912679582e-07
3248.518993396477 5.966398706056666e-07
3261.513069370063 5.239159864133622e-07
3274.559121647543 3.338314563353569e-07
3287.6573581341336 8.278817680764118e-08
3300.8079875666704 5.495345222586817e-10
3314.0112195169368 2.922657888201537e-08
3327.2672643950045 3.6885811796228177e-07
3340.5763334525845 1.0008707678835593e-06
3353.938638786395 1.6578978983660563e-06
3367.354393341541 2.281092427719776e-06
3380.8238109149074 2.888612881672441e-06
3394.347106158567 3.5037164724222875e-06
3407.924494583201 4.137177908212232e-06
3421.5561925615334 4.751175571629873e-06
3435.2424173317804 4.768739788210911e-06
3448.9833870011066 1.8583263501540128e-06
3462.7793205491116 6.717817225931687e-06
3476.630437831308 8.367972208544133e-06
3490.536959582633 9.680790897111864e-06
3504.4991074209643 1.106343675356384e-05
3518.5171038506473 1.2581785515506233e-05
3532.5911722660503 1.4267771986276343e-05
3546.7215369551145 1.6147578687866414e-05
3560.9084231029346 1.8246516376411148e-05
3575.1520567953467 2.05829686489642e-05
3589.452665022528 2.3195122483004205e-05
3603.810475682617 2.610029698979534e-05
3618.225717585348 2.9338917304160544e-05
3632.698620455689 3.29444870009788e-05
3647.2294149375116 3.69587222064918e-05
3661.8183325972614 4.142301291487926e-05
3676.4656059276513 4.63628599226777e-05
3691.1714683513615 5.186411601600597e-05
3705.936154224767 5.7982353611898946e-05
3720.7598988416657 6.473689940680958e-05
3735.6429384370326 7.226480904294333e-05
3750.585510190781 8.058073861436026e-05
3765.587852231544 8.974016251412907e-05
3780.6502036404704 9.984511820228383e-05
3795.772804455032 0.000111100716855112
3810.955895672852 0.0001234927353762071
3826.199719255544 0.00013708204106618256
3841.504518132566 0.00015212454287537831
3856.870536205096 0.0001687703991499552
3872.2980183499167 0.0001867106602975721
3887.7872104233156 0.0002066422234772225
3903.338359265009 0.0002285003899513442
3918.9517127020695 0.00025271978541567444
3934.6275195528774 0.0002788564587315925
3950.3660296310895 0.0003072651673797928
3966.1674937496136 0.0003376467327338971
3982.0321637246125 0.0003684328690713042
3997.9602923795105 0.0003986954476535461
4013.9521335490285 0.00041603194779410674
4030.007942083225 0.0003329335865751384
4046.1279738515577 3.4791020390333356e-05
4062.312485746964 0.00039399119969851283
4078.5617356899515 0.0006085622705925797
4094.8759826327114 0.0007058712158420994
4111.255486563242 0.0007895636058834974
4127.700508509496 0.000874252751556209
4144.211310543533 0.0009634620041717869
4160.788155785708 0.0010587965898126806
4177.431308408849 0.0011619101902826197
4194.141033642486 0.0012740285414390559
4210.917597777056 0.00139242249816726
4227.761268168164 0.0015208571522632363
4244.672313240838 0.0016634051278218993
4261.651002493801 0.001817850116939301
4278.697606503776 0.001984195467922086
4295.812396929791 0.002165341430568233
4312.995646517511 0.0023634615329690936
4330.24762910358 0.0025715969747114177
4347.568619619994 0.002797577598734481
4364.958894098475 0.003042822890399801
4382.418729674868 0.003308857039338815
4399.948404593568 0.0036009489201050335
4417.548198211942 0.003913337755134199
4435.21839100479 0.0042434165525259806
4452.959264568809 0.004615306138088982
4470.771101627084 0.004999581884955488
4488.654186033592 0.005396646383662957
4506.608802777726 0.005864341506723206
4524.635237988838 0.006343377253880662
4542.733778940792 0.006826362830397369
4560.904714056555 0.006491480782731533
4579.148332912781 0.006440199968230184
4597.464926244433 0.008577272868069283
4615.85478594941 0.009332682318767802
4634.318205093208 0.010047951112973236
4652.855477913582 0.010842680055428112
4671.466899825236 0.011656741730187424
4690.152767424537 0.012557885610282213
4708.913378494234 0.013414044697414765
4727.749032008212 0.014139789703053714
4746.660028136244 0.01467865754292034
4765.646668248789 0.014856800380914952
4784.709254921784 0.01305029027396016
4803.8480919414715 0.012694274709349149
4823.063484309237 0.013890856641639835
4842.355738246474 0.01405210730606336
4861.72516119946 0.01415330804160146
4881.172061844257 0.013473421423523455
4900.6967500916335 0.012816149006820264
4920.299537092001 0.01188450579801041
4939.9807352403695 0.010543635774720828
4959.740658181329 0.00881624495739169
4979.5796208140555 0.006803279260872321
4999.497939297312 0.004809710976430393
5019.495931054502 0.0031836555023866363
5039.57391477872 0.002221422277636672
5059.732210437835 0.0018162435598117084
5079.971139279585 0.0017170764230839536
5100.291023836704 0.0016726921495545718
5120.692187932051 0.0015558508867460274
5141.174956683781 0.0014306569516180524
5161.739656510514 0.0013565466248883862
5182.386615136556 0.0013115563709188989
5203.116161597103 0.001250191984576942
5223.928626243489 0.0012012808977297901
5244.824340748465 0.0011133552349513816
5265.803638111459 0.0010075536517437501
5286.866852663905 0.0008953024419834227
5308.0143200745615 0.0008046195853583506
5329.246377354859 0.0007205083102572069
5350.563362864278 0.0006354522529999808
5371.965616315736 0.0005683112482830465
5393.453478780998 0.000506627375795109
5415.027292696122 0.0004426374322519458
5436.687401866905 0.0003915693022081321
5458.434151474374 0.00034317652540790506
5480.267888080271 0.00029457828121870125
5502.188959632591 0.00025564317433689703
5524.197715471122 0.0002203533131424909
5546.294506333006 0.00018669229351354747
5568.479684358337 0.00015817433192152203
5590.753603095771 0.00013383475213911859
5613.1166175081535 0.0001101239095949163
5635.569083978187 9.12475785025754e-05
5658.1113603140975 7.260052716544077e-05
5680.743805755354 5.7139504507825175e-05
5703.466780978376 4.3555644174228925e-05
5726.28064810229 3.239820760105253e-05
5749.185770694699 2.322134625316585e-05
5772.182513777476 1.619085347191086e-05
5795.271243832587 1.1079702306852493e-05
5818.452328807918 7.36878617423001e-06
5841.72613812315 4.519904299572783e-06
5865.093042675643 1.2461920838528336e-06
5888.553414846345 6.529931425409582e-08
5912.10762850573 4.329415149431349e-07
5935.756059019754 4.3317501816557596e-06
5959.499083255832 1.1866573989438893e-05
5983.337079588855 2.3786772632773277e-05
6007.27042790721 4.646747340935946e-05
6031.299509618841 9.062598918607042e-05
6055.424707657316 0.00016359610626713624
6079.646406487946 0.0002767377688344425
6103.964992113897 0.00045169340649160055
6128.380852082353 0.0007147581933462486
6152.894375490681 0.0011029043438781875
6177.505952992646 0.001651945757076328
6202.215976804616 0.002413274450665639
6227.024840711833 0.0034598264395263073
6251.932940074681 0.004887559213604747
6276.940671834981 0.0067919352649079955
6302.048434522321 0.00934676788228104
6327.256628260409 0.012654035616879436
6352.5656547734525 0.016803894517704275
6377.975917392546 0.02202208101138848
6403.487821062116 0.028467871146608266
6429.101772346364 0.03633974948370533
6454.81817943575 0.04598519167322811
6480.637452153493 0.05774923674763389
6506.560001962106 0.07204545404247137
6532.586241969955 0.0893458347635737
6558.716586937834 0.1100486366517985
6584.951453285586 0.1344062102801138
6611.291259098727 0.16306355148748933
6637.7364241351215 0.19648548324888546
6664.2873698316625 0.23423162255727922
6690.94451931099 0.2759700886994058
6717.7082973882325 0.3220931797851003
6744.579130577787 0.37173555785571133
6771.557447100097 0.4219466965889252
6798.643676888497 0.467165705640408
6825.838251596053 0.5024192723765415
6853.141604602436 0.5210505083674566
6880.554171020846 0.5196105588369618
6908.0763877049285 0.5000690081788658
6935.708693255749 0.4737190746957853
6963.4515280287715 0.46275800982098897
6991.305334140887 0.4635931589877254
7019.270555477449 0.48028399383845355
7047.34763769936 0.5084219367172285
7075.537028250157 0.5388714830809963
7103.839176363159 0.5678872874977313
7132.254533068612 0.5953516976182918
7160.783551200888 0.6116132686066948
7189.42668540569 0.6224731466586273
7218.184392147313 0.6235016381978021
7247.0571297159 0.6054747877668234
7276.045358234765 0.582952116762857
7305.149539667704 0.5450866973261738
7334.370137826372 0.5087402309332888
7363.707618377678 0.46906297198815816
7393.162448851191 0.4288327410121873
7422.735098646595 0.3832019618306133
7452.426039041182 0.3406115801177397
7482.235743197345 0.2974864181002061
7512.1646861701365 0.2477828367320732
7542.213344914818 0.20655528251346178
7572.382198294477 0.16674521721891267
7602.671727087656 0.11396343049420196
7633.082413996006 0.041246630543523226
7663.614743651989 0.002453063469462361
7694.269202626598 0.003550148736786574
7725.046279437104 0.02615554742104632
7755.946464554851 0.07720298351225012
7786.970250413072 0.1693500850221693
7818.118131414723 0.2765605093390056
7849.390603940383 0.3925074999381381
7880.788166356144 0.531992660518564
7912.311319021571 0.6971571623552432
7943.960564297654 0.8936805662443482
7975.736406554845 1.1210394756289588
8007.639352181065 1.371893637040632
8039.669909589788 1.6369384915157625
8071.828589228147 1.9213413304161313
8104.115903585063 2.210455683282802
8136.532367199402 2.5080687108931823
8169.078496668199 2.8375897678382507
8201.754810654873 3.0800473444150867
8234.561829897493 3.5543380656861285
8267.500077217084 4.028132253439967
8300.570077525952 4.3938218718766135
8333.772357836056 4.8034372004506585
8367.1074472674 5.197202361484134
8400.575877056472 5.63952867726263
8434.178180564695 6.046566842281341
8467.914893286956 6.4226000669786645
8501.786552860101 6.877621355740959
8535.793699071543 7.37499184949477
8569.936873867831 7.916575949332297
8604.216621363299 7.888881619490842
8638.633487848754 6.529145208663055
8673.18802180015 7.812244419212196
8707.880773887353 8.066456594041677
8742.7122969829 8.719456298359267
8777.68314617083 9.381548235771245
8812.793878755514 10.128561814716138
8848.045054270535 10.943175131489856
8883.437234487617 11.274601624735743
8918.970983425568 11.838406848450875
8954.64686735927 12.116642505473784
8990.465454828707 12.864232724208028
9026.427316648023 13.84697244527135
9062.533025914616 14.498747072050634
9098.783158018272 15.164307392142902
9135.178290650345 15.715599255356105
9171.719003812947 16.11221123284942
9208.405879828202 17.08941885211182
9245.239503347511 17.358878632486142
9282.2204613609 13.342279940510064
9319.349343206346 13.479604961452784
9356.626740579171 14.830236428050883
9394.053247541488 17.382940879515374
9431.629460531654 17.471642326678207
9469.355978373778 17.583092894952888
9507.233402287276 17.723655684792792
9545.262335896427 18.55619566627593
9583.443385240013 17.94360600345255
9621.777158780975 18.83496439241208
9660.264267416096 20.14109721288123
9698.90532448576 21.64078402844884
9737.7009457837 21.817124866721166
9776.651749566838 22.71488809513744
9815.758356565104 23.49474914907122
9855.021389991363 24.13627775357919
9894.441475551332 24.423567171674797
9934.019241453534 23.988948220552217
9973.755318419348 23.22896053550623
10013.650339693024 21.287151451472937
10053.704941051796 22.569543042584897
10093.919760816003 23.22277508807389
10134.295439859268 23.731058464206463
10174.832621618703 24.01385054420473
10215.531952105179 24.150710830756765
10256.394079913602 24.51675056180056
10297.419656233254 24.664626985559348
10338.609334858189 24.452625264308782
10379.96377219762 24.71053867079835
10421.483627286412 24.66107082432408
10463.169561795556 24.681236911711252
10505.022240042741 24.52205943837161
10547.042329002912 24.473752261219193
10589.230498318922 24.21815772281993
10631.587420312197 24.001427044493425
10674.113769993448 23.629981312437693
10716.810225073421 23.36291803642457
10759.677465973711 23.146988237806617
10802.716175837608 22.944584689087858
10845.927040540959 22.741268702267607
10889.310748703121 22.303655620362044
10932.867991697934 21.173228426721586
10976.599463664725 19.920613765322948
11020.505861519383 18.085949371780742
11064.587884965462 16.18385804888152
11108.846236505324 14.535164383490407
11153.281621451348 12.966190810060569
11197.894747937147 14.552142290067817
11242.686326928899 15.322293475583779
11287.657072236614 17.066795015551026
11332.807700525562 12.137367542296355
11378.138931327663 16.990526810232797
11423.651487052975 17.500535359865687
11469.346093001184 18.345777953284156
11515.22347737319 17.55877408971517
11561.284371282683 17.097960447344946
11607.529508767815 17.180290813129403
11653.959626802887 18.24472730020609
11700.5754653101 18.008136172655682
11747.377767171341 18.93243944655264
11794.367278240028 18.912113431615925
11841.544747352984 21.914246578023207
11888.9109263424 23.11133327725112
11936.46657004777 23.61833200970998
11984.212436327958 24.189052543558727
12032.149286073272 24.656267164817322
12080.277883217566 25.289466537919942
12128.598994750435 25.637823651351002
12177.113390729437 26.379410974622015
12225.821844292353 26.958779515140364
12274.725131669524 27.894994083555268
12323.824032196202 28.70913794967469
12373.119328324985 29.62097161280821
12422.611805638286 30.10321304161244
12472.302252860838 31.664239265615876
12522.19146187228 31.814955638128193
12572.280227719768 33.87655173913087
12622.569348630648 34.97178724765209
12673.059626025171 35.93773695100882
12723.751864529271 36.43184082804786
12774.646871987386 36.92454841994618
12825.74545947534 36.77624084127932
12877.04844131324 36.716252336702084
12928.556635078494 36.81293622916449
12980.270861618808 36.95732324062176
13032.191945065284 37.28264406606681
13084.320712845543 37.64037395550753
13136.657995696927 37.33713450370944
13189.204627679715 37.86601390690768
13241.961446190431 36.07131927692454
13294.929291975195 30.22548507740816
13348.109009143096 16.91447236124691
13401.50144517967 8.890484423214442
13455.107450960388 6.435242890387299
13508.927880764231 5.2206959150656855
13562.963592287288 3.3627600106476723
13617.215446656439 4.4327775659050275
13671.684308443064 6.265988024172971
13726.371045676835 6.01736887973898
13781.276529859542 9.38399792336028
13836.40163597898 6.394100719171191
13891.747242522899 6.966093854839312
13947.314231492988 5.7037161796016544
14003.103488418961 6.068806742327097
14059.115902372636 6.767620602653113
14115.352365982128 5.228191899578253
14171.813775446057 5.6369469646057775
14228.501030547843 5.967689846834268
14285.41503467003 7.66095512514073
14342.556694808713 6.904221601853194
14399.926921587949 7.676643540895399
14457.5266292743 9.60528948879149
14515.356735791396 11.790233312650077
14573.418162734559 13.506170368875726
14631.711835385498 12.354571734580897
14690.238682727038 11.608577050721712
14748.999637457951 12.416339016563837
14807.995636007783 13.145416522527189
14867.227618551815 13.509797092433459
14926.69652902602 14.135325785075493
14986.403315142123 15.365710513226496
15046.348928402693 15.545226932929308
15106.534324116303 15.160245490840579
15166.96046141277 15.597172162923494
15227.62830325842 16.905218220075003
15288.538816471453 17.336340273741598
15349.692971737337 17.740729679701662
15411.091743624287 18.034313235266918
15472.736110598784 18.40671660278783
15534.62705504118 18.25428131413225
15596.765563261344 18.34516021724802
15659.152625514387 18.340937969199135
15721.789236016448 18.13866705055565
15784.676392960515 17.7038596847845
15847.815098532355 17.33517166402989
15911.206358926484 16.717329401411856
15974.85118436219 16.076785996579464
16038.75058909964 15.316268472306168
16102.905591456036 14.389851613069228
16167.31721382186 13.458780731421237
16231.986482677148 12.485217102869765
16296.914428607855 11.72925750667087
16362.102086322288 11.214881652343191
16427.550494667576 10.827260700668889
16493.260696646248 10.593233841351726
16559.23373943283 10.069507999127197
16625.470674390563 9.666796113077243
16691.972557088127 8.309622404548172
16758.74044731648 8.536107049980446
16825.775409105743 8.345896241971115
16893.07851074217 7.845262331868449
16960.650824785134 7.399081797707927
17028.493428084275 7.087129032954079
17096.607401796613 6.923825328986256
17164.993831403797 6.569641136399325
17233.653806729413 6.2890219832722405
17302.588421956334 5.902586093936176
17371.798775644158 5.555799310357384
17441.285970746736 5.168170183561972
17511.05111462972 4.881035176007608
17581.095319088243 4.414575065443953
17651.419700364593 3.9070817193379255
17722.02537916605 3.704895905217543
17792.913480682713 3.2407531239440153
17864.085134605448 2.917258445342908
17935.54147514387 2.4776647687416697
18007.283641044443 2.394953462995193
18079.312775608625 2.0646698984248357
18151.630026711056 2.1114227901248155
18224.236546817894 2.092038699806471
18297.133493005167 1.741458369103102
18370.32202697719 1.691346894085046
18443.803315085097 1.8069744932516638
18517.578528345435 1.6452890634575008
18591.648842458817 1.4086057869347386
18666.01543782865 1.206694462829853
18740.67949957997 1.3067786392660972
18815.642217578286 1.76649451105382
18890.9047864486 1.6912552112800319
18966.4684055944 1.7186477325211653
19042.334279216768 1.4292039741668559
19118.50361633364 1.391785964787824
19194.977630798967 1.2558126945199781
19271.757541322168 1.1339038123067537
19348.844571487454 1.0752299936275078
19426.239949773408 0.9986595630638768
19503.9449095725 1.1003936221610657
19581.960689210795 1.0590262160166903
19660.28853196764 1.1706594175505955
19738.929686095507 1.1441765546016367
19817.885404839893 1.2150062788408786
19897.15694645925 1.2676498156996965
19976.745574245087 1.3223257897095495
20056.65255654207 1.322429261435708
20136.879166768238 1.334301061071757
20217.426683435307 1.3103444935594335
20298.296390169045 1.317796221574195
20379.489575729727 1.3250319836183324
20461.007534032648 1.3269661291752202
20542.851564168777 1.324231147164935
20625.02297042545 1.3145650556631605
20707.523062307162 1.291876451744181
20790.353154556382 1.2625733785404296
20873.514567174607 1.2374881837302016
20957.008625443308 1.2071193543135867
21040.836659945082 1.1816809415928495
21125.000006584854 1.161761806019329
21209.5000066112 1.1441439000205798
21294.33800663765 1.1318969085784831
21379.515358664197 1.12196933956036
21465.033420098855 1.1082501951645944
21550.893553779246 1.092017554160157
21637.097127994366 1.0620759515336604
21723.645516506345 1.0369845189743758
21810.540098572368 0.9908831623504256
21897.782258966654 0.9615675131274514
21985.37338800253 0.8708987234119017
22073.314881554532 0.8518029668424767
22161.60814108075 0.8805642994969639
22250.25457364508 0.8457142093842419
22339.25559193965 0.8107770826927851
22428.61261430741 0.7595040879779801
22518.32706476464 0.7335270843840999
22608.400373023702 0.6915475688969482
22698.833974515794 0.7042377646355064
22789.62931041386 0.6832902612163733
22880.78782765551 0.665633200830616
22972.310978966132 0.6533829887125671
23064.200222882002 0.6975573934409272
23156.457023773528 0.6233928096460849
23249.082851868614 0.6214835924921628
23342.079183276095 0.6024343839433993
23435.447500009202 0.5998289936881949
23529.18929000923 0.632893987310077
23623.306047169273 0.6567559978150485
23717.79927135796 0.6092424809303904
23812.670468443375 0.653765696800842
23907.92115031715 0.6971596783929955
24003.552834918424 0.7195955493788057
24099.56704625809 0.7485661804896326
24195.96531444313 0.767804563201207
24292.749175700897 0.8241520826920647
24389.9201724037 0.8622058678364288
24487.479853093315 0.8891848806694174
24585.42977250569 0.958641350361728
24683.771491595708 0.9905758920422921
24782.50657756209 0.9827821385948264
24881.636603872343 1.0161210941256558
24981.16315028783 1.0763851429676765
25081.087802888986 0.976276890084326
25181.412154100537 0.996360812545621
25282.137802716934 0.8742641234593594
25383.266353927807 0.9171521466207626
25484.79941934352 0.7988271464440599
25586.73861702089 0.9734075892426743
25689.08557148898 0.8717010359278484
25791.84191377493 0.8961690891984707
25895.009281430033 0.8670118540090704
25998.589318555754 0.9962674896457023
26102.58367582998 1.2742049425348108
26206.994010533297 1.4364096859769395
26311.821986575433 1.3665619151346515
26417.069274521735 1.8771717896721618
26522.737551619815 1.839872097203466
26628.828501826294 1.2444092588129811
26735.343815833607 0.7393037195968728
26842.285191096937 0.8298310547320796
26949.654331861326 1.1469994417499323
27057.452949188766 1.1851842317870984
27165.682760985525 1.3108421473256098
27274.345492029468 1.9589281600116137
27383.442873997585 1.268786633554324
27492.976645493567 2.100398135999633
27602.948552075544 1.3826301427601648
27713.360346283847 1.3885409119003163
27824.213787668985 1.1398455966305836
27935.510642819663 1.853233481621887
28047.252685390937 1.224719655796213
28159.441696132504 1.5643677366235973
28272.079462917034 2.116506725005053
28385.167780768694 1.539671924527994
28498.70845189177 1.812777438515672
28612.703285699336 2.1034569327901216
28727.154098842133 2.2049216182369866
28842.062715237505 2.2970589858086554
28957.430966098455 2.4724445681790916
29073.260689962848 2.4853014962904685
29189.553732722703 2.867479533308216
29306.311947653598 3.321847209195088
29423.537195444205 3.3326664916585584
29541.231344225984 3.2077880223278528
29659.396269602887 3.548095644341396
29778.033854681304 3.8886267130560275
29897.14599010003 4.29762742156496
30016.734574060432 1.9974276852210018
30136.80151235667 3.6031418714719354
30257.348718406094 4.471084823144578
30378.37811327972 4.937534821375771
30499.89162573284 4.294978920606461
30621.891192235766 5.438314613832511
30744.37875700471 4.949722151272896
30867.356272032728 4.607207889251452
30990.825697120858 4.784075405026289
31114.78899990934 4.133108194886557
31239.24815590897 4.795151520568679
31364.20514853261 4.12056626268317
31489.661969126744 3.759926691591128
31615.62061700325 3.4773736349304696
31742.083099471263 3.3387927324914455
31869.05143186915 3.0394093687022887
31996.527637596624 2.655605127522183
32124.51374814701 3.0020106761220324
32253.011803139605 3.06512215100395
32382.02385035216 3.443797276134294
32511.55194575357 3.9178885988041
32641.598153536583 4.4030530001702965
32772.16454615073 5.0793777692844175
32903.25320433533 5.700705474967364
33034.86621715268 4.990571536134645
33167.005682021285 0.8995859739060175
33299.673704749366 0.6607399574158185
33432.87239956837 2.0986479547437393
33566.60388916664 3.6508213066709696
33700.87030472331 4.784490722083784
33835.6737859422 4.660147301510442
33971.016481085964 4.404454693788719
34106.900547010315 4.165141518384506
34243.32814919835 4.113965239390085
34380.30146179514 4.005925186422764
34517.82266764233 3.9878952215313332
34655.893958312896 4.371601618715725
34794.51753414615 4.381114309873821
34933.69560428273 4.812500504818175
35073.43038669985 5.441826800197989
35213.72410824666 5.703049373310258
35354.57900467965 5.681510342356058
35495.99732069836 6.08373437560507
35637.98130998116 6.647903287708207
35780.53323522108 7.240728680904074
35923.65536816197 7.992738063652953
36067.34998963462 8.14647428379217
36211.61938959315 9.004929650944458
36356.46586715153 9.745718476583392
36501.891730620126 10.059009352119201
36647.89929754261 10.491243521423472
36794.49089473278 11.084551008176614
36941.6688583117 10.91947525651142
37089.43553374496 11.10664990105766
37237.793275879936 11.211165992525357
37386.74444898345 11.51383547516298
37536.29142677938 11.61510181802336
37686.43659248651 11.344984427473028
37837.18233885645 11.222468716885675
37988.53106821188 11.377542355077054
38140.48519248474 11.701552103858841
38293.04713325467 11.661221010541995
38446.21932178769 11.208690466475716
38600.00419907484 11.471538295076163
38754.40421587113 11.388817956719391
38909.42183273463 11.418497453678027
39065.05952006556 11.270558624367117
39221.31975814583 11.309934120022232
39378.205037178406 11.330821417975436
39535.71785732712 11.106444985305753
39693.860728756415 11.1172329009431
39852.636171671445 11.01935840447422
40012.04671635814 10.736367518298584
40172.09490322357 10.684056587917524
40332.78328283648 10.48120822460078
40494.11441596781 10.259433946936339
40656.090873631685 10.167401140785735
40818.71523712622 9.798622982165213
40981.990098074726 9.627938539115952
41145.918058467025 9.562915753243253
41310.50173070089 9.182193935149096
41475.74373762369 9.336086005888728
41641.646712574184 8.91991513162179
41808.21329942448 8.673065670352708
41975.44615262219 8.74864786351142
42143.347937232684 8.39463103904647
42311.921328981625 8.648264873926223
42481.16901429755 8.032089050702028
42651.09369035474 8.336223849223945
42821.69806511615 7.855054315776137
42992.98485737662 6.733549246643072
43164.95679680613 6.6660331625911935
43337.61662399335 7.210359851699197
43510.96709048933 7.191127074500948
43685.01095885128 7.379534477104747
43859.75100268668 7.277756184311354
44035.19000669744 6.938355604927315
44211.330766724226 7.134187060219495
44388.176089791115 6.535379600498079
44565.72879415028 7.019252024173122
44743.991709326874 6.379683276721024
44922.9676761642 6.728363761503173
45102.65954686885 6.745596287814254
45283.07018505633 5.908055400642191
45464.20246579656 6.862709689768417
45646.05927565975 6.438298043129554
45828.64351276236 6.600050481876622
46011.95808681343 6.52454249241422
46196.00591916067 5.672671344565573
46380.78994283732 6.131921158603692
46566.31310260868 5.674764167395446
46752.578355019126 5.286797464913974
46939.588668439166 6.119323399100473
47127.34702311293 5.464247844116314
47315.85641120539 5.242690388691163
47505.11983685021 5.772874237554226
47695.14031619761 5.153799916085349
47885.9208774624 4.72395447207879
48077.46456097225 5.194968095549292
48269.774419216126 5.1551544307621695
48462.853516892996 4.407484953178352
48656.70493096058 5.017827982076865
48851.33175068441 4.677006146603344
49046.737077687154 4.510749270681994
49242.92402599791 4.6254991069236455
49439.89572210189 4.11639405630377
49637.6553049903 3.799683390530107
49836.20592621027 4.491884031196063
50035.55074991511 4.180010164947359
50235.69295291477 3.238140339255114
50436.63572472643 4.0490249334599735
50638.382267625326 4.138924866657116
50840.935796695834 3.381674478345123
51044.2995398826 3.5887063262506884
51248.47673804215 3.6804425256163626
51453.47064499432 2.669647046134231
51659.28452757429 3.0884223820240924
51865.92166568459 3.663351654203378
52073.38535234733 2.3514976617186156
52281.67889375672 3.0540849763530753
52490.80560933175 3.0021094435184947
52700.76883176907 2.7238541439193527
52911.57190709616 2.6905165897105774
53123.218194724526 2.7866832406235837
53335.711067503435 3.1021017129317463
53549.053911773444 1.9748795239090418
53763.25012742054 2.2963133499843558
53978.303127930216 2.5991257027249737
54194.21634044194 1.4579328807035261
54410.99320580371 2.3839514379971436
54628.63717862692 1.935887590526705
54847.15172734143 2.1296423398364963
55066.540334250785 1.9984071390235485
55286.80649558781 1.8251011011427862
55507.95372157016 1.6831906774189689
55729.985536456436 1.5236021345474997
55952.90547860226 1.7585663687298545
56176.717100516675 1.7188672037500219
56401.42396891874 1.5578033188959697
56627.02966479442 1.599267677431291
56853.5377834536 1.4327623255026787
57080.95193458741 1.3921178756018395
57309.27574232576 1.3152603596062993
57538.51284529506 1.35434878302584
57768.666896676245 1.3103680635488801
57999.74156426295 1.5587504587192744
58231.74053052 1.0909896335757925
58464.66749264208 1.4872179514956834
58698.52616261265 1.1314305595906675
58933.3202672631 1.10832637928033
59169.05354833215 1.4967974849700263
59405.72976252549 1.0427361609792174
59643.3526815756 1.4144685858817005
59881.926092301896 1.3712833518010328
60121.45379667111 1.5203090682281462
60361.93961185778 1.2731338008102344
60603.38737030522 1.0547474938479773
60845.800919786445 1.290284507843111
61089.184123465595 1.0137422208468023
61333.54085995945 1.1134270737417202
61578.87502339928 0.8686208590189973
61825.19052349288 0.9438713079684304
62072.491285586846 1.2163740443053008
62320.7812507292 1.1727148637557612
62570.06437573213 1.3183749827018105
62820.34463323505 1.2767829823590864
63071.62601176801 1.4541866904840033
63323.91251581507 1.2234893591873992
63577.20816587833 1.3005346106595235
63831.51699854184 1.2222405746617468
64086.843066536014 0.8924132166299715
64343.19043880215 1.0547271433825411
64600.563200557364 0.9805104099617582
64858.96545335958 0.7100460298443683
65118.401315173025 0.8648778472659769
65378.87492043372 0.9280641084196622
65640.39042011545 0.7647218234241602
65902.95198179591 0.7208744880906179
66166.56378972309 0.7655385969664834
66431.23004488199 0.7802530904052803
66696.95496506151 0.8504356870652531
66963.74278492175 0.9397631534004381
67231.59775606144 0.8290145663224855
67500.52414708569 0.9712697016787887
67770.52624367403 0.8581981083585604
68041.60834864872 0.8027437384090207
68313.77478204331 0.899805715443628
68587.02988117147 0.7259689678667767
68861.37800069616 0.908763070011867
69136.82351269896 1.001297525561395
69413.37080674975 1.0099482691709092
69691.02428997675 0.8640592537080898
69969.78838713666 0.94527369006817
70249.6675406852 0.943157098263528
70530.66621084794 0.7819379098340953
70812.78887569135 0.9195376535394761
71096.04003119409 0.8702440576760557
71380.42419131887 0.919369836435621
71665.94588808414 0.823736523778914
71952.60967163648 0.8584733946978881
72240.42011032304 0.8621206835599609
72529.38179076432 0.8219933521271948
72819.49931792737 0.749277315295598
73110.77731519907 0.8231044434841065
73403.22042445988 0.6712323028054253
73696.83330615771 0.7395247766567081
73991.62063938235 0.8113788693772568
74287.58712193987 0.7576167086744781
74584.73747042764 0.6381398467636241
74883.07642030934 0.7416023359112087
75182.60872599059 0.8380764444184831
75483.33916089457 0.820618625603345
75785.27251753812 0.7875497159389058
76088.4136076083 0.7554669305874178
76392.76726203872 0.9242756702892769
76698.33833108687 0.5296468804654362
77005.13168441122 0.5951339375692422
77313.15221114887 0.6020547782335706
77622.40481999348 0.6069664719672132
77932.89443927344 0.7224930342828317
78244.62601703055 0.7432672774642823
78557.60452109865 0.725562843928209
78871.83493918306 0.659220964583703
79187.3222789398 0.7162276816491704
79504.07156805556 0.7570830004442989
79822.08785432778 0.7993709784583889
80141.37620574511 0.7075168848121256
80461.94171056806 0.6991888485082998
80783.78947741033 0.7318568606818132
81106.92463531997 0.7869390672655854
81431.35233386126 0.6692609704977327
81757.0777431967 0.7073435484947898
82084.10605416949 0.698648512998787
82412.44247838613 0.6630324743470114
82742.09224829968 0.7444257991714288
83073.06061729288 0.7533340278989044
83405.35285976208 0.6948769391381441
83738.9742712011 0.6624336159788617
84073.93016828595 0.710952623077597
84410.22588895904 0.7202759685483633
84747.86679251489 0.7109089359100056
85086.85825968496 0.6269187172276472
85427.20569272367 0.7070449034460761
85768.91451549459 0.7263168197305238
86111.99017355654 0.7062347629277417
86456.43813425078 0.594789788005292
86802.2638867878 0.663352524167177
87149.47294233493 0.6980278418714692
87498.07083410428 0.6651359521875897
87848.0631174407 0.593865179245326
88199.45536991046 0.6299314349312389
88552.25319139009 0.6673387805539157
88906.46220415569 0.6721553172343167
89262.08805297229 0.5925548858952702
89619.1364051842 0.5363092673407025
89977.61295080492 0.6214663324448088
90337.52340260813 0.6304991579259163
90698.87349621857 0.5695905022072447
91061.66899020346 0.5753433470874932
91425.91566616425 0.5663091899509357
91791.61932882894 0.5858202511570001
92158.78580614422 0.5287742647556513
92527.4209493688 0.5941875757619005
92897.53063316627 0.5180837174960224
93269.12075569895 0.523458368372359
93642.19723872172 0.5673362319734111
94016.76602767664 0.556166489169512
94392.83309178732 0.5384967586960853
94770.40442415449 0.4992321098555614
95149.48604185111 0.5276303731090886
95530.08398601852 0.5228780094829741
95912.20432196259 0.5500919736903144
96295.85313925042 0.5234148387649656
96681.0365518075 0.4834864919702346
97067.76069801472 0.5121497329954793
97456.03174080675 0.5103089632613201
97845.85586776999 0.5166651431854152
98237.23929124104 0.5156840702676044
98630.18824840599 0.4884857550230388
99024.70900139965 0.4912787635151685
99420.80783740526 0.4891964088488562
99818.49106875488 0.5159949272982989
100217.76503302988 0.5053848255232448
100618.636093162 0.45889410263100644
101021.11063753467 0.47457207282944563
101425.1950800848 0.48936728837436294
101830.89586040513 0.49228383413793253
102238.21944384674 0.4884187451122799
102647.17232162213 0.46683065305376187
103057.7610109086 0.4502483938827338
103469.99205495225 0.24980975706230402
103883.87202317205 0.2493848995670721
104299.40751126477 0.29748931791142347
104716.60514130979 0.3152658380678418
105135.47156187505 0.31406223558884094
105556.01344812254 0.3526629360285327
105978.23750191503 0.3653574753105973
106402.15045192267 0.3437187369040421
106827.75905373038 0.3091285387858411
107255.07008994528 0.2379300924342072
107684.09037030509 0.25475486876551373
108114.8267317863 0.30419571475105006
108547.28603871344 0.3389841744266581
108981.47518286831 0.33635157782963016
109417.40108359976 0.32172874311917243
109855.0706879342 0.3316688966677975
110294.49097068593 0.32973329288112263
110735.66893456863 0.3663557888590828
111178.61161030692 0.35472943893927866
111623.32605674816 0.37399475033733187
112069.81936097513 0.3482745816747368
112518.09863841905 0.30640137999477274
112968.17103297272 0.3650706580138264
113420.0437171046 0.36105592254796376
113873.72389197304 0.34509409016208004
114329.21878754091 0.36114652940454894
114786.53566269108 0.32796852454075814
115245.68180534184 0.29751278995972846
115706.66453256323 0.33046918226103295
116169.49119069346 0.3375006576642361
116634.16915545624 0.32323057520639875
117100.70583207808 0.2703128480434385
117569.1086554064 0.30293385577234205
118039.385090028 0.2837992545607819
118511.54263038811 0.30521253385587854
118985.58880090967 0.3117682783703965
119461.5311561133 0.29823460563076604
119939.37728073777 0.2652808395730856
120419.13478986072 0.2905661113051126
120900.81132902016 0.24341444843379365
121384.41457433623 0.28935445712217867
121869.9522326336 0.2951372944760573
122357.43204156413 0.2616766159043924
122846.86176973036 0.2559680531249774
123338.2492168093 0.27020085649263526
123831.60221367657 0.22581927604665158
124326.92862253124 0.2562596543545922
124824.23633702139 0.27154325163835097
125323.53328236948 0.23067888864064198
125824.82741549893 0.23250055745420634
126328.12672516092 0.25327301621013143
126833.43923206156 0.2297026371504733
127340.77298898982 0.2258442400854112
127850.13608094577 0.24832766444398727
128361.53662526955 0.2194069854369512
128874.98277177062 0.23042163738472704
129390.4827028577 0.22697112063138566
129908.04463366912 0.23254889871497944
130427.67681220379 0.20299303720032763
130949.38751945265 0.22713990633884926
131473.18506953045 0.21612288124307136
131999.07780980857 0.2189597364825564
132527.0741210478 0.20575796450024125
133057.182417532 0.20328494400329047
133589.4111472021 0.19689982481701385
134123.76879179094 0.1875334736394608
134660.26386695806 0.19360417806999494
135198.9049224259 0.2086560773942018
135739.7005421156 0.1970748897502569
136282.65934428407 0.1973495449163056
136827.78998166122 0.19593819089323053
137375.1011415879 0.1788280630139288
137924.60154615424 0.1858636968814978
138476.29995233883 0.19035643503073987
139030.20515214818 0.19409141504988345
139586.32597275675 0.19415527987580453
140144.6712766478 0.17434542346374277
140705.2499617544 0.16942484557545853
141268.0709616014 0.1758520442570523
141833.1432454478 0.16275941794740376
142400.4758184296 0.1712158160984686
142970.07772170333 0.17602634096033226
143541.95803259013 0.15915430695783844
144116.12586472047 0.161964365285714
144692.59036817937 0.1501837415697699
145271.3607296521 0.15102470897280246
145852.44617257072 0.16467284227919277
146435.85595726097 0.16244705007690066
147021.59938109003 0.15775865661484664
147609.6857786144 0.15940073951751352
148200.12452172884 0.15469123834590637
148792.92501981577 0.14447794003976094
149388.09671989502 0.14142278164221123
149985.6491067746 0.14853369110625125
150585.59170320167 0.1430102318045812
151187.93407001448 0.14744902632381723
151792.68580629455 0.13592964458846293
152399.85654951975 0.14233664364206383
153009.45597571784 0.14156432322446974
153621.4937996207 0.13316536667366052
154235.97977481916 0.13344815757052528
154852.92369391845 0.1287247370858702
155472.3353886941 0.11894603020854388
156094.2247302489 0.11970964881088113
156718.60162916992 0.12435304664940328
157345.47603568656 0.11327077398788256
157974.8579398293 0.10887019982924377
158606.75737158864 0.11206787587989185
159241.18440107498 0.10948413728115719
159878.14913867926 0.10180394555309213
160517.661735234 0.11698499897144841
161159.73238217493 0.10983104108590114
161804.3713117036 0.1149187958464588
162451.58879695044 0.10267699472140325
163101.39515213823 0.10786449973485542
163753.8007327468 0.10985713680574105
164408.81593567782 0.10989010330619364
165066.45119942052 0.10798886976724269
165726.71700421823 0.1024387415426371
166389.62387223504 0.09399025440522506
167055.18236772402 0.10128344157308809
167723.40309719497 0.10720259971442185
168394.2967095837 0.10072401432150582
169067.87389642204 0.09309341499008066
169744.14539200772 0.09736741408728669
170423.1219735757 0.10628348964816337
171104.81446147006 0.08740088090285612
171789.23371931593 0.09379411262007625
172476.3906541932 0.09029741495631571
173166.29621680998 0.09182096534904609
173858.96140167722 0.08026268025333579
174554.39724728392 0.09535826145911169
175252.61483627307 0.08566082065618663
175953.62529561817 0.08781615306845618
176657.43979680064 0.08636973150667006
177364.06955598784 0.0846088421162849
178073.52583421173 0.0865316329861586
178785.8199375486 0.08788954742862695
179500.9632172988 0.07702775212669914
180218.967070168 0.08109832323090779
180939.84293844865 0.08141428889717774
181663.60231020238 0.06937889316323577
182390.25671944322 0.07611458111223902
183119.81774632097 0.07823405855706861
183852.29701730626 0.0777279198665322
184587.7062053755 0.07838955963635483
185326.057030197 0.06979035697471701
186067.3612583178 0.06560572303681711
186811.63070335102 0.0702633392227526
187558.8772261645 0.07009731374878353
188309.11273506918 0.07781620637706929
189062.3491860094 0.07239447222371473
189818.59858275342 0.06184368866876578
190577.87297708448 0.07169502616780861
191340.18446899284 0.06994316405284529
192105.54520686882 0.061210492665909465
192873.9673876963 0.058039254581399025
193645.46325724703 0.05916591056089852
194420.04511027603 0.050277401536268876
195197.72529071715 0.061793881299597564
195978.51619188 0.05462769832202517
196762.4302566476 0.058398447256123
199107.9942767367 0.05225607137201113
203090.15416227144 0.05009227869936801
207151.95724551688 0.05008614650722893
211294.9963904272 0.04293060309266833
215520.89631823578 0.0415160675863835
219831.31424460045 0.03873959339068685
224227.94052949245 0.03463437156698959
228712.4993400823 0.035523040013419147
233286.74932688402 0.03407300100641797
237952.48431342165 0.026288914487912866
242711.5339996901 0.030865775050039613
247565.76467968393 0.02697116198968121
252517.0799732776 0.021128138894202668
257567.42157274322 0.023732363653139445
262718.770004198 0.021422868986101767
267973.145404282 0.017269332713244042
273332.6083123676 0.020002169666761598
278799.26047861495 0.01633847753673035
284375.2456881872 0.01270067463618098
290062.750601951 0.014589293362754564
295864.00561398995 0.013316576882943063
301781.2857262697 0.01254258371714714
307816.91144079523 0.010050965946434566
313973.24966961105 0.011408074061477248
320252.7146630032 0.009935912674622738
326657.7689562633 0.008925870897610383
333190.92433538847 0.0077444073236669075
339854.7428220964 0.008499778404357151
346651.83767853834 0.006615381924408784
353584.87443210906 0.006006321598848775
360656.57192075124 0.005699990660558607
367869.70335916633 0.005608343810883541
375227.09742634965 0.00530322155818234
382731.63937487674 0.005887242030585171
390386.2721623741 0.004329265730767307
398193.99760562164 0.003862110920171289
406157.87755773397 0.003495894937950109
414281.0351088888 0.004314751898919307
422566.65581106645 0.003552632235895608
431017.98892728786 0.002841130354794381
439638.3487058336 0.002736531220051373
448431.11567995034 0.0026129823099547006
457399.7379935492 0.0025199159339567043
466547.7327534202 0.002013031935360951
475878.6874084886 0.0021886667400426124
485396.2611566584 0.0021513106480832997
495104.1863797916 0.0017066211396152336
505006.2701073874 0.001585710502311034
515106.39550953516 0.001455496392836162
525408.5234197257 0.0017226442190618253
535916.6938881205 0.0014866220170258824
546635.0277658828 0.0013777403433071563
557567.7283212005 0.0010999969433973752
568719.0828876244 0.0009746112617329201
580093.4645453768 0.001022652231362335
591695.3338362843 0.000966585709368562
603529.2405130101 0.0009018687566747917
615599.8253232702 0.00094967425401453
627911.8218297358 0.0006781458912462891
640470.0582663304 0.0006341437444065104
653279.459431657 0.0006041038568348673
666345.04862029 0.0005323007394226167
679671.9495926959 0.0006238770538716357
693265.38858455 0.0006016150091080659
707130.6963562409 0.00047678676386890046
721273.3102833657 0.00037859637289862987
735698.7764890331 0.00043121414727348775
750412.7520188137 0.0003577703376292127
765421.0070591901 0.0003715704634213673
780729.4272003738 0.0003234226566167358
796344.0157443815 0.0003159067465193493
812270.896059269 0.00026752627568411635
828516.3139804546 0.00024307848392917772
845086.6402600636 0.00022853605870516288
861988.3730652649 0.0002539726651106233
879228.14052657 0.00027409945740785886
896812.7033371016 0.00020998834155433308
914748.9574038435 0.00019671877388292483
933043.9365519203 0.00016502028066178883
951704.8152829591 0.00013930625550339238
970738.911588618 0.0001633109588833517
990153.6898203905 0.00011954137865763609
