1000.5530765187797 5.670896067968702e-26
1004.5552888248548 6.294537348216954e-103
1008.5735099801544 2.3803943865337953e-98
1012.607804020075 7.41508028936317e-98
1016.6582352361554 7.144955077612318e-103
1020.7248681770998 6.290876870513461e-71
1024.8077676498083 1.2819133089876253e-76
1028.9069987204075 7.273883947576771e-96
1033.022626715289 3.4199146368000423e-66
1037.1547172221503 9.963193549262686e-100
1041.3033360910388 3.0189540262019197e-92
1045.468549435403 2.7384223900256688e-86
1049.6504236331448 2.607691551760201e-102
1053.8490253276773 6.578279442747724e-76
1058.064421428988 3.071135571507819e-95
1062.296679114704 5.214687610578374e-75
1066.5458658311627 2.937365571940643e-83
1070.8120492944875 2.658678419615858e-87
1075.0952974916654 1.4125358933574458e-67
1079.3956786816323 7.998621022813224e-88
1083.7132613963586 8.277313391777132e-65
1088.048114441944 3.3381786423906045e-70
1092.4003068997117 5.0326434264286284e-46
1096.7699081273104 1.028285209419697e-68
1101.15698775982 3.480521504944077e-71
1105.561615710859 1.6039042613076589e-47
1109.9838621737026 3.5876489732336875e-55
1114.4237976223976 8.296758383678437e-63
1118.8814928128868 8.491555973343351e-70
1123.3570187841383 5.68032689672188e-63
1127.8504468592753 2.983401086191617e-36
1132.361848646712 9.511520436080153e-45
1136.8912960412988 1.673282108357174e-43
1141.438861225464 2.0351817231314334e-42
1146.004616670366 4.3650840834267613e-41
1150.5886351370475 1.0731863581265182e-42
1155.190989677596 7.26534371195258e-45
1159.8117536363065 6.325795089664462e-41
1164.4510006508515 1.553889085303816e-45
1169.108804653455 1.2633910561023342e-47
1173.7852398720688 2.006226044094374e-38
1178.480380831557 1.034761301267417e-35
1183.1943023548836 8.909293739984494e-37
1187.9270795643029 6.281372840773639e-40
1192.67878788256 1.3718416204723007e-34
1197.4495030340906 8.02146866589348e-32
1202.2393010462267 2.847713056079656e-44
1207.0482582504117 2.3399826430760987e-32
1211.8764512834132 3.2535334057569386e-35
1216.7239570885472 3.6022844698702724e-31
1221.5908529169012 3.9150349779075697e-28
1226.4772163285688 1.309905386939714e-26
1231.383125193883 8.53239236097759e-30
1236.3086576946585 9.921578469610778e-28
1241.2538923254372 2.1902082740160195e-28
1246.2189078947392 1.0518229853202406e-31
1251.203783526318 5.953935954865146e-30
1256.2085986604231 6.834050603885553e-31
1261.233433055065 8.007334224360393e-28
1266.2783667872852 8.523343384007965e-35
1271.3434802544346 4.27179171133754e-27
1276.4288541754522 1.842077373597365e-28
1281.534569592154 1.3416959339265658e-31
1286.6607078705229 5.834068705872586e-33
1291.8073507020044 2.5139528990637942e-26
1296.9745801048125 1.657780007527749e-26
1302.162478425232 6.140278834559915e-29
1307.3711283389327 2.387499608786391e-27
1312.6006128522888 1.6847141239513707e-26
1317.851015303698 8.419247919623287e-26
1323.1224193649127 1.2547047787831602e-25
1328.4149090423725 3.7441980564254874e-25
1333.728568678542 4.062083016011468e-24
1339.0634829532567 1.807657102291655e-25
1344.4197368850691 4.4654733584631385e-25
1349.7974158326099 3.709070258537795e-25
1355.1966054959403 3.360481453056524e-24
1360.6173919179244 1.039919502870919e-24
1366.059861485596 4.837564221052457e-25
1371.5241009315384 4.128319426351624e-25
1377.0101973352646 1.2255207995253035e-24
1382.5182381246057 1.8487647930959854e-23
1388.0483110771042 1.6926351214616758e-23
1393.6005043214122 1.0165037374975404e-23
1399.1749063386976 1.7985418829804296e-25
1404.7716059640527 1.6713372761380542e-23
1410.3906923879088 1.2863787843142915e-23
1416.0322551574602 2.045918541889169e-22
1421.6963841780905 1.3227261425575428e-23
1427.3831697148032 1.1222912022565698e-23
1433.0927023936622 6.120397954813481e-21
1438.8250732032368 1.6270144210106714e-22
1444.5803734960498 5.878611449451498e-21
1450.3586949900334 5.234988077343856e-21
1456.1601297699938 1.328267796325762e-20
1461.984770289074 3.543120787189452e-21
1467.83270937023 3.006229356981009e-21
1473.704040207711 1.070413451464634e-20
1479.5988563685412 2.2008166897756962e-20
1485.5172517940157 4.964541267458411e-21
1491.459320801192 3.2720391026116194e-20
1497.4251580843968 7.754586615004992e-21
1503.4148587167342 1.2161917165265517e-19
1509.4285181516007 9.153019955404485e-20
1515.4662322242077 1.2701477096210712e-20
1521.5280971531042 5.52345245844454e-20
1527.6142095417167 2.4452260197468403e-20
1533.7246663798837 3.27733466318174e-20
1539.859565045403 4.0540421318730167e-20
1546.0190033055849 1.0716303815765249e-20
1552.203079318807 1.589497941331093e-20
1558.4118916360824 2.191804888890749e-20
1564.6455392026269 2.0976958977035445e-20
1570.9041213594373 2.157697282293256e-20
1577.187737844875 2.3133011215661723e-20
1583.4964887962547 2.7602873067477796e-20
1589.8304747514399 4.054655215961994e-20
1596.1897966504455 2.734676393791156e-20
1602.5745558370472 3.756100267773564e-20
1608.9848540603957 5.209405363646749e-20
1615.4207934766368 5.342660722782625e-20
1621.8824766505436 7.192123887731956e-20
1628.3700065571454 8.382484017749901e-20
1634.8834865833744 1.1452317288779944e-19
1641.4230205297079 1.5283807712387387e-19
1647.9887126118267 2.0384324197936732e-19
1654.580667462274 1.8201536468519071e-19
1661.198990132123 3.401211532508885e-19
1667.8437860926513 4.2316890706101464e-19
1674.515161237022 6.043372846605433e-19
1681.2132218819695 1.0923351052377485e-18
1687.9380747694975 9.558822510474554e-19
1694.6898270685758 2.5939533061532724e-18
1701.4685863768502 2.4048704439836527e-18
1708.2744607223572 3.2755345502168342e-18
1715.1075585652468 4.5702617100113465e-18
1721.967988799508 4.4837013885544956e-18
1728.8558607547059 8.081288683457556e-18
1735.7712841977245 6.5542118880205324e-18
1742.7143693345156 6.83430892597966e-18
1749.6852268118535 1.750265579881729e-17
1756.6839677191008 1.1889309826936475e-17
1763.7107035899771 2.859177201679856e-17
1770.7655464043373 3.6600740471601876e-17
1777.8486085899544 2.019885347520029e-17
1784.9600030243143 6.34574567832148e-17
1792.0998430364118 5.5184949031134897e-17
1799.2682424085576 6.612425002543539e-17
1806.4653153781921 1.4464076404454573e-16
1813.6911766397043 6.056535510442126e-17
1820.945941346263 1.3987384335301942e-16
1828.2297251116483 3.007740821767809e-16
1835.5426440120948 7.764346375458531e-17
1842.8848145881432 2.8636836896752263e-16
1850.2563538464956 5.678282997354358e-16
1857.657379261881 2.3343000733236053e-16
1865.0880087789287 7.768144791284702e-16
1872.5483608140448 7.137272469305222e-16
1880.0385542573008 4.0792255156966563e-16
1887.5587084743302 1.4428965568303025e-15
1895.1089433082268 1.1149729431044748e-15
1902.68937908146 9.06087785128819e-16
1910.3001365977857 3.154783548479748e-15
1917.9413371441767 2.108258668414459e-15
1925.6131024927531 2.8024958236142815e-15
1933.3155549027244 6.077078694643518e-15
1941.0488171223355 5.4398988885739e-15
1948.8130123908247 5.4585170360824575e-15
1956.608264440388 1.2285392857887827e-14
1964.434697498149 7.684611099758343e-15
1972.2924362881417 1.106057806817224e-14
1980.1816060332944 1.993232895094796e-14
1988.1023324574276 1.680347174748314e-14
1996.0547417872574 1.6129275324640582e-14
2004.0389607544066 2.4343183677158846e-14
2012.0551165974243 2.68165580360214e-14
2020.1033370638136 3.02541890574786e-14
2028.1837504120688 4.2101220710131924e-14
2036.2964854137172 3.7252104157588735e-14
2044.4416713553724 3.351408940916792e-14
2052.6194380407937 5.2356264285246443e-14
2060.829915792957 5.298610887636784e-14
2069.0732354561287 5.8052774198319e-14
2077.3495283979532 6.645694804335551e-14
2085.6589265115445 8.560865442782916e-14
2094.001562217591 9.773272504743581e-14
2102.3775684664615 1.0711637091967429e-13
2110.787078740328 9.96646143054662e-14
2119.2302270552887 1.3963157321627804e-13
2127.70714796351 1.649508393748063e-13
2136.217976555364 2.056424491842559e-13
2144.7628484615852 1.5710061623034173e-13
2153.341899855432 2.529314207271805e-13
2161.9552674548536 3.434351757183507e-13
2170.603088524673 4.1199248697344286e-13
2179.285500878772 3.4665185256958704e-13
2188.0026428822866 4.1131649908056533e-13
2196.754653453816 6.791496560094371e-13
2205.541672067631 6.542214025356257e-13
2214.3638387559017 1.285191739956407e-12
2223.2212941109246 7.791225801949693e-13
2232.114179287369 2.2716606276759947e-12
2241.0426360045185 1.5836521012321185e-12
2250.0068065485366 3.945895794733256e-12
2259.0068337747302 2.5390715804068274e-12
2268.0428611098296 3.896174663624056e-12
2277.115032554269 4.7860815496465025e-12
2286.223492684486 5.611580889347986e-12
2295.368386655224 1.240789085711729e-11
2304.549860201845 4.1546421487524955e-12
2313.7680596426517 1.3336415597881485e-11
2323.0231318812225 1.224329395701422e-11
2332.3152244087473 2.3099997890548468e-11
2341.6444853063817 2.7659462480748532e-11
2351.0110632476076 1.1050410842042981e-11
2360.415107500598 3.445943326826806e-11
2369.8567679306 1.3259457528558133e-11
2379.3361950023227 4.968692350165603e-11
2388.853539782332 4.14876083810385e-11
2398.4089539414617 1.1017605590768504e-10
2408.0025897572273 1.3350120855676982e-10
2417.6346001162565 5.503666755813784e-11
2427.3051385167214 2.117553673134009e-10
2437.0143590707885 1.8486290374422877e-10
2446.762416507072 5.187548456877596e-10
2456.5494661731 2.7274685982545697e-10
2466.375664037793 4.63124681290109e-10
2476.2411666939443 6.909414381479106e-10
2486.1461313607197 1.9512088063974183e-10
2496.090715886162 6.716166457178842e-10
2506.075078749707 4.979747165212512e-10
2516.0993790647044 8.600860433429887e-10
2526.163776580964 2.347612304513845e-09
2536.268431687288 3.996638589470786e-09
2546.4135054140374 5.704185620700744e-09
2556.599159435693 2.673761900731191e-09
2566.825556073436 2.3921678422677507e-09
2577.09285829773 3.0556019041250205e-09
2587.4012297309205 2.456085984524481e-09
2597.7508346498444 4.740134839157296e-09
2608.141837988444 4.6275678416133445e-09
2618.5744053403982 9.96874800035835e-09
2629.0487029617593 1.794043109302612e-08
2639.5648977736064 1.8155225006314682e-08
2650.123157364701 1.8416738427947744e-08
2660.7236499941596 1.736094512312106e-08
2671.366544594136 1.8292358872521083e-08
2682.052010772512 2.8227156478965697e-08
2692.7802188156024 2.45669791875386e-08
2703.551339690865 4.1581733791821956e-08
2714.365545049628 4.526499646547858e-08
2725.223007229827 4.847795289663036e-08
2736.123899258746 5.93361536231481e-08
2747.0683948557817 8.77840174433795e-08
2758.0566684352048 9.112112839634973e-08
2769.0888951089455 1.4795872652594679e-07
2780.165250689381 1.4151848473683395e-07
2791.2859116921386 1.9199696681915006e-07
2802.451055338907 2.060079952007558e-07
2813.660859560263 2.3063386057681887e-07
2824.9155029985036 2.5835100971849574e-07
2836.2151650104965 3.417207126644832e-07
2847.5600256705393 3.6274083786027456e-07
2858.950265773222 5.322808308337921e-07
2870.386066836315 5.40645449580537e-07
2881.8676111036607 7.228116588871074e-07
2893.3950815480757 8.628900751950818e-07
2904.968661874268 9.543245254656393e-07
2916.588536521764 1.1419303196235465e-06
2928.254890667851 1.2794821517240765e-06
2939.9679102305226 1.46562672461828e-06
2951.727781871445 1.7548306266116559e-06
2963.534692998931 2.018242636726867e-06
2975.3888317709266 2.3064661879663385e-06
2987.2903870980094 2.814760205464101e-06
2999.2395486464025 3.037987287662479e-06
3011.2365068409886 5.8511660808022745e-08
3023.2814528683516 6.522548090884806e-08
3035.374578679825 5.8745686042579964e-08
3047.516076994544 7.706409152372044e-08
3059.7061413025226 8.543945953546401e-08
3071.9449658677336 8.088231072230475e-08
3084.232745731204 6.415236013226687e-08
3096.569676714128 3.006479132820005e-08
3108.955955420985 2.8492545812976214e-08
3121.3917792426687 4.799142205221328e-08
3133.8773463596394 4.690631820472021e-08
3146.412855745078 3.849755310742439e-08
3158.998507168058 2.9089440737025362e-08
3171.6345011967305 2.0588052111502678e-08
3184.321039201517 1.3572513138520058e-08
3197.0583233583234 8.011796172368949e-09
3209.8465566517566 3.2767517402633025e-09
3222.6859428783637 1.3464120222029573e-09
3235.576686649877 9.50230873720134e-10
3248.518993396477 3.4421241458530727e-10
3261.513069370063 1.0675371558657149e-10
3274.559121647543 1.858009326104689e-11
3287.6573581341336 1.3446610532411918e-12
3300.8079875666704 1.2714897793130603e-13
3314.0112195169368 7.524730522951263e-13
3327.2672643950045 1.0486775788965019e-11
3340.5763334525845 1.2364503551707144e-10
3353.938638786395 5.960472352362392e-10
3367.354393341541 2.280522161717766e-09
3380.8238109149074 7.69295199567833e-09
3394.347106158567 2.121602557984348e-08
3407.924494583201 4.7463221104480926e-08
3421.5561925615334 8.004061753844602e-08
3435.2424173317804 6.285964180346801e-08
3448.9833870011066 1.1285260068128724e-08
3462.7793205491116 1.8014348697405593e-07
3476.630437831308 6.339002949858399e-07
3490.536959582633 1.398781659197776e-06
3504.4991074209643 2.529759325182491e-06
3518.5171038506473 4.142613397052073e-06
3532.5911722660503 6.322921717587821e-06
3546.7215369551145 9.201350383641853e-06
3560.9084231029346 1.2906790385571253e-05
3575.1520567953467 1.757146179158576e-05
3589.452665022528 2.3337143528800116e-05
3603.810475682617 3.035128715176724e-05
3618.225717585348 3.876710694349754e-05
3632.698620455689 4.87390602460193e-05
3647.2294149375116 6.0428936243565176e-05
3661.8183325972614 7.400714259264011e-05
3676.4656059276513 8.96464789881797e-05
3691.1714683513615 0.00010750430130224901
3705.936154224767 0.0001277291193183945
3720.7598988416657 0.00015046906544237632
3735.6429384370326 0.00017582571132038059
3750.585510190781 0.00020385511981790903
3765.587852231544 0.0002345683609417261
3780.6502036404704 0.00026786370116519315
3795.772804455032 0.0003034982304990234
3810.955895672852 0.00034101149730919855
3826.199719255544 0.00037980027697134133
3841.504518132566 0.00041866862516685445
3856.870536205096 0.00045598131996557226
3872.2980183499167 0.0004893748712239666
3887.7872104233156 0.0005153942008315218
3903.338359265009 0.0005294778541688681
3918.9517127020695 0.0005254680055445032
3934.6275195528774 0.0004958622540433613
3950.3660296310895 0.0004333437414757433
3966.1674937496136 0.0003347724634520877
3982.0321637246125 0.00021027207025765642
3997.9602923795105 9.39289107423504e-05
4013.9521335490285 2.6754595626005875e-05
4030.007942083225 3.953143555722234e-06
4046.1279738515577 1.0981192475394176e-07
4062.312485746964 4.451901333310192e-06
4078.5617356899515 3.710224143633386e-05
4094.8759826327114 0.00015873653717913102
4111.255486563242 0.00043758847753639713
4127.700508509496 0.0008594642583723113
4144.211310543533 0.0013727642472310198
4160.788155785708 0.001938178213323871
4177.431308408849 0.002535858252823124
4194.141033642486 0.0031577198376462057
4210.917597777056 0.003802763021622296
4227.761268168164 0.004473634330184076
4244.672313240838 0.005161480912263937
4261.651002493801 0.005888082213450799
4278.697606503776 0.006666918955982141
4295.812396929791 0.0074892561862495025
4312.995646517511 0.008360618405328219
4330.24762910358 0.009281444492624401
4347.568619619994 0.010256653946017316
4364.958894098475 0.011286866801793433
4382.418729674868 0.012398844233140069
4399.948404593568 0.013584548528424351
4417.548198211942 0.014851564186395378
4435.21839100479 0.016200281117285893
4452.959264568809 0.017638249405645356
4470.771101627084 0.019169730226188078
4488.654186033592 0.020795305594657608
4506.608802777726 0.02253854054745794
4524.635237988838 0.024410525847469562
4542.733778940792 0.026393923288192307
4560.904714056555 0.02839752773960671
4579.148332912781 0.023555127988477684
4597.464926244433 0.024114544753487545
4615.85478594941 0.024419919227543604
4634.318205093208 0.024420748224655866
4652.855477913582 0.02417707522738305
4671.466899825236 0.024125760089133398
4690.152767424537 0.023240485617439414
4708.913378494234 0.02089877438381643
4727.749032008212 0.016986822004837053
4746.660028136244 0.012124239272726349
4765.646668248789 0.0074172742549064455
4784.709254921784 0.003730992634880889
4803.8480919414715 0.0014795473902615441
4823.063484309237 0.0004918519321903444
4842.355738246474 0.00017093007956531635
4861.72516119946 7.635110942761492e-05
4881.172061844257 4.162752316853223e-05
4900.6967500916335 2.6406491358191776e-05
4920.299537092001 1.705883237490994e-05
4939.9807352403695 1.0827189933031369e-05
4959.740658181329 6.686347680537267e-06
4979.5796208140555 3.99872739187461e-06
4999.497939297312 2.3543428257916233e-06
5019.495931054502 1.5246502806202912e-06
5039.57391477872 1.1968735843646126e-06
5059.732210437835 1.1153465869337837e-06
5079.971139279585 1.1428460339011163e-06
5100.291023836704 1.1929330785798101e-06
5120.692187932051 1.2228459923819932e-06
5141.174956683781 1.2508646783780223e-06
5161.739656510514 1.3026084038938388e-06
5182.386615136556 1.3631983832926447e-06
5203.116161597103 1.4088588167352742e-06
5223.928626243489 1.4483533892469639e-06
5244.824340748465 1.4966970266589156e-06
5265.803638111459 1.5382918415114007e-06
5286.866852663905 1.5718237703671987e-06
5308.0143200745615 1.6137857734247206e-06
5329.246377354859 1.655895526725931e-06
5350.563362864278 1.692377991180444e-06
5371.965616315736 1.7394932214124766e-06
5393.453478780998 1.787113366896484e-06
5415.027292696122 1.8270463383103626e-06
5436.687401866905 1.8769726732701974e-06
5458.434151474374 1.923708649101565e-06
5480.267888080271 1.961839995490572e-06
5502.188959632591 2.00800482441776e-06
5524.197715471122 2.0525074915791914e-06
5546.294506333006 2.0888494994837417e-06
5568.479684358337 2.1288704563542152e-06
5590.753603095771 2.1687791585337945e-06
5613.1166175081535 2.198452294619332e-06
5635.569083978187 2.2343273987569726e-06
5658.1113603140975 2.2553158746668064e-06
5680.743805755354 2.2760995650874258e-06
5703.466780978376 2.2911574298668563e-06
5726.28064810229 2.3046635724766218e-06
5749.185770694699 2.3089177207600053e-06
5772.182513777476 2.31009511935924e-06
5795.271243832587 2.3061998443340367e-06
5818.452328807918 2.3079220040876676e-06
5841.72613812315 2.3011857020404082e-06
5865.093042675643 2.210269482938678e-06
5888.553414846345 2.1824568400717085e-06
5912.10762850573 2.503536408930192e-06
5935.756059019754 3.1792007166212966e-06
5959.499083255832 3.938705927051326e-06
5983.337079588855 4.798605279412602e-06
6007.27042790721 5.8544177080462045e-06
6031.299509618841 7.172165862641922e-06
6055.424707657316 8.73005178854245e-06
6079.646406487946 1.0553988987137492e-05
6103.964992113897 1.2738353476317976e-05
6128.380852082353 1.5347178330655134e-05
6152.894375490681 1.8439103267752203e-05
6177.505952992646 2.204584326032954e-05
6202.215976804616 2.6248315536164397e-05
6227.024840711833 3.116297138658787e-05
6251.932940074681 3.6937529524113626e-05
6276.940671834981 4.3698315270908644e-05
6302.048434522321 5.1726203346942176e-05
6327.256628260409 6.108223326763703e-05
6352.5656547734525 7.190411289605016e-05
6377.975917392546 8.450612987295849e-05
6403.487821062116 9.914198491616152e-05
6429.101772346364 0.00011614999566279217
6454.81817943575 0.00013599382506179135
6480.637452153493 0.0001595175458582475
6506.560001962106 0.00018792390217209535
6532.586241969955 0.00022212966175845866
6558.716586937834 0.00026367855434740125
6584.951453285586 0.00031446465116577774
6611.291259098727 0.00037731739389257807
6637.7364241351215 0.00045544928485137347
6664.2873698316625 0.0005525600529588893
6690.94451931099 0.000671932050640634
6717.7082973882325 0.0008194511243238071
6744.579130577787 0.001001750869977258
6771.557447100097 0.0012217212101248876
6798.643676888497 0.0014799848525022003
6825.838251596053 0.0017783007201942049
6853.141604602436 0.002117172775160902
6880.554171020846 0.0024853961955663383
6908.0763877049285 0.002859953154669241
6935.708693255749 0.003216111075812595
6963.4515280287715 0.0036488588779019604
6991.305334140887 0.0041163742056290285
7019.270555477449 0.004662349126384217
7047.34763769936 0.005325071540748743
7075.537028250157 0.00608363138091053
7103.839176363159 0.006907997043757043
7132.254533068612 0.007795752422095191
7160.783551200888 0.008576235545182614
7189.42668540569 0.009403108146477771
7218.184392147313 0.010399603199404944
7247.0571297159 0.010981654205702488
7276.045358234765 0.011592357930179747
7305.149539667704 0.01185935304512655
7334.370137826372 0.012268131002466128
7363.707618377678 0.01241395679578002
7393.162448851191 0.012471747517744193
7422.735098646595 0.012331898847823701
7452.426039041182 0.01205136572325312
7482.235743197345 0.011617950993887644
7512.1646861701365 0.010843595971951876
7542.213344914818 0.009996555278046592
7572.382198294477 0.009056306733524599
7602.671727087656 0.0076101056304709955
7633.082413996006 0.00396532970224445
7663.614743651989 0.0005496731740991691
7694.269202626598 0.0007007288123303029
7725.046279437104 0.002495220125689636
7755.946464554851 0.005571794565977225
7786.970250413072 0.010482119927077009
7818.118131414723 0.015122968758346515
7849.390603940383 0.019391046241320962
7880.788166356144 0.02416166908728385
7912.311319021571 0.02962013304384364
7943.960564297654 0.035916928817880694
7975.736406554845 0.04307395367429806
8007.639352181065 0.051123704372527674
8039.669909589788 0.05979439361830504
8071.828589228147 0.06897759048471168
8104.115903585063 0.07793126892380878
8136.532367199402 0.08690281860177268
8169.078496668199 0.09961553022376113
8201.754810654873 0.11665426058235129
8234.561829897493 0.13426003175544496
8267.500077217084 0.16248560590091676
8300.570077525952 0.18664398835561657
8333.772357836056 0.21414189853325924
8367.1074472674 0.24353321299575154
8400.575877056472 0.2748401388985667
8434.178180564695 0.3058227445877489
8467.914893286956 0.33661149757066483
8501.786552860101 0.37066824889670197
8535.793699071543 0.4153700177930348
8569.936873867831 0.47348482573022516
8604.216621363299 0.5453450491687319
8638.633487848754 0.6270310633493711
8673.18802180015 0.7244813414855104
8707.880773887353 0.8299376228969644
8742.7122969829 0.9472604374623073
8777.68314617083 1.0750567627525804
8812.793878755514 1.2135173523403397
8848.045054270535 1.3580803120057412
8883.437234487617 1.4842236810755505
8918.970983425568 1.5261802557847013
8954.64686735927 1.6300004795217236
8990.465454828707 1.8112470662228728
9026.427316648023 2.2245207165587533
9062.533025914616 2.5554552098194567
9098.783158018272 2.7661729168654463
9135.178290650345 3.0414696710779925
9171.719003812947 3.2579389189761736
9208.405879828202 3.7362663481756715
9245.239503347511 3.799742059204393
9282.2204613609 1.911185579325948
9319.349343206346 1.4602483790915262
9356.626740579171 2.0722006831652804
9394.053247541488 3.65784654448707
9431.629460531654 3.397818179211135
9469.355978373778 3.082408693694292
9507.233402287276 3.2529317994775284
9545.262335896427 3.5009658347548624
9583.443385240013 3.3967137691125155
9621.777158780975 3.707459446214885
9660.264267416096 4.289163405799775
9698.90532448576 5.035548276144795
9737.7009457837 5.018361314229459
9776.651749566838 5.145510666050858
9815.758356565104 5.082832756902405
9855.021389991363 4.938743417325617
9894.441475551332 4.737923901018578
9934.019241453534 4.344777459514983
9973.755318419348 3.7310123380681213
10013.650339693024 2.3614617019663546
10053.704941051796 2.146651692630728
10093.919760816003 1.9382959565438818
10134.295439859268 1.7371592961510285
10174.832621618703 1.5220858973205944
10215.531952105179 1.3586181931341108
10256.394079913602 1.2345202964159565
10297.419656233254 1.1188731589645278
10338.609334858189 0.961887245593114
10379.96377219762 0.8675658998048651
10421.483627286412 0.7780275785007444
10463.169561795556 0.6966091152744186
10505.022240042741 0.6243586421231033
10547.042329002912 0.5603005305913861
10589.230498318922 0.5006475896424953
10631.587420312197 0.4454707060425537
10674.113769993448 0.39446956326836596
10716.810225073421 0.3497680891890802
10759.677465973711 0.31281423878720516
10802.716175837608 0.2841856747666132
10845.927040540959 0.26257752796544576
10889.310748703121 0.24432846971689454
10932.867991697934 0.22419603179769632
10976.599463664725 0.20323539069187946
11020.505861519383 0.1760922795272937
11064.587884965462 0.1451611765764836
11108.846236505324 0.1119125580727063
11153.281621451348 0.07869537482031988
11197.894747937147 0.07923955134305669
11242.686326928899 0.08435871845828653
11287.657072236614 0.1122979514629205
11332.807700525562 0.07581040754084346
11378.138931327663 0.1307083544563878
11423.651487052975 0.14127042628566502
11469.346093001184 0.12798106510495003
11515.22347737319 0.12025301391423145
11561.284371282683 0.12544024590176486
11607.529508767815 0.13469758925272082
11653.959626802887 0.168140835323936
11700.5754653101 0.1947012981693883
11747.377767171341 0.20735860381689478
11794.367278240028 0.23881368915438575
11841.544747352984 0.24705016442985664
11888.9109263424 0.24734494811212537
11936.46657004777 0.23948686685240136
11984.212436327958 0.2352510773462343
12032.149286073272 0.23553679588547388
12080.277883217566 0.24319691507615035
12128.598994750435 0.25690371411213314
12177.113390729437 0.2781314614196847
12225.821844292353 0.30192540156242426
12274.725131669524 0.33080298903317473
12323.824032196202 0.3587736679809609
12373.119328324985 0.39201687997780127
12422.611805638286 0.4356577944739087
12472.302252860838 0.4915333194859486
12522.19146187228 0.5347013311761001
12572.280227719768 0.5972766100208202
12622.569348630648 0.6843756305761435
12673.059626025171 0.7707645466938462
12723.751864529271 0.8430197121139732
12774.646871987386 0.8996989860004799
12825.74545947534 0.9354824358507215
12877.04844131324 0.9627807896242829
12928.556635078494 1.002352394462101
12980.270861618808 1.0558869480492776
13032.191945065284 1.1111135858562964
13084.320712845543 1.1888396662495548
13136.657995696927 1.2426300827035976
13189.204627679715 1.3331138431880427
13241.961446190431 1.3438182738900712
13294.929291975195 1.1558148824688377
13348.109009143096 0.7332442240220662
13401.50144517967 0.20407368220022382
13455.107450960388 0.054632027765877854
13508.927880764231 0.01980028069310275
13562.963592287288 0.006700115385500828
13617.215446656439 0.010748304367525758
13671.684308443064 0.02978565041593758
13726.371045676835 0.04951660588289856
13781.276529859542 0.10800272179320804
13836.40163597898 0.013826431765306455
13891.747242522899 0.034648873516177875
13947.314231492988 0.02906616979911618
14003.103488418961 0.06969256862739608
14059.115902372636 0.05696568025504209
14115.352365982128 0.04758100689959007
14171.813775446057 0.06360230307262976
14228.501030547843 0.08330151541076615
14285.41503467003 0.17332704658951179
14342.556694808713 0.17388635574616904
14399.926921587949 0.21415494512993766
14457.5266292743 0.36356922897000005
14515.356735791396 0.5468963409423416
14573.418162734559 0.6900178781440589
14631.711835385498 0.6480689941413381
14690.238682727038 0.5285734694913028
14748.999637457951 0.5291254668339409
14807.995636007783 0.5141334952513145
14867.227618551815 0.5561040365541916
14926.69652902602 0.596755290386073
14986.403315142123 0.7028540502423253
15046.348928402693 0.7430922763940321
15106.534324116303 0.6592071750338014
15166.96046141277 0.6459078657881621
15227.62830325842 0.7475294570735146
15288.538816471453 0.7796732682698176
15349.692971737337 0.8103105080663833
15411.091743624287 0.8176642925182911
15472.736110598784 0.832750862274538
15534.62705504118 0.8436888603370772
15596.765563261344 0.8590060294888714
15659.152625514387 0.8637444793290663
15721.789236016448 0.8527216237183539
15784.676392960515 0.8243112532819298
15847.815098532355 0.795117652465033
15911.206358926484 0.7574460020686345
15974.85118436219 0.7180306551394757
16038.75058909964 0.6741277021997862
16102.905591456036 0.6252306245727988
16167.31721382186 0.5728320010174826
16231.986482677148 0.51460309428413
16296.914428607855 0.46250671281329725
16362.102086322288 0.4229775283839294
16427.550494667576 0.39001917753235654
16493.260696646248 0.3824942640621746
16559.23373943283 0.3577010947644615
16625.470674390563 0.33270976621859183
16691.972557088127 0.27222708981581906
16758.74044731648 0.28284853014663364
16825.775409105743 0.26219936668377536
16893.07851074217 0.23732789427571138
16960.650824785134 0.2159779849882297
17028.493428084275 0.1984934465079667
17096.607401796613 0.18723598876334968
17164.993831403797 0.172907543833363
17233.653806729413 0.1567963720330264
17302.588421956334 0.14208028730171823
17371.798775644158 0.13053712090938238
17441.285970746736 0.1179437358003614
17511.05111462972 0.10844301106280947
17581.095319088243 0.0948353872837832
17651.419700364593 0.08087900641292574
17722.02537916605 0.07219177593940235
17792.913480682713 0.059163304286833494
17864.085134605448 0.04531409914773783
17935.54147514387 0.03200671643487852
18007.283641044443 0.02665316766660375
18079.312775608625 0.018255850272197286
18151.630026711056 0.015025506572671623
18224.236546817894 0.014975635577999732
18297.133493005167 0.008655864255446654
18370.32202697719 0.007500162433615809
18443.803315085097 0.011318482757558911
18517.578528345435 0.010851344135362664
18591.648842458817 0.008934565162024082
18666.01543782865 0.005564063760808656
18740.67949957997 0.004195500344491433
18815.642217578286 0.013083742851215874
18890.9047864486 0.0109343547992672
18966.4684055944 0.009615409454613755
19042.334279216768 0.005489397815057837
19118.50361633364 0.00623890139462925
19194.977630798967 0.00592797591829689
19271.757541322168 0.00509255413938967
19348.844571487454 0.00523624260561988
19426.239949773408 0.005222642553525897
19503.9449095725 0.0061888529162580095
19581.960689210795 0.006384744658115028
19660.28853196764 0.007241360787764415
19738.929686095507 0.007328638787733095
19817.885404839893 0.007308116572578255
19897.15694645925 0.0076526459602895055
19976.745574245087 0.007359465615010093
20056.65255654207 0.006959899593478755
20136.879166768238 0.006768934283276005
20217.426683435307 0.0063539616692797765
20298.296390169045 0.00631309072038895
20379.489575729727 0.006141777087239528
20461.007534032648 0.0058391032405399924
20542.851564168777 0.005496515377290002
20625.02297042545 0.005107017645589266
20707.523062307162 0.0046982848155331285
20790.353154556382 0.004299707137547598
20873.514567174607 0.003950164680404636
20957.008625443308 0.0036681952723827344
21040.836659945082 0.003488595206880695
21125.000006584854 0.0034202718772317884
21209.5000066112 0.003469693311929355
21294.33800663765 0.003616013060095173
21379.515358664197 0.0038376243153175962
21465.033420098855 0.004082290937138645
21550.893553779246 0.004307105040144992
21637.097127994366 0.004439470967513267
21723.645516506345 0.004531009118212783
21810.540098572368 0.004447400065995178
21897.782258966654 0.0043255507547298715
21985.37338800253 0.0038320643689692575
22073.314881554532 0.003718366650741194
22161.60814108075 0.0037056032042303674
22250.25457364508 0.0034936586620627798
22339.25559193965 0.0034694980773168215
22428.61261430741 0.003242005847983495
22518.32706476464 0.00312878940623161
22608.400373023702 0.0028278373417595383
22698.833974515794 0.002868361941535623
22789.62931041386 0.0027717396978786074
22880.78782765551 0.002736804544710267
22972.310978966132 0.0025695756575204454
23064.200222882002 0.002653122673473848
23156.457023773528 0.0023259833780560784
23249.082851868614 0.002435365863533041
23342.079183276095 0.0023124337537879717
23435.447500009202 0.0022307946343942927
23529.18929000923 0.002267066462592328
23623.306047169273 0.0023756292305697263
23717.79927135796 0.002098880100141664
23812.670468443375 0.002387166502571613
23907.92115031715 0.0024833235413106074
24003.552834918424 0.0026633287911091625
24099.56704625809 0.0029679654686286293
24195.96531444313 0.003283002120303777
24292.749175700897 0.003902575381904884
24389.9201724037 0.0044992997564682335
24487.479853093315 0.005197278902617417
24585.42977250569 0.006473649749196721
24683.771491595708 0.0074469414124116754
24782.50657756209 0.008886920916810958
24881.636603872343 0.00944875744246073
24981.16315028783 0.010826502651004056
25081.087802888986 0.010159062923549355
25181.412154100537 0.009757533419726
25282.137802716934 0.007461851137604525
25383.266353927807 0.007006086392232248
25484.79941934352 0.0043683328076848885
25586.73861702089 0.008817099149961087
25689.08557148898 0.003525206804631388
25791.84191377493 0.0033400108082047904
25895.009281430033 0.0023337446801699442
25998.589318555754 0.0036992770794652178
26102.58367582998 0.0042979471071247265
26206.994010533297 0.0077732355351969136
26311.821986575433 0.006551565877272767
26417.069274521735 0.024767559578966918
26522.737551619815 0.019959206548399448
26628.828501826294 0.0034968150537467314
26735.343815833607 0.0007757790696088022
26842.285191096937 0.0029296866481142055
26949.654331861326 0.009053805235990104
27057.452949188766 0.010579919759615754
27165.682760985525 0.010287801545881268
27274.345492029468 0.023780265623710366
27383.442873997585 0.005838178662345517
27492.976645493567 0.01967284455850733
27602.948552075544 0.006465487707625054
27713.360346283847 0.009601486252197746
27824.213787668985 0.007102525880453913
27935.510642819663 0.02383523430802351
28047.252685390937 0.012103362486536918
28159.441696132504 0.02484463537805309
28272.079462917034 0.04877960853213469
28385.167780768694 0.02837615936240417
28498.70845189177 0.04632410728357117
28612.703285699336 0.06390022837836003
28727.154098842133 0.07185246142602408
28842.062715237505 0.09038853680415807
28957.430966098455 0.10835710964693512
29073.260689962848 0.1010292556640006
29189.553732722703 0.1448637430140099
29306.311947653598 0.2016896978336337
29423.537195444205 0.17519900197975333
29541.231344225984 0.22507102681710675
29659.396269602887 0.24177190603127338
29778.033854681304 0.23445054305051793
29897.14599010003 0.34447798958465525
30016.734574060432 0.08382814200153338
30136.80151235667 0.3201694428899989
30257.348718406094 0.3986430603304762
30378.37811327972 0.4115416396138408
30499.89162573284 0.32288562311651803
30621.891192235766 0.6095023815112791
30744.37875700471 0.48741249263650593
30867.356272032728 0.5085275364411749
30990.825697120858 0.5223985218538536
31114.78899990934 0.40570726566920395
31239.24815590897 0.6023372055145033
31364.20514853261 0.5094351322942536
31489.661969126744 0.4700725327402686
31615.62061700325 0.3770745819064775
31742.083099471263 0.3989891552666104
31869.05143186915 0.2650355516652553
31996.527637596624 0.1975193681737298
32124.51374814701 0.19951354765932433
32253.011803139605 0.17346857232236185
32382.02385035216 0.23522918499654372
32511.55194575357 0.2950537939032167
32641.598153536583 0.28087885486526565
32772.16454615073 0.46335545941636763
32903.25320433533 0.7231996291965278
33034.86621715268 0.48118668158025063
33167.005682021285 0.016236122395858137
33299.673704749366 0.09922361910925172
33432.87239956837 0.38730239609690464
33566.60388916664 0.5087823607122188
33700.87030472331 0.5847831883805852
33835.6737859422 0.44048708637450956
33971.016481085964 0.41918820919712957
34106.900547010315 0.42257431179695804
34243.32814919835 0.46535926446811804
34380.30146179514 0.5622092508573522
34517.82266764233 0.5864721752874996
34655.893958312896 0.743701980132921
34794.51753414615 0.7762915844464274
34933.69560428273 0.911267385492029
35073.43038669985 1.1383940759794944
35213.72410824666 1.2801686073927372
35354.57900467965 1.220595241089338
35495.99732069836 1.4522902665322506
35637.98130998116 1.7950045603536113
35780.53323522108 1.921569381372948
35923.65536816197 2.132835553512826
36067.34998963462 2.176904532255988
36211.61938959315 2.480606178562133
36356.46586715153 2.7563994169667487
36501.891730620126 2.6609125251771846
36647.89929754261 2.7830142121696784
36794.49089473278 3.0160775918710225
36941.6688583117 2.8651770905383036
37089.43553374496 2.8667398024317663
37237.793275879936 2.9416199017197044
37386.74444898345 3.081848825460818
37536.29142677938 3.1051771901064247
37686.43659248651 2.988622987049408
37837.18233885645 2.9682686679489048
37988.53106821188 3.0083848305775143
38140.48519248474 3.1390274901785844
38293.04713325467 3.1548829619767234
38446.21932178769 2.9080492919936574
38600.00419907484 3.055192875774793
38754.40421587113 3.0126517494276173
38909.42183273463 3.026029773306068
39065.05952006556 2.9658758270814882
39221.31975814583 2.9863307821899014
39378.205037178406 2.9989860892809435
39535.71785732712 2.9221527884204925
39693.860728756415 2.937284011262464
39852.636171671445 2.9064600767082167
40012.04671635814 2.8176016670586903
40172.09490322357 2.793193459504472
40332.78328283648 2.7748020249114447
40494.11441596781 2.683385488089941
40656.090873631685 2.6891587058957476
40818.71523712622 2.6178972033373356
40981.990098074726 2.5435999856422637
41145.918058467025 2.5144470603231914
41310.50173070089 2.4380510294778572
41475.74373762369 2.4221122320611688
41641.646712574184 2.355940548511179
41808.21329942448 2.286738678127956
41975.44615262219 2.239048010328711
42143.347937232684 2.2236183816534325
42311.921328981625 2.2627573681363726
42481.16901429755 2.229841694297955
42651.09369035474 2.2491195311164556
42821.69806511615 2.108700791394349
42992.98485737662 1.652212199883782
43164.95679680613 1.7037631160872602
43337.61662399335 1.9592420277907705
43510.96709048933 1.9563311139555322
43685.01095885128 1.9406413630388906
43859.75100268668 1.9044934298587988
44035.19000669744 1.834946525619236
44211.330766724226 1.869371288551858
44388.176089791115 1.672439804150511
44565.72879415028 1.7916080726029415
44743.991709326874 1.6628541983306278
44922.9676761642 1.7417096355160426
45102.65954686885 1.718566285058383
45283.07018505633 1.4560554335925726
45464.20246579656 1.7345531171155686
45646.05927565975 1.5752494975072648
45828.64351276236 1.6114014966168126
46011.95808681343 1.6629884263850605
46196.00591916067 1.3283678411493247
46380.78994283732 1.543589967582149
46566.31310260868 1.4336504610108347
46752.578355019126 1.1190599613679248
46939.588668439166 1.5200511859337664
47127.34702311293 1.3645358194042496
47315.85641120539 1.1541294238561464
47505.11983685021 1.4101308858884247
47695.14031619761 1.2938594177481324
47885.9208774624 0.9049599388713617
48077.46456097225 1.200326886374833
48269.774419216126 1.236425084261156
48462.853516892996 0.7805944790960883
48656.70493096058 1.2671869891014753
48851.33175068441 1.0420573208463921
49046.737077687154 0.8637662326749321
49242.92402599791 1.1369560930543496
49439.89572210189 0.781677614864189
49637.6553049903 0.7057354860322106
49836.20592621027 0.9809633446886813
50035.55074991511 0.9467379887636099
50235.69295291477 0.3867773539582633
50436.63572472643 0.9463234065625032
50638.382267625326 0.9960875541919169
50840.935796695834 0.5468250827296086
51044.2995398826 0.7084552593799558
51248.47673804215 0.7527636275814384
51453.47064499432 0.3185440969039787
51659.28452757429 0.6354512783704171
51865.92166568459 0.7312957511997783
52073.38535234733 0.2015522129384052
52281.67889375672 0.4413072624256181
52490.80560933175 0.5103761397365528
52700.76883176907 0.45189136272018127
52911.57190709616 0.352888536713834
53123.218194724526 0.484988032664406
53335.711067503435 0.5683874309277186
53549.053911773444 0.14724036359452183
53763.25012742054 0.33344060804118647
53978.303127930216 0.5212967588953761
54194.21634044194 0.08631430413390397
54410.99320580371 0.30289175059497864
54628.63717862692 0.15607038362041814
54847.15172734143 0.21599517399293103
55066.540334250785 0.2720874108797203
55286.80649558781 0.1865854955116064
55507.95372157016 0.13525935680879558
55729.985536456436 0.08626122509269248
55952.90547860226 0.15298744454299792
56176.717100516675 0.14177079385563
56401.42396891874 0.07319368904647594
56627.02966479442 0.12339392336617376
56853.5377834536 0.09146769310059065
57080.95193458741 0.09272863838883427
57309.27574232576 0.06694580880413233
57538.51284529506 0.05399855374346945
57768.666896676245 0.0785738377997163
57999.74156426295 0.14056312604661672
58231.74053052 0.04158245534198104
58464.66749264208 0.10435558368952633
58698.52616261265 0.04250292924226471
58933.3202672631 0.039811567849942484
59169.05354833215 0.08072823227458073
59405.72976252549 0.03983195234933769
59643.3526815756 0.0850356538238882
59881.926092301896 0.07147098403369324
60121.45379667111 0.11974187107402227
60361.93961185778 0.09454106529270219
60603.38737030522 0.03860609428305653
60845.800919786445 0.08381452259275506
61089.184123465595 0.05619034155482242
61333.54085995945 0.07433206804967209
61578.87502339928 0.041709621210620385
61825.19052349288 0.055121240449853295
62072.491285586846 0.12351197500253064
62320.7812507292 0.14877141891990156
62570.06437573213 0.1971804641571456
62820.34463323505 0.17294809532247585
63071.62601176801 0.26467825968947656
63323.91251581507 0.12436536885912064
63577.20816587833 0.09916741642698579
63831.51699854184 0.09068111830131506
64086.843066536014 0.04189184936900449
64343.19043880215 0.062143930659091504
64600.563200557364 0.06666966603791176
64858.96545335958 0.02476065510648433
65118.401315173025 0.04914922039893409
65378.87492043372 0.060704440148308204
65640.39042011545 0.034644117131451366
65902.95198179591 0.039549472781743755
66166.56378972309 0.05139301600548543
66431.23004488199 0.050438999516596285
66696.95496506151 0.055662875300751834
66963.74278492175 0.08775912886288581
67231.59775606144 0.07499554700551485
67500.52414708569 0.1351397848752785
67770.52624367403 0.07240603663418597
68041.60834864872 0.09456749416883597
68313.77478204331 0.10981302808886662
68587.02988117147 0.04439950685569506
68861.37800069616 0.11724893055727387
69136.82351269896 0.14058263655813705
69413.37080674975 0.17722165114484842
69691.02428997675 0.08851273797052898
69969.78838713666 0.13080731138440901
70249.6675406852 0.1312477365088837
70530.66621084794 0.0728200793754419
70812.78887569135 0.16843810279179505
71096.04003119409 0.15052370328430847
71380.42419131887 0.14065224162604373
71665.94588808414 0.0849693793811669
71952.60967163648 0.1348262049748886
72240.42011032304 0.15817362969190862
72529.38179076432 0.13999058324843752
72819.49931792737 0.09600876243391016
73110.77731519907 0.1251391883325869
73403.22042445988 0.07251692732216625
73696.83330615771 0.11603736069194164
73991.62063938235 0.1294761285229888
74287.58712193987 0.13002939565975807
74584.73747042764 0.07066771032078985
74883.07642030934 0.11271744311858636
75182.60872599059 0.1537061305301
75483.33916089457 0.15939118655907594
75785.27251753812 0.12514957938955584
76088.4136076083 0.12575674322212596
76392.76726203872 0.16637745033931317
76698.33833108687 0.03528274413839506
77005.13168441122 0.09594347930833656
77313.15221114887 0.11786221498383956
77622.40481999348 0.10421452758718261
77932.89443927344 0.1372114113138376
78244.62601703055 0.15132994257782428
78557.60452109865 0.13210704818724056
78871.83493918306 0.1118705671919453
79187.3222789398 0.12342588658727804
79504.07156805556 0.14808997147809252
79822.08785432778 0.1537820297065093
80141.37620574511 0.12678987812703688
80461.94171056806 0.13707933087098279
80783.78947741033 0.1397133461118831
81106.92463531997 0.1760965993840803
81431.35233386126 0.14693598958091492
81757.0777431967 0.1533296488211632
82084.10605416949 0.15169828179138625
82412.44247838613 0.14054954944087603
82742.09224829968 0.1677205971927046
83073.06061729288 0.17200600128519566
83405.35285976208 0.15836890932228329
83738.9742712011 0.13674115879524185
84073.93016828595 0.15983041186194055
84410.22588895904 0.16165828298650256
84747.86679251489 0.15660903730260864
85086.85825968496 0.12078679547685503
85427.20569272367 0.15345385230512168
85768.91451549459 0.15432685653834052
86111.99017355654 0.13954848773742473
86456.43813425078 0.10479401542868716
86802.2638867878 0.13619512577974588
87149.47294233493 0.14539504864920452
87498.07083410428 0.12488932892319586
87848.0631174407 0.09803504939524627
88199.45536991046 0.11859364553360842
88552.25319139009 0.13127908219585077
88906.46220415569 0.12233542766704232
89262.08805297229 0.10197407844831974
89619.1364051842 0.08845496321893741
89977.61295080492 0.10955180578873941
90337.52340260813 0.11870354837831922
90698.87349621857 0.09026783784184542
91061.66899020346 0.11112843076687728
91425.91566616425 0.08674549114081867
91791.61932882894 0.10212751877336625
92158.78580614422 0.07589180932854049
92527.4209493688 0.11710541225401727
92897.53063316627 0.08498019604855263
93269.12075569895 0.07828982054940387
93642.19723872172 0.09108327165218864
94016.76602767664 0.09418515863793696
94392.83309178732 0.11252320118590657
94770.40442415449 0.07815797789519287
95149.48604185111 0.07902292122114579
95530.08398601852 0.07614312766659524
95912.20432196259 0.10651866005923756
96295.85313925042 0.11000067081655217
96681.0365518075 0.06954502663608947
97067.76069801472 0.08179450269503905
97456.03174080675 0.08758125909372204
97845.85586776999 0.10651019410618544
98237.23929124104 0.11161704012972701
98630.18824840599 0.08169403365255712
99024.70900139965 0.08240070512668561
99420.80783740526 0.08955324671812626
99818.49106875488 0.11024103185507281
100217.76503302988 0.10949923776824089
100618.636093162 0.07848135870527037
101021.11063753467 0.0914789403982699
101425.1950800848 0.10554938242879476
101830.89586040513 0.10831059856974129
102238.21944384674 0.10706566944471786
102647.17232162213 0.10107454497297333
103057.7610109086 0.07845887132555665
103469.99205495225 0.022898640803155217
103883.87202317205 0.03189620908590044
104299.40751126477 0.05835577049652693
104716.60514130979 0.07832913963320018
105135.47156187505 0.06651602306632799
105556.01344812254 0.07530864022169895
105978.23750191503 0.08957669367544516
106402.15045192267 0.08325654792482587
106827.75905373038 0.058072189904135756
107255.07008994528 0.02716922711232564
107684.09037030509 0.029593913345758525
108114.8267317863 0.04753491908643802
108547.28603871344 0.06600957131093231
108981.47518286831 0.07424330749408582
109417.40108359976 0.07743339321044634
109855.0706879342 0.07771279530519001
110294.49097068593 0.07198294312131527
110735.66893456863 0.08890239991156068
111178.61161030692 0.08871336566564406
111623.32605674816 0.08979665034571221
112069.81936097513 0.06699913527183057
112518.09863841905 0.06347966995782539
112968.17103297272 0.0853070083984391
113420.0437171046 0.08678128484317524
113873.72389197304 0.0852699029097331
114329.21878754091 0.08300213113773235
114786.53566269108 0.0647489622202829
115245.68180534184 0.05533640858576329
115706.66453256323 0.07920975197318948
116169.49119069346 0.0816174743759162
116634.16915545624 0.07932895207562951
117100.70583207808 0.05153688660820656
117569.1086554064 0.06394436614759193
118039.385090028 0.054435775362923926
118511.54263038811 0.07348441283642802
118985.58880090967 0.0763706552246232
119461.5311561133 0.0732742367423758
119939.37728073777 0.04846370495548008
120419.13478986072 0.06397440359835914
120900.81132902016 0.046349613597324195
121384.41457433623 0.0698546135219378
121869.9522326336 0.07106806758909524
122357.43204156413 0.05595759413800929
122846.86176973036 0.053821599054764684
123338.2492168093 0.06017980946197014
123831.60221367657 0.049356037297836206
124326.92862253124 0.06391899930826565
124824.23633702139 0.06701845769151185
125323.53328236948 0.05444787893748686
125824.82741549893 0.05445441200651919
126328.12672516092 0.061157417480499354
126833.43923206156 0.05052375781350022
127340.77298898982 0.053630615789879876
127850.13608094577 0.06148873269639656
128361.53662526955 0.04824826726227404
128874.98277177062 0.05736299275781798
129390.4827028577 0.05809298608672114
129908.04463366912 0.05682548726999837
130427.67681220379 0.050500519654601436
130949.38751945265 0.055650482667824956
131473.18506953045 0.05376488524350209
131999.07780980857 0.05482060433226845
132527.0741210478 0.053783099525911586
133057.182417532 0.056718584913459325
133589.4111472021 0.05229818373934568
134123.76879179094 0.04906919955488893
134660.26386695806 0.05207628333428068
135198.9049224259 0.05427802965452487
135739.7005421156 0.05051477683970614
136282.65934428407 0.052771707778351586
136827.78998166122 0.05265381213219389
137375.1011415879 0.04991200879586098
137924.60154615424 0.05060263185084762
138476.29995233883 0.0508538120636698
139030.20515214818 0.05158514423277551
139586.32597275675 0.05144522490182864
140144.6712766478 0.04809669565547092
140705.2499617544 0.047550905300538474
141268.0709616014 0.04774256087732928
141833.1432454478 0.0461221793077082
142400.4758184296 0.04780465419417461
142970.07772170333 0.04742580682517196
143541.95803259013 0.04539181757189993
144116.12586472047 0.045273710312938295
144692.59036817937 0.04179159345431216
145271.3607296521 0.04230322951425488
145852.44617257072 0.04513338336213464
146435.85595726097 0.04500504350536811
147021.59938109003 0.044065168017660465
147609.6857786144 0.04367120668406069
148200.12452172884 0.043335961375096155
148792.92501981577 0.04202722544718573
149388.09671989502 0.0403611924235095
149985.6491067746 0.04199634514936016
150585.59170320167 0.0409743823012411
151187.93407001448 0.04087947644581151
151792.68580629455 0.03859327278770537
152399.85654951975 0.03994677747345502
153009.45597571784 0.03954409947088941
153621.4937996207 0.037640979437834995
154235.97977481916 0.03825269292326089
154852.92369391845 0.037734171864371197
155472.3353886941 0.036264091145259456
156094.2247302489 0.035145782171178905
156718.60162916992 0.03505749920022945
157345.47603568656 0.03320938081799466
157974.8579398293 0.032633124124628064
158606.75737158864 0.03217786038944535
159241.18440107498 0.030858970937094457
159878.14913867926 0.030332458533593135
160517.661735234 0.03260171504234494
161159.73238217493 0.03201233350144968
161804.3713117036 0.03301330471419787
162451.58879695044 0.031087167375945315
163101.39515213823 0.032847608170110176
163753.8007327468 0.03276863348527433
164408.81593567782 0.03272302463659719
165066.45119942052 0.03241344627457695
165726.71700421823 0.03139320962108639
166389.62387223504 0.029445833847014827
167055.18236772402 0.031105122283013483
167723.40309719497 0.031136466855520684
168394.2967095837 0.029894606566554356
169067.87389642204 0.026349410858037842
169744.14539200772 0.03000810756570444
170423.1219735757 0.030380850624665008
171104.81446147006 0.027826175935645226
171789.23371931593 0.02858129378237441
172476.3906541932 0.026777740576751797
173166.29621680998 0.028692631614152305
173858.96140167722 0.026416521892695142
174554.39724728392 0.02892883187816289
175252.61483627307 0.026432185493990006
175953.62529561817 0.025467351651252728
176657.43979680064 0.027654524494544322
177364.06955598784 0.02750162019700946
178073.52583421173 0.02809486151581982
178785.8199375486 0.027929143061996654
179500.9632172988 0.02691097006002163
180218.967070168 0.025620661695061504
180939.84293844865 0.026412223162737572
181663.60231020238 0.024030703174478647
182390.25671944322 0.024660735759041676
183119.81774632097 0.023269648821075344
183852.29701730626 0.02628896255942145
184587.7062053755 0.026072972214916123
185326.057030197 0.025452495617816692
186067.3612583178 0.024919855058383792
186811.63070335102 0.023918640495487847
187558.8772261645 0.025196062697182386
188309.11273506918 0.02528998551403049
189062.3491860094 0.025169446644069227
189818.59858275342 0.02096401098068984
190577.87297708448 0.02347415655774381
191340.18446899284 0.02468574085452565
192105.54520686882 0.02135961458522872
192873.9673876963 0.01976710660014782
193645.46325724703 0.01953716025527145
194420.04511027603 0.020654982587284078
195197.72529071715 0.023096416841926728
195978.51619188 0.020596951859255887
196762.4302566476 0.021987825639324172
199107.9942767367 0.020131949094684482
203090.15416227144 0.020200477792680756
207151.95724551688 0.01896796333636909
211294.9963904272 0.016411855712193876
215520.89631823578 0.016480312654667355
219831.31424460045 0.014384611943021201
224227.94052949245 0.013692120288006341
228712.4993400823 0.01417039833611865
233286.74932688402 0.013668767975510733
237952.48431342165 0.009684878354990926
242711.5339996901 0.013485661961126875
247565.76467968393 0.011623817031336792
252517.0799732776 0.007700297213219099
257567.42157274322 0.010025900572275403
262718.770004198 0.008963223216412556
267973.145404282 0.006564938705127706
273332.6083123676 0.008759804196643267
278799.26047861495 0.006574302476792495
284375.2456881872 0.0046155872307626624
290062.750601951 0.006082257421498998
295864.00561398995 0.00533407556859726
301781.2857262697 0.005130524262433
307816.91144079523 0.003800536796740522
313973.24966961105 0.004981512558948756
320252.7146630032 0.004302875217310466
326657.7689562633 0.0037230480824348667
333190.92433538847 0.0030439535150657946
339854.7428220964 0.0037454755124422512
346651.83767853834 0.002810877097380769
353584.87443210906 0.002356525012522991
360656.57192075124 0.0021472509595125097
367869.70335916633 0.002608731233695956
375227.09742634965 0.0022849670490842056
382731.63937487674 0.0026280510111681876
390386.2721623741 0.0017658270106059
398193.99760562164 0.0016188892863249578
406157.87755773397 0.0013487095180946553
414281.0351088888 0.0019599181092381703
422566.65581106645 0.0016185556933859056
431017.98892728786 0.0012583509458662411
439638.3487058336 0.0010409022784960572
448431.11567995034 0.0010370537584253113
457399.7379935492 0.001164081844722708
466547.7327534202 0.0008504781998948077
475878.6874084886 0.0008824674909911982
485396.2611566584 0.0008671684501430672
495104.1863797916 0.0006784332250001392
505006.2701073874 0.00069340366732009
515106.39550953516 0.0006479422268570308
525408.5234197257 0.0007520911099841346
535916.6938881205 0.0006502804340580206
546635.0277658828 0.0005892674704536749
557567.7283212005 0.0004786102618931903
568719.0828876244 0.0004120073932942357
580093.4645453768 0.00042227811335977355
591695.3338362843 0.00040098990921754124
603529.2405130101 0.0004097154525052056
615599.8253232702 0.0004311591108771117
627911.8218297358 0.00029632225007440033
640470.0582663304 0.00027965558092179463
653279.459431657 0.0002650605734819532
666345.04862029 0.00021705715048293521
679671.9495926959 0.0002746199515028927
693265.38858455 0.0002773205720898583
707130.6963562409 0.00021080139968912424
721273.3102833657 0.0001636123087251222
735698.7764890331 0.0002019692452132821
750412.7520188137 0.0001572039369614639
765421.0070591901 0.0001651008934150512
780729.4272003738 0.00014166216909589736
796344.0157443815 0.00013958853176454503
812270.896059269 0.00012306995469114058
828516.3139804546 0.00010875858926341929
845086.6402600636 0.00010419740981091257
861988.3730652649 0.00011837206939453294
879228.14052657 0.00012225195091604337
896812.7033371016 9.020423121363391e-05
914748.9574038435 9.170244432250531e-05
933043.9365519203 7.546855535735783e-05
951704.8152829591 6.294115413358736e-05
970738.911588618 7.181000193601483e-05
990153.6898203905 5.439628705120642e-05
