1000.5530765187797 2.0712702409103376e-14
1004.5552888248548 3.20060152136874e-57
1008.5735099801544 9.792927962676048e-55
1012.607804020075 1.9307266977004764e-54
1016.6582352361554 4.448347236381581e-57
1020.7248681770998 1.2550550827978167e-39
1024.8077676498083 1.8922036597371247e-42
1028.9069987204075 3.0159902728213805e-53
1033.022626715289 4.21281433876036e-37
1037.1547172221503 2.60727270672452e-55
1041.3033360910388 6.710413227588961e-51
1045.468549435403 9.271204080002637e-48
1049.6504236331448 1.7766932723191593e-56
1053.8490253276773 5.561819618622325e-42
1058.064421428988 7.598120928290691e-53
1062.296679114704 1.9242578695955829e-41
1066.5458658311627 4.466034816609409e-46
1070.8120492944875 4.554368592458428e-48
1075.0952974916654 1.5055047124279652e-37
1079.3956786816323 2.668624265853793e-48
1083.7132613963586 4.256654702619849e-36
1088.048114441944 9.116817825210431e-39
1092.4003068997117 1.1094671256331386e-27
1096.7699081273104 5.781391083914334e-38
1101.15698775982 3.408294325030481e-39
1105.561615710859 6.735457135308105e-28
1109.9838621737026 3.8668675469938405e-31
1114.4237976223976 6.862467218359411e-35
1118.8814928128868 2.2307637661728676e-38
1123.3570187841383 6.406350730097135e-35
1127.8504468592753 5.183959145478182e-25
1132.361848646712 1.2477508468091408e-26
1136.8912960412988 3.09286807547231e-26
1141.438861225464 6.962592161139397e-26
1146.004616670366 1.7880612456198456e-25
1150.5886351370475 7.766069559361844e-26
1155.190989677596 2.4217749372959166e-26
1159.8117536363065 2.6274974897657506e-25
1164.4510006508515 1.0847260964873758e-26
1169.108804653455 2.514284202221662e-27
1173.7852398720688 5.368359279699464e-26
1178.480380831557 4.46191932799408e-26
1183.1943023548836 2.868138093772501e-25
1187.9270795643029 1.1375221007572569e-27
1192.67878788256 5.0284806733893415e-27
1197.4495030340906 7.51442045756224e-27
1202.2393010462267 1.1281116836277223e-28
1207.0482582504117 3.732897965797662e-27
1211.8764512834132 3.549369213805245e-27
1216.7239570885472 2.1149775315371358e-28
1221.5908529169012 5.183255684114921e-27
1226.4772163285688 1.5531553511309557e-25
1231.383125193883 1.1238333294735539e-26
1236.3086576946585 6.328920539314423e-26
1241.2538923254372 2.2456669657912216e-26
1246.2189078947392 4.261016447218328e-27
1251.203783526318 1.937562837487288e-26
1256.2085986604231 1.405862850034437e-24
1261.233433055065 6.699347755818928e-25
1266.2783667872852 2.730101766469382e-28
1271.3434802544346 6.129855114748765e-25
1276.4288541754522 8.859764204228246e-25
1281.534569592154 1.8623784022863083e-26
1286.6607078705229 7.816750253260541e-26
1291.8073507020044 3.11973466923537e-24
1296.9745801048125 2.167736201539706e-24
1302.162478425232 7.568668182275663e-25
1307.3711283389327 1.0070658769688697e-23
1312.6006128522888 7.468053865850894e-24
1317.851015303698 1.6973479929721855e-23
1323.1224193649127 1.0142367673214293e-22
1328.4149090423725 3.6148538487212356e-22
1333.728568678542 2.0064569415672606e-22
1339.0634829532567 2.5398082259871968e-23
1344.4197368850691 1.138691612404799e-22
1349.7974158326099 2.5818102131740226e-21
1355.1966054959403 1.6681535787984166e-21
1360.6173919179244 7.083691713293434e-21
1366.059861485596 7.698102998141431e-22
1371.5241009315384 1.499118542868776e-22
1377.0101973352646 7.378284405775713e-22
1382.5182381246057 5.1605331193887824e-20
1388.0483110771042 1.7535131127453675e-20
1393.6005043214122 1.8453482103875238e-21
1399.1749063386976 1.2900484073413529e-21
1404.7716059640527 1.2032688593582956e-19
1410.3906923879088 1.2791797706246829e-20
1416.0322551574602 3.1204796986438586e-19
1421.6963841780905 1.5073203197000717e-21
1427.3831697148032 8.634552230610802e-20
1433.0927023936622 1.5436166694904828e-18
1438.8250732032368 3.1104561598845293e-19
1444.5803734960498 2.1331113022918416e-18
1450.3586949900334 3.899672440342393e-19
1456.1601297699938 2.7867221034070602e-18
1461.984770289074 4.3843219814634026e-18
1467.83270937023 1.55363745670408e-18
1473.704040207711 6.035876319864519e-18
1479.5988563685412 1.4378614389779124e-19
1485.5172517940157 3.899111345268172e-18
1491.459320801192 8.647834520122825e-18
1497.4251580843968 2.2490880946062895e-18
1503.4148587167342 2.850133384057531e-17
1509.4285181516007 8.401840099903058e-18
1515.4662322242077 1.2142584810458695e-18
1521.5280971531042 2.9162143826254295e-17
1527.6142095417167 6.626185429789585e-18
1533.7246663798837 6.873966191956224e-18
1539.859565045403 1.3902038515399486e-17
1546.0190033055849 4.623416551822505e-19
1552.203079318807 6.216212209456488e-18
1558.4118916360824 7.420323282333394e-18
1564.6455392026269 5.7348459160418555e-18
1570.9041213594373 1.7593815426312164e-17
1577.187737844875 1.2046367245717036e-17
1583.4964887962547 2.5812147769743852e-17
1589.8304747514399 5.0599668684865416e-17
1596.1897966504455 2.9713783560826505e-17
1602.5745558370472 4.3485181159456694e-17
1608.9848540603957 7.335568958523309e-17
1615.4207934766368 5.940055421443897e-17
1621.8824766505436 1.3963665793238235e-16
1628.3700065571454 1.199122347597964e-16
1634.8834865833744 1.831843694886092e-16
1641.4230205297079 3.4738656387985206e-16
1647.9887126118267 2.2861026314994973e-16
1654.580667462274 1.8700762795108885e-16
1661.198990132123 5.05979109666309e-16
1667.8437860926513 4.1813061780441747e-16
1674.515161237022 8.343638863321112e-16
1681.2132218819695 1.365970007534575e-15
1687.9380747694975 1.7690608859083045e-15
1694.6898270685758 3.0834027551489857e-15
1701.4685863768502 3.1691222405496066e-15
1708.2744607223572 2.48671372278314e-15
1715.1075585652468 3.5150471509814403e-15
1721.967988799508 4.252904386304624e-15
1728.8558607547059 4.943405070017948e-15
1735.7712841977245 7.763640733446944e-15
1742.7143693345156 9.568760012532333e-15
1749.6852268118535 1.2553190067820348e-14
1756.6839677191008 1.966704677031947e-14
1763.7107035899771 2.8885938374548504e-14
1770.7655464043373 2.617292775943184e-14
1777.8486085899544 2.7291451253808184e-14
1784.9600030243143 4.0508190694293207e-14
1792.0998430364118 4.460787583576011e-14
1799.2682424085576 6.391488987894415e-14
1806.4653153781921 7.917886444158895e-14
1813.6911766397043 9.530608850845793e-14
1820.945941346263 1.2528479282415534e-13
1828.2297251116483 1.5327536021755176e-13
1835.5426440120948 1.649979774319576e-13
1842.8848145881432 2.166709583297532e-13
1850.2563538464956 2.83358458187694e-13
1857.657379261881 3.246868473034923e-13
1865.0880087789287 4.507466448069773e-13
1872.5483608140448 5.318753049489796e-13
1880.0385542573008 6.110892256947376e-13
1887.5587084743302 8.318834484281706e-13
1895.1089433082268 9.49114665457752e-13
1902.68937908146 1.0899373831139756e-12
1910.3001365977857 1.491491717248292e-12
1917.9413371441767 1.643909053596238e-12
1925.6131024927531 1.982641780456597e-12
1933.3155549027244 2.5625005705921782e-12
1941.0488171223355 2.9242014805484723e-12
1948.8130123908247 3.4230976548332968e-12
1956.608264440388 4.371043422580681e-12
1964.434697498149 4.8278139145675885e-12
1972.2924362881417 5.781974495728568e-12
1980.1816060332944 7.1033642687011095e-12
1988.1023324574276 8.118603731657946e-12
1996.0547417872574 9.401679715310344e-12
2004.0389607544066 1.1129202145713016e-11
2012.0551165974243 1.2929589838051093e-11
2020.1033370638136 1.5065461856151172e-11
2028.1837504120688 1.7808358881389665e-11
2036.2964854137172 2.1424782284509172e-11
2044.4416713553724 2.5733302103140118e-11
2052.6194380407937 3.0981465734826464e-11
2060.829915792957 3.6787273722939996e-11
2069.0732354561287 4.3467215838352444e-11
2077.3495283979532 5.139898366812436e-11
2085.6589265115445 6.099344049337429e-11
2094.001562217591 7.172023512578828e-11
2102.3775684664615 8.423400566515686e-11
2110.787078740328 9.801818157949422e-11
2119.2302270552887 1.1608704001323809e-10
2127.70714796351 1.3646167663745125e-10
2136.217976555364 1.606106445881257e-10
2144.7628484615852 1.8520003478029438e-10
2153.341899855432 2.195897287528525e-10
2161.9552674548536 2.5898234018910295e-10
2170.603088524673 3.0364632730494746e-10
2179.285500878772 3.5037766282535093e-10
2188.0026428822866 4.099944635696399e-10
2196.754653453816 4.852406564425427e-10
2205.541672067631 5.621492181139244e-10
2214.3638387559017 6.712939632926585e-10
2223.2212941109246 7.606052906980802e-10
2232.114179287369 9.286894929935153e-10
2241.0426360045185 1.0485629633976004e-09
2250.0068065485366 1.2798618094930468e-09
2259.0068337747302 1.4268866582349873e-09
2268.0428611098296 1.68688561013624e-09
2277.115032554269 1.9675554813482166e-09
2286.223492684486 2.280490496458622e-09
2295.368386655224 2.786964848863826e-09
2304.549860201845 2.966876510155921e-09
2313.7680596426517 3.634365545987538e-09
2323.0231318812225 4.1387085953580796e-09
2332.3152244087473 4.958467000336655e-09
2341.6444853063817 5.719937289233805e-09
2351.0110632476076 6.1620671133140195e-09
2360.415107500598 7.515304202737371e-09
2369.8567679306 8.163865312187302e-09
2379.3361950023227 9.983425967303249e-09
2388.853539782332 1.1242830775621565e-08
2398.4089539414617 1.3673528564590847e-08
2408.0025897572273 1.5868738796558195e-08
2417.6346001162565 1.6886595536514088e-08
2427.3051385167214 2.1127236624653642e-08
2437.0143590707885 2.3759715080243528e-08
2446.762416507072 2.970589875617522e-08
2456.5494661731 3.114565698058444e-08
2466.375664037793 3.6297572343068223e-08
2476.2411666939443 4.254254873743024e-08
2486.1461313607197 4.3922052569841916e-08
2496.090715886162 5.2836504908898407e-08
2506.075078749707 5.9035702067323e-08
2516.0993790647044 6.844391858781319e-08
2526.163776580964 8.257679797178002e-08
2536.268431687288 9.706193242546587e-08
2546.4135054140374 1.1158020860244057e-07
2556.599159435693 1.1858138506909813e-07
2566.825556073436 1.2971501752082987e-07
2577.09285829773 1.491764977778343e-07
2587.4012297309205 1.6559507758480204e-07
2597.7508346498444 1.9213390447269369e-07
2608.141837988444 2.1776543029754729e-07
2618.5744053403982 2.496468225382028e-07
2629.0487029617593 2.84962199456543e-07
2639.5648977736064 3.171837548324508e-07
2650.123157364701 3.543882977293025e-07
2660.7236499941596 3.9875158160010094e-07
2671.366544594136 4.4595527453532214e-07
2682.052010772512 5.053175951105953e-07
2692.7802188156024 5.669431087048981e-07
2703.551339690865 6.385319003458138e-07
2714.365545049628 7.164631591656082e-07
2725.223007229827 8.028841745354449e-07
2736.123899258746 8.994825848903723e-07
2747.0683948557817 1.0079313221223071e-06
2758.0566684352048 1.1287301524760007e-06
2769.0888951089455 1.2648851934341363e-06
2780.165250689381 1.4165462455871392e-06
2791.2859116921386 1.586345126522422e-06
2802.451055338907 1.7762951111843584e-06
2813.660859560263 1.9888674887836147e-06
2824.9155029985036 2.2266937330817e-06
2836.2151650104965 2.4927022056212154e-06
2847.5600256705393 2.790137081872791e-06
2858.950265773222 3.1226167618857535e-06
2870.386066836315 3.4941279864858727e-06
2881.8676111036607 3.90909340528272e-06
2893.3950815480757 4.3724163148934075e-06
2904.968661874268 4.889515089629751e-06
2916.588536521764 5.466393413222246e-06
2928.254890667851 6.109659965840254e-06
2939.9679102305226 6.826648032147052e-06
2951.727781871445 7.625446599758454e-06
2963.534692998931 8.514923747361452e-06
2975.3888317709266 9.504939128660137e-06
2987.2903870980094 1.060640614220849e-05
2999.2395486464025 1.1830805957830665e-05
3011.2365068409886 8.262899364006426e-06
3023.2814528683516 9.067784715463153e-06
3035.374578679825 6.561340893403435e-06
3047.516076994544 1.0984934530354103e-05
3059.7061413025226 1.2511478843717613e-05
3071.9449658677336 1.3401201503406936e-05
3084.232745731204 1.347788121831318e-05
3096.569676714128 7.233306802525407e-06
3108.955955420985 7.596778316010042e-06
3121.3917792426687 1.570562635206995e-05
3133.8773463596394 1.710408267714921e-05
3146.412855745078 1.7318713422132144e-05
3158.998507168058 1.684656744162494e-05
3171.6345011967305 1.5661551736839414e-05
3184.321039201517 1.3650737241315917e-05
3197.0583233583234 1.0472483347165012e-05
3209.8465566517566 4.391578629895849e-06
3222.6859428783637 1.6268114014423371e-06
3235.576686649877 2.573221022980936e-06
3248.518993396477 9.803633783267865e-07
3261.513069370063 1.9796494000212018e-07
3274.559121647543 2.1301157517745968e-08
3287.6573581341336 1.2116026506225124e-09
3300.8079875666704 1.0359180873978412e-10
3314.0112195169368 5.601645685818515e-10
3327.2672643950045 1.0028736085673121e-08
3340.5763334525845 1.4056223494895305e-07
3353.938638786395 1.0656529770063703e-06
3367.354393341541 4.450836077300516e-06
3380.8238109149074 1.1961091740343135e-05
3394.347106158567 2.410910017350015e-05
3407.924494583201 3.9435109941503375e-05
3421.5561925615334 5.0991060384467277e-05
3435.2424173317804 3.059120487421596e-05
3448.9833870011066 2.171927545606279e-06
3462.7793205491116 6.445874598580356e-05
3476.630437831308 0.00015194108433688462
3490.536959582633 0.00021506769091697608
3504.4991074209643 0.00027138039582377604
3518.5171038506473 0.00032755061833399286
3532.5911722660503 0.0003858799281567023
3546.7215369551145 0.0004476465470117132
3560.9084231029346 0.000513632591014441
3575.1520567953467 0.0005844053075629835
3589.452665022528 0.0006605294675069547
3603.810475682617 0.0007425064037529652
3618.225717585348 0.000830858092337307
3632.698620455689 0.000926106140858954
3647.2294149375116 0.0010288258675629925
3661.8183325972614 0.001139591378374841
3676.4656059276513 0.0012589703870556448
3691.1714683513615 0.0013876130098928049
3705.936154224767 0.00152620485834217
3720.7598988416657 0.0016753121943949012
3735.6429384370326 0.0018357106242983077
3750.585510190781 0.0020078301855502487
3765.587852231544 0.0021924053140870963
3780.6502036404704 0.002389804712027833
3795.772804455032 0.002600871677538545
3810.955895672852 0.0028254765871631457
3826.199719255544 0.003063595935571855
3841.504518132566 0.003315175690260268
3856.870536205096 0.0035800102959160957
3872.2980183499167 0.003852969657533548
3887.7872104233156 0.004132165296298741
3903.338359265009 0.004409765077018058
3918.9517127020695 0.0046740187333655266
3934.6275195528774 0.004899574680109879
3950.3660296310895 0.005047671294465569
3966.1674937496136 0.005037870747327656
3982.0321637246125 0.004720365336688478
3997.9602923795105 0.0038352832316105256
4013.9521335490285 0.002120562114542613
4030.007942083225 0.00038388658540948635
4046.1279738515577 5.731343224542392e-06
4062.312485746964 0.00041050173480044485
4078.5617356899515 0.002729364355483741
4094.8759826327114 0.005826326040559931
4111.255486563242 0.008396815059285391
4127.700508509496 0.01045533700929766
4144.211310543533 0.012206831712724036
4160.788155785708 0.013803723133660064
4177.431308408849 0.015330001190442949
4194.141033642486 0.01684078740552094
4210.917597777056 0.01836079206421945
4227.761268168164 0.01992393858784617
4244.672313240838 0.021553712524222682
4261.651002493801 0.02326765883348189
4278.697606503776 0.025046419491240327
4295.812396929791 0.026937196682920977
4312.995646517511 0.028922836198779993
4330.24762910358 0.031001055630963066
4347.568619619994 0.03321051832307301
4364.958894098475 0.03555884730134432
4382.418729674868 0.03802353790704726
4399.948404593568 0.04062344719277738
4417.548198211942 0.043428726635370875
4435.21839100479 0.04634866649372082
4452.959264568809 0.04947955944235075
4470.771101627084 0.05273644140106484
4488.654186033592 0.05609825352493291
4506.608802777726 0.059756433889448755
4524.635237988838 0.06367692309600342
4542.733778940792 0.06762635418097221
4560.904714056555 0.07101328101209516
4579.148332912781 0.06415470501297418
4597.464926244433 0.06675271599201257
4615.85478594941 0.06814813620492823
4634.318205093208 0.06882113459735466
4652.855477913582 0.06898584446571725
4671.466899825236 0.0693658990622014
4690.152767424537 0.0683003706770701
4708.913378494234 0.0635801181748993
4727.749032008212 0.05461980983036548
4746.660028136244 0.04227040552092527
4765.646668248789 0.028935757371909204
4784.709254921784 0.016933627802553308
4803.8480919414715 0.008324254816147715
4823.063484309237 0.003527724468198776
4842.355738246474 0.001526614712481412
4861.72516119946 0.0008011716098300688
4881.172061844257 0.0004952906486961427
4900.6967500916335 0.00034579447683633004
4920.299537092001 0.00024301280043099205
4939.9807352403695 0.00016834954066093037
4959.740658181329 0.00011612051658319813
4979.5796208140555 8.198426791274386e-05
4999.497939297312 6.145111007923885e-05
5019.495931054502 5.0102230600388396e-05
5039.57391477872 4.4751905744863055e-05
5059.732210437835 4.364676421442425e-05
5079.971139279585 4.520440022107105e-05
5100.291023836704 4.7474128923791124e-05
5120.692187932051 4.9216584868040715e-05
5141.174956683781 5.0817803585204446e-05
5161.739656510514 5.2965642813330856e-05
5182.386615136556 5.52304614423542e-05
5203.116161597103 5.699094341415055e-05
5223.928626243489 5.8632999305927365e-05
5244.824340748465 6.054363230525698e-05
5265.803638111459 6.231660009540757e-05
5286.866852663905 6.395035797566655e-05
5308.0143200745615 6.594965379067981e-05
5329.246377354859 6.806484002366742e-05
5350.563362864278 7.012914017128116e-05
5371.965616315736 7.262796201311731e-05
5393.453478780998 7.527571165507419e-05
5415.027292696122 7.783837458970494e-05
5436.687401866905 8.084954301757025e-05
5458.434151474374 8.395262635736995e-05
5480.267888080271 8.700933069990074e-05
5502.188959632591 9.050950318029247e-05
5524.197715471122 9.41911855018882e-05
5546.294506333006 9.792460566745379e-05
5568.479684358337 0.00010200339671550934
5590.753603095771 0.00010640937453897461
5613.1166175081535 0.0001108410657265054
5635.569083978187 0.00011581553172308646
5658.1113603140975 0.00012077127045357642
5680.743805755354 0.00012608589863481466
5703.466780978376 0.00013181069360729625
5726.28064810229 0.00013792413574900496
5749.185770694699 0.00014433525374506431
5772.182513777476 0.00015121677658393805
5795.271243832587 0.00015860095170686005
5818.452328807918 0.000166721136658627
5841.72613812315 0.000175453803107313
5865.093042675643 0.0001829378752076851
5888.553414846345 0.00018302622615784522
5912.10762850573 0.00020931851696312758
5935.756059019754 0.00023434149921684755
5959.499083255832 0.0002610352259060604
5983.337079588855 0.0002901452979020207
6007.27042790721 0.00032350991988908443
6031.299509618841 0.00036225425482973826
6055.424707657316 0.0004056474622271436
6079.646406487946 0.0004542374436200847
6103.964992113897 0.0005095275955071662
6128.380852082353 0.0005723621252143993
6152.894375490681 0.0006436253844784618
6177.505952992646 0.0007236270833998797
6202.215976804616 0.0008134964316019932
6227.024840711833 0.0009149150664192275
6251.932940074681 0.0010299098741012329
6276.940671834981 0.001160031104497751
6302.048434522321 0.001309341020443028
6327.256628260409 0.0014777408469455915
6352.5656547734525 0.001666578747655939
6377.975917392546 0.0018793515559326786
6403.487821062116 0.0021184869951176586
6429.101772346364 0.0023865788873458655
6454.81817943575 0.002686897795533541
6480.637452153493 0.0030292160413508662
6506.560001962106 0.0034215868603506
6532.586241969955 0.00386780804409112
6558.716586937834 0.004376929006004996
6584.951453285586 0.0049587638651788024
6611.291259098727 0.005631005305194043
6637.7364241351215 0.0064103313780953484
6664.2873698316625 0.007309551104280052
6690.94451931099 0.008347560586315904
6717.7082973882325 0.00956118507644937
6744.579130577787 0.010982729490984848
6771.557447100097 0.012617027455484897
6798.643676888497 0.014446926973850225
6825.838251596053 0.016457658451369574
6853.141604602436 0.018620481677972506
6880.554171020846 0.02083573764207445
6908.0763877049285 0.022959908204603644
6935.708693255749 0.02491827040461921
6963.4515280287715 0.02733584671091039
6991.305334140887 0.029976634903683262
7019.270555477449 0.033097402127081114
7047.34763769936 0.03681686094291493
7075.537028250157 0.040924108200372115
7103.839176363159 0.04524257686644865
7132.254533068612 0.0497965490518024
7160.783551200888 0.05387481008294184
7189.42668540569 0.05812693711087421
7218.184392147313 0.06274110116061636
7247.0571297159 0.06578222402575364
7276.045358234765 0.06884586879019401
7305.149539667704 0.0702949918559286
7334.370137826372 0.0723750289264458
7363.707618377678 0.07337305415586873
7393.162448851191 0.07410137968279314
7422.735098646595 0.07390852785080798
7452.426039041182 0.07319621645685181
7482.235743197345 0.07177997540047253
7512.1646861701365 0.06853638378017451
7542.213344914818 0.06493742240203454
7572.382198294477 0.060428908633808044
7602.671727087656 0.051597592288636376
7633.082413996006 0.027817747933314943
7663.614743651989 0.003642803846893603
7694.269202626598 0.005094228986812981
7725.046279437104 0.019815406131846663
7755.946464554851 0.040791686600326046
7786.970250413072 0.07066192806334481
7818.118131414723 0.09788025096795681
7849.390603940383 0.1221116429400793
7880.788166356144 0.14805940742763535
7912.311319021571 0.1765544975544205
7943.960564297654 0.20841117909795168
7975.736406554845 0.243695687551574
8007.639352181065 0.2823750638678414
8039.669909589788 0.3235284100743882
8071.828589228147 0.3674928651504554
8104.115903585063 0.41233714302578284
8136.532367199402 0.4580392344093312
8169.078496668199 0.5157467048314056
8201.754810654873 0.5660898327723513
8234.561829897493 0.6507356541397288
8267.500077217084 0.7504494195786701
8300.570077525952 0.8324759795286785
8333.772357836056 0.9264492340858653
8367.1074472674 1.0264757716796924
8400.575877056472 1.1504105619392344
8434.178180564695 1.2880481654172784
8467.914893286956 1.4410603293466224
8501.786552860101 1.6043158631264032
8535.793699071543 1.7851670602629977
8569.936873867831 1.9860117016181578
8604.216621363299 2.2067027918013085
8638.633487848754 2.4452933440108704
8673.18802180015 2.697930767685472
8707.880773887353 2.9662381020433535
8742.7122969829 3.2653548360837936
8777.68314617083 3.5851116018100933
8812.793878755514 3.9149814617501986
8848.045054270535 4.231182990420024
8883.437234487617 4.354858213145964
8918.970983425568 4.353472443782316
8954.64686735927 4.875645631609254
8990.465454828707 4.955229594641088
9026.427316648023 5.962736441896412
9062.533025914616 6.739937487547088
9098.783158018272 7.236930885427137
9135.178290650345 7.839881436227466
9171.719003812947 8.259018160367361
9208.405879828202 9.264632795126877
9245.239503347511 9.65522190204809
9282.2204613609 6.110954180622274
9319.349343206346 5.843165293109989
9356.626740579171 7.272574115662287
9394.053247541488 10.071083825955684
9431.629460531654 9.97822989688505
9469.355978373778 9.789614252244862
9507.233402287276 10.07966701912186
9545.262335896427 10.860082652447916
9583.443385240013 10.44953855761742
9621.777158780975 11.504256083767224
9660.264267416096 13.191375887096296
9698.90532448576 15.256938942075223
9737.7009457837 15.850945366123392
9776.651749566838 17.237700120047833
9815.758356565104 18.487056603516713
9855.021389991363 19.83817941121226
9894.441475551332 21.481894917772415
9934.019241453534 22.44412606071339
9973.755318419348 22.831781005519446
10013.650339693024 23.114164096196568
10053.704941051796 24.226621909003992
10093.919760816003 25.405971809181803
10134.295439859268 26.490257565902017
10174.832621618703 27.12719825397676
10215.531952105179 28.14153741551493
10256.394079913602 29.548743404657383
10297.419656233254 31.048992386826914
10338.609334858189 31.176372760032173
10379.96377219762 32.45054739457364
10421.483627286412 33.39010790685471
10463.169561795556 34.168178867639725
10505.022240042741 34.828079752656954
10547.042329002912 35.528176666927735
10589.230498318922 35.93035888602674
10631.587420312197 36.26573569514721
10674.113769993448 36.38234757222925
10716.810225073421 36.43692426539333
10759.677465973711 36.38993654257939
10802.716175837608 36.446996092620424
10845.927040540959 36.06684781689072
10889.310748703121 34.387576227622624
10932.867991697934 30.420440306193385
10976.599463664725 26.01301564427548
11020.505861519383 20.029317893225723
11064.587884965462 15.25575410815714
11108.846236505324 10.797838616994907
11153.281621451348 7.817844049349335
11197.894747937147 9.593409923758944
11242.686326928899 11.289386543880347
11287.657072236614 14.963344072470433
11332.807700525562 7.673850885388519
11378.138931327663 13.685745230414781
11423.651487052975 14.491237562016872
11469.346093001184 14.250168810605649
11515.22347737319 10.896226449389266
11561.284371282683 8.93233999538885
11607.529508767815 9.006932006297324
11653.959626802887 12.385470692274907
11700.5754653101 12.26204218342832
11747.377767171341 9.384944819317356
11794.367278240028 14.435140934363405
11841.544747352984 19.661491426438836
11888.9109263424 23.336143627298824
11936.46657004777 25.724236484972938
11984.212436327958 29.223600809510415
12032.149286073272 32.37110118556839
12080.277883217566 35.48232558633437
12128.598994750435 37.78267304639026
12177.113390729437 40.37629447583616
12225.821844292353 42.424840674548754
12274.725131669524 45.30707953843409
12323.824032196202 47.32554382134306
12373.119328324985 49.18916653739063
12422.611805638286 50.75615191781609
12472.302252860838 53.38611115524862
12522.19146187228 54.35178221572074
12572.280227719768 57.83668030427211
12622.569348630648 59.56270346911347
12673.059626025171 60.357215064158034
12723.751864529271 59.46325656167763
12774.646871987386 58.588786043314336
12825.74545947534 55.54431242872441
12877.04844131324 52.78590566003324
12928.556635078494 51.082231355911965
12980.270861618808 49.117215955087275
13032.191945065284 47.15532521554546
13084.320712845543 45.21439184304016
13136.657995696927 41.73900642232654
13189.204627679715 40.2761585521657
13241.961446190431 33.45290541382658
13294.929291975195 20.57115862265856
13348.109009143096 6.816340048681041
13401.50144517967 1.6906930261983264
13455.107450960388 0.8722916919452841
13508.927880764231 0.5923011901457108
13562.963592287288 0.29542391452724853
13617.215446656439 0.41261036872468887
13671.684308443064 0.8051425294183203
13726.371045676835 0.8339486035471985
13781.276529859542 1.6798509356343883
13836.40163597898 0.6357494155995372
13891.747242522899 0.7775631458152669
13947.314231492988 0.6132304097678337
14003.103488418961 0.8370297648168514
14059.115902372636 0.9987529917551184
14115.352365982128 0.7540193674836914
14171.813775446057 0.8833174656865532
14228.501030547843 0.9900710118965544
14285.41503467003 1.7447218238891613
14342.556694808713 1.4698164325716248
14399.926921587949 1.721400931366401
14457.5266292743 2.8202628712110713
14515.356735791396 4.203512346172833
14573.418162734559 5.265570257565726
14631.711835385498 4.8497622472716015
14690.238682727038 4.2323978301491705
14748.999637457951 4.86784256349619
14807.995636007783 5.376056455832165
14867.227618551815 5.959944698322755
14926.69652902602 6.955998599606097
14986.403315142123 8.599332968533698
15046.348928402693 9.359546562556837
15106.534324116303 9.005591950732539
15166.96046141277 9.923046614226402
15227.62830325842 12.512386754420241
15288.538816471453 13.867912605436297
15349.692971737337 15.677360205875416
15411.091743624287 17.27961180268245
15472.736110598784 19.34535240717505
15534.62705504118 20.19405438130832
15596.765563261344 21.721127885016845
15659.152625514387 23.266128037816255
15721.789236016448 24.282227412352444
15784.676392960515 24.444425464321366
15847.815098532355 24.5711200985461
15911.206358926484 23.440664701452818
15974.85118436219 21.54431485108341
16038.75058909964 18.299588968488585
16102.905591456036 14.257023221640399
16167.31721382186 10.878387406630189
16231.986482677148 8.370441322476093
16296.914428607855 7.200192118088809
16362.102086322288 7.531496834538829
16427.550494667576 8.099064057075019
16493.260696646248 8.935146453058122
16559.23373943283 8.499952089791806
16625.470674390563 8.714327302671137
16691.972557088127 3.2948744196595112
16758.74044731648 5.780233340948417
16825.775409105743 7.00753637030799
16893.07851074217 6.1778154880781635
16960.650824785134 5.250560577878689
17028.493428084275 5.051794548005538
17096.607401796613 6.15701763993037
17164.993831403797 5.953457157692097
17233.653806729413 6.429082592067594
17302.588421956334 5.33623614962008
17371.798775644158 5.044855131941789
17441.285970746736 5.039509476731262
17511.05111462972 4.9258379110030655
17581.095319088243 4.1048072003548395
17651.419700364593 3.3092686726371725
17722.02537916605 2.9221240179226324
17792.913480682713 2.5066019262305073
17864.085134605448 2.0065849378140506
17935.54147514387 1.2729631356903315
18007.283641044443 1.4816201431284026
18079.312775608625 1.0945774266114456
18151.630026711056 1.2381619929215564
18224.236546817894 1.4221534410136571
18297.133493005167 0.8432673186693895
18370.32202697719 0.8637430090128997
18443.803315085097 1.2066352827794096
18517.578528345435 1.0842358810404167
18591.648842458817 0.8076119921076477
18666.01543782865 0.5682907143100364
18740.67949957997 0.7501174392873866
18815.642217578286 1.846221642421735
18890.9047864486 1.6239879238129098
18966.4684055944 1.912769587331009
19042.334279216768 1.2594489077812945
19118.50361633364 1.2888852837808196
19194.977630798967 1.1142647228951583
19271.757541322168 0.838822364007386
19348.844571487454 0.728737973574589
19426.239949773408 0.7038691584013014
19503.9449095725 0.9251551276117715
19581.960689210795 0.9007351047107277
19660.28853196764 1.23143336684497
19738.929686095507 1.2198385456000074
19817.885404839893 1.4525859283071483
19897.15694645925 1.6974853676539856
19976.745574245087 2.056321278314316
20056.65255654207 2.1217703199213975
20136.879166768238 2.284807401503875
20217.426683435307 2.269378072062411
20298.296390169045 2.4228890909117164
20379.489575729727 2.661884627317531
20461.007534032648 2.8954933480723035
20542.851564168777 3.0739040325350264
20625.02297042545 3.2169372025180456
20707.523062307162 3.29967275873603
20790.353154556382 3.307340960046105
20873.514567174607 3.3362283224948204
20957.008625443308 3.2842954053207585
21040.836659945082 3.2359344176819604
21125.000006584854 3.1719182175768434
21209.5000066112 3.075674554713604
21294.33800663765 2.975443134027611
21379.515358664197 2.874234308683238
21465.033420098855 2.7016815571777966
21550.893553779246 2.5375568972994023
21637.097127994366 2.222515513273053
21723.645516506345 2.13619091495292
21810.540098572368 1.840086102575533
21897.782258966654 1.595953206311686
21985.37338800253 0.8739326995125101
22073.314881554532 0.790746200207415
22161.60814108075 1.078314996577131
22250.25457364508 0.9075879217236025
22339.25559193965 0.7837682626645459
22428.61261430741 0.6333363047911665
22518.32706476464 0.557519514505613
22608.400373023702 0.46972025346922747
22698.833974515794 0.5441111105780536
22789.62931041386 0.49904945681539675
22880.78782765551 0.47441891385987517
22972.310978966132 0.45547561938752834
23064.200222882002 0.7062250075496919
23156.457023773528 0.6529984339169229
23249.082851868614 0.432629655035158
23342.079183276095 0.3929404118614137
23435.447500009202 0.3875509847643853
23529.18929000923 0.4985812177551218
23623.306047169273 0.6661394340718508
23717.79927135796 0.39280791548563276
23812.670468443375 0.5540306669000458
23907.92115031715 0.7324846870332605
24003.552834918424 0.8181689094483381
24099.56704625809 0.9441392780931314
24195.96531444313 0.919742834663835
24292.749175700897 1.0386082406015684
24389.9201724037 1.0971958373410193
24487.479853093315 1.1143150797890629
24585.42977250569 1.2945808418492493
24683.771491595708 1.2801651996009717
24782.50657756209 1.147281481865918
24881.636603872343 1.1840999697689265
24981.16315028783 1.1417117190729065
25081.087802888986 0.8389079341999431
25181.412154100537 0.7237506334075806
25282.137802716934 0.5149839969936607
25383.266353927807 0.5269550192012274
25484.79941934352 0.3527973635913634
25586.73861702089 0.5461126931736601
25689.08557148898 0.3504526677438129
25791.84191377493 0.36699741746469394
25895.009281430033 0.3114549126142373
25998.589318555754 0.4120606529376897
26102.58367582998 0.5477985592652007
26206.994010533297 0.7136451749750695
26311.821986575433 0.6618044479832265
26417.069274521735 1.2463579785872767
26522.737551619815 1.0234344728514362
26628.828501826294 0.4481551340262445
26735.343815833607 0.1843782770642973
26842.285191096937 0.24473472469491542
26949.654331861326 0.441940316841315
27057.452949188766 0.435992076572842
27165.682760985525 0.4950590075563968
27274.345492029468 0.9444971832826882
27383.442873997585 0.4268006855690436
27492.976645493567 0.9217279528677738
27602.948552075544 0.44243797965286086
27713.360346283847 0.48816596989780314
27824.213787668985 0.36492026865017696
27935.510642819663 0.7186257951789804
28047.252685390937 0.40819953776239426
28159.441696132504 0.592449164250531
28272.079462917034 0.8706874264318388
28385.167780768694 0.5726742322855607
28498.70845189177 0.7340781837884932
28612.703285699336 0.8462149961996823
28727.154098842133 0.9346787681780724
28842.062715237505 0.9978161385443018
28957.430966098455 1.0802314318019182
29073.260689962848 1.0685979778424164
29189.553732722703 1.3203957538210038
29306.311947653598 1.6629275490780955
29423.537195444205 1.6204190304306072
29541.231344225984 1.511951761214614
29659.396269602887 1.6930858147394672
29778.033854681304 1.862174832183897
29897.14599010003 2.2239383132302883
30016.734574060432 0.6525139224644289
30136.80151235667 1.7023320727482838
30257.348718406094 2.289331490704612
30378.37811327972 2.459005484467128
30499.89162573284 1.8823373158068262
30621.891192235766 2.5056167665385103
30744.37875700471 1.9370231203570185
30867.356272032728 1.6653495617311393
30990.825697120858 1.5275664744231277
31114.78899990934 1.253646627111028
31239.24815590897 1.474549363582758
31364.20514853261 1.053194865113353
31489.661969126744 0.8882231526652318
31615.62061700325 0.6276696717077797
31742.083099471263 0.611903344657035
31869.05143186915 0.4877680611581801
31996.527637596624 0.4402009789014296
32124.51374814701 0.4779081888749828
32253.011803139605 0.44547821105609614
32382.02385035216 0.49179676164689207
32511.55194575357 0.5536602727492835
32641.598153536583 0.6698236749380725
32772.16454615073 0.9541236911390553
32903.25320433533 1.1878626027737413
33034.86621715268 1.018550866214959
33167.005682021285 0.08387104495344075
33299.673704749366 0.10166315562560974
33432.87239956837 0.41843940934353047
33566.60388916664 0.7147910985098401
33700.87030472331 0.8138619667628124
33835.6737859422 0.6909568757416873
33971.016481085964 0.6247170319820233
34106.900547010315 0.6022129162128694
34243.32814919835 0.5998452521311044
34380.30146179514 0.6248884592254739
34517.82266764233 0.6096355472470253
34655.893958312896 0.7125747872608625
34794.51753414615 0.6933314693383437
34933.69560428273 0.8473986220224093
35073.43038669985 1.0813002040759387
35213.72410824666 1.1056363329545085
35354.57900467965 1.0473799800737766
35495.99732069836 1.2605412153377442
35637.98130998116 1.4222751964713
35780.53323522108 1.641332851804809
35923.65536816197 1.8367346755105305
36067.34998963462 1.8060810654268538
36211.61938959315 2.2845265127917695
36356.46586715153 2.81074005554612
36501.891730620126 3.000761984420502
36647.89929754261 3.441549516369238
36794.49089473278 3.9662965447607172
36941.6688583117 3.8546604118637022
37089.43553374496 4.106219997152058
37237.793275879936 4.218405028592874
37386.74444898345 4.908450687723199
37536.29142677938 5.248554464725779
37686.43659248651 4.932539446813584
37837.18233885645 4.828125088223197
37988.53106821188 5.244621311728788
38140.48519248474 6.153098229137243
38293.04713325467 6.784526807187469
38446.21932178769 5.49184489944482
38600.00419907484 6.383210519927207
38754.40421587113 6.576385250912189
38909.42183273463 6.995396710431498
39065.05952006556 6.924430355878366
39221.31975814583 7.1294718244078465
39378.205037178406 7.749528543045787
39535.71785732712 7.478424069342232
39693.860728756415 7.882959507391552
39852.636171671445 8.14606660005269
40012.04671635814 7.965567135798407
40172.09490322357 8.169589803786973
40332.78328283648 8.202746427979902
40494.11441596781 8.034158619914086
40656.090873631685 8.282073689485966
40818.71523712622 7.860083847160282
40981.990098074726 7.859491110159882
41145.918058467025 7.7445855120736375
41310.50173070089 7.505223597587238
41475.74373762369 7.665658740536589
41641.646712574184 7.413576838833811
41808.21329942448 7.188412542914735
41975.44615262219 7.310728416134659
42143.347937232684 7.192778883676729
42311.921328981625 7.279763178034957
42481.16901429755 6.9394938556643515
42651.09369035474 7.1369946442105805
42821.69806511615 6.807889053224763
42992.98485737662 4.862752704128235
43164.95679680613 4.824866993902986
43337.61662399335 5.941446741286514
43510.96709048933 5.952281241937841
43685.01095885128 6.654659554100854
43859.75100268668 6.360758289191801
44035.19000669744 6.215210204350409
44211.330766724226 6.67294880623528
44388.176089791115 5.378211855003273
44565.72879415028 6.523827349139371
44743.991709326874 5.32872447497764
44922.9676761642 6.133330315507677
45102.65954686885 6.300577036225352
45283.07018505633 4.722931425887673
45464.20246579656 6.928571041528728
45646.05927565975 6.113688651869508
45828.64351276236 6.4860049286007255
46011.95808681343 6.629521185496812
46196.00591916067 4.82240887268182
46380.78994283732 5.862342008342719
46566.31310260868 5.128250036300083
46752.578355019126 4.381214767186615
46939.588668439166 6.252382361126018
47127.34702311293 5.034629926924845
47315.85641120539 4.703605565177547
47505.11983685021 5.775673894564826
47695.14031619761 4.696092613199834
47885.9208774624 3.7971711863182454
48077.46456097225 4.772707349245937
48269.774419216126 4.838949661224122
48462.853516892996 3.453708472387304
48656.70493096058 4.765326360665188
48851.33175068441 4.001566469662683
49046.737077687154 3.7323590571038823
49242.92402599791 4.15210104865448
49439.89572210189 3.1394308341030617
49637.6553049903 2.8432989292326973
49836.20592621027 3.967630667197409
50035.55074991511 3.5156358355949657
50235.69295291477 2.0832551684073195
50436.63572472643 3.3709332107535444
50638.382267625326 3.563350161195322
50840.935796695834 2.4405312841120783
51044.2995398826 2.798059680335699
51248.47673804215 2.9171886631873565
51453.47064499432 1.6865520834853904
51659.28452757429 2.1848107142259825
51865.92166568459 2.8234379079349763
52073.38535234733 1.3339664444515897
52281.67889375672 2.078803552791816
52490.80560933175 2.16420203781942
52700.76883176907 1.847578595117895
52911.57190709616 1.728145598091321
53123.218194724526 1.9792807788522329
53335.711067503435 2.244334809108404
53549.053911773444 1.0875158437225383
53763.25012742054 1.4242430719580927
53978.303127930216 1.8414018238790257
54194.21634044194 0.7627555126926876
54410.99320580371 1.4808875756935114
54628.63717862692 1.0931443393662745
54847.15172734143 1.2713300357994979
55066.540334250785 1.186761140130972
55286.80649558781 1.0717049971207917
55507.95372157016 0.9444948013543033
55729.985536456436 0.8119811710250154
55952.90547860226 0.9862413714181277
56176.717100516675 0.952419053482994
56401.42396891874 0.813528417126191
56627.02966479442 0.8587823774358893
56853.5377834536 0.7605837151297203
57080.95193458741 0.7643394508240627
57309.27574232576 0.6861954714755806
57538.51284529506 0.6660661796411468
57768.666896676245 0.7261096481805981
57999.74156426295 0.8890901682772773
58231.74053052 0.5479559736696542
58464.66749264208 0.8205826443482495
58698.52616261265 0.5737212295304331
58933.3202672631 0.5656398937977667
59169.05354833215 0.8423210496810376
59405.72976252549 0.5343013783006095
59643.3526815756 0.7882103697027985
59881.926092301896 0.7635957327721837
60121.45379667111 0.8974530875737851
60361.93961185778 0.7246605105499271
60603.38737030522 0.5415001609057865
60845.800919786445 0.7154151411647297
61089.184123465595 0.5449757736325057
61333.54085995945 0.5641713667822638
61578.87502339928 0.4387155356151312
61825.19052349288 0.4891730028326276
62072.491285586846 0.7009228028335387
62320.7812507292 0.6935804710428148
62570.06437573213 0.8353786538851377
62820.34463323505 0.8144246484321501
63071.62601176801 1.0019342599782588
63323.91251581507 0.7572624081464604
63577.20816587833 0.7980677577364791
63831.51699854184 0.7281171675296109
64086.843066536014 0.48206028613012136
64343.19043880215 0.5789537019132568
64600.563200557364 0.5304628197263417
64858.96545335958 0.35730756281883985
65118.401315173025 0.4691229267580866
65378.87492043372 0.5141419245426743
65640.39042011545 0.41212676438269386
65902.95198179591 0.3975876746688383
66166.56378972309 0.43302566927871283
66431.23004488199 0.4529534986091446
66696.95496506151 0.4735291997217845
66963.74278492175 0.5806554931219385
67231.59775606144 0.5001656368550506
67500.52414708569 0.6065263007783905
67770.52624367403 0.5156930986542023
68041.60834864872 0.48945481480713326
68313.77478204331 0.5972055160494577
68587.02988117147 0.41873126205852873
68861.37800069616 0.5832581597486569
69136.82351269896 0.6717748645366852
69413.37080674975 0.674363230328624
69691.02428997675 0.5488124934278831
69969.78838713666 0.6363751654294493
70249.6675406852 0.6113720668359656
70530.66621084794 0.48162168127503124
70812.78887569135 0.6034869647049944
71096.04003119409 0.5482653512177149
71380.42419131887 0.5557270198826546
71665.94588808414 0.46141320061130325
71952.60967163648 0.47741604324352105
72240.42011032304 0.4762195753339722
72529.38179076432 0.45481404906308387
72819.49931792737 0.38875099075890235
73110.77731519907 0.43197766858350967
73403.22042445988 0.31640454771029636
73696.83330615771 0.374987323773824
73991.62063938235 0.38736712263619116
74287.58712193987 0.38263042848419365
74584.73747042764 0.31245359587504745
74883.07642030934 0.3802095130481979
75182.60872599059 0.44359013035324846
75483.33916089457 0.4618933257868789
75785.27251753812 0.4484845303698502
76088.4136076083 0.4616882194501817
76392.76726203872 0.592165726596981
76698.33833108687 0.1916189799961137
77005.13168441122 0.2504315781689881
77313.15221114887 0.26860957295982624
77622.40481999348 0.3053808525211707
77932.89443927344 0.3652487214581052
78244.62601703055 0.3833518818266488
78557.60452109865 0.40577729104774085
78871.83493918306 0.3685328409495962
79187.3222789398 0.37867814398991284
79504.07156805556 0.4505898694239162
79822.08785432778 0.47175546146638286
80141.37620574511 0.39420464366834324
80461.94171056806 0.4068766779823785
80783.78947741033 0.3963626824287692
81106.92463531997 0.5261481005216129
81431.35233386126 0.43200134408154156
81757.0777431967 0.43305049142444196
82084.10605416949 0.4327096485917506
82412.44247838613 0.4237892620650265
82742.09224829968 0.5263462091561097
83073.06061729288 0.5177415498212045
83405.35285976208 0.48148082874566395
83738.9742712011 0.4304169195555964
84073.93016828595 0.5103049617248503
84410.22588895904 0.5699214292140428
84747.86679251489 0.542453510780101
85086.85825968496 0.4539244155679421
85427.20569272367 0.5432493435706239
85768.91451549459 0.6248375958031808
86111.99017355654 0.5539585746341876
86456.43813425078 0.43764172435549636
86802.2638867878 0.5556791507224237
87149.47294233493 0.6354468767756545
87498.07083410428 0.5668361869357368
87848.0631174407 0.4454616265580002
88199.45536991046 0.5128538390835168
88552.25319139009 0.6318699875113648
88906.46220415569 0.613997027989517
89262.08805297229 0.4915133070427849
89619.1364051842 0.39828480738560407
89977.61295080492 0.5607661238183379
90337.52340260813 0.5906033099754485
90698.87349621857 0.4723866831299775
91061.66899020346 0.5013854516964409
91425.91566616425 0.4658388803099619
91791.61932882894 0.5211995466358762
92158.78580614422 0.4070210348497608
92527.4209493688 0.6012505373304015
92897.53063316627 0.41632519780802774
93269.12075569895 0.41466383290150843
93642.19723872172 0.5307683153581568
94016.76602767664 0.5542239287045465
94392.83309178732 0.5198941381260194
94770.40442415449 0.4018083745753928
95149.48604185111 0.47132975664632315
95530.08398601852 0.468710520879905
95912.20432196259 0.5799491565667817
96295.85313925042 0.5124592767636995
96681.0365518075 0.40086600533011435
97067.76069801472 0.4977468628758469
97456.03174080675 0.5056325657645325
97845.85586776999 0.5428514056881033
98237.23929124104 0.5590911322714612
98630.18824840599 0.4689238640130627
99024.70900139965 0.471363645111052
99420.80783740526 0.5094897820572364
99818.49106875488 0.621215711843709
100217.76503302988 0.5884338784954505
100618.636093162 0.4335702279314374
101021.11063753467 0.4787916533163564
101425.1950800848 0.5638845879569738
101830.89586040513 0.5819094496637278
102238.21944384674 0.5767298958226688
102647.17232162213 0.4879419215892492
103057.7610109086 0.4132891042802717
103469.99205495225 0.14592858918670057
103883.87202317205 0.15146647375012157
104299.40751126477 0.20074536951203367
104716.60514130979 0.22894785304799245
105135.47156187505 0.2224464423696235
105556.01344812254 0.27072242609408
105978.23750191503 0.3010666811587855
106402.15045192267 0.2640866534028194
106827.75905373038 0.21516564352762124
107255.07008994528 0.14376779523443772
107684.09037030509 0.15493295087227812
108114.8267317863 0.20396673200866056
108547.28603871344 0.2538870765118035
108981.47518286831 0.2627854382883998
109417.40108359976 0.25087561003053327
109855.0706879342 0.26534280027057044
110294.49097068593 0.27058283473347994
110735.66893456863 0.3408006081552183
111178.61161030692 0.3234461356342105
111623.32605674816 0.38358989843507596
112069.81936097513 0.3144342197441128
112518.09863841905 0.23813228797070723
112968.17103297272 0.36899281060586
113420.0437171046 0.38226073149655504
113873.72389197304 0.3448638950661269
114329.21878754091 0.39052134917605374
114786.53566269108 0.3012428237399168
115245.68180534184 0.24184615214706223
115706.66453256323 0.3242772673192765
116169.49119069346 0.352537754311958
116634.16915545624 0.3163316579138986
117100.70583207808 0.21283585857812512
117569.1086554064 0.26452310678691726
118039.385090028 0.23713518663012578
118511.54263038811 0.28433045117768974
118985.58880090967 0.32336553775202787
119461.5311561133 0.2827902717832679
119939.37728073777 0.200390504612372
120419.13478986072 0.26008189741641213
120900.81132902016 0.18243185522610922
121384.41457433623 0.274683560250132
121869.9522326336 0.2985787000890986
122357.43204156413 0.21857818768642698
122846.86176973036 0.20999211630361042
123338.2492168093 0.2508901731859317
123831.60221367657 0.17260820658069517
124326.92862253124 0.22895833020717532
124824.23633702139 0.2643538888274435
125323.53328236948 0.18392792822717907
125824.82741549893 0.19331122451661126
126328.12672516092 0.2350831398934396
126833.43923206156 0.1943088837763527
127340.77298898982 0.18175806513811824
127850.13608094577 0.2316581456990096
128361.53662526955 0.17198487917651412
128874.98277177062 0.20173611927093388
129390.4827028577 0.20319994708799077
129908.04463366912 0.2096138666521164
130427.67681220379 0.1583867232443714
130949.38751945265 0.2039020435798877
131473.18506953045 0.18683805954468863
131999.07780980857 0.20233606135460902
132527.0741210478 0.1799163428119148
133057.182417532 0.17930541490641286
133589.4111472021 0.1610168334268116
134123.76879179094 0.1492781899922982
134660.26386695806 0.16544605340874693
135198.9049224259 0.1988590897582072
135739.7005421156 0.17145763972431907
136282.65934428407 0.18124416717058625
136827.78998166122 0.18517866715238476
137375.1011415879 0.14701269960317104
137924.60154615424 0.1610205674638798
138476.29995233883 0.17805638803208515
139030.20515214818 0.1890587218115729
139586.32597275675 0.19264506072062088
140144.6712766478 0.15599146461524802
140705.2499617544 0.145456172211531
141268.0709616014 0.15619924045539382
141833.1432454478 0.14161207428123712
142400.4758184296 0.1548252685243224
142970.07772170333 0.1662639120470836
143541.95803259013 0.1424080233894328
144116.12586472047 0.1452983251506707
144692.59036817937 0.12334367205499765
145271.3607296521 0.13142916009939387
145852.44617257072 0.15628474376826446
146435.85595726097 0.15702192786839342
147021.59938109003 0.14797987554887962
147609.6857786144 0.15428603790292225
148200.12452172884 0.14838295874567123
148792.92501981577 0.13168260138387505
149388.09671989502 0.12576694110024036
149985.6491067746 0.1427161028173017
150585.59170320167 0.132438796487296
151187.93407001448 0.1432144533222987
151792.68580629455 0.12504993118206528
152399.85654951975 0.1357786728665324
153009.45597571784 0.1366428142039016
153621.4937996207 0.12098716009735597
154235.97977481916 0.12152745950601063
154852.92369391845 0.11527934449128632
155472.3353886941 0.10453699021432335
156094.2247302489 0.10240580072681062
156718.60162916992 0.10952784810220019
157345.47603568656 0.09514097288307662
157974.8579398293 0.0893948867365393
158606.75737158864 0.09152714822000048
159241.18440107498 0.08642212441329773
159878.14913867926 0.08235315796747954
160517.661735234 0.10189517871042836
161159.73238217493 0.09348888308142748
161804.3713117036 0.1018577059454962
162451.58879695044 0.08705599393950483
163101.39515213823 0.09520968051302339
163753.8007327468 0.10163635824974657
164408.81593567782 0.1026129674848899
165066.45119942052 0.09895853811332132
165726.71700421823 0.09073768930649204
166389.62387223504 0.08196350523067805
167055.18236772402 0.09018264701431368
167723.40309719497 0.10186025948111103
168394.2967095837 0.08969310601861417
169067.87389642204 0.07969642588149331
169744.14539200772 0.08694934847363948
170423.1219735757 0.10280614013872609
171104.81446147006 0.07562961050385393
171789.23371931593 0.08431429346829625
172476.3906541932 0.08167014037534821
173166.29621680998 0.08182157551726682
173858.96140167722 0.06801149116589914
174554.39724728392 0.08822986272827883
175252.61483627307 0.07285504371039113
175953.62529561817 0.07890443361950211
176657.43979680064 0.0792339636280891
177364.06955598784 0.07642633389128373
178073.52583421173 0.08064991621360919
178785.8199375486 0.08124905738602202
179500.9632172988 0.06748366130221291
180218.967070168 0.07059908618106162
180939.84293844865 0.072200615558297
181663.60231020238 0.05835406044083088
182390.25671944322 0.06549869404820123
183119.81774632097 0.06834586036188323
183852.29701730626 0.07069321102995778
184587.7062053755 0.07297308819307609
185326.057030197 0.06107987322716468
186067.3612583178 0.05660202902618954
186811.63070335102 0.059972349287007745
187558.8772261645 0.06212635271708393
188309.11273506918 0.07271432328348716
189062.3491860094 0.0659510973998507
189818.59858275342 0.05246123105396616
190577.87297708448 0.06397390991980957
191340.18446899284 0.06361088796778785
192105.54520686882 0.0506861333700324
192873.9673876963 0.047657036387187615
193645.46325724703 0.04812685899399529
194420.04511027603 0.04169643806318992
195197.72529071715 0.05287004525310839
195978.51619188 0.04533358784978621
196762.4302566476 0.04965390190272506
199107.9942767367 0.04376226584987281
203090.15416227144 0.04244477769796137
207151.95724551688 0.04274766735690652
211294.9963904272 0.03563519122711641
215520.89631823578 0.03480213340813342
219831.31424460045 0.03196574742293466
224227.94052949245 0.028557157893122142
228712.4993400823 0.02986532670954825
233286.74932688402 0.028961095238170177
237952.48431342165 0.021219278303817275
242711.5339996901 0.026945446397378694
247565.76467968393 0.023008298259381825
252517.0799732776 0.0169934673303084
257567.42157274322 0.020087011465681585
262718.770004198 0.017816277705425345
267973.145404282 0.014048393868109195
273332.6083123676 0.016971969641978286
278799.26047861495 0.013463953065812223
284375.2456881872 0.010166399129198764
290062.750601951 0.012024761803007279
295864.00561398995 0.010933635708048518
301781.2857262697 0.010319150032980073
307816.91144079523 0.008122239921921518
313973.24966961105 0.009574296449094707
320252.7146630032 0.008144542353986414
326657.7689562633 0.007299501001428922
333190.92433538847 0.006289900286288366
339854.7428220964 0.007017525485618892
346651.83767853834 0.005384270059643865
353584.87443210906 0.004871333872463837
360656.57192075124 0.004589735771180414
367869.70335916633 0.0046161784400669285
375227.09742634965 0.004390450881190062
382731.63937487674 0.004972020633929132
390386.2721623741 0.003494952304268697
398193.99760562164 0.0031310958656707885
406157.87755773397 0.002834790212927117
414281.0351088888 0.0036248520718820954
422566.65581106645 0.002904839786278613
431017.98892728786 0.0023272449213463304
439638.3487058336 0.0022007812444120966
448431.11567995034 0.002123095569674639
457399.7379935492 0.002098202036650828
466547.7327534202 0.0016407449222395978
475878.6874084886 0.0017854391790742522
485396.2611566584 0.0017601504967145777
495104.1863797916 0.0013900215487154927
505006.2701073874 0.0013032508237494124
515106.39550953516 0.0011965701028113414
525408.5234197257 0.0014178361846185115
535916.6938881205 0.0012224266096887708
546635.0277658828 0.001134819748457764
557567.7283212005 0.0008998305147475964
568719.0828876244 0.0007957230902701357
580093.4645453768 0.0008372012291085791
591695.3338362843 0.0007894807968621801
603529.2405130101 0.0007518948999259315
615599.8253232702 0.0007855196747720434
627911.8218297358 0.0005551186777223562
640470.0582663304 0.0005182793553379549
653279.459431657 0.0005017581566490904
666345.04862029 0.00043227002082061217
679671.9495926959 0.0005089401490106643
693265.38858455 0.0004983945403160076
707130.6963562409 0.0003936162293364745
721273.3102833657 0.00030895875547573917
735698.7764890331 0.00035828607215967914
750412.7520188137 0.0002965417966701745
765421.0070591901 0.0003057132193918093
780729.4272003738 0.00026539058936071453
796344.0157443815 0.000260486311185014
812270.896059269 0.00022289028663936033
828516.3139804546 0.00020104596490301855
845086.6402600636 0.0001870530033486657
861988.3730652649 0.00021022009751538707
879228.14052657 0.00022281201755070608
896812.7033371016 0.00017217185574837075
914748.9574038435 0.0001611021001565811
933043.9365519203 0.0001363933757781197
951704.8152829591 0.00011557522280385097
970738.911588618 0.00013243010590293787
990153.6898203905 9.926458093847233e-05
