1000.5530765187797 8.590968792707992e-23
1004.5552888248548 3.714049493121811e-90
1008.5735099801544 1.2463797876276756e-85
1012.607804020075 3.4580097356584946e-85
1016.6582352361554 3.0001647128973306e-90
1020.7248681770998 2.1530645600587365e-62
1024.8077676498083 6.07715991082483e-67
1028.9069987204075 2.126971466349466e-83
1033.022626715289 8.656266530691644e-58
1037.1547172221503 2.3491078321778637e-87
1041.3033360910388 3.930312681493089e-80
1045.468549435403 5.905616761893117e-76
1049.6504236331448 5.290220262278952e-90
1053.8490253276773 5.090585269260294e-66
1058.064421428988 4.11305775388831e-83
1062.296679114704 2.967189090775544e-65
1066.5458658311627 3.05725840312246e-73
1070.8120492944875 2.987098626858479e-76
1075.0952974916654 1.8714332447043682e-59
1079.3956786816323 2.1345855365362597e-76
1083.7132613963586 8.793886415201094e-57
1088.048114441944 1.2792511854580169e-61
1092.4003068997117 1.473829680923195e-40
1096.7699081273104 1.9331068747732457e-60
1101.15698775982 4.772942025925103e-62
1105.561615710859 9.223075137256416e-42
1109.9838621737026 1.3302187751212666e-48
1114.4237976223976 5.302273725045469e-55
1118.8814928128868 7.455560141668875e-61
1123.3570187841383 3.1885437468481126e-55
1127.8504468592753 1.408879041118395e-32
1132.361848646712 2.0879950028631815e-39
1136.8912960412988 2.8311014459160723e-38
1141.438861225464 3.016572471538222e-37
1146.004616670366 5.706767792815772e-36
1150.5886351370475 1.538120797574434e-37
1155.190989677596 2.0190045559833792e-39
1159.8117536363065 7.420842945573179e-36
1164.4510006508515 7.466453436527341e-40
1169.108804653455 1.4999542496149535e-41
1173.7852398720688 1.3407727592537557e-33
1178.480380831557 9.806709077307136e-32
1183.1943023548836 2.2823301995254511e-32
1187.9270795643029 5.745159968587888e-35
1192.67878788256 7.1549186332576835e-31
1197.4495030340906 8.592819093234986e-29
1202.2393010462267 1.180590575592781e-38
1207.0482582504117 3.6526243556378267e-29
1211.8764512834132 4.555216551374093e-31
1216.7239570885472 8.625078613715994e-28
1221.5908529169012 2.2067595244988865e-25
1226.4772163285688 2.30118770301344e-24
1231.383125193883 5.474169594492983e-26
1236.3086576946585 8.716368679328632e-25
1241.2538923254372 1.0847815105076067e-25
1246.2189078947392 6.50359482960004e-28
1251.203783526318 7.957788630799838e-26
1256.2085986604231 5.018849357295286e-28
1261.233433055065 2.1980800832026707e-25
1266.2783667872852 1.7310830090899983e-26
1271.3434802544346 2.1623509303207405e-24
1276.4288541754522 8.445529499604541e-26
1281.534569592154 1.4928347810367008e-25
1286.6607078705229 9.457199570984137e-26
1291.8073507020044 1.119009084950678e-23
1296.9745801048125 8.017325251186489e-24
1302.162478425232 6.530978663653441e-25
1307.3711283389327 4.373145454398006e-24
1312.6006128522888 9.262923503083421e-24
1317.851015303698 2.4595528966668165e-23
1323.1224193649127 3.267901701498502e-23
1328.4149090423725 7.820483547166356e-23
1333.728568678542 3.566635979106776e-22
1339.0634829532567 5.1627539189195086e-23
1344.4197368850691 8.262935548120858e-23
1349.7974158326099 9.247502788640015e-23
1355.1966054959403 4.420988315938671e-22
1360.6173919179244 1.8547886270592762e-22
1366.059861485596 1.0348438316923045e-22
1371.5241009315384 1.3296664227182074e-22
1377.0101973352646 2.4146225409442706e-22
1382.5182381246057 1.4699454237006276e-21
1388.0483110771042 1.5124539768852797e-21
1393.6005043214122 1.1175837279061163e-21
1399.1749063386976 2.730138809028012e-22
1404.7716059640527 2.232507638647788e-21
1410.3906923879088 2.7850994250688974e-21
1416.0322551574602 1.1139547246061567e-20
1421.6963841780905 3.862884550439315e-21
1427.3831697148032 3.416794832826489e-21
1433.0927023936622 5.888285837512053e-20
1438.8250732032368 1.065632953760953e-20
1444.5803734960498 7.955193975464304e-20
1450.3586949900334 7.884387501169748e-20
1456.1601297699938 1.4717712612308067e-19
1461.984770289074 2.7063497665817906e-20
1467.83270937023 1.1453732908354896e-19
1473.704040207711 2.055006962358576e-19
1479.5988563685412 2.519584899661781e-19
1485.5172517940157 1.714037371068428e-19
1491.459320801192 3.702942301545033e-19
1497.4251580843968 1.5255692620110266e-19
1503.4148587167342 8.458225401172122e-19
1509.4285181516007 7.558807611670951e-19
1515.4662322242077 5.0900613093765324e-20
1521.5280971531042 3.5334263120152073e-19
1527.6142095417167 7.837997223120185e-20
1533.7246663798837 9.649845250349299e-20
1539.859565045403 1.0453332869768371e-19
1546.0190033055849 2.8987449162080805e-20
1552.203079318807 5.3157176008817756e-20
1558.4118916360824 6.199742909578368e-20
1564.6455392026269 6.025209613208272e-20
1570.9041213594373 6.64985382530851e-20
1577.187737844875 6.927837302849559e-20
1583.4964887962547 7.435225942555423e-20
1589.8304747514399 9.802744751190845e-20
1596.1897966504455 7.96379072891658e-20
1602.5745558370472 1.039626883916666e-19
1608.9848540603957 1.318945645128029e-19
1615.4207934766368 1.3893429454060249e-19
1621.8824766505436 1.6688726306476653e-19
1628.3700065571454 1.969605638326658e-19
1634.8834865833744 2.6988994779026565e-19
1641.4230205297079 3.336478726317433e-19
1647.9887126118267 4.591922813870102e-19
1654.580667462274 4.46224107493692e-19
1661.198990132123 7.490474024030253e-19
1667.8437860926513 9.677055433670673e-19
1674.515161237022 1.3169423290638089e-18
1681.2132218819695 2.304390596378448e-18
1687.9380747694975 1.951808815933404e-18
1694.6898270685758 5.383404984256193e-18
1701.4685863768502 4.9475051802274156e-18
1708.2744607223572 7.059232038477634e-18
1715.1075585652468 1.006681884943789e-17
1721.967988799508 9.538352156093273e-18
1728.8558607547059 1.7724919919781702e-17
1735.7712841977245 1.3894143772394102e-17
1742.7143693345156 1.4306041373654652e-17
1749.6852268118535 3.740619081646498e-17
1756.6839677191008 2.4639160973161685e-17
1763.7107035899771 6.072844727556617e-17
1770.7655464043373 7.797615675170876e-17
1777.8486085899544 4.203462907779946e-17
1784.9600030243143 1.3652281433655887e-16
1792.0998430364118 1.1558839262154933e-16
1799.2682424085576 1.391276969813778e-16
1806.4653153781921 3.101062665679507e-16
1813.6911766397043 1.235350124183211e-16
1820.945941346263 2.989477836789439e-16
1828.2297251116483 6.489057229370156e-16
1835.5426440120948 1.5112214346473987e-16
1842.8848145881432 6.158299124328474e-16
1850.2563538464956 1.2160730930372284e-15
1857.657379261881 4.848556758697671e-16
1865.0880087789287 1.6746499422034525e-15
1872.5483608140448 1.5514734671093181e-15
1880.0385542573008 8.43775924733074e-16
1887.5587084743302 3.1338250845449026e-15
1895.1089433082268 2.4229782172588765e-15
1902.68937908146 1.9367911614530343e-15
1910.3001365977857 6.894075853290202e-15
1917.9413371441767 4.665981775666468e-15
1925.6131024927531 6.103141737684871e-15
1933.3155549027244 1.3451036533746797e-14
1941.0488171223355 1.2196007039029132e-14
1948.8130123908247 1.2099638352702785e-14
1956.608264440388 2.7411997415159313e-14
1964.434697498149 1.7372039722970984e-14
1972.2924362881417 2.472996615467345e-14
1980.1816060332944 4.534796114135287e-14
1988.1023324574276 3.845362351880263e-14
1996.0547417872574 3.634760661466878e-14
2004.0389607544066 5.623275073509354e-14
2012.0551165974243 6.168333226763723e-14
2020.1033370638136 6.9153456895851e-14
2028.1837504120688 9.76102936167847e-14
2036.2964854137172 8.577758010697927e-14
2044.4416713553724 7.442112813339989e-14
2052.6194380407937 1.1906201445866466e-13
2060.829915792957 1.1937161665383252e-13
2069.0732354561287 1.297697338062406e-13
2077.3495283979532 1.462226359375413e-13
2085.6589265115445 1.9004480963109292e-13
2094.001562217591 2.1558157406880627e-13
2102.3775684664615 2.3313689928305305e-13
2110.787078740328 2.0482190102072524e-13
2119.2302270552887 2.985982613724546e-13
2127.70714796351 3.4965025910888774e-13
2136.217976555364 4.4028355414814053e-13
2144.7628484615852 2.942554209267638e-13
2153.341899855432 5.209331157863592e-13
2161.9552674548536 7.258897942593199e-13
2170.603088524673 8.666657627575372e-13
2179.285500878772 6.602847580921273e-13
2188.0026428822866 7.834280303141343e-13
2196.754653453816 1.422466851384236e-12
2205.541672067631 1.2944237592756805e-12
2214.3638387559017 2.7860896262061288e-12
2223.2212941109246 1.4284032108740708e-12
2232.114179287369 5.069100673990676e-12
2241.0426360045185 3.231710100266626e-12
2250.0068065485366 8.910349215118283e-12
2259.0068337747302 5.254951879000439e-12
2268.0428611098296 8.518773262035385e-12
2277.115032554269 1.0474558332668577e-11
2286.223492684486 1.244313916674734e-11
2295.368386655224 2.863978095875232e-11
2304.549860201845 7.909853208388049e-12
2313.7680596426517 3.078423765110236e-11
2323.0231318812225 2.7670275951125136e-11
2332.3152244087473 5.4357911523478e-11
2341.6444853063817 6.383305193097351e-11
2351.0110632476076 2.182413495421309e-11
2360.415107500598 7.729495675780848e-11
2369.8567679306 2.501528627130512e-11
2379.3361950023227 1.129949865912651e-10
2388.853539782332 9.117467808881706e-11
2398.4089539414617 2.4824311478330487e-10
2408.0025897572273 3.0487872720322916e-10
2417.6346001162565 1.1931886752689493e-10
2427.3051385167214 4.833555508595553e-10
2437.0143590707885 4.333722598347521e-10
2446.762416507072 1.1690921039706348e-09
2456.5494661731 6.302370742287565e-10
2466.375664037793 1.040009563143422e-09
2476.2411666939443 1.5323631597914836e-09
2486.1461313607197 4.2770331737559444e-10
2496.090715886162 1.4645992706356415e-09
2506.075078749707 1.1328641731776235e-09
2516.0993790647044 1.892679575446437e-09
2526.163776580964 4.7107389961729045e-09
2536.268431687288 7.787625422345437e-09
2546.4135054140374 1.0544090324044291e-08
2556.599159435693 5.739200367123376e-09
2566.825556073436 4.901722533308826e-09
2577.09285829773 6.480179025599929e-09
2587.4012297309205 5.285466395909528e-09
2597.7508346498444 1.0000383825291147e-08
2608.141837988444 1.0400775900773541e-08
2618.5744053403982 1.8981779477771468e-08
2629.0487029617593 3.165895156420972e-08
2639.5648977736064 3.1815847291926834e-08
2650.123157364701 3.2475021092965725e-08
2660.7236499941596 3.2867293713997115e-08
2671.366544594136 3.231888229916695e-08
2682.052010772512 5.200234214924152e-08
2692.7802188156024 4.82172880378106e-08
2703.551339690865 7.57002015503034e-08
2714.365545049628 8.71488371629786e-08
2725.223007229827 9.289112040011714e-08
2736.123899258746 1.1005682451660697e-07
2747.0683948557817 1.5325226805712138e-07
2758.0566684352048 1.5534666562199413e-07
2769.0888951089455 2.296643925990712e-07
2780.165250689381 2.2994747737513024e-07
2791.2859116921386 3.030417231017309e-07
2802.451055338907 3.4185959060678435e-07
2813.660859560263 3.927013839952139e-07
2824.9155029985036 4.4928037593471684e-07
2836.2151650104965 5.632815437279252e-07
2847.5600256705393 6.014067826309447e-07
2858.950265773222 7.970033774072105e-07
2870.386066836315 8.424202296209878e-07
2881.8676111036607 1.0377245188092676e-06
2893.3950815480757 1.2155398463773089e-06
2904.968661874268 1.3619580959056406e-06
2916.588536521764 1.6065590997996586e-06
2928.254890667851 1.8136588573529049e-06
2939.9679102305226 2.0565846441243336e-06
2951.727781871445 2.3764294698478286e-06
2963.534692998931 2.6893619698067566e-06
2975.3888317709266 3.0284753790417283e-06
2987.2903870980094 3.502394245727698e-06
2999.2395486464025 3.874503674396996e-06
3011.2365068409886 4.7324367327900207e-07
3023.2814528683516 5.272191220624586e-07
3035.374578679825 5.183668114689979e-07
3047.516076994544 6.332044453129621e-07
3059.7061413025226 7.020492939287178e-07
3071.9449658677336 7.022713576674558e-07
3084.232745731204 6.200734982113158e-07
3096.569676714128 3.6939790189946627e-07
3108.955955420985 3.606861603905644e-07
3121.3917792426687 5.490139594546007e-07
3133.8773463596394 5.538511789384247e-07
3146.412855745078 4.834873973482361e-07
3158.998507168058 3.8574637657343723e-07
3171.6345011967305 2.8057000774033766e-07
3184.321039201517 1.8183758445351456e-07
3197.0583233583234 9.955436788817264e-08
3209.8465566517566 3.6384992463624134e-08
3222.6859428783637 1.5522053202719004e-08
3235.576686649877 1.1472280473016024e-08
3248.518993396477 4.140424731326425e-09
3261.513069370063 1.103847742431322e-09
3274.559121647543 3.645832162280611e-10
3287.6573581341336 1.0196899820340357e-10
3300.8079875666704 3.3357319024648272e-12
3314.0112195169368 4.75774175132883e-11
3327.2672643950045 3.8367446190949334e-10
3340.5763334525845 1.340000846204066e-09
3353.938638786395 6.041446219003013e-09
3367.354393341541 2.471042663442682e-08
3380.8238109149074 7.865372287991964e-08
3394.347106158567 2.1028382590014825e-07
3407.924494583201 4.6422866384494294e-07
3421.5561925615334 7.288026062865661e-07
3435.2424173317804 4.6406746110249914e-07
3448.9833870011066 7.599579687440021e-08
3462.7793205491116 1.3653399159498946e-06
3476.630437831308 5.389995263051902e-06
3490.536959582633 1.0957004487361051e-05
3504.4991074209643 1.767677252419994e-05
3518.5171038506473 2.579888633072426e-05
3532.5911722660503 3.5409297088148074e-05
3546.7215369551145 4.6732083799511024e-05
3560.9084231029346 5.994013717175732e-05
3575.1520567953467 7.519211871989324e-05
3589.452665022528 9.266125650744861e-05
3603.810475682617 0.00011252268683223187
3618.225717585348 0.0001349594707644703
3632.698620455689 0.0001601534128530025
3647.2294149375116 0.0001883010675408553
3661.8183325972614 0.0002196146888361041
3676.4656059276513 0.00025431178380444866
3691.1714683513615 0.0002925891485268636
3705.936154224767 0.00033463835358311895
3720.7598988416657 0.0003806628168245408
3735.6429384370326 0.0004308127354949334
3750.585510190781 0.0004851942036513735
3765.587852231544 0.000543879032010937
3780.6502036404704 0.0006068166449163712
3795.772804455032 0.0006738117766655073
3810.955895672852 0.0007444292653901545
3826.199719255544 0.0008180869139405006
3841.504518132566 0.0008935109399999879
3856.870536205096 0.00096884314250593
3872.2980183499167 0.0010413013287339345
3887.7872104233156 0.001106503237080162
3903.338359265009 0.0011579777285700564
3918.9517127020695 0.001186025299341184
3934.6275195528774 0.0011761517962483514
3950.3660296310895 0.001108433679647529
3966.1674937496136 0.0009581422877879891
3982.0321637246125 0.0007066611179660736
3997.9602923795105 0.0003809865188783474
4013.9521335490285 0.0001094600444406833
4030.007942083225 1.2350941358923003e-05
4046.1279738515577 2.6144554019506356e-07
4062.312485746964 1.3698315566127225e-05
4078.5617356899515 0.00014522787085208014
4094.8759826327114 0.0006103212278964716
4111.255486563242 0.0013660481660722416
4127.700508509496 0.002227764628655284
4144.211310543533 0.0030939674654912337
4160.788155785708 0.0039368691302766445
4177.431308408849 0.00475970677417221
4194.141033642486 0.005572477303731205
4210.917597777056 0.006387099560813834
4227.761268168164 0.007214641856951832
4244.672313240838 0.008006893212790495
4261.651002493801 0.008857263372365065
4278.697606503776 0.00980355619590056
4295.812396929791 0.010789682074716892
4312.995646517511 0.011830591123686536
4330.24762910358 0.012912880641882956
4347.568619619994 0.014036769640980341
4364.958894098475 0.015199221331879153
4382.418729674868 0.016496415503830963
4399.948404593568 0.017870262787244576
4417.548198211942 0.019320369261496002
4435.21839100479 0.020855843668704528
4452.959264568809 0.022481563317292088
4470.771101627084 0.024209431844958055
4488.654186033592 0.026038265915731402
4506.608802777726 0.027985528792317468
4524.635237988838 0.030058938545891506
4542.733778940792 0.03225235943309089
4560.904714056555 0.03450633227349221
4579.148332912781 0.03235756373122422
4597.464926244433 0.03373260750914164
4615.85478594941 0.03494555603150633
4634.318205093208 0.03593757291101325
4652.855477913582 0.036739720184694936
4671.466899825236 0.03770832592259086
4690.152767424537 0.03793495351490974
4708.913378494234 0.03668139237145141
4727.749032008212 0.033397573149321305
4746.660028136244 0.02805871165896245
4765.646668248789 0.021323294711368585
4784.709254921784 0.014134870798222746
4803.8480919414715 0.00779071050450118
4823.063484309237 0.0035845056102990413
4842.355738246474 0.0015567142017826503
4861.72516119946 0.0007609642950221017
4881.172061844257 0.000423128616749543
4900.6967500916335 0.00026685469686996046
4920.299537092001 0.0001707494793387642
4939.9807352403695 0.00010902639072039877
4959.740658181329 7.12379849203356e-05
4979.5796208140555 4.960278084192674e-05
4999.497939297312 3.70070858980399e-05
5019.495931054502 2.9539749529277507e-05
5039.57391477872 2.544659710324226e-05
5059.732210437835 2.4081067922220757e-05
5079.971139279585 2.4450391663459414e-05
5100.291023836704 2.5124159999100803e-05
5120.692187932051 2.525525481714011e-05
5141.174956683781 2.5284240063130528e-05
5161.739656510514 2.584020429484133e-05
5182.386615136556 2.660480722990708e-05
5203.116161597103 2.701652332842873e-05
5223.928626243489 2.7265817093485572e-05
5244.824340748465 2.7623992504319087e-05
5265.803638111459 2.7787366685508133e-05
5286.866852663905 2.773352076778123e-05
5308.0143200745615 2.7824986158547597e-05
5329.246377354859 2.7889560371989767e-05
5350.563362864278 2.7816223986075668e-05
5371.965616315736 2.7933571903467283e-05
5393.453478780998 2.8035827976061345e-05
5415.027292696122 2.7970834084190057e-05
5436.687401866905 2.806112139350133e-05
5458.434151474374 2.8062862173016625e-05
5480.267888080271 2.787718814560965e-05
5502.188959632591 2.780117271602114e-05
5524.197715471122 2.7659490128750286e-05
5546.294506333006 2.7332451517218642e-05
5568.479684358337 2.702646686166296e-05
5590.753603095771 2.665966619522681e-05
5613.1166175081535 2.6062199040272503e-05
5635.569083978187 2.5491444761191266e-05
5658.1113603140975 2.4590944890839403e-05
5680.743805755354 2.3615651636419232e-05
5703.466780978376 2.2379757943271056e-05
5726.28064810229 2.098498879655585e-05
5749.185770694699 1.9277125345878464e-05
5772.182513777476 1.7350198553638125e-05
5795.271243832587 1.5132410179066207e-05
5818.452328807918 1.2784898465996863e-05
5841.72613812315 1.0053137863887609e-05
5865.093042675643 5.6389185954504455e-06
5888.553414846345 2.0477091736408563e-06
5912.10762850573 4.066765735326562e-06
5935.756059019754 1.1731012029435108e-05
5959.499083255832 2.050400884589724e-05
5983.337079588855 3.0557318528079996e-05
6007.27042790721 4.339616627897689e-05
6031.299509618841 5.9956157583434704e-05
6055.424707657316 7.978891657020292e-05
6079.646406487946 0.00010292928643099801
6103.964992113897 0.0001306328021381695
6128.380852082353 0.00016358497955714686
6152.894375490681 0.00020232452685409763
6177.505952992646 0.0002469770601218299
6202.215976804616 0.00029834089783824567
6227.024840711833 0.00035764669579437934
6251.932940074681 0.00042647808073105486
6276.940671834981 0.0005060270610132973
6302.048434522321 0.0005990504412112284
6327.256628260409 0.0007060120438146723
6352.5656547734525 0.0008275897318213192
6377.975917392546 0.0009667621405314513
6403.487821062116 0.0011250367809178983
6429.101772346364 0.0013045368527526313
6454.81817943575 0.00150894637451401
6480.637452153493 0.0017424778244378616
6506.560001962106 0.002010495868868121
6532.586241969955 0.002317842055904034
6558.716586937834 0.002670270766947088
6584.951453285586 0.0030733127196417207
6611.291259098727 0.003537527275882054
6637.7364241351215 0.004074375500380093
6664.2873698316625 0.004691129040459948
6690.94451931099 0.005400668662054042
6717.7082973882325 0.006227300069644336
6744.579130577787 0.007191754587084413
6771.557447100097 0.008294377883743015
6798.643676888497 0.009516324236514152
6825.838251596053 0.010821930112275556
6853.141604602436 0.012146867416283092
6880.554171020846 0.013364574672416248
6908.0763877049285 0.014370094733520921
6935.708693255749 0.015183779970896845
6963.4515280287715 0.01606334359713054
6991.305334140887 0.017085480843607868
7019.270555477449 0.018404331828834455
7047.34763769936 0.020099864818622273
7075.537028250157 0.02207349509303983
7103.839176363159 0.024179694461498053
7132.254533068612 0.02636639496193104
7160.783551200888 0.028389919780967124
7189.42668540569 0.030200448893721248
7218.184392147313 0.03176436401394771
7247.0571297159 0.03248807648280722
7276.045358234765 0.032870353000016374
7305.149539667704 0.03257710798966529
7334.370137826372 0.0321068049425404
7363.707618377678 0.03134508375774419
7393.162448851191 0.03040992487260765
7422.735098646595 0.029024633648757146
7452.426039041182 0.02747286971248501
7482.235743197345 0.025682920878428994
7512.1646861701365 0.02325790817213224
7542.213344914818 0.020823322085603845
7572.382198294477 0.018314542820336212
7602.671727087656 0.01486073295266327
7633.082413996006 0.007190859433643442
7663.614743651989 0.0007734443595892781
7694.269202626598 0.000978807046148703
7725.046279437104 0.004167780960982949
7755.946464554851 0.010031838997932441
7786.970250413072 0.019786826087100137
7818.118131414723 0.029178027273252593
7849.390603940383 0.0378718927660639
7880.788166356144 0.04765506011571785
7912.311319021571 0.05890236102587964
7943.960564297654 0.07206546552885754
7975.736406554845 0.08747033009815151
8007.639352181065 0.1049555667740985
8039.669909589788 0.1241116533518438
8071.828589228147 0.1451313878012857
8104.115903585063 0.1679776644178052
8136.532367199402 0.19300418007761413
8169.078496668199 0.2223312279842676
8201.754810654873 0.25760129779934876
8234.561829897493 0.2998914627994556
8267.500077217084 0.353172364043094
8300.570077525952 0.40681037273988874
8333.772357836056 0.4640855153955685
8367.1074472674 0.5238242867986234
8400.575877056472 0.586441898009958
8434.178180564695 0.6495920769835168
8467.914893286956 0.713211563409734
8501.786552860101 0.783671897334577
8535.793699071543 0.8764922970791142
8569.936873867831 0.9978181268114783
8604.216621363299 1.1336089196011379
8638.633487848754 1.2590886652661017
8673.18802180015 1.469369765455891
8707.880773887353 1.6724777016832277
8742.7122969829 1.9095439560440801
8777.68314617083 2.172324706373238
8812.793878755514 2.450508097102395
8848.045054270535 2.728809175883889
8883.437234487617 2.916798216341421
8918.970983425568 3.0837612442770617
8954.64686735927 3.512196934519898
8990.465454828707 3.7536934153122004
9026.427316648023 4.492711158957546
9062.533025914616 5.158689759755932
9098.783158018272 5.726121807044995
9135.178290650345 6.3404513014085415
9171.719003812947 6.940092245110762
9208.405879828202 7.722228674085504
9245.239503347511 8.187009572066767
9282.2204613609 6.602443584363882
9319.349343206346 6.429298709947505
9356.626740579171 7.5595487813068685
9394.053247541488 9.501119593227257
9431.629460531654 9.601754319839838
9469.355978373778 9.633648810714579
9507.233402287276 10.033520999870797
9545.262335896427 10.516570183289657
9583.443385240013 10.541170113181096
9621.777158780975 10.897053487071684
9660.264267416096 11.390582635487302
9698.90532448576 11.915691087700214
9737.7009457837 11.742266931135111
9776.651749566838 11.519998481961618
9815.758356565104 11.0713977864294
9855.021389991363 10.460209168588054
9894.441475551332 9.766214211044405
9934.019241453534 8.836295204512671
9973.755318419348 7.368925308440051
10013.650339693024 4.656091641738777
10053.704941051796 4.219389888176266
10093.919760816003 3.8534403347726656
10134.295439859268 3.4877166574470686
10174.832621618703 3.0947554359508347
10215.531952105179 2.7966133454280606
10256.394079913602 2.5515039575834453
10297.419656233254 2.3188185197296534
10338.609334858189 2.034602305581143
10379.96377219762 1.846099774249167
10421.483627286412 1.6694074033107724
10463.169561795556 1.5087458966781484
10505.022240042741 1.3654525324989644
10547.042329002912 1.2379781191217192
10589.230498318922 1.1202841509375019
10631.587420312197 1.0109022043270692
10674.113769993448 0.9101878739349328
10716.810225073421 0.8211891648451101
10759.677465973711 0.7468294024316902
10802.716175837608 0.6884267410602286
10845.927040540959 0.6444101562238598
10889.310748703121 0.6082993805077948
10932.867991697934 0.5732001545127676
10976.599463664725 0.5389529772822667
11020.505861519383 0.49841369180870365
11064.587884965462 0.4528114818855757
11108.846236505324 0.4009241512709964
11153.281621451348 0.34443850400023873
11197.894747937147 0.33922113587981
11242.686326928899 0.3448703746879439
11287.657072236614 0.3956632543351756
11332.807700525562 0.33724057319373474
11378.138931327663 0.4261025939597688
11423.651487052975 0.459264702222311
11469.346093001184 0.45183249105706
11515.22347737319 0.42397020734096974
11561.284371282683 0.4078183557755173
11607.529508767815 0.41611888496753274
11653.959626802887 0.49698793494836624
11700.5754653101 0.5313076637651392
11747.377767171341 0.47457449771800286
11794.367278240028 0.5866541310130189
11841.544747352984 0.6040866657130258
11888.9109263424 0.6040887174078501
11936.46657004777 0.5921469860845681
11984.212436327958 0.5894072776035763
12032.149286073272 0.5958613345678881
12080.277883217566 0.6131774585556513
12128.598994750435 0.6441297724506381
12177.113390729437 0.6860523486671783
12225.821844292353 0.7348298318329545
12274.725131669524 0.7923681651496105
12323.824032196202 0.8493296913121934
12373.119328324985 0.9156258721409186
12422.611805638286 1.0011771165385552
12472.302252860838 1.1070269671547261
12522.19146187228 1.1998678812796555
12572.280227719768 1.3234088892399345
12622.569348630648 1.4820968331591122
12673.059626025171 1.6381360326171148
12723.751864529271 1.7720285084401541
12774.646871987386 1.8801284429003415
12825.74545947534 1.956322636251305
12877.04844131324 2.0264755252595963
12928.556635078494 2.112968685190608
12980.270861618808 2.2226947369621977
13032.191945065284 2.3257875661773038
13084.320712845543 2.4515744975164604
13136.657995696927 2.548105808951623
13189.204627679715 2.66863691416273
13241.961446190431 2.7552839614872857
13294.929291975195 2.505347181881358
13348.109009143096 2.0679242622701626
13401.50144517967 1.1192266578690182
13455.107450960388 0.5136637971696976
13508.927880764231 0.2841919283631138
13562.963592287288 0.1711071357744099
13617.215446656439 0.20974846036413114
13671.684308443064 0.4685903432964159
13726.371045676835 0.6470728884944249
13781.276529859542 0.8228553716839357
13836.40163597898 0.26172336977629657
13891.747242522899 0.4357173409659314
13947.314231492988 0.3646694956104078
14003.103488418961 0.5835999605275078
14059.115902372636 0.5634841521902133
14115.352365982128 0.4977348834571466
14171.813775446057 0.5815455512837565
14228.501030547843 0.7239189554969293
14285.41503467003 1.0046101108966097
14342.556694808713 1.027895347499464
14399.926921587949 1.2137871706850372
14457.5266292743 1.5151279508415056
14515.356735791396 1.790745296633406
14573.418162734559 1.9520673712092682
14631.711835385498 1.8560170165727217
14690.238682727038 1.6465696106370824
14748.999637457951 1.5151017888554537
14807.995636007783 1.4889127580312205
14867.227618551815 1.492869863763176
14926.69652902602 1.4814528539379765
14986.403315142123 1.599182371702708
15046.348928402693 1.6076221992069117
15106.534324116303 1.411238091407296
15166.96046141277 1.343886104330552
15227.62830325842 1.4508969648782584
15288.538816471453 1.463408171925559
15349.692971737337 1.475152565601639
15411.091743624287 1.4617923116711382
15472.736110598784 1.4546497627242805
15534.62705504118 1.4452130979832152
15596.765563261344 1.442970562109016
15659.152625514387 1.4308288852984572
15721.789236016448 1.4004327273274768
15784.676392960515 1.3510651383253112
15847.815098532355 1.2994563179787768
15911.206358926484 1.2376037277242327
15974.85118436219 1.1700047502354665
16038.75058909964 1.0880904043211301
16102.905591456036 0.9869317385467345
16167.31721382186 0.8667542070701811
16231.986482677148 0.7358464675915123
16296.914428607855 0.6346850164251789
16362.102086322288 0.5825932457548275
16427.550494667576 0.5527361332337731
16493.260696646248 0.5743791148263152
16559.23373943283 0.551911100750237
16625.470674390563 0.5225647491627031
16691.972557088127 0.33414929708711494
16758.74044731648 0.44483515857525346
16825.775409105743 0.42368544421835547
16893.07851074217 0.3768469341590018
16960.650824785134 0.3348493826738598
17028.493428084275 0.3076819261380377
17096.607401796613 0.3116302381923895
17164.993831403797 0.2964084736594902
17233.653806729413 0.27904932619859923
17302.588421956334 0.2459650619581276
17371.798775644158 0.23392073585086887
17441.285970746736 0.22358997291533697
17511.05111462972 0.210146964577983
17581.095319088243 0.19089857690372725
17651.419700364593 0.1701020194991968
17722.02537916605 0.15451204043394853
17792.913480682713 0.14188969127458362
17864.085134605448 0.11935993838507385
17935.54147514387 0.09547143317738052
18007.283641044443 0.08612469044400926
18079.312775608625 0.06976098523777668
18151.630026711056 0.060625163792720135
18224.236546817894 0.055907201567023966
18297.133493005167 0.043532727508987484
18370.32202697719 0.03807662535053236
18443.803315085097 0.045043929953155884
18517.578528345435 0.044577624251476704
18591.648842458817 0.03828677642863863
18666.01543782865 0.028713839614123042
18740.67949957997 0.02450541610887345
18815.642217578286 0.043601818256873086
18890.9047864486 0.03808588756385195
18966.4684055944 0.03375589546443874
19042.334279216768 0.02398942826116204
19118.50361633364 0.02524586785002929
19194.977630798967 0.022158278896016178
19271.757541322168 0.02060254307460721
19348.844571487454 0.0202629149796237
19426.239949773408 0.01929053411144793
19503.9449095725 0.020957037723453937
19581.960689210795 0.021244892476080288
19660.28853196764 0.022179121267869764
19738.929686095507 0.022097966211471455
19817.885404839893 0.02157952192776041
19897.15694645925 0.022215330612644635
19976.745574245087 0.021514599606044602
20056.65255654207 0.02040773815114057
20136.879166768238 0.019894579315242456
20217.426683435307 0.01885177839730548
20298.296390169045 0.01870827095801212
20379.489575729727 0.01824196823631952
20461.007534032648 0.017510692426155546
20542.851564168777 0.016705281719644038
20625.02297042545 0.015746304882543513
20707.523062307162 0.014740683311160244
20790.353154556382 0.013744650362310052
20873.514567174607 0.012856393624870384
20957.008625443308 0.012121302718383641
21040.836659945082 0.01163233314626169
21125.000006584854 0.011406435276441775
21209.5000066112 0.011451205261929836
21294.33800663765 0.01171275606175375
21379.515358664197 0.012132411990959244
21465.033420098855 0.012568372232428569
21550.893553779246 0.01298460420071274
21637.097127994366 0.01305722298992708
21723.645516506345 0.013366221263487849
21810.540098572368 0.013070106497056484
21897.782258966654 0.012821052516126056
21985.37338800253 0.010082271135024185
22073.314881554532 0.010460903588635292
22161.60814108075 0.010851772461670869
22250.25457364508 0.009799347449719846
22339.25559193965 0.00919811912695296
22428.61261430741 0.00833708173091606
22518.32706476464 0.008001412479130486
22608.400373023702 0.006987820201339322
22698.833974515794 0.007584407806638852
22789.62931041386 0.007242474684926284
22880.78782765551 0.006986105710771737
22972.310978966132 0.006382696130367458
23064.200222882002 0.007311181769271687
23156.457023773528 0.006343477700073818
23249.082851868614 0.006530046370484693
23342.079183276095 0.006181505046104866
23435.447500009202 0.005325839887397827
23529.18929000923 0.00572088724535808
23623.306047169273 0.00672716987990249
23717.79927135796 0.00484518658216448
23812.670468443375 0.00672498337927898
23907.92115031715 0.006905979556129869
24003.552834918424 0.007556905118480722
24099.56704625809 0.008714118732657674
24195.96531444313 0.009661993920086627
24292.749175700897 0.011050169725845634
24389.9201724037 0.012835573494803888
24487.479853093315 0.014884769263098488
24585.42977250569 0.017840996085322816
24683.771491595708 0.020617605899362502
24782.50657756209 0.024113462752331522
24881.636603872343 0.026672477006268243
24981.16315028783 0.03029173633348705
25081.087802888986 0.030794328145238883
25181.412154100537 0.031572436787545934
25282.137802716934 0.02808478314304583
25383.266353927807 0.027443830547808065
25484.79941934352 0.021743539960645635
25586.73861702089 0.031887915448050176
25689.08557148898 0.020891010406716287
25791.84191377493 0.02103065167802637
25895.009281430033 0.01795620572895487
25998.589318555754 0.024634649085726046
26102.58367582998 0.032199172005702145
26206.994010533297 0.04199936857067229
26311.821986575433 0.03848765897333765
26417.069274521735 0.09381853185236975
26522.737551619815 0.08219896746647669
26628.828501826294 0.02882624816775401
26735.343815833607 0.010562641896071269
26842.285191096937 0.024757605795116204
26949.654331861326 0.052837541638582494
27057.452949188766 0.06248624362299704
27165.682760985525 0.06018134241686917
27274.345492029468 0.10760440271310184
27383.442873997585 0.04184528003492747
27492.976645493567 0.106943164896773
27602.948552075544 0.04500719221340258
27713.360346283847 0.056608426232395335
27824.213787668985 0.05100558420642659
27935.510642819663 0.12184059179002511
28047.252685390937 0.06486039085990815
28159.441696132504 0.10800654961906407
28272.079462917034 0.17365036768054634
28385.167780768694 0.11748519137427926
28498.70845189177 0.16432416419457088
28612.703285699336 0.20857096883226298
28727.154098842133 0.23301935987562047
28842.062715237505 0.2702813120719423
28957.430966098455 0.29545610059405264
29073.260689962848 0.3030515750427862
29189.553732722703 0.3958145561078506
29306.311947653598 0.47834986866735085
29423.537195444205 0.4558089051179682
29541.231344225984 0.5511686023123762
29659.396269602887 0.5899266126772659
29778.033854681304 0.6057176990881662
29897.14599010003 0.7279304714472407
30016.734574060432 0.22034219950566597
30136.80151235667 0.690914300409557
30257.348718406094 0.8315210345500664
30378.37811327972 0.8902389391527078
30499.89162573284 0.7737631257873112
30621.891192235766 1.0791295756384003
30744.37875700471 0.8943100033682383
30867.356272032728 0.8190241479695518
30990.825697120858 0.7717887751779854
31114.78899990934 0.543440803356296
31239.24815590897 0.6716176896770197
31364.20514853261 0.41956368718054476
31489.661969126744 0.3823260831451232
31615.62061700325 0.202470507665637
31742.083099471263 0.19646945840654464
31869.05143186915 0.11565223626184257
31996.527637596624 0.09540828951490958
32124.51374814701 0.09485430791795095
32253.011803139605 0.0718402796166734
32382.02385035216 0.08080285850663547
32511.55194575357 0.10300479025287232
32641.598153536583 0.10840558814446027
32772.16454615073 0.22304398495120614
32903.25320433533 0.40757029235903725
33034.86621715268 0.25652937054221675
33167.005682021285 0.00496542494715378
33299.673704749366 0.029612740501733195
33432.87239956837 0.1776295433555749
33566.60388916664 0.23479572480161282
33700.87030472331 0.2291574659286556
33835.6737859422 0.14821083531695045
33971.016481085964 0.14483573698229374
34106.900547010315 0.14718519285000242
34243.32814919835 0.15638363875576944
34380.30146179514 0.20628033099293586
34517.82266764233 0.21492946311047956
34655.893958312896 0.30217114776607923
34794.51753414615 0.30876867486409815
34933.69560428273 0.40111200267780817
35073.43038669985 0.5565452108730604
35213.72410824666 0.6207288551052345
35354.57900467965 0.5103108356669016
35495.99732069836 0.6875489397734115
35637.98130998116 0.9295144121080672
35780.53323522108 1.0415939903638571
35923.65536816197 1.2166354841471922
36067.34998963462 1.231013837284512
36211.61938959315 1.6473942992385813
36356.46586715153 2.0607248919160974
36501.891730620126 1.9856144544624537
36647.89929754261 2.21795225545736
36794.49089473278 2.599846859683552
36941.6688583117 2.4023253853628783
37089.43553374496 2.385363740100819
37237.793275879936 2.5330548137746445
37386.74444898345 2.878602070589318
37536.29142677938 2.9731239324081433
37686.43659248651 2.731737989925609
37837.18233885645 2.768481596353241
37988.53106821188 2.8792737732118283
38140.48519248474 3.2650356913606986
38293.04713325467 3.4564763251574964
38446.21932178769 2.8041084596790884
38600.00419907484 3.2176383681076377
38754.40421587113 3.2486164207343404
38909.42183273463 3.3129484992496483
39065.05952006556 3.2364899013017063
39221.31975814583 3.292058576031987
39378.205037178406 3.389928830324123
39535.71785732712 3.3232433256249405
39693.860728756415 3.3854333654035234
39852.636171671445 3.370357763345457
40012.04671635814 3.3170945834674
40172.09490322357 3.3206624255404327
40332.78328283648 3.277654015830646
40494.11441596781 3.2368413838618126
40656.090873631685 3.285970501776146
40818.71523712622 3.2099905807920823
40981.990098074726 3.167150774092072
41145.918058467025 3.0881506185694105
41310.50173070089 3.1156333485346774
41475.74373762369 3.0373577772796754
41641.646712574184 3.035225915914766
41808.21329942448 3.001958499564861
41975.44615262219 2.9012507946503976
42143.347937232684 2.9630195518738
42311.921328981625 2.8952288919076214
42481.16901429755 2.992244894340669
42651.09369035474 2.908461998678536
42821.69806511615 2.8646189494830123
42992.98485737662 2.412294231328828
43164.95679680613 2.43619185818245
43337.61662399335 2.687157250396948
43510.96709048933 2.6759136055441832
43685.01095885128 2.6959783752245707
43859.75100268668 2.628829835270436
44035.19000669744 2.582263294124017
44211.330766724226 2.574739219250964
44388.176089791115 2.427638973585121
44565.72879415028 2.492734063681981
44743.991709326874 2.392584317480715
44922.9676761642 2.4196596546131506
45102.65954686885 2.394643946751673
45283.07018505633 2.2111005973384277
45464.20246579656 2.373994647631815
45646.05927565975 2.254785960821326
45828.64351276236 2.2639822766301294
46011.95808681343 2.281880289714947
46196.00591916067 2.0216996134248455
46380.78994283732 2.1641428629803707
46566.31310260868 2.0792769978491252
46752.578355019126 1.8010723961147894
46939.588668439166 2.088703972769995
47127.34702311293 1.9776233404132784
47315.85641120539 1.7669853564134532
47505.11983685021 1.9720875478049655
47695.14031619761 1.8826330225458654
47885.9208774624 1.50894748221582
48077.46456097225 1.7747204462249004
48269.774419216126 1.7888620805938078
48462.853516892996 1.3474930549673951
48656.70493096058 1.768656689231674
48851.33175068441 1.607483696538704
49046.737077687154 1.393353980968588
49242.92402599791 1.641138675742334
49439.89572210189 1.3344179720379414
49637.6553049903 1.174678410487301
49836.20592621027 1.4889067571088235
50035.55074991511 1.4579959032195327
50235.69295291477 0.8194673309155185
50436.63572472643 1.4183349746779488
50638.382267625326 1.4387816733954053
50840.935796695834 0.9831956677849986
51044.2995398826 1.1951383731053067
51248.47673804215 1.2126581502437221
51453.47064499432 0.7176101640527202
51659.28452757429 1.086088480597095
51865.92166568459 1.1650406598334055
52073.38535234733 0.5019016496913076
52281.67889375672 0.8443477826515834
52490.80560933175 0.9180604230802322
52700.76883176907 0.807532489807991
52911.57190709616 0.7142136877872698
53123.218194724526 0.845315981988183
53335.711067503435 0.9409685075471598
53549.053911773444 0.37001883465199964
53763.25012742054 0.6542130319633137
53978.303127930216 0.8652698068709607
54194.21634044194 0.2468101445813104
54410.99320580371 0.6264056592424946
54628.63717862692 0.3848672787857085
54847.15172734143 0.47016867816325997
55066.540334250785 0.521564509057403
55286.80649558781 0.42982329307969325
55507.95372157016 0.3240799831673984
55729.985536456436 0.24414609038133145
55952.90547860226 0.34829300016105924
56176.717100516675 0.33708204156781313
56401.42396891874 0.2217915486783481
56627.02966479442 0.29982649242644277
56853.5377834536 0.23193158875617334
57080.95193458741 0.22976347295051092
57309.27574232576 0.20067736188177063
57538.51284529506 0.16656180014508665
57768.666896676245 0.20952039380233264
57999.74156426295 0.33109533094181925
58231.74053052 0.12655104615274024
58464.66749264208 0.2672750386789278
58698.52616261265 0.14179222998885957
58933.3202672631 0.1329989353607638
59169.05354833215 0.2196075074442956
59405.72976252549 0.12911702450272058
59643.3526815756 0.23165338968652802
59881.926092301896 0.2104129502373026
60121.45379667111 0.2990103121904552
60361.93961185778 0.23624045504148855
60603.38737030522 0.12840078657595208
60845.800919786445 0.21857784840151329
61089.184123465595 0.15769475670921387
61333.54085995945 0.17718096919097473
61578.87502339928 0.11127331088493077
61825.19052349288 0.14183747712404543
62072.491285586846 0.2538154484377701
62320.7812507292 0.2912843299779984
62570.06437573213 0.3520717101928067
62820.34463323505 0.33899622592181666
63071.62601176801 0.4280198593248482
63323.91251581507 0.25403142005446117
63577.20816587833 0.24528500109505186
63831.51699854184 0.22403343188584446
64086.843066536014 0.11483120630671617
64343.19043880215 0.16499329335314003
64600.563200557364 0.15462681091862845
64858.96545335958 0.07585397273585143
65118.401315173025 0.12898937098079225
65378.87492043372 0.1461907887187666
65640.39042011545 0.10073940540285033
65902.95198179591 0.10649937272694782
66166.56378972309 0.12437412512694349
66431.23004488199 0.12660000254547385
66696.95496506151 0.1386323941547825
66963.74278492175 0.19317412038363063
67231.59775606144 0.1692208360930491
67500.52414708569 0.24668144700008732
67770.52624367403 0.16714932753679232
68041.60834864872 0.1918292646263144
68313.77478204331 0.2317328243948078
68587.02988117147 0.11493894853707869
68861.37800069616 0.226999478801155
69136.82351269896 0.2616073987218095
69413.37080674975 0.28328838593351957
69691.02428997675 0.18680945004258157
69969.78838713666 0.2537352479553663
70249.6675406852 0.24184543496671268
70530.66621084794 0.15751718930068107
70812.78887569135 0.2717555776756649
71096.04003119409 0.2458316066371997
71380.42419131887 0.23331832505988986
71665.94588808414 0.164432700173123
71952.60967163648 0.19616986537006562
72240.42011032304 0.1943921323604277
72529.38179076432 0.17143359055510943
72819.49931792737 0.13106143517802957
73110.77731519907 0.13770001632185905
73403.22042445988 0.08914994016581633
73696.83330615771 0.116527878616129
73991.62063938235 0.120273121077321
74287.58712193987 0.11885103299264768
74584.73747042764 0.09738274717675983
74883.07642030934 0.12174317354476992
75182.60872599059 0.14581310223749408
75483.33916089457 0.16243932668083821
75785.27251753812 0.16495833764231865
76088.4136076083 0.17762674945702897
76392.76726203872 0.1791982958906884
76698.33833108687 0.03915766882111533
77005.13168441122 0.0781756942500973
77313.15221114887 0.09769418762921989
77622.40481999348 0.10306682598000265
77932.89443927344 0.1278631549378766
78244.62601703055 0.14079272642330481
78557.60452109865 0.13844676759425206
78871.83493918306 0.11845653543094183
79187.3222789398 0.11130782729820549
79504.07156805556 0.1518310965895119
79822.08785432778 0.15521202569552373
80141.37620574511 0.11626244794111429
80461.94171056806 0.13209700978587768
80783.78947741033 0.13179839857497705
81106.92463531997 0.1998072704417403
81431.35233386126 0.1622129367494872
81757.0777431967 0.15421067246279754
82084.10605416949 0.15828158814299267
82412.44247838613 0.17086838972853305
82742.09224829968 0.19650010977128035
83073.06061729288 0.20241626511760746
83405.35285976208 0.19920892026274067
83738.9742712011 0.1697465262918561
84073.93016828595 0.19824049825238266
84410.22588895904 0.2142198043046891
84747.86679251489 0.1996535073860042
85086.85825968496 0.16796317995355517
85427.20569272367 0.20343530223657472
85768.91451549459 0.20877267743791994
86111.99017355654 0.1886851167624936
86456.43813425078 0.15021849241201307
86802.2638867878 0.18883366373499189
87149.47294233493 0.19938226161266762
87498.07083410428 0.17575508097591183
87848.0631174407 0.14201034672390436
88199.45536991046 0.167981523344917
88552.25319139009 0.1833541327300861
88906.46220415569 0.1727828830271937
89262.08805297229 0.14693930088416002
89619.1364051842 0.12972461696144194
89977.61295080492 0.15684391686202237
90337.52340260813 0.16826853685127252
90698.87349621857 0.13308894383090317
91061.66899020346 0.15775025423014927
91425.91566616425 0.12871706106693936
91791.61932882894 0.1474038870672629
92158.78580614422 0.11541970524200312
92527.4209493688 0.1652666053082375
92897.53063316627 0.1249955553825737
93269.12075569895 0.11827992563794541
93642.19723872172 0.13487900452431326
94016.76602767664 0.1370318830157841
94392.83309178732 0.15801368254384338
94770.40442415449 0.11653263726122193
95149.48604185111 0.11959493831094536
95530.08398601852 0.11564237945527216
95912.20432196259 0.15100114122581282
96295.85313925042 0.15394367467508072
96681.0365518075 0.10586329034977315
97067.76069801472 0.12201877808873825
97456.03174080675 0.12815783316157897
97845.85586776999 0.14884618617964868
98237.23929124104 0.15480525432360265
98630.18824840599 0.120082597416919
99024.70900139965 0.12234020585270214
99420.80783740526 0.12884601581573146
99818.49106875488 0.15256723707909037
100217.76503302988 0.15115144045570583
100618.636093162 0.1149116909404058
101021.11063753467 0.13088838514540577
101425.1950800848 0.14600049306598165
101830.89586040513 0.14888052153433545
102238.21944384674 0.1472124757726758
102647.17232162213 0.1404020764249515
103057.7610109086 0.11528225671150252
103469.99205495225 0.04325743516821809
103883.87202317205 0.05413751415438325
104299.40751126477 0.08522264666371222
104716.60514130979 0.10819907090586961
105135.47156187505 0.09632382345044753
105556.01344812254 0.10754300421990257
105978.23750191503 0.12296795099867901
106402.15045192267 0.11562454802149146
106827.75905373038 0.08640238221662
107255.07008994528 0.047894904185203604
107684.09037030509 0.05076673531382437
108114.8267317863 0.07269425649068154
108547.28603871344 0.09438932029822125
108981.47518286831 0.10353053301665674
109417.40108359976 0.10700549785836243
109855.0706879342 0.10831691724323583
110294.49097068593 0.10187538708582652
110735.66893456863 0.12148857539298465
111178.61161030692 0.12061767650706691
111623.32605674816 0.12261050990717225
112069.81936097513 0.09687849133121204
112518.09863841905 0.09126986036595562
112968.17103297272 0.11699713937180253
113420.0437171046 0.11869388930842148
113873.72389197304 0.11624619158203549
114329.21878754091 0.11425576070517902
114786.53566269108 0.09317614707526592
115245.68180534184 0.08049316378867463
115706.66453256323 0.10901082239748396
116169.49119069346 0.1116258718218466
116634.16915545624 0.10868634609276419
117100.70583207808 0.07602166120444753
117569.1086554064 0.09092041210110034
118039.385090028 0.07865524353512747
118511.54263038811 0.10087775539497239
118985.58880090967 0.10463350812093579
119461.5311561133 0.1001815736587923
119939.37728073777 0.07145062109860024
120419.13478986072 0.08967598130619397
120900.81132902016 0.06778477279455346
121384.41457433623 0.09560239332383073
121869.9522326336 0.09713189332814169
122357.43204156413 0.07880992465753406
122846.86176973036 0.07663140866612185
123338.2492168093 0.08428845220215925
123831.60221367657 0.07056430454154808
124326.92862253124 0.08822973869938522
124824.23633702139 0.09140306058797844
125323.53328236948 0.07650596866090281
125824.82741549893 0.07635949243738895
126328.12672516092 0.08426624781984225
126833.43923206156 0.0710802133106037
127340.77298898982 0.07422921179834689
127850.13608094577 0.0836836747441851
128361.53662526955 0.06770887759063822
128874.98277177062 0.07888922210475507
129390.4827028577 0.07950571052115585
129908.04463366912 0.07790586428757607
130427.67681220379 0.07007150044553234
130949.38751945265 0.07625212966133199
131473.18506953045 0.07350923503310819
131999.07780980857 0.07498079301523385
132527.0741210478 0.07374526055254457
133057.182417532 0.0771212400174878
133589.4111472021 0.07115962341949163
134123.76879179094 0.06763234656472175
134660.26386695806 0.07113171675618205
135198.9049224259 0.07438996371195276
135739.7005421156 0.0685602346477004
136282.65934428407 0.07153595963245114
136827.78998166122 0.07171747506117092
137375.1011415879 0.06762376259296393
137924.60154615424 0.06843648136762662
138476.29995233883 0.06904661714022439
139030.20515214818 0.0698693391304738
139586.32597275675 0.0696246328693127
140144.6712766478 0.0659814809346502
140705.2499617544 0.06428397625615813
141268.0709616014 0.06498174129921874
141833.1432454478 0.06387175273634622
142400.4758184296 0.06480218936791401
142970.07772170333 0.06448568086427314
143541.95803259013 0.06283967506213643
144116.12586472047 0.06213831646430475
144692.59036817937 0.05716928961245778
145271.3607296521 0.05928675450376306
145852.44617257072 0.0610774511517121
146435.85595726097 0.06086299990712906
147021.59938109003 0.05978579829445388
147609.6857786144 0.059337831868929214
148200.12452172884 0.05865738644215078
148792.92501981577 0.05733979028275185
149388.09671989502 0.05551820831602727
149985.6491067746 0.05685045371887001
150585.59170320167 0.05571964570074418
151187.93407001448 0.055396481997041905
151792.68580629455 0.05357752229783093
152399.85654951975 0.0540202460662954
153009.45597571784 0.05351218399237496
153621.4937996207 0.05142068469124626
154235.97977481916 0.05164060281277906
154852.92369391845 0.05111143194518706
155472.3353886941 0.04970213988436221
156094.2247302489 0.04818429608070257
156718.60162916992 0.048209133374356956
157345.47603568656 0.046003120737641685
157974.8579398293 0.044857359091777155
158606.75737158864 0.043342032837991644
159241.18440107498 0.04151123712344962
159878.14913867926 0.04212602547235452
160517.661735234 0.043791399732678794
161159.73238217493 0.043637053068965585
161804.3713117036 0.044337367295401955
162451.58879695044 0.04255325647243913
163101.39515213823 0.04431783188229901
163753.8007327468 0.0439492006143792
164408.81593567782 0.043957442227817216
165066.45119942052 0.043590400575541796
165726.71700421823 0.04230846464639068
166389.62387223504 0.04042788167621436
167055.18236772402 0.04187164400681807
167723.40309719497 0.04192355424319262
168394.2967095837 0.040601889665670916
169067.87389642204 0.03729523946205911
169744.14539200772 0.04013972349983497
170423.1219735757 0.040634160740434286
171104.81446147006 0.037965730100823346
171789.23371931593 0.03884403431840692
172476.3906541932 0.03700654269159911
173166.29621680998 0.03847379310370004
173858.96140167722 0.03602696290904196
174554.39724728392 0.03843555414425392
175252.61483627307 0.0357600625076356
175953.62529561817 0.035627311334873346
176657.43979680064 0.037122384494848046
177364.06955598784 0.0368022349692823
178073.52583421173 0.03701486627492613
178785.8199375486 0.03669369347821314
179500.9632172988 0.035427937433325826
180218.967070168 0.0343684323578258
180939.84293844865 0.03460287822063505
181663.60231020238 0.032431062052915224
182390.25671944322 0.033138071262884636
183119.81774632097 0.03267392092282635
183852.29701730626 0.03444269780213046
184587.7062053755 0.03433879297988692
185326.057030197 0.033158429134160214
186067.3612583178 0.03258790894807759
186811.63070335102 0.03168606450662302
187558.8772261645 0.032597960744523605
188309.11273506918 0.03260833212107602
189062.3491860094 0.03253270854544156
189818.59858275342 0.028204839621408195
190577.87297708448 0.030995996686368803
191340.18446899284 0.03183033710573053
192105.54520686882 0.028183807104456123
192873.9673876963 0.02698853160750108
193645.46325724703 0.026515186044062
194420.04511027603 0.026915241183984494
195197.72529071715 0.029665551745099484
195978.51619188 0.026943498365038353
196762.4302566476 0.028580117409763107
199107.9942767367 0.026215094532705895
203090.15416227144 0.025855901320332757
207151.95724551688 0.024555309768966804
211294.9963904272 0.021641362302414032
215520.89631823578 0.02118213948479004
219831.31424460045 0.019114295868519416
224227.94052949245 0.017903523215828273
228712.4993400823 0.0181120669123767
233286.74932688402 0.017662187034000906
237952.48431342165 0.013058863179827568
242711.5339996901 0.016881248281686616
247565.76467968393 0.014758614245326677
252517.0799732776 0.010394662685978804
257567.42157274322 0.012906830764390373
262718.770004198 0.011595452504654444
267973.145404282 0.008868818219790006
273332.6083123676 0.011102624050087532
278799.26047861495 0.008648700856689465
284375.2456881872 0.006317804904169521
290062.750601951 0.007959459810015114
295864.00561398995 0.007110032270525626
301781.2857262697 0.006761352099797378
307816.91144079523 0.005154069984388661
313973.24966961105 0.006423351139945219
320252.7146630032 0.00551605820881078
326657.7689562633 0.004857474198348912
333190.92433538847 0.0040668540815742525
339854.7428220964 0.004750044484724733
346651.83767853834 0.00366291423920059
353584.87443210906 0.0031364209564947176
360656.57192075124 0.0029150426094491306
367869.70335916633 0.0032077041728652573
375227.09742634965 0.0029502252486752873
382731.63937487674 0.003396161839187375
390386.2721623741 0.0022752441426026563
398193.99760562164 0.002080150624594485
406157.87755773397 0.0018157011593982646
414281.0351088888 0.0025046248089401557
422566.65581106645 0.0019725566087673988
431017.98892728786 0.0015821910279598744
439638.3487058336 0.0013965502644754304
448431.11567995034 0.0013730680110205721
457399.7379935492 0.0014562308305725395
466547.7327534202 0.0011023838405585216
475878.6874084886 0.0011621796942659205
485396.2611566584 0.0011396356696495675
495104.1863797916 0.0009072382159698072
505006.2701073874 0.0008779477117124425
515106.39550953516 0.0008195679972577354
525408.5234197257 0.0009618433977127635
535916.6938881205 0.0008398452323711984
546635.0277658828 0.0007608466661110586
557567.7283212005 0.0006048462037042333
568719.0828876244 0.0005346643761089358
580093.4645453768 0.000549497890303909
591695.3338362843 0.0005231921446312856
603529.2405130101 0.0005220385185713507
615599.8253232702 0.0005472760967080269
627911.8218297358 0.000376560467172528
640470.0582663304 0.00035661762079880016
653279.459431657 0.00034061006034736126
666345.04862029 0.000286357887266259
679671.9495926959 0.00034907698082518987
693265.38858455 0.00035032314286880184
707130.6963562409 0.0002680345523931878
721273.3102833657 0.00021001933231387627
735698.7764890331 0.0002486906619159921
750412.7520188137 0.00020200890824932413
765421.0070591901 0.00020939037566595958
780729.4272003738 0.00018026441282071443
796344.0157443815 0.00017746012952624926
812270.896059269 0.00015574759768884197
828516.3139804546 0.00013745587611906727
845086.6402600636 0.000128055734856737
861988.3730652649 0.00014610190051540347
879228.14052657 0.00015389893327248219
896812.7033371016 0.00011538642798729839
914748.9574038435 0.00011430164927920947
933043.9365519203 9.443650107443665e-05
951704.8152829591 8.008859445329708e-05
970738.911588618 9.011049306631524e-05
990153.6898203905 6.899738312422035e-05
