1000.5530765187797 1.3488997917253648e-13
1004.5552888248548 2.016974292240502e-52
1008.5735099801544 6.682790325154452e-50
1012.607804020075 1.245143325397866e-49
1016.6582352361554 2.3425358383356824e-52
1020.7248681770998 1.0340669235301204e-36
1024.8077676498083 4.4643154378048415e-39
1028.9069987204075 1.5308111919880403e-48
1033.022626715289 3.5718024569105684e-34
1037.1547172221503 1.1529244745158082e-50
1041.3033360910388 1.2873188272242293e-46
1045.468549435403 5.143747642557217e-44
1049.6504236331448 8.963327336907977e-52
1053.8490253276773 2.0271412879521276e-38
1058.064421428988 3.1708168096328186e-48
1062.296679114704 5.991434875233553e-38
1066.5458658311627 2.14224847987086e-42
1070.8120492944875 3.282950483638773e-44
1075.0952974916654 9.259199538460749e-35
1079.3956786816323 2.622147376775009e-44
1083.7132613963586 2.300455047179812e-33
1088.048114441944 8.839552075487987e-36
1092.4003068997117 4.8176688423830484e-27
1096.7699081273104 4.221170431805554e-35
1101.15698775982 5.657641505254473e-36
1105.561615710859 4.850056129650286e-27
1109.9838621737026 4.941053421052773e-29
1114.4237976223976 3.0253546617763547e-32
1118.8814928128868 3.1075508790963126e-35
1123.3570187841383 2.529505909176594e-32
1127.8504468592753 6.488305035507932e-25
1132.361848646712 6.040877858707203e-26
1136.8912960412988 1.1648886022274086e-25
1141.438861225464 2.1284174206810447e-25
1146.004616670366 4.173923995456719e-25
1150.5886351370475 2.923808010510316e-25
1155.190989677596 1.526592591955269e-25
1159.8117536363065 8.477026283371162e-25
1164.4510006508515 1.6266255035330094e-25
1169.108804653455 6.752689145031877e-26
1173.7852398720688 2.997372862388946e-24
1178.480380831557 6.063987324051927e-24
1183.1943023548836 6.590180085256875e-24
1187.9270795643029 2.305015181780601e-24
1192.67878788256 8.608861616070262e-24
1197.4495030340906 1.2161325742128491e-23
1202.2393010462267 3.2471505588293214e-25
1207.0482582504117 5.832339120050872e-24
1211.8764512834132 2.0628682169066937e-24
1216.7239570885472 2.2955837979370183e-25
1221.5908529169012 4.614632355936214e-24
1226.4772163285688 1.6005783469316713e-23
1231.383125193883 1.1370819476757141e-23
1236.3086576946585 2.58816278888784e-23
1241.2538923254372 3.328394548551987e-23
1246.2189078947392 3.94576916016042e-24
1251.203783526318 3.9426704488999925e-23
1256.2085986604231 7.095920959701514e-23
1261.233433055065 6.923604133097089e-23
1266.2783667872852 1.3158828146703199e-24
1271.3434802544346 7.435092507076942e-22
1276.4288541754522 5.896008621482027e-22
1281.534569592154 3.1926516595400236e-23
1286.6607078705229 9.954123158208154e-23
1291.8073507020044 3.3630399610943483e-21
1296.9745801048125 2.8402574314146e-21
1302.162478425232 4.270945501508253e-22
1307.3711283389327 1.4711816888269286e-21
1312.6006128522888 7.22781538231703e-21
1317.851015303698 3.642229904413337e-21
1323.1224193649127 4.192985365125485e-21
1328.4149090423725 7.431534752491588e-21
1333.728568678542 9.349513355700547e-21
1339.0634829532567 1.13147784942647e-20
1344.4197368850691 6.961722368075565e-21
1349.7974158326099 4.4405102068553296e-20
1355.1966054959403 5.1565354786346286e-20
1360.6173919179244 1.4032777330944108e-19
1366.059861485596 5.43409728210519e-20
1371.5241009315384 9.528721354764661e-20
1377.0101973352646 2.1429956643199565e-19
1382.5182381246057 2.9526827543751214e-19
1388.0483110771042 3.840808767730257e-19
1393.6005043214122 6.373194404834702e-19
1399.1749063386976 5.081906508684613e-19
1404.7716059640527 2.39301012967994e-18
1410.3906923879088 1.7236741693770583e-18
1416.0322551574602 7.374605396121553e-18
1421.6963841780905 1.0705492080331736e-18
1427.3831697148032 3.5399347464437e-18
1433.0927023936622 6.446163391261057e-17
1438.8250732032368 9.395168174807293e-18
1444.5803734960498 5.656816408205269e-17
1450.3586949900334 3.7451197903624235e-17
1456.1601297699938 1.445940591298358e-16
1461.984770289074 3.31775067293731e-17
1467.83270937023 6.579119075829303e-17
1473.704040207711 1.804016584602595e-16
1479.5988563685412 3.933658158714851e-17
1485.5172517940157 1.25240263237887e-16
1491.459320801192 3.2082585299237497e-16
1497.4251580843968 1.053327046869097e-16
1503.4148587167342 3.0677626001614237e-16
1509.4285181516007 1.0841319793050316e-16
1515.4662322242077 1.6765871312767583e-18
1521.5280971531042 6.242906934581257e-18
1527.6142095417167 3.081329364390537e-19
1533.7246663798837 7.85468532189561e-19
1539.859565045403 3.722559873497449e-18
1546.0190033055849 5.1589144065828537e-20
1552.203079318807 1.1870001556334355e-19
1558.4118916360824 1.3295128910838537e-19
1564.6455392026269 1.0774795604959351e-19
1570.9041213594373 2.1532144395138116e-19
1577.187737844875 2.0000009390905969e-19
1583.4964887962547 2.1548866850727005e-19
1589.8304747514399 2.975594265591189e-19
1596.1897966504455 2.213705235588545e-19
1602.5745558370472 2.938260296561074e-19
1608.9848540603957 3.784473275977156e-19
1615.4207934766368 3.6366000955861056e-19
1621.8824766505436 3.6446999126083526e-19
1628.3700065571454 3.249304642561553e-19
1634.8834865833744 4.670363922862031e-19
1641.4230205297079 6.627095967198452e-19
1647.9887126118267 9.610592709561825e-19
1654.580667462274 1.046948546867442e-18
1661.198990132123 1.9366865633625084e-18
1667.8437860926513 2.395908327683838e-18
1674.515161237022 3.803879794019181e-18
1681.2132218819695 5.979453418898639e-18
1687.9380747694975 5.459237474474605e-18
1694.6898270685758 1.9140804764803625e-17
1701.4685863768502 1.5402865655519762e-17
1708.2744607223572 1.2472638908929408e-17
1715.1075585652468 3.300232996587602e-17
1721.967988799508 3.138459659029089e-17
1728.8558607547059 6.056133184311679e-17
1735.7712841977245 4.337217303941127e-17
1742.7143693345156 3.705129447596315e-17
1749.6852268118535 3.6323505667237137e-17
1756.6839677191008 7.366573766352839e-17
1763.7107035899771 2.1947008284531078e-16
1770.7655464043373 2.899221695278002e-16
1777.8486085899544 1.295348997076891e-16
1784.9600030243143 5.443898638457072e-16
1792.0998430364118 4.2970652278469356e-16
1799.2682424085576 4.760814669993056e-16
1806.4653153781921 9.641499357038977e-16
1813.6911766397043 3.1558727366747387e-16
1820.945941346263 4.0525270331577086e-16
1828.2297251116483 1.296762642924191e-16
1835.5426440120948 2.9596731352762257e-16
1842.8848145881432 1.5133843979351295e-15
1850.2563538464956 3.4405800600592075e-15
1857.657379261881 1.512403910470268e-15
1865.0880087789287 6.429039812204109e-15
1872.5483608140448 5.7096759335485015e-15
1880.0385542573008 2.721085855513365e-15
1887.5587084743302 1.4189396310178505e-14
1895.1089433082268 9.686707223774455e-15
1902.68937908146 6.440825913878363e-15
1910.3001365977857 6.906713984641827e-14
1917.9413371441767 1.7158935357663948e-14
1925.6131024927531 2.6802391670252193e-14
1933.3155549027244 6.406664850401946e-14
1941.0488171223355 4.606234605294249e-14
1948.8130123908247 4.176858892251474e-14
1956.608264440388 1.0147944688359453e-13
1964.434697498149 5.5147579035413055e-14
1972.2924362881417 7.67713160003999e-14
1980.1816060332944 1.2753006503853861e-13
1988.1023324574276 9.837028544412457e-14
1996.0547417872574 8.060207207491206e-14
2004.0389607544066 9.892455185622196e-14
2012.0551165974243 7.067903721034668e-14
2020.1033370638136 2.6544781984436866e-14
2028.1837504120688 1.6380624697612307e-14
2036.2964854137172 8.13333294994242e-14
2044.4416713553724 1.355804177135074e-13
2052.6194380407937 2.497698852944403e-13
2060.829915792957 2.9757956232260054e-13
2069.0732354561287 3.4830274503012557e-13
2077.3495283979532 4.0761548993420317e-13
2085.6589265115445 5.499247364677565e-13
2094.001562217591 6.431331771022837e-13
2102.3775684664615 6.985014626392367e-13
2110.787078740328 5.928302498722576e-13
2119.2302270552887 9.062767884938728e-13
2127.70714796351 1.0770381606298026e-12
2136.217976555364 1.3930061263952648e-12
2144.7628484615852 8.001379990162175e-13
2153.341899855432 1.6002659107125296e-12
2161.9552674548536 2.346650297302811e-12
2170.603088524673 2.8116418668900484e-12
2179.285500878772 1.9255069500567368e-12
2188.0026428822866 2.244232226026036e-12
2196.754653453816 4.618741645982502e-12
2205.541672067631 3.853237087807486e-12
2214.3638387559017 1.422527668281599e-11
2223.2212941109246 4.099999169091671e-12
2232.114179287369 3.220251624498728e-11
2241.0426360045185 1.1078646711455215e-11
2250.0068065485366 8.005999975935684e-11
2259.0068337747302 2.173495115393108e-11
2268.0428611098296 3.334467160462509e-11
2277.115032554269 4.082248181618042e-11
2286.223492684486 4.562290074008737e-11
2295.368386655224 1.2793901696570374e-10
2304.549860201845 2.240641840925e-11
2313.7680596426517 1.713815690248308e-10
2323.0231318812225 1.1515968297750965e-10
2332.3152244087473 5.53708482696517e-10
2341.6444853063817 8.669717221767379e-10
2351.0110632476076 7.142451890569566e-11
2360.415107500598 1.032461604337427e-09
2369.8567679306 7.01060791440945e-11
2379.3361950023227 1.0352359286997224e-09
2388.853539782332 8.065427425182738e-10
2398.4089539414617 3.6800396985770107e-09
2408.0025897572273 3.795994211133008e-09
2417.6346001162565 6.985739733425477e-10
2427.3051385167214 4.418102954580591e-09
2437.0143590707885 2.811467351706224e-09
2446.762416507072 5.965263473494366e-09
2456.5494661731 2.442175611024638e-09
2466.375664037793 2.7759828677356906e-09
2476.2411666939443 3.541270726725884e-09
2486.1461313607197 1.1110281760338493e-09
2496.090715886162 3.1827864055576686e-09
2506.075078749707 2.8365950571991985e-09
2516.0993790647044 3.980161516368522e-09
2526.163776580964 7.815809330280623e-09
2536.268431687288 1.264100956110415e-08
2546.4135054140374 1.50741343575929e-08
2556.599159435693 1.4236716756197052e-08
2566.825556073436 1.2759274020386042e-08
2577.09285829773 1.670187765765041e-08
2587.4012297309205 1.2592855102137644e-08
2597.7508346498444 2.170413409417543e-08
2608.141837988444 1.975546016326378e-08
2618.5744053403982 2.7586844957045624e-08
2629.0487029617593 3.627406708300136e-08
2639.5648977736064 3.142889384115863e-08
2650.123157364701 2.764061292811072e-08
2660.7236499941596 2.7401234288202907e-08
2671.366544594136 2.400052176220486e-08
2682.052010772512 3.0230332576611306e-08
2692.7802188156024 2.9464009086530068e-08
2703.551339690865 3.332656314050025e-08
2714.365545049628 3.3654697820083435e-08
2725.223007229827 3.2419839703743666e-08
2736.123899258746 3.084873902166228e-08
2747.0683948557817 3.0123973983388814e-08
2758.0566684352048 2.747995449938337e-08
2769.0888951089455 2.5651648451656318e-08
2780.165250689381 2.2748201973243888e-08
2791.2859116921386 1.9439253587510722e-08
2802.451055338907 1.6002054550086444e-08
2813.660859560263 1.2762274805892972e-08
2824.9155029985036 1.0013083542202244e-08
2836.2151650104965 8.11922418093239e-09
2847.5600256705393 7.533816445510135e-09
2858.950265773222 8.81398233309102e-09
2870.386066836315 1.2636433191324008e-08
2881.8676111036607 1.9820241262912865e-08
2893.3950815480757 3.134646905457753e-08
2904.968661874268 4.838012955817658e-08
2916.588536521764 7.231422827343983e-08
2928.254890667851 1.0481158432021816e-07
2939.9679102305226 1.478747181817027e-07
2951.727781871445 2.0369114395956287e-07
2963.534692998931 2.7488683044281023e-07
2975.3888317709266 3.6461653930332063e-07
2987.2903870980094 4.765963971018505e-07
2999.2395486464025 6.144701092606214e-07
3011.2365068409886 7.84022344670979e-07
3023.2814528683516 9.880585631135486e-07
3035.374578679825 1.2237947787813592e-06
3047.516076994544 1.5499519096518957e-06
3059.7061413025226 1.9289370130483107e-06
3071.9449658677336 2.5741437419962723e-06
3084.232745731204 3.4285282204166976e-06
3096.569676714128 4.265953704370329e-06
3108.955955420985 5.801246684144405e-06
3121.3917792426687 7.834421958232071e-06
3133.8773463596394 1.0332984235954872e-05
3146.412855745078 1.3071366062153848e-05
3158.998507168058 1.7646427467197805e-05
3171.6345011967305 2.2513093244893963e-05
3184.321039201517 2.011592402481021e-05
3197.0583233583234 1.9387893360838247e-05
3209.8465566517566 3.7587751320198145e-05
3222.6859428783637 4.5177294491117484e-05
3235.576686649877 5.032341058468138e-05
3248.518993396477 7.863370977046925e-05
3261.513069370063 9.664388834591952e-05
3274.559121647543 0.0001259056392913883
3287.6573581341336 0.00011591320708983092
3300.8079875666704 1.537962583212281e-05
3314.0112195169368 0.0001010721837316069
3327.2672643950045 0.00024947172662730555
3340.5763334525845 0.0002629069831621169
3353.938638786395 0.000273519939344303
3367.354393341541 0.00029207820105687875
3380.8238109149074 0.00031591752421759536
3394.347106158567 0.0005376726276924538
3407.924494583201 0.0005198598304669164
3421.5561925615334 0.00039447175617910693
3435.2424173317804 0.00016887175360736997
3448.9833870011066 0.0001806394887279591
3462.7793205491116 0.0002629955547561214
3476.630437831308 0.00023115670156854208
3490.536959582633 0.0002489748374446227
3504.4991074209643 0.0007408431899441133
3518.5171038506473 0.0008902360530876471
3532.5911722660503 0.0013887567356434072
3546.7215369551145 0.002591622551760034
3560.9084231029346 0.0015196004620206141
3575.1520567953467 0.0009668823914318904
3589.452665022528 0.0020848623855266256
3603.810475682617 0.0029978700153721442
3618.225717585348 0.002643604292673846
3632.698620455689 0.0018500586740232872
3647.2294149375116 0.001476471644059587
3661.8183325972614 0.002728692630917501
3676.4656059276513 0.0014386505534170393
3691.1714683513615 0.0016695698357073673
3705.936154224767 0.0009478197324588067
3720.7598988416657 0.0007722374434705458
3735.6429384370326 0.0008476525790879732
3750.585510190781 0.0010859731272326123
3765.587852231544 0.00246284457861298
3780.6502036404704 0.0050546576019396
3795.772804455032 0.004731920447618041
3810.955895672852 0.004856257584009502
3826.199719255544 0.00200554754215283
3841.504518132566 0.003332474351941163
3856.870536205096 0.0017544972982355114
3872.2980183499167 0.0024298580278580696
3887.7872104233156 0.002280773639301648
3903.338359265009 0.0032265439997965525
3918.9517127020695 0.003928568229637533
3934.6275195528774 0.0063932831962265945
3950.3660296310895 0.012953807829751493
3966.1674937496136 0.024879229965485642
3982.0321637246125 0.02567078189589808
3997.9602923795105 0.028014709501034192
4013.9521335490285 0.04906266544055336
4030.007942083225 0.06147567341959675
4046.1279738515577 0.022400074445007398
4062.312485746964 0.06314657114902185
4078.5617356899515 0.0691555236207324
4094.8759826327114 0.08162745356062041
4111.255486563242 0.08413117477854526
4127.700508509496 0.08532039461885556
4144.211310543533 0.08626783691151306
4160.788155785708 0.09051892275915685
4177.431308408849 0.08551724966494728
4194.141033642486 0.08431087748611892
4210.917597777056 0.061266853196634684
4227.761268168164 0.08846545958216157
4244.672313240838 0.06954084272669978
4261.651002493801 0.061247630035191604
4278.697606503776 0.09206769970261869
4295.812396929791 0.0989664500887043
4312.995646517511 0.14377602701068212
4330.24762910358 0.17642071176498123
4347.568619619994 0.21098999905362523
4364.958894098475 0.15371601137175916
4382.418729674868 0.1221306844569154
4399.948404593568 0.2595655067374599
4417.548198211942 0.2829196503438403
4435.21839100479 0.2268147794096223
4452.959264568809 0.3234049245970681
4470.771101627084 0.2882649148279321
4488.654186033592 0.33652488559720745
4506.608802777726 0.5463201043318413
4524.635237988838 0.5067990970595072
4542.733778940792 0.5542583945031506
4560.904714056555 0.5769396389590409
4579.148332912781 0.6166909033115888
4597.464926244433 0.49452732681554146
4615.85478594941 0.7973167544840316
4634.318205093208 0.566235996908528
4652.855477913582 0.6432791082743379
4671.466899825236 0.607573095670235
4690.152767424537 0.7598920209979853
4708.913378494234 1.231202660136198
4727.749032008212 1.275676065260344
4746.660028136244 1.4720972759391644
4765.646668248789 0.717698714405196
4784.709254921784 0.428746899564729
4803.8480919414715 0.45820294381767723
4823.063484309237 0.5256728358660002
4842.355738246474 0.878618068776445
4861.72516119946 1.0073124014118768
4881.172061844257 1.4348936627905862
4900.6967500916335 1.3621141025312393
4920.299537092001 1.6366925682805118
4939.9807352403695 1.8129069734776948
4959.740658181329 0.8257043862539489
4979.5796208140555 0.5162365061408418
4999.497939297312 0.5047084385048637
5019.495931054502 0.4503141688847603
5039.57391477872 0.598133925984052
5059.732210437835 0.5690952515380783
5079.971139279585 0.6725584258345221
5100.291023836704 0.5119663551556244
5120.692187932051 0.3792926246400698
5141.174956683781 0.2583627521680573
5161.739656510514 0.15749111633220333
5182.386615136556 0.12807049679492213
5203.116161597103 0.19409721629070853
5223.928626243489 0.5324274611933658
5244.824340748465 0.6314573088860143
5265.803638111459 0.5848062908243966
5286.866852663905 0.755186879416288
5308.0143200745615 0.7540900417534557
5329.246377354859 0.6126912815406083
5350.563362864278 0.6672425413132625
5371.965616315736 0.5620745512757456
5393.453478780998 0.5459629743505338
5415.027292696122 0.5174615403379259
5436.687401866905 0.4519579086700541
5458.434151474374 0.3352594183817277
5480.267888080271 0.3576804549604091
5502.188959632591 0.3325068099178272
5524.197715471122 0.3207386031885657
5546.294506333006 0.30010442626589534
5568.479684358337 0.26560465740491357
5590.753603095771 0.2253770683819452
5613.1166175081535 0.19060054980534769
5635.569083978187 0.16559641136121994
5658.1113603140975 0.14284292820992442
5680.743805755354 0.11695142860635697
5703.466780978376 0.09406238700672644
5726.28064810229 0.07233691112050246
5749.185770694699 0.052680273498223455
5772.182513777476 0.03585205289367582
5795.271243832587 0.022504880173216273
5818.452328807918 0.012729458881167336
5841.72613812315 0.006294429206826472
5865.093042675643 0.0012824704777529984
5888.553414846345 1.540222899282201e-05
5912.10762850573 0.00030810584604457287
5935.756059019754 0.00502578818155763
5959.499083255832 0.017178112025075104
5983.337079588855 0.03885545523782114
6007.27042790721 0.07626620814736303
6031.299509618841 0.1373650422624103
6055.424707657316 0.22303015480659286
6079.646406487946 0.3370388729214446
6103.964992113897 0.48889693107882387
6128.380852082353 0.685320614072786
6152.894375490681 0.8274974811810253
6177.505952992646 0.7839867706114156
6202.215976804616 0.9011326750850924
6227.024840711833 0.9948841520412223
6251.932940074681 1.3010322623433928
6276.940671834981 1.7059976005069695
6302.048434522321 2.2639031394655547
6327.256628260409 2.9391761203437263
6352.5656547734525 3.469334137777808
6377.975917392546 3.6841454850566144
6403.487821062116 4.599466348187517
6429.101772346364 5.117899793579345
6454.81817943575 6.475485184783066
6480.637452153493 7.724405090270349
6506.560001962106 9.007611646196152
6532.586241969955 11.116321823582444
6558.716586937834 10.101451882222129
6584.951453285586 9.812411791847245
6611.291259098727 10.210673971048925
6637.7364241351215 9.55102196677851
6664.2873698316625 7.202624886309373
6690.94451931099 6.577484885545508
6717.7082973882325 6.593794415615792
6744.579130577787 6.614538278855468
6771.557447100097 8.705241730502706
6798.643676888497 8.22288924571917
6825.838251596053 10.4181952239851
6853.141604602436 11.245149025725757
6880.554171020846 11.93086981362305
6908.0763877049285 13.196203096176692
6935.708693255749 14.008640126138893
6963.4515280287715 15.765061379396172
6991.305334140887 16.74840220735792
7019.270555477449 18.955701011911884
7047.34763769936 22.160383362268696
7075.537028250157 10.559498276901492
7103.839176363159 8.055456694703462
7132.254533068612 8.143833682974892
7160.783551200888 8.75251218568909
7189.42668540569 13.057769014817609
7218.184392147313 14.827345138384882
7247.0571297159 22.247027298723307
7276.045358234765 27.97047038303805
7305.149539667704 33.10575060585683
7334.370137826372 35.068771730327576
7363.707618377678 34.42050352737376
7393.162448851191 32.577424736214766
7422.735098646595 30.299974385978356
7452.426039041182 27.57477373024001
7482.235743197345 24.746401022034703
7512.1646861701365 21.512061602508567
7542.213344914818 18.582123080036833
7572.382198294477 15.235425853131733
7602.671727087656 9.557201514245383
7633.082413996006 3.102321281464781
7663.614743651989 0.058329263185063526
7694.269202626598 0.08053722014199421
7725.046279437104 1.453089367568289
7755.946464554851 5.400735600069032
7786.970250413072 11.8489921833961
7818.118131414723 18.065383421637158
7849.390603940383 22.667376139156943
7880.788166356144 29.252093069323976
7912.311319021571 35.38703240091945
7943.960564297654 43.741413993758876
7975.736406554845 51.92291967919822
8007.639352181065 61.94167901656229
8039.669909589788 68.46812135880997
8071.828589228147 74.73114575538915
8104.115903585063 81.67996559451036
8136.532367199402 90.2985244295194
8169.078496668199 93.09611625750735
8201.754810654873 84.42945256993161
8234.561829897493 103.4247749367572
8267.500077217084 111.72232146959384
8300.570077525952 114.13017706034272
8333.772357836056 124.28064603373828
8367.1074472674 126.24857386610172
8400.575877056472 131.23561262661156
8434.178180564695 111.46898816949042
8467.914893286956 81.56119546251819
8501.786552860101 102.95836164776622
8535.793699071543 121.62119458489472
8569.936873867831 142.79081582956442
8604.216621363299 144.60211624183017
8638.633487848754 97.78008217319021
8673.18802180015 131.67725576693124
8707.880773887353 75.43972350195445
8742.7122969829 86.53600904502396
8777.68314617083 112.52365305806893
8812.793878755514 113.23401483442245
8848.045054270535 133.12212348524164
8883.437234487617 98.98191681725903
8918.970983425568 132.3214278531213
8954.64686735927 139.02167117635938
8990.465454828707 161.9343840039187
9026.427316648023 147.29169601720164
9062.533025914616 138.2524218128857
9098.783158018272 166.91298332071878
9135.178290650345 173.05816563911134
9171.719003812947 192.96567693989772
9208.405879828202 206.93440563250888
9245.239503347511 208.09141165654285
9282.2204613609 210.77251006947463
9319.349343206346 206.8091241297844
9356.626740579171 213.0678039431187
9394.053247541488 218.90288838036548
9431.629460531654 234.0017473583077
9469.355978373778 251.5485063105344
9507.233402287276 258.43490156798003
9545.262335896427 265.018019243213
9583.443385240013 266.22033455076365
9621.777158780975 255.08912650476762
9660.264267416096 257.6880150313113
9698.90532448576 270.8064133457395
9737.7009457837 265.4046430261965
9776.651749566838 264.34668115428235
9815.758356565104 283.55744649045505
9855.021389991363 269.6996937272836
9894.441475551332 193.9277117416426
9934.019241453534 79.47017892000042
9973.755318419348 99.95022253542432
10013.650339693024 111.64943148049004
10053.704941051796 106.2852808902798
10093.919760816003 136.39847210554223
10134.295439859268 131.41828387203682
10174.832621618703 136.9050399013085
10215.531952105179 146.72249650116953
10256.394079913602 149.96671072978322
10297.419656233254 140.4613390072361
10338.609334858189 147.32550168580283
10379.96377219762 181.10495117573328
10421.483627286412 180.21868990569567
10463.169561795556 202.452329286243
10505.022240042741 197.62021721483137
10547.042329002912 222.67743150872232
10589.230498318922 223.0906239262659
10631.587420312197 227.56956295126304
10674.113769993448 218.86438663590465
10716.810225073421 227.53865280452155
10759.677465973711 248.30969267966367
10802.716175837608 250.57909931407946
10845.927040540959 265.5415851679822
10889.310748703121 276.456874725088
10932.867991697934 272.97198859655
10976.599463664725 270.22088307829176
11020.505861519383 277.60591088320734
11064.587884965462 274.38671593689105
11108.846236505324 276.30076015018716
11153.281621451348 278.6397814570578
11197.894747937147 283.17068873457373
11242.686326928899 293.59976275763825
11287.657072236614 296.03876771279545
11332.807700525562 290.54184883503945
11378.138931327663 284.10421801314095
11423.651487052975 291.56152491303027
11469.346093001184 305.24364557199743
11515.22347737319 308.4161600079171
11561.284371282683 303.3013219089041
11607.529508767815 306.9117906572324
11653.959626802887 309.06426974628675
11700.5754653101 277.6995051614522
11747.377767171341 280.4880562174508
11794.367278240028 260.64667567071405
11841.544747352984 306.03981460146497
11888.9109263424 321.38291087740583
11936.46657004777 308.76740709006725
11984.212436327958 267.2162424321589
12032.149286073272 274.0013471829081
12080.277883217566 299.1186617372084
12128.598994750435 288.99466348167533
12177.113390729437 305.6308284341331
12225.821844292353 295.68802952648826
12274.725131669524 314.34803198211756
12323.824032196202 307.3868381209253
12373.119328324985 304.44016595950796
12422.611805638286 271.76522645600903
12472.302252860838 306.78706693263314
12522.19146187228 290.892007606659
12572.280227719768 313.7389279636583
12622.569348630648 317.0000212701173
12673.059626025171 330.0627006368877
12723.751864529271 328.1992963558334
12774.646871987386 329.5877363302003
12825.74545947534 332.7630507273057
12877.04844131324 321.3302645247821
12928.556635078494 320.4739540288537
12980.270861618808 328.5398900168243
13032.191945065284 332.3611834984042
13084.320712845543 330.6008535013252
13136.657995696927 333.6412970033287
13189.204627679715 331.3931804995052
13241.961446190431 324.42917618892886
13294.929291975195 308.3862152314635
13348.109009143096 251.01752540470682
13401.50144517967 208.94080078283088
13455.107450960388 187.08652516754697
13508.927880764231 179.38044938100134
13562.963592287288 164.19610292142667
13617.215446656439 184.03212046167752
13671.684308443064 207.1651664629901
13726.371045676835 212.18738199258212
13781.276529859542 224.19495616000106
13836.40163597898 194.61149209211777
13891.747242522899 194.88201790706128
13947.314231492988 180.61109959772125
14003.103488418961 184.77616750561205
14059.115902372636 190.3256326785251
14115.352365982128 167.54611111921406
14171.813775446057 173.2622263582494
14228.501030547843 174.1730248578323
14285.41503467003 179.78943980004024
14342.556694808713 175.57632248755593
14399.926921587949 180.0215674633701
14457.5266292743 190.20511617922656
14515.356735791396 194.52299495968072
14573.418162734559 200.58562586364064
14631.711835385498 197.74385893124457
14690.238682727038 195.35705353614844
14748.999637457951 200.711498127004
14807.995636007783 199.86725287941252
14867.227618551815 199.79880909778836
14926.69652902602 199.58789542781162
14986.403315142123 199.43817891574534
15046.348928402693 197.7252904277583
15106.534324116303 195.34073451788404
15166.96046141277 194.37154306224178
15227.62830325842 193.32694248196051
15288.538816471453 190.609037172938
15349.692971737337 187.38586887493332
15411.091743624287 184.7258008383669
15472.736110598784 182.53498147023728
15534.62705504118 178.35387210283477
15596.765563261344 174.63574783988622
15659.152625514387 170.8967217000972
15721.789236016448 166.83265921348885
15784.676392960515 162.618079206696
15847.815098532355 158.38620315926931
15911.206358926484 153.56396375956996
15974.85118436219 148.34762207230773
16038.75058909964 142.15713693645563
16102.905591456036 135.374559666674
16167.31721382186 128.81530035263094
16231.986482677148 123.06536111690836
16296.914428607855 118.93764458170263
16362.102086322288 116.00756597353593
16427.550494667576 114.03315722738377
16493.260696646248 112.39477553181044
16559.23373943283 109.13420010630685
16625.470674390563 105.87373832821736
16691.972557088127 96.00582742688665
16758.74044731648 96.18133220710615
16825.775409105743 95.57351947200068
16893.07851074217 92.45220190946512
16960.650824785134 89.06159550141562
17028.493428084275 86.97358882940631
17096.607401796613 85.97754015028998
17164.993831403797 83.3140967853116
17233.653806729413 81.61001946355029
17302.588421956334 78.30216517801185
17371.798775644158 75.39700423788403
17441.285970746736 72.80195864338472
17511.05111462972 70.6310775739179
17581.095319088243 67.45393496666749
17651.419700364593 63.61215199480097
17722.02537916605 61.835317693972804
17792.913480682713 58.21335799370412
17864.085134605448 55.033414293187775
17935.54147514387 51.23886629029273
18007.283641044443 50.80551458754696
18079.312775608625 47.975438800389696
18151.630026711056 47.90407030893152
18224.236546817894 48.030336316722604
18297.133493005167 44.7891739082053
18370.32202697719 45.071141699558645
18443.803315085097 45.23032700913301
18517.578528345435 42.65819780409314
18591.648842458817 39.397462020580875
18666.01543782865 38.872681348999855
18740.67949957997 39.41979683694196
18815.642217578286 43.0918634051682
18890.9047864486 42.75768675710401
18966.4684055944 43.482227243824084
19042.334279216768 40.6809898636188
19118.50361633364 40.86336870845937
19194.977630798967 38.4448961087201
19271.757541322168 37.37679627185945
19348.844571487454 36.438081231734735
19426.239949773408 34.57252022395577
19503.9449095725 36.07576327834489
19581.960689210795 34.19080726592026
19660.28853196764 35.76958700691657
19738.929686095507 34.90142658482865
19817.885404839893 35.74487504890482
19897.15694645925 35.42495918021953
19976.745574245087 35.779652610949285
20056.65255654207 35.892967024752046
20136.879166768238 35.63186126295124
20217.426683435307 35.55092953246614
20298.296390169045 35.04878710034274
20379.489575729727 34.81627284309565
20461.007534032648 34.49385846693048
20542.851564168777 34.047029014919566
20625.02297042545 33.55608754827738
20707.523062307162 33.081865563458436
20790.353154556382 32.504984902365095
20873.514567174607 32.00329277405789
20957.008625443308 31.44778702487054
21040.836659945082 30.915729448194828
21125.000006584854 30.3977234461861
21209.5000066112 29.875817529873483
21294.33800663765 29.37443207666041
21379.515358664197 28.884476272444136
21465.033420098855 28.39509016223278
21550.893553779246 27.87679760308755
21637.097127994366 27.290580653948297
21723.645516506345 26.809727167872236
21810.540098572368 26.181005169290874
21897.782258966654 25.41055257240632
21985.37338800253 23.887040202331956
22073.314881554532 22.84215283591886
22161.60814108075 23.28386829726364
22250.25457364508 22.88853287240086
22339.25559193965 22.173062848321386
22428.61261430741 21.4487346453318
22518.32706476464 21.023291195021322
22608.400373023702 20.39983584354149
22698.833974515794 20.37136796015631
22789.62931041386 19.830086068125656
22880.78782765551 19.306084366864177
22972.310978966132 19.23447249806001
23064.200222882002 20.045635932806196
23156.457023773528 19.519909608137922
23249.082851868614 18.433413305697815
23342.079183276095 17.676605106611206
23435.447500009202 17.66237477669602
23529.18929000923 18.25402492939305
23623.306047169273 18.87031497347993
23717.79927135796 17.76220401251065
23812.670468443375 17.727928754673435
23907.92115031715 18.762745719020288
24003.552834918424 19.18445769297538
24099.56704625809 19.47963126365958
24195.96531444313 19.561541217177272
24292.749175700897 19.901724401722927
24389.9201724037 19.82912329186594
24487.479853093315 19.931468670347584
24585.42977250569 20.285693872145767
24683.771491595708 20.500123217655645
24782.50657756209 19.925950444202225
24881.636603872343 20.305671411007538
24981.16315028783 20.796567456315646
25081.087802888986 19.483176623052056
25181.412154100537 19.877617782665208
25282.137802716934 18.897311978174947
25383.266353927807 19.29147480026885
25484.79941934352 18.636152179528118
25586.73861702089 20.04087681467937
25689.08557148898 19.891163194511233
25791.84191377493 19.835293795242258
25895.009281430033 20.678922164855578
25998.589318555754 21.791241518102694
26102.58367582998 24.143618751148583
26206.994010533297 24.703173088773866
26311.821986575433 24.86993607876124
26417.069274521735 27.14732626091281
26522.737551619815 27.521486746734475
26628.828501826294 25.307936029220283
26735.343815833607 20.547978833666864
26842.285191096937 20.14085608943993
26949.654331861326 21.241477679721434
27057.452949188766 21.98927263925776
27165.682760985525 22.616811623901494
27274.345492029468 25.918598749090723
27383.442873997585 23.216391864317334
27492.976645493567 28.530929605814208
27602.948552075544 24.528623886401483
27713.360346283847 24.35003289916033
27824.213787668985 22.520429029452963
27935.510642819663 28.495534431893464
28047.252685390937 22.354748532432183
28159.441696132504 24.663882233187703
28272.079462917034 29.75223034782785
28385.167780768694 24.076643503465164
28498.70845189177 25.86256551120274
28612.703285699336 28.5172391256934
28727.154098842133 26.471823677400668
28842.062715237505 28.743784279914312
28957.430966098455 28.97324307993299
29073.260689962848 28.559274886845525
29189.553732722703 31.922904358704386
29306.311947653598 31.956096464917724
29423.537195444205 31.61249235320319
29541.231344225984 32.29299555564528
29659.396269602887 32.47657665259471
29778.033854681304 34.399121336802125
29897.14599010003 35.14238294988354
30016.734574060432 33.02168130557004
30136.80151235667 35.62852472463533
30257.348718406094 33.7060726737677
30378.37811327972 34.6645946347898
30499.89162573284 30.402068170350617
30621.891192235766 29.4841188278095
30744.37875700471 26.215536628655794
30867.356272032728 23.454165866049124
30990.825697120858 22.16686795066868
31114.78899990934 19.691381571593755
31239.24815590897 18.908385473545398
31364.20514853261 16.1528816311129
31489.661969126744 14.822563296540896
31615.62061700325 13.412806447307565
31742.083099471263 13.305945605567524
31869.05143186915 12.498627193876205
31996.527637596624 12.280874996779612
32124.51374814701 13.312746143101041
32253.011803139605 13.172464478943922
32382.02385035216 14.170912855077077
32511.55194575357 15.144372735664112
32641.598153536583 16.834270684056968
32772.16454615073 19.035069721560312
32903.25320433533 20.119374645734144
33034.86621715268 18.587842471487733
33167.005682021285 7.766949639598415
33299.673704749366 5.696068374836954
33432.87239956837 7.883640429257721
33566.60388916664 11.335063858410368
33700.87030472331 14.854494744436929
33835.6737859422 16.32011808005625
33971.016481085964 15.928040568067681
34106.900547010315 15.379656457694127
34243.32814919835 14.14561316469259
34380.30146179514 13.460430822196313
34517.82266764233 13.566523286595936
34655.893958312896 14.172359683562984
34794.51753414615 14.208566857004234
34933.69560428273 14.685178761009016
35073.43038669985 15.364873987047572
35213.72410824666 15.836196338270954
35354.57900467965 15.857709093590909
35495.99732069836 16.235589588370985
35637.98130998116 16.952524661013285
35780.53323522108 18.17241115197408
35923.65536816197 19.89808036785685
36067.34998963462 20.738005102298743
36211.61938959315 22.46555508328128
36356.46586715153 23.909667782320476
36501.891730620126 25.284783686799035
36647.89929754261 26.58303340678306
36794.49089473278 28.350524796623763
36941.6688583117 29.09479985614992
37089.43553374496 30.069778317353187
37237.793275879936 30.58319739652045
37386.74444898345 31.727300567465466
37536.29142677938 32.230630398028886
37686.43659248651 32.12409866725018
37837.18233885645 32.40627537655805
37988.53106821188 32.61940035940985
38140.48519248474 33.03544934848
38293.04713325467 33.36473881255245
38446.21932178769 32.96725099707393
38600.00419907484 33.26143029735441
38754.40421587113 33.10445778647965
38909.42183273463 33.105261551021165
39065.05952006556 32.89170304675335
39221.31975814583 32.67166449838404
39378.205037178406 32.669811413168965
39535.71785732712 32.29105968410312
39693.860728756415 32.07909832722799
39852.636171671445 31.871351582418384
40012.04671635814 31.547114227459804
40172.09490322357 31.281410500211873
40332.78328283648 30.930510903118247
40494.11441596781 30.59801050650073
40656.090873631685 30.308364432836772
40818.71523712622 29.703960189113204
40981.990098074726 29.442447842299
41145.918058467025 29.04441763762403
41310.50173070089 28.437843847315513
41475.74373762369 28.3109311198376
41641.646712574184 27.605263707938196
41808.21329942448 27.174052226868433
41975.44615262219 27.00654453902529
42143.347937232684 26.370176002446104
42311.921328981625 26.30755084017358
42481.16901429755 25.371125834397073
42651.09369035474 25.28951923955372
42821.69806511615 24.898298395641763
42992.98485737662 23.914721463788254
43164.95679680613 23.755471435635705
43337.61662399335 23.513223544863983
43510.96709048933 23.118072438908346
43685.01095885128 23.003396299381528
43859.75100268668 22.57214720946937
44035.19000669744 21.9933745597223
44211.330766724226 21.86269161402721
44388.176089791115 20.958434833929935
44565.72879415028 21.164132675374848
44743.991709326874 20.10933706393933
44922.9676761642 20.205084106089338
45102.65954686885 20.16339970352984
45283.07018505633 19.019827630727526
45464.20246579656 19.54793769992955
45646.05927565975 18.978645892637772
45828.64351276236 19.10220086445053
46011.95808681343 18.726800049016898
46196.00591916067 17.930970070158637
46380.78994283732 18.266904939275506
46566.31310260868 17.848317908792374
46752.578355019126 17.14371910286329
46939.588668439166 17.810332101962604
47127.34702311293 16.982492516872632
47315.85641120539 16.4891433613765
47505.11983685021 16.758129687269058
47695.14031619761 16.129242872479114
47885.9208774624 15.28012133656569
48077.46456097225 15.633165552774761
48269.774419216126 15.51706997415835
48462.853516892996 14.55003175756871
48656.70493096058 15.006586367739532
48851.33175068441 14.503343896353812
49046.737077687154 14.107418136645649
49242.92402599791 14.105492031239287
49439.89572210189 13.603807713061721
49637.6553049903 12.90366967311658
49836.20592621027 13.8396477068232
50035.55074991511 13.14637954214538
50235.69295291477 11.922936702464666
50436.63572472643 12.60551320879284
50638.382267625326 12.655396838294944
50840.935796695834 11.728488262232549
51044.2995398826 11.841035347801597
51248.47673804215 11.691362045213353
51453.47064499432 10.61893183461966
51659.28452757429 10.72085296027799
51865.92166568459 11.447736971074448
52073.38535234733 9.870478804691592
52281.67889375672 10.614842347290283
52490.80560933175 10.304981502308374
52700.76883176907 9.841753496541598
52911.57190709616 9.824812625808432
53123.218194724526 9.692711862888201
53335.711067503435 10.408962082261088
53549.053911773444 8.712693140441674
53763.25012742054 8.998497885283994
53978.303127930216 9.29627332442088
54194.21634044194 7.484951248945223
54410.99320580371 9.111518081623188
54628.63717862692 8.2431612040268
54847.15172734143 8.507000627825994
55066.540334250785 8.258042855917132
55286.80649558781 7.851285005560294
55507.95372157016 7.609885007401067
55729.985536456436 7.272454278762558
55952.90547860226 7.821968566665343
56176.717100516675 7.469880247291386
56401.42396891874 7.574292359899747
56627.02966479442 7.306930237717453
56853.5377834536 6.9336310995327235
57080.95193458741 6.831258501039916
57309.27574232576 6.6286938521493575
57538.51284529506 7.06781940885289
57768.666896676245 6.377695189950018
57999.74156426295 7.055710540278828
58231.74053052 5.84437184363375
58464.66749264208 6.559725902289732
58698.52616261265 6.086762167380725
58933.3202672631 6.027480067058256
59169.05354833215 6.591115509820528
59405.72976252549 5.763729021206301
59643.3526815756 6.331426897034078
59881.926092301896 6.300760148042247
60121.45379667111 6.398217130490148
60361.93961185778 5.8864113130829185
60603.38737030522 5.676981168319092
60845.800919786445 6.169733230976177
61089.184123465595 5.770692588045392
61333.54085995945 6.188685318426556
61578.87502339928 5.65470848627072
61825.19052349288 5.680877228232577
62072.491285586846 5.850231891107842
62320.7812507292 5.819950687043476
62570.06437573213 5.838846397864193
62820.34463323505 5.789999773426629
63071.62601176801 5.76244032432318
63323.91251581507 5.5796452428502
63577.20816587833 5.537864283410376
63831.51699854184 5.286781435396738
64086.843066536014 4.6426144383210275
64343.19043880215 4.8933020691775235
64600.563200557364 4.47608329850838
64858.96545335958 3.9987641140351817
65118.401315173025 4.2458633433292645
65378.87492043372 4.389659369426588
65640.39042011545 4.038312951092844
65902.95198179591 3.752927231543522
66166.56378972309 3.7937186732715773
66431.23004488199 3.8351104306475805
66696.95496506151 4.086984259280202
66963.74278492175 4.163985606429707
67231.59775606144 3.84959979947431
67500.52414708569 4.17388750958171
67770.52624367403 3.806222790245025
68041.60834864872 3.758791345813859
68313.77478204331 3.5838552972966036
68587.02988117147 3.5287616697462014
68861.37800069616 3.960803954706238
69136.82351269896 3.9107097253146748
69413.37080674975 3.88894357430213
69691.02428997675 3.610969726022129
69969.78838713666 3.712352793451728
70249.6675406852 3.4903548426234265
70530.66621084794 3.2806984714754015
70812.78887569135 3.306893560354187
71096.04003119409 3.166500749183297
71380.42419131887 3.116491366410228
71665.94588808414 2.9296295248547795
71952.60967163648 2.8736901194401168
72240.42011032304 2.80271387130444
72529.38179076432 2.687962053962385
72819.49931792737 2.6007059231823333
73110.77731519907 2.610657477934247
73403.22042445988 2.413351528553291
73696.83330615771 2.465504701461997
73991.62063938235 2.4926131332410204
74287.58712193987 2.426829744774127
74584.73747042764 2.3291679025476775
74883.07642030934 2.4566001457538476
75182.60872599059 2.5688936642284146
75483.33916089457 2.5423027631781223
75785.27251753812 2.5487535542115443
76088.4136076083 2.5345574719669033
76392.76726203872 2.7670485972002075
76698.33833108687 2.023029158467444
77005.13168441122 1.9707764710637319
77313.15221114887 1.9005957719623818
77622.40481999348 1.9430095138501402
77932.89443927344 2.0046932998091953
78244.62601703055 2.040624452787645
78557.60452109865 2.112205270560651
78871.83493918306 2.060829769147824
79187.3222789398 2.132257137241714
79504.07156805556 2.190511144289657
79822.08785432778 2.2376344857592776
80141.37620574511 2.1528159564918434
80461.94171056806 2.102276277425072
80783.78947741033 2.1408876858120163
81106.92463531997 2.232717342997129
81431.35233386126 2.109975993996157
81757.0777431967 2.073440426312594
82084.10605416949 2.0710861971438983
82412.44247838613 2.1063433746373366
82742.09224829968 2.108176099497695
83073.06061729288 2.0802890194506682
83405.35285976208 2.042015732838981
83738.9742712011 2.0284619266219175
84073.93016828595 2.067809030492537
84410.22588895904 2.0626233204540205
84747.86679251489 2.074913507833251
85086.85825968496 2.015516344605306
85427.20569272367 2.064912475675983
85768.91451549459 2.0797293710978084
86111.99017355654 2.0519330609826922
86456.43813425078 1.9976002003815834
86802.2638867878 2.0613899612911557
87149.47294233493 2.0681492604931457
87498.07083410428 2.028211171107631
87848.0631174407 1.9839523584985859
88199.45536991046 2.0033158546855687
88552.25319139009 2.037760596327246
88906.46220415569 2.0245495172175927
89262.08805297229 1.956832300719753
89619.1364051842 1.9154607370510577
89977.61295080492 1.9764959348256426
90337.52340260813 1.9508748997818985
90698.87349621857 1.9049164925407454
91061.66899020346 1.9075556910195532
91425.91566616425 1.8953956960576157
91791.61932882894 1.8768864369216376
92158.78580614422 1.849857438016217
92527.4209493688 1.8638275163136113
92897.53063316627 1.802792900746755
93269.12075569895 1.807484198525604
93642.19723872172 1.8065702984946794
94016.76602767664 1.7636892618800992
94392.83309178732 1.723283640561216
94770.40442415449 1.7182011400753716
95149.48604185111 1.7185734606282872
95530.08398601852 1.7101039840700034
95912.20432196259 1.6906854681765808
96295.85313925042 1.6589982085971993
96681.0365518075 1.6344385493759852
97067.76069801472 1.6391805119413425
97456.03174080675 1.6188275487791108
97845.85586776999 1.6080906019849721
98237.23929124104 1.5651516875835942
98630.18824840599 1.5538689233932397
99024.70900139965 1.4754370283507636
99420.80783740526 1.524832820254773
99818.49106875488 1.5166393938407243
100217.76503302988 1.49359719989373
100618.636093162 1.462519654288076
101021.11063753467 1.4428638331917454
101425.1950800848 1.445491743046321
101830.89586040513 1.4240070556987035
102238.21944384674 1.4108861852052548
102647.17232162213 1.3719601995417092
103057.7610109086 1.349724173414822
103469.99205495225 1.2100071564779673
103883.87202317205 1.1642078407059233
104299.40751126477 1.1709125988675304
104716.60514130979 1.1778298368791216
105135.47156187505 1.1807073322193575
105556.01344812254 1.1979011765236829
105978.23750191503 1.1942583554753565
106402.15045192267 1.1792855201229326
106827.75905373038 1.1547586238446494
107255.07008994528 1.086814059529423
107684.09037030509 1.0901201507653038
108114.8267317863 1.113857216747951
108547.28603871344 1.1167948022687646
108981.47518286831 1.0959815055584223
109417.40108359976 1.071061747836755
109855.0706879342 1.026652554383964
110294.49097068593 1.0242317245225143
110735.66893456863 1.0630355107284029
111178.61161030692 1.0624216637146608
111623.32605674816 1.0482511565613073
112069.81936097513 1.0432521242374881
112518.09863841905 0.9902192894569296
112968.17103297272 1.0230565554740452
113420.0437171046 0.9975097386029586
113873.72389197304 0.9947651917078296
114329.21878754091 0.9854237443550034
114786.53566269108 0.9694328572320174
115245.68180534184 0.9433940367332064
115706.66453256323 0.9171633433379969
116169.49119069346 0.9095721903687748
116634.16915545624 0.9028899967607463
117100.70583207808 0.8467654508945313
117569.1086554064 0.8484350287302721
118039.385090028 0.8631346781496815
118511.54263038811 0.8706812807405178
118985.58880090967 0.8529508687220234
119461.5311561133 0.838750118745897
119939.37728073777 0.823829828417507
120419.13478986072 0.8311695779308959
120900.81132902016 0.7628918849120996
121384.41457433623 0.7989155484784876
121869.9522326336 0.8068833235759695
122357.43204156413 0.7631141373570894
122846.86176973036 0.7404968550129234
123338.2492168093 0.7580473150153934
123831.60221367657 0.6845598240255886
124326.92862253124 0.7014078874242021
124824.23633702139 0.729589009424639
125323.53328236948 0.6731803999885606
125824.82741549893 0.6753494266075126
126328.12672516092 0.6862034972749174
126833.43923206156 0.6772404104636351
127340.77298898982 0.6506489084980136
127850.13608094577 0.6582765895389763
128361.53662526955 0.6343255940792542
128874.98277177062 0.6475684681320572
129390.4827028577 0.6266084711960744
129908.04463366912 0.6295005581374624
130427.67681220379 0.5796986772163404
130949.38751945265 0.6135221943448148
131473.18506953045 0.5795666784720391
131999.07780980857 0.5961063167020307
132527.0741210478 0.5536786082210654
133057.182417532 0.5290585229649957
133589.4111472021 0.5627916323435452
134123.76879179094 0.5331693257133199
134660.26386695806 0.5090918568415018
135198.9049224259 0.5393970289976263
135739.7005421156 0.518205000317858
136282.65934428407 0.5146522952654741
136827.78998166122 0.5015495235785844
137375.1011415879 0.4865443538175777
137924.60154615424 0.5030976611391156
138476.29995233883 0.46771366601579534
139030.20515214818 0.4873915944366251
139586.32597275675 0.48200058743167806
140144.6712766478 0.44709093895134927
140705.2499617544 0.4752632968120104
141268.0709616014 0.4493049886805754
141833.1432454478 0.4122577272102946
142400.4758184296 0.4236498101893288
142970.07772170333 0.45346586023426005
143541.95803259013 0.4058130450998338
144116.12586472047 0.39700416220939533
144692.59036817937 0.3921837283012993
145271.3607296521 0.3861377043671889
145852.44617257072 0.4038456342487081
146435.85595726097 0.39057228042950043
147021.59938109003 0.38840166026334794
147609.6857786144 0.40050790928440494
148200.12452172884 0.36755720579558643
148792.92501981577 0.3420904404934481
149388.09671989502 0.3593484457584538
149985.6491067746 0.34945373858563206
150585.59170320167 0.34869095686064366
151187.93407001448 0.35308479654049507
151792.68580629455 0.3277029016638668
152399.85654951975 0.35541968588199446
153009.45597571784 0.34916413726106305
153621.4937996207 0.3272304790776472
154235.97977481916 0.3116758848192247
154852.92369391845 0.31440725621032045
155472.3353886941 0.28599408611400673
156094.2247302489 0.3006872572565658
156718.60162916992 0.3121492943659666
157345.47603568656 0.26907662811690836
157974.8579398293 0.283656923777229
158606.75737158864 0.28778738385797603
159241.18440107498 0.2995434157402996
159878.14913867926 0.2474998283459503
160517.661735234 0.277918369597259
161159.73238217493 0.2593317362400575
161804.3713117036 0.2811049884633113
162451.58879695044 0.24079119875162602
163101.39515213823 0.2558334584147208
163753.8007327468 0.2576771661518525
164408.81593567782 0.2468199526537654
165066.45119942052 0.2399002084685444
165726.71700421823 0.2416941407082668
166389.62387223504 0.20909044848136682
167055.18236772402 0.23302415050793282
167723.40309719497 0.25196594410431394
168394.2967095837 0.23842276521185277
169067.87389642204 0.2202851870189665
169744.14539200772 0.21553884751044677
170423.1219735757 0.2384400831031365
171104.81446147006 0.19010883408958762
171789.23371931593 0.21766068687284487
172476.3906541932 0.2006808632110347
173166.29621680998 0.20086177656887097
173858.96140167722 0.1740657933031496
174554.39724728392 0.2077717794657948
175252.61483627307 0.19767775741939053
175953.62529561817 0.19484648079461767
176657.43979680064 0.18971642361498334
177364.06955598784 0.1829290552070281
178073.52583421173 0.18065512281523682
178785.8199375486 0.19277219866682901
179500.9632172988 0.16768303323860104
180218.967070168 0.18278904560994888
180939.84293844865 0.1787017095585996
181663.60231020238 0.1500400266390384
182390.25671944322 0.17286438945125968
183119.81774632097 0.1782301732936346
183852.29701730626 0.16379862785830349
184587.7062053755 0.16002828461576823
185326.057030197 0.14318167451387998
186067.3612583178 0.13666788397335597
186811.63070335102 0.15293524317862142
187558.8772261645 0.14574430361303187
188309.11273506918 0.16818522192857085
189062.3491860094 0.15131357543944507
189818.59858275342 0.13328963638167168
190577.87297708448 0.15361733379048795
191340.18446899284 0.14770113286457512
192105.54520686882 0.13461108428131113
192873.9673876963 0.12707258167987612
193645.46325724703 0.13251669843882377
194420.04511027603 0.10891720403542128
195197.72529071715 0.1343822196505697
195978.51619188 0.1179392260358706
196762.4302566476 0.12304643830214232
199107.9942767367 0.11891887163903725
203090.15416227144 0.10690368995557423
207151.95724551688 0.10593696613454429
211294.9963904272 0.09040861052185194
215520.89631823578 0.08700814531514131
219831.31424460045 0.0812533513252787
224227.94052949245 0.07281700524528993
228712.4993400823 0.07286667457526277
233286.74932688402 0.06929813753741088
237952.48431342165 0.0572869439730906
242711.5339996901 0.06056753156202352
247565.76467968393 0.05289970684611516
252517.0799732776 0.04630047991063966
257567.42157274322 0.046618904006443064
262718.770004198 0.04371270012533751
267973.145404282 0.03637589805481978
273332.6083123676 0.039416058865234825
278799.26047861495 0.03386813616556486
284375.2456881872 0.028157744630456397
290062.750601951 0.03020841135691648
295864.00561398995 0.026749223797541046
301781.2857262697 0.025280741352944242
307816.91144079523 0.021520897995166415
313973.24966961105 0.022071300538346838
320252.7146630032 0.020461273080705625
326657.7689562633 0.018632033316935095
333190.92433538847 0.01599455377351756
339854.7428220964 0.017131095724680138
346651.83767853834 0.014228393889276112
353584.87443210906 0.012711914781831105
360656.57192075124 0.01214906178391718
367869.70335916633 0.011804632032454668
375227.09742634965 0.010418188300145707
382731.63937487674 0.010783482759528869
390386.2721623741 0.009236788372446944
398193.99760562164 0.008404083329136704
406157.87755773397 0.007263601840463487
414281.0351088888 0.007887011281633037
422566.65581106645 0.007119500210449426
431017.98892728786 0.006005296304985154
439638.3487058336 0.005724870639169049
448431.11567995034 0.005382233686328134
457399.7379935492 0.0049727749274189725
466547.7327534202 0.00439964031159012
475878.6874084886 0.004370367990558392
485396.2611566584 0.004154942682186819
495104.1863797916 0.0035362035007029933
505006.2701073874 0.0033702493870802603
515106.39550953516 0.0029877129824566963
525408.5234197257 0.003254914001237749
535916.6938881205 0.002881902388386256
546635.0277658828 0.002644589711760915
557567.7283212005 0.0022086830411498118
568719.0828876244 0.002100764786034901
580093.4645453768 0.002033024979400993
591695.3338362843 0.0019457361254279204
603529.2405130101 0.001732114971342214
615599.8253232702 0.0017792844558290825
627911.8218297358 0.0014510201422986062
640470.0582663304 0.00129088451214592
653279.459431657 0.001212379881361258
666345.04862029 0.0011332074068352348
679671.9495926959 0.0011974754816403924
693265.38858455 0.001134772132061594
707130.6963562409 0.0009502233121854181
721273.3102833657 0.0008184991402351788
735698.7764890331 0.0008045052869485468
750412.7520188137 0.0007191583844709786
765421.0070591901 0.000727968049849679
780729.4272003738 0.0006553121398425074
796344.0157443815 0.0006207544527027263
812270.896059269 0.0005259910745806735
828516.3139804546 0.0004896045353147726
845086.6402600636 0.0004678782455998635
861988.3730652649 0.0004729427882715477
879228.14052657 0.0005257212107807691
896812.7033371016 0.0004021530349426776
914748.9574038435 0.00039186019369547123
933043.9365519203 0.0003329905436710031
951704.8152829591 0.00028436990693326853
970738.911588618 0.00032132497026260117
990153.6898203905 0.00024107529435512924
