1000.5530765187797 3.778448472617564e-24
1004.5552888248548 3.84396795120436e-96
1008.5735099801544 5.0676433639697086e-92
1012.607804020075 1.4734710055376476e-91
1016.6582352361554 4.983594758728044e-96
1020.7248681770998 2.625294988452208e-66
1024.8077676498083 2.0402937703138332e-71
1028.9069987204075 1.0952946983479034e-89
1033.022626715289 5.421593859466911e-62
1037.1547172221503 4.019250884664616e-93
1041.3033360910388 4.99918408520914e-86
1045.468549435403 1.859412946178143e-80
1049.6504236331448 2.3230205721380806e-95
1053.8490253276773 7.425128668059829e-71
1058.064421428988 5.0978016395398876e-89
1062.296679114704 5.526344765507636e-70
1066.5458658311627 1.1416926585746828e-77
1070.8120492944875 2.761337095794312e-81
1075.0952974916654 4.009353316405304e-63
1079.3956786816323 8.556295603092621e-82
1083.7132613963586 1.26567558392905e-60
1088.048114441944 1.971356573807413e-65
1092.4003068997117 5.889400414289189e-43
1096.7699081273104 4.5426133851546404e-64
1101.15698775982 2.469953700478965e-66
1105.561615710859 2.776626108261105e-44
1109.9838621737026 1.7247433839234742e-51
1114.4237976223976 9.71109253867039e-59
1118.8814928128868 4.974146999730831e-65
1123.3570187841383 7.361661608418484e-59
1127.8504468592753 2.1926708118532046e-34
1132.361848646712 1.0000711116742444e-41
1136.8912960412988 1.3320716908031609e-40
1141.438861225464 1.2713706785451795e-39
1146.004616670366 2.0216099993050212e-38
1150.5886351370475 7.503980255449616e-40
1155.190989677596 8.557466009363459e-42
1159.8117536363065 3.0068298977332193e-38
1164.4510006508515 2.053255389469784e-42
1169.108804653455 1.594523566693278e-44
1173.7852398720688 5.34976271760816e-36
1178.480380831557 1.0289701233875729e-33
1183.1943023548836 1.3895696582056573e-34
1187.9270795643029 2.7210764623349684e-37
1192.67878788256 1.0562392634162753e-32
1197.4495030340906 2.3057350562368768e-30
1202.2393010462267 3.1976749330659773e-41
1207.0482582504117 1.0195148769922165e-30
1211.8764512834132 4.023648749546551e-33
1216.7239570885472 4.2563982057772016e-29
1221.5908529169012 6.141349311762386e-27
1226.4772163285688 5.193589935177033e-26
1231.383125193883 7.781891629830659e-27
1236.3086576946585 4.5245777299173565e-26
1241.2538923254372 4.039126689938111e-27
1246.2189078947392 4.4195888059080164e-29
1251.203783526318 3.1751519717363024e-26
1256.2085986604231 3.1229582097648514e-29
1261.233433055065 1.984169084683581e-26
1266.2783667872852 7.77228723034777e-27
1271.3434802544346 2.4090733631784703e-25
1276.4288541754522 4.9397388076641465e-27
1281.534569592154 1.2000046774378916e-25
1286.6607078705229 5.446613269096817e-26
1291.8073507020044 2.1248507802061404e-24
1296.9745801048125 1.7013707668600276e-24
1302.162478425232 8.955198572782471e-26
1307.3711283389327 3.6483823892017224e-25
1312.6006128522888 3.8513126778522554e-24
1317.851015303698 3.0798745437505056e-24
1323.1224193649127 6.844923803140494e-24
1328.4149090423725 6.019004990001171e-24
1333.728568678542 1.8910600727035686e-23
1339.0634829532567 1.8005364070496623e-23
1344.4197368850691 1.421086079747023e-23
1349.7974158326099 3.432721004992585e-23
1355.1966054959403 5.685037756584993e-23
1360.6173919179244 5.885723369667081e-23
1366.059861485596 3.48401980927352e-23
1371.5241009315384 7.730835003734234e-23
1377.0101973352646 1.0708895052426023e-22
1382.5182381246057 1.7063359259049528e-22
1388.0483110771042 2.3450926684077372e-22
1393.6005043214122 2.8093971316803223e-22
1399.1749063386976 1.5183266088993287e-22
1404.7716059640527 4.704949812663676e-22
1410.3906923879088 5.089557465639853e-22
1416.0322551574602 1.0542553344351486e-21
1421.6963841780905 3.3644710183116913e-22
1427.3831697148032 7.993062880129844e-22
1433.0927023936622 2.6729300393042427e-21
1438.8250732032368 2.0898684611711703e-21
1444.5803734960498 5.395578486319366e-21
1450.3586949900334 2.7890660706362713e-21
1456.1601297699938 4.8729736525545316e-21
1461.984770289074 6.102440410231977e-21
1467.83270937023 6.216448871768853e-21
1473.704040207711 9.536253511920387e-21
1479.5988563685412 9.915237649949043e-21
1485.5172517940157 1.2477084935911731e-20
1491.459320801192 2.851253379703307e-20
1497.4251580843968 1.6138790455989515e-20
1503.4148587167342 3.9423274065516424e-20
1509.4285181516007 4.317823717966458e-20
1515.4662322242077 2.91218138487533e-20
1521.5280971531042 4.9596934247344656e-20
1527.6142095417167 2.11671517780906e-20
1533.7246663798837 4.628911462998609e-20
1539.859565045403 5.2520116757526623e-20
1546.0190033055849 5.311494558718619e-22
1552.203079318807 3.6266362511590185e-21
1558.4118916360824 3.9401378844817485e-21
1564.6455392026269 2.672207538479328e-21
1570.9041213594373 2.3787632462002924e-21
1577.187737844875 2.850679675162759e-21
1583.4964887962547 2.945079082731398e-21
1589.8304747514399 3.788775121893777e-21
1596.1897966504455 3.491228483395771e-21
1602.5745558370472 4.669708058013142e-21
1608.9848540603957 6.217504876090621e-21
1615.4207934766368 7.339119432103406e-21
1621.8824766505436 8.984930754632922e-21
1628.3700065571454 1.0990584234240375e-20
1634.8834865833744 1.497553916955046e-20
1641.4230205297079 1.8484951900770257e-20
1647.9887126118267 2.6568958564705134e-20
1654.580667462274 2.7471968114314746e-20
1661.198990132123 4.393108648609729e-20
1667.8437860926513 5.60506877162753e-20
1674.515161237022 7.588837929999724e-20
1681.2132218819695 1.2617512740854313e-19
1687.9380747694975 1.1397008033548744e-19
1694.6898270685758 3.8604283173231283e-19
1701.4685863768502 2.806452189773301e-19
1708.2744607223572 3.9984776252193526e-19
1715.1075585652468 6.247994946972285e-19
1721.967988799508 6.034794029030784e-19
1728.8558607547059 1.2332960752807744e-18
1735.7712841977245 9.08835732945068e-19
1742.7143693345156 9.96580935268924e-19
1749.6852268118535 2.4239607714197112e-18
1756.6839677191008 1.708910094944651e-18
1763.7107035899771 5.681564617951498e-18
1770.7655464043373 7.732174452516148e-18
1777.8486085899544 3.239731707721295e-18
1784.9600030243143 1.499912091462062e-17
1792.0998430364118 1.1614437005467084e-17
1799.2682424085576 1.2188762409644987e-17
1806.4653153781921 2.7745602478837978e-17
1813.6911766397043 9.14112330113454e-18
1820.945941346263 2.1579890164936658e-17
1828.2297251116483 4.142542121120614e-17
1835.5426440120948 1.3536456851234453e-17
1842.8848145881432 5.1920401550106154e-17
1850.2563538464956 1.1786135536028038e-16
1857.657379261881 4.394959615241124e-17
1865.0880087789287 2.120483764728482e-16
1872.5483608140448 1.930981325610383e-16
1880.0385542573008 9.014250512005805e-17
1887.5587084743302 4.96690488361654e-16
1895.1089433082268 3.555262871658474e-16
1902.68937908146 2.319821362532444e-16
1910.3001365977857 1.0475706495960909e-15
1917.9413371441767 6.1663110530054725e-16
1925.6131024927531 8.594063699276923e-16
1933.3155549027244 1.8043531594183694e-15
1941.0488171223355 1.5949928014922537e-15
1948.8130123908247 1.4718101674121265e-15
1956.608264440388 3.1571434868946688e-15
1964.434697498149 2.071179643485829e-15
1972.2924362881417 2.7567801587989807e-15
1980.1816060332944 4.675152402701125e-15
1988.1023324574276 4.2755164196796045e-15
1996.0547417872574 4.161054875358631e-15
2004.0389607544066 6.343000494209946e-15
2012.0551165974243 7.077068310569482e-15
2020.1033370638136 8.013535679839673e-15
2028.1837504120688 1.1364662062996338e-14
2036.2964854137172 1.154296337641666e-14
2044.4416713553724 1.0961030123037132e-14
2052.6194380407937 1.646906042074394e-14
2060.829915792957 1.8232689553583213e-14
2069.0732354561287 2.0784044330200642e-14
2077.3495283979532 2.361438933126455e-14
2085.6589265115445 3.119996777255087e-14
2094.001562217591 3.685859420431046e-14
2102.3775684664615 4.182680210910856e-14
2110.787078740328 3.8098328834919686e-14
2119.2302270552887 5.71156733227094e-14
2127.70714796351 6.890138083767513e-14
2136.217976555364 9.063402266138974e-14
2144.7628484615852 5.803363749070464e-14
2153.341899855432 1.10719360242919e-13
2161.9552674548536 1.5958216985144917e-13
2170.603088524673 1.959447092009294e-13
2179.285500878772 1.414135922893882e-13
2188.0026428822866 1.724282233534246e-13
2196.754653453816 3.411747533702343e-13
2205.541672067631 3.0384744963700575e-13
2214.3638387559017 6.921320429137397e-13
2223.2212941109246 3.2258056826806087e-13
2232.114179287369 1.2452943314166762e-12
2241.0426360045185 8.041728901880813e-13
2250.0068065485366 2.0947636192648098e-12
2259.0068337747302 1.3165064244843342e-12
2268.0428611098296 2.178748959843077e-12
2277.115032554269 2.6276022870165306e-12
2286.223492684486 3.1725123408842805e-12
2295.368386655224 6.630651760114737e-12
2304.549860201845 1.980913925061633e-12
2313.7680596426517 7.699591970003961e-12
2323.0231318812225 7.313264887794342e-12
2332.3152244087473 1.3405853257062618e-11
2341.6444853063817 1.4273733150958317e-11
2351.0110632476076 5.778413984797841e-12
2360.415107500598 1.5709511772983486e-11
2369.8567679306 6.7965347394058236e-12
2379.3361950023227 2.3755387980800486e-11
2388.853539782332 2.0253757444854843e-11
2398.4089539414617 4.176808404220223e-11
2408.0025897572273 5.381528035814832e-11
2417.6346001162565 2.7339143107961057e-11
2427.3051385167214 7.838004385614506e-11
2437.0143590707885 8.716899694839237e-11
2446.762416507072 1.6362409520727023e-10
2456.5494661731 1.1704061443051954e-10
2466.375664037793 1.580520123709327e-10
2476.2411666939443 2.1644425940942355e-10
2486.1461313607197 9.082855745361627e-11
2496.090715886162 2.013929923907775e-10
2506.075078749707 2.0264793188603963e-10
2516.0993790647044 2.7710366602711275e-10
2526.163776580964 4.925104452806661e-10
2536.268431687288 6.795921256535832e-10
2546.4135054140374 8.502965593187304e-10
2556.599159435693 7.075976798782661e-10
2566.825556073436 5.712273574832129e-10
2577.09285829773 8.309531941408079e-10
2587.4012297309205 7.8565567479309e-10
2597.7508346498444 1.2303095628011536e-09
2608.141837988444 1.513646453117634e-09
2618.5744053403982 1.9902621705076226e-09
2629.0487029617593 2.498346585381576e-09
2639.5648977736064 2.531812854994008e-09
2650.123157364701 2.7193694441922108e-09
2660.7236499941596 3.2278292589517314e-09
2671.366544594136 3.4603122294303933e-09
2682.052010772512 4.6127267720873025e-09
2692.7802188156024 5.2762502627253175e-09
2703.551339690865 6.547240810231593e-09
2714.365545049628 7.615834768310526e-09
2725.223007229827 8.575584081965166e-09
2736.123899258746 9.715621181454974e-09
2747.0683948557817 1.149849863352887e-08
2758.0566684352048 1.2834136121378891e-08
2769.0888951089455 1.5309397517845364e-08
2780.165250689381 1.7409323316023937e-08
2791.2859116921386 2.0329464946489377e-08
2802.451055338907 2.3378427364183708e-08
2813.660859560263 2.6791659406480824e-08
2824.9155029985036 3.0618618626846887e-08
2836.2151650104965 3.517678703952894e-08
2847.5600256705393 3.996745153049652e-08
2858.950265773222 4.59719558645851e-08
2870.386066836315 5.235322285502623e-08
2881.8676111036607 5.990595394475777e-08
2893.3950815480757 6.842988276691753e-08
2904.968661874268 7.800611463058202e-08
2916.588536521764 8.899482236457447e-08
2928.254890667851 1.0139033506838116e-07
2939.9679102305226 1.1543961768496585e-07
2951.727781871445 1.3146197056332465e-07
2963.534692998931 1.4957009859425517e-07
2975.3888317709266 1.7008934407018516e-07
2987.2903870980094 1.9342599347251897e-07
2999.2395486464025 2.1971588111844313e-07
3011.2365068409886 3.928079191748624e-08
3023.2814528683516 4.45222644344359e-08
3035.374578679825 4.6746401798753756e-08
3047.516076994544 5.4716823829948094e-08
3059.7061413025226 6.038130384524673e-08
3071.9449658677336 6.2519173177441e-08
3084.232745731204 5.971950555914269e-08
3096.569676714128 4.5187564366943905e-08
3108.955955420985 4.4926936699318516e-08
3121.3917792426687 5.6973448194800314e-08
3133.8773463596394 5.637288940018186e-08
3146.412855745078 5.036104538004345e-08
3158.998507168058 4.173630119279801e-08
3171.6345011967305 3.176000096861097e-08
3184.321039201517 2.1617397115954772e-08
3197.0583233583234 1.2446821896053564e-08
3209.8465566517566 4.923931599926522e-09
3222.6859428783637 1.9723115859531442e-09
3235.576686649877 1.0046043028961563e-09
3248.518993396477 2.9851611524770314e-10
3261.513069370063 6.129282335684785e-11
3274.559121647543 1.0000212457688032e-11
3287.6573581341336 3.1305377814912514e-12
3300.8079875666704 3.9678019942650677e-13
3314.0112195169368 2.032079647359959e-12
3327.2672643950045 1.032318502871816e-11
3340.5763334525845 5.774945552393279e-11
3353.938638786395 4.282343059259893e-10
3367.354393341541 2.0972647822221393e-09
3380.8238109149074 8.214345735106489e-09
3394.347106158567 2.5945115974425646e-08
3407.924494583201 6.38431512341261e-08
3421.5561925615334 1.1300082662641566e-07
3435.2424173317804 9.610039237027233e-08
3448.9833870011066 2.512738941833842e-08
3462.7793205491116 2.897639929299454e-07
3476.630437831308 8.529465426602381e-07
3490.536959582633 1.5108128306258855e-06
3504.4991074209643 2.2855781269488135e-06
3518.5171038506473 3.210174310302892e-06
3532.5911722660503 4.305950431363985e-06
3546.7215369551145 5.599566234124453e-06
3560.9084231029346 7.114414294695672e-06
3575.1520567953467 8.873393645844606e-06
3589.452665022528 1.090198184705879e-05
3603.810475682617 1.3226880719307549e-05
3618.225717585348 1.587662390746024e-05
3632.698620455689 1.8881076499757136e-05
3647.2294149375116 2.2272921329710406e-05
3661.8183325972614 2.608777069659952e-05
3676.4656059276513 3.0363559783730377e-05
3691.1714683513615 3.513828654408527e-05
3705.936154224767 4.0451176905924564e-05
3720.7598988416657 4.634554888364002e-05
3735.6429384370326 5.286121704993109e-05
3750.585510190781 6.003609376432077e-05
3765.587852231544 6.790771680699406e-05
3780.6502036404704 7.650444896512691e-05
3795.772804455032 8.58450437005763e-05
3810.955895672852 9.592712095892356e-05
3826.199719255544 0.00010672836377871424
3841.504518132566 0.00011816660708231329
3856.870536205096 0.00013009981185081973
3872.2980183499167 0.00014227206416331567
3887.7872104233156 0.0001542604733547565
3903.338359265009 0.0001653943283600936
3918.9517127020695 0.0001745460576033937
3934.6275195528774 0.0001799362690399101
3950.3660296310895 0.0001787962039576565
3966.1674937496136 0.00016696643423413945
3982.0321637246125 0.00013920807900433764
3997.9602923795105 9.281919218843209e-05
4013.9521335490285 3.813415160117725e-05
4030.007942083225 5.352074506969591e-06
4046.1279738515577 2.614139924104619e-07
4062.312485746964 5.989082481393072e-06
4078.5617356899515 5.253739356477552e-05
4094.8759826327114 0.00015708759123679648
4111.255486563242 0.0002886248114089737
4127.700508509496 0.00042288978287263474
4144.211310543533 0.0005523695882890582
4160.788155785708 0.0006775538751863588
4177.431308408849 0.0008007944253913659
4194.141033642486 0.0009245863640189996
4210.917597777056 0.0010510434905290445
4227.761268168164 0.0011821165580308268
4244.672313240838 0.0013195239092230005
4261.651002493801 0.00146452572139384
4278.697606503776 0.0016181578712894833
4295.812396929791 0.0017818331327564484
4312.995646517511 0.0019564290800301544
4330.24762910358 0.0021429840234757675
4347.568619619994 0.002342623541744391
4364.958894098475 0.002556995447214719
4382.418729674868 0.002786463683708473
4399.948404593568 0.003032529129901177
4417.548198211942 0.0032970044961311245
4435.21839100479 0.003579859348988271
4452.959264568809 0.003884257379376264
4470.771101627084 0.004209094481973723
4488.654186033592 0.004556310174867874
4506.608802777726 0.00492924689045774
4524.635237988838 0.005330011136911483
4542.733778940792 0.005755702113932355
4560.904714056555 0.006192702664564816
4579.148332912781 0.005886256935151798
4597.464926244433 0.006195477321792577
4615.85478594941 0.006475544831690941
4634.318205093208 0.0067177895390186804
4652.855477913582 0.006929296384018801
4671.466899825236 0.007174095574380434
4690.152767424537 0.007285251722183645
4708.913378494234 0.007115988793263071
4727.749032008212 0.006547166200407493
4746.660028136244 0.005560560832293538
4765.646668248789 0.004277168623026155
4784.709254921784 0.0028800792397519356
4803.8480919414715 0.0016185156094685037
4823.063484309237 0.0007505832342564979
4842.355738246474 0.00031997262928092275
4861.72516119946 0.00014901746080973885
4881.172061844257 7.70201392009555e-05
4900.6967500916335 4.460732745857394e-05
4920.299537092001 2.5647549067107726e-05
4939.9807352403695 1.4359894357256076e-05
4959.740658181329 8.085139948044218e-06
4979.5796208140555 4.881208297637111e-06
4999.497939297312 3.319635300864569e-06
5019.495931054502 2.6107785099044918e-06
5039.57391477872 2.3088125378486435e-06
5059.732210437835 2.2467287155351e-06
5079.971139279585 2.3259976857230305e-06
5100.291023836704 2.432613887090345e-06
5120.692187932051 2.4985049905787e-06
5141.174956683781 2.5588777220363843e-06
5161.739656510514 2.6666976421508713e-06
5182.386615136556 2.797252932971149e-06
5203.116161597103 2.9031285619096845e-06
5223.928626243489 2.9994802712216176e-06
5244.824340748465 3.1097471845944042e-06
5265.803638111459 3.2076594979959195e-06
5286.866852663905 3.2905552351007468e-06
5308.0143200745615 3.390944099900704e-06
5329.246377354859 3.4940035376154177e-06
5350.563362864278 3.5898531273887166e-06
5371.965616315736 3.7093785835390055e-06
5393.453478780998 3.834120667329919e-06
5415.027292696122 3.9505784638121685e-06
5436.687401866905 4.089891998893941e-06
5458.434151474374 4.229298145582391e-06
5480.267888080271 4.360228624841376e-06
5502.188959632591 4.511887136348621e-06
5524.197715471122 4.669022336412121e-06
5546.294506333006 4.82004000997395e-06
5568.479684358337 4.988341369876077e-06
5590.753603095771 5.165144504123152e-06
5613.1166175081535 5.337871751466136e-06
5635.569083978187 5.531605534040811e-06
5658.1113603140975 5.715461686819603e-06
5680.743805755354 5.9149230240909734e-06
5703.466780978376 6.119896161414414e-06
5726.28064810229 6.340443863143766e-06
5749.185770694699 6.565306496132832e-06
5772.182513777476 6.806706515669732e-06
5795.271243832587 7.062851511438029e-06
5818.452328807918 7.3533716856494645e-06
5841.72613812315 7.657930687503947e-06
5865.093042675643 7.858516293902404e-06
5888.553414846345 8.19234442361952e-06
5912.10762850573 9.126827943798114e-06
5935.756059019754 1.0665824534009936e-05
5959.499083255832 1.2368865874723398e-05
5983.337079588855 1.4270267341542984e-05
6007.27042790721 1.6518979376279745e-05
6031.299509618841 1.9219495547190844e-05
6055.424707657316 2.2341147178352847e-05
6079.646406487946 2.5919752565894656e-05
6103.964992113897 3.010360708297e-05
6128.380852082353 3.4995799905718146e-05
6152.894375490681 4.068599137031184e-05
6177.505952992646 4.7218377816366484e-05
6202.215976804616 5.4711996506391956e-05
6227.024840711833 6.334270289938734e-05
6251.932940074681 7.333515184269899e-05
6276.940671834981 8.487817168937315e-05
6302.048434522321 9.83688692928673e-05
6327.256628260409 0.00011391274207842016
6352.5656547734525 0.00013167001039592256
6377.975917392546 0.00015207436194178073
6403.487821062116 0.0001753979408103998
6429.101772346364 0.00020199975273611174
6454.81817943575 0.00023243048659261968
6480.637452153493 0.00026742007645550196
6506.560001962106 0.00030794336043325093
6532.586241969955 0.0003548275688400912
6558.716586937834 0.00040922708368035227
6584.951453285586 0.00047246316957739754
6611.291259098727 0.0005468270711203327
6637.7364241351215 0.0006350763864869797
6664.2873698316625 0.0007399159794947194
6690.94451931099 0.0008653689307195976
6717.7082973882325 0.0010181485894774575
6744.579130577787 0.0012057941861856776
6771.557447100097 0.001433897199285368
6798.643676888497 0.0017068581523468278
6825.838251596053 0.0020309233005519093
6853.141604602436 0.0024117419030892226
6880.554171020846 0.002843417860600278
6908.0763877049285 0.003306771574289687
6935.708693255749 0.003785103184767392
6963.4515280287715 0.004334129366382625
6991.305334140887 0.004954681221482083
7019.270555477449 0.005678242387993705
7047.34763769936 0.006544588178259701
7075.537028250157 0.007550547512847732
7103.839176363159 0.008668198300702642
7132.254533068612 0.00989471252956422
7160.783551200888 0.011132587388213704
7189.42668540569 0.01241649659456954
7218.184392147313 0.01377259810114735
7247.0571297159 0.014822792851891036
7276.045358234765 0.015801864064201296
7305.149539667704 0.01648098180165565
7334.370137826372 0.017130659383933138
7363.707618377678 0.017585301555657587
7393.162448851191 0.017918719763994624
7422.735098646595 0.017989165499381763
7452.426039041182 0.017886191786016234
7482.235743197345 0.01756676354076283
7512.1646861701365 0.01681182535317523
7542.213344914818 0.015918959264208384
7572.382198294477 0.01485021765645432
7602.671727087656 0.013045557559606926
7633.082413996006 0.0075398724575392005
7663.614743651989 0.0010673880097357524
7694.269202626598 0.0014152331329026467
7725.046279437104 0.005114070692086258
7755.946464554851 0.010661265364132567
7786.970250413072 0.01818202607060653
7818.118131414723 0.02470982236661425
7849.390603940383 0.030584127643851114
7880.788166356144 0.03708576605454104
7912.311319021571 0.044450300725510795
7943.960564297654 0.05288833643642777
7975.736406554845 0.06252121247730173
8007.639352181065 0.073286512514269
8039.669909589788 0.08486506831837652
8071.828589228147 0.0972000757781298
8104.115903585063 0.11001360052447211
8136.532367199402 0.12371338720141976
8169.078496668199 0.14068498813461405
8201.754810654873 0.1624156222862852
8234.561829897493 0.1895599941739501
8267.500077217084 0.22538110833345917
8300.570077525952 0.2606426912740947
8333.772357836056 0.29860565857455573
8367.1074472674 0.33797215171860734
8400.575877056472 0.3773898485056589
8434.178180564695 0.41493643851751444
8467.914893286956 0.45169096349950977
8501.786552860101 0.4930767247819426
8535.793699071543 0.549938083136602
8569.936873867831 0.62761089934085
8604.216621363299 0.7269170030924959
8638.633487848754 0.8437587844261037
8673.18802180015 0.9765342156436523
8707.880773887353 1.1215098293796992
8742.7122969829 1.2809254316527698
8777.68314617083 1.4510193372924656
8812.793878755514 1.6247767718165358
8848.045054270535 1.7909242169890165
8883.437234487617 1.8961437784863904
8918.970983425568 1.958801329703569
8954.64686735927 2.184648466794453
8990.465454828707 2.3073387929982903
9026.427316648023 2.7449761379054096
9062.533025914616 3.110938359551379
9098.783158018272 3.39142364859739
9135.178290650345 3.6959914383766823
9171.719003812947 3.9792981864490233
9208.405879828202 4.3834293715349295
9245.239503347511 4.5596637249311085
9282.2204613609 3.4210299626136025
9319.349343206346 3.1361339708668607
9356.626740579171 3.740930924411834
9394.053247541488 4.932664752957223
9431.629460531654 4.858687023735916
9469.355978373778 4.767809282240149
9507.233402287276 4.957575994526301
9545.262335896427 5.186254831377694
9583.443385240013 5.179944143148056
9621.777158780975 5.409321225220823
9660.264267416096 5.735432558302896
9698.90532448576 6.107462727487441
9737.7009457837 6.042112751778896
9776.651749566838 5.964588016487249
9815.758356565104 5.762647884832879
9855.021389991363 5.4815198770999904
9894.441475551332 5.148830885840252
9934.019241453534 4.691049500815014
9973.755318419348 4.057888696108565
10013.650339693024 2.5533158920797216
10053.704941051796 2.2658616218783236
10093.919760816003 2.0301648153991225
10134.295439859268 1.8042066392837592
10174.832621618703 1.5736228808600061
10215.531952105179 1.396671060428144
10256.394079913602 1.2527637415915895
10297.419656233254 1.1222501841796226
10338.609334858189 0.9655546597949242
10379.96377219762 0.8633443577494025
10421.483627286412 0.7695148548493161
10463.169561795556 0.6850182395927472
10505.022240042741 0.6102273162183796
10547.042329002912 0.5447299764407377
10589.230498318922 0.4849680574045216
10631.587420312197 0.43015381327161695
10674.113769993448 0.3802366767343874
10716.810225073421 0.3364478376909063
10759.677465973711 0.3004728265665062
10802.716175837608 0.27263531464387486
10845.927040540959 0.2519502658837605
10889.310748703121 0.23510500028598572
10932.867991697934 0.2186802077308797
10976.599463664725 0.20258716812123728
11020.505861519383 0.18411250688423314
11064.587884965462 0.16372526236273843
11108.846236505324 0.1408907660367779
11153.281621451348 0.11610124087115868
11197.894747937147 0.11265617686918152
11242.686326928899 0.11403845235780177
11287.657072236614 0.13426117080147956
11332.807700525562 0.11107473358466377
11378.138931327663 0.14853882661301118
11423.651487052975 0.16120019508561556
11469.346093001184 0.15669384365375463
11515.22347737319 0.1483862995023007
11561.284371282683 0.14595544049085318
11607.529508767815 0.1508383296649613
11653.959626802887 0.18223122493748187
11700.5754653101 0.19998905737133768
11747.377767171341 0.18773288694079365
11794.367278240028 0.22860820685189642
11841.544747352984 0.2341186275659761
11888.9109263424 0.23259572425143973
11936.46657004777 0.22640300897098425
11984.212436327958 0.22366472977505242
12032.149286073272 0.22567229626199542
12080.277883217566 0.23392937727946586
12128.598994750435 0.24877798130968895
12177.113390729437 0.2693741809366319
12225.821844292353 0.29290647766291505
12274.725131669524 0.3199548141747904
12323.824032196202 0.3465444057356983
12373.119328324985 0.3781161455110567
12422.611805638286 0.419821580826561
12472.302252860838 0.4733591300166056
12522.19146187228 0.5147788223615481
12572.280227719768 0.5747808652461135
12622.569348630648 0.6584330280384076
12673.059626025171 0.7425287906263911
12723.751864529271 0.8160633893443582
12774.646871987386 0.8767421313646372
12825.74545947534 0.920022415657922
12877.04844131324 0.958528050903104
12928.556635078494 1.0067538425548082
12980.270861618808 1.0706335032799172
13032.191945065284 1.1355938905914051
13084.320712845543 1.2183741144526892
13136.657995696927 1.2869114375639634
13189.204627679715 1.3693802321968902
13241.961446190431 1.4307602251587253
13294.929291975195 1.3060317350247808
13348.109009143096 1.0680655877901961
13401.50144517967 0.5263209616618789
13455.107450960388 0.20543145945831903
13508.927880764231 0.09499007995127028
13562.963592287288 0.048651546079320394
13617.215446656439 0.061764401083886866
13671.684308443064 0.1564142200244188
13726.371045676835 0.24414432835377442
13781.276529859542 0.3388174177484514
13836.40163597898 0.07934928852655063
13891.747242522899 0.16001663734050436
13947.314231492988 0.13203746656071572
14003.103488418961 0.2417396218743136
14059.115902372636 0.21892461016092182
14115.352365982128 0.19753367549813125
14171.813775446057 0.24059645356026482
14228.501030547843 0.31482358407345007
14285.41503467003 0.47765940663288675
14342.556694808713 0.497796441668951
14399.926921587949 0.6090207625455486
14457.5266292743 0.806842607636689
14515.356735791396 1.0018274274160572
14573.418162734559 1.1315274320071493
14631.711835385498 1.0748634056990853
14690.238682727038 0.9335030803307819
14748.999637457951 0.8565937830195833
14807.995636007783 0.8373602447673281
14867.227618551815 0.8473145411195906
14926.69652902602 0.8487054772958789
14986.403315142123 0.9335086487429872
15046.348928402693 0.9506977906900993
15106.534324116303 0.8263973197643417
15166.96046141277 0.7864450107799447
15227.62830325842 0.8636874140543863
15288.538816471453 0.8772123874042725
15349.692971737337 0.8892407395947599
15411.091743624287 0.8827560519345871
15472.736110598784 0.8823565234105595
15534.62705504118 0.8788772054113057
15596.765563261344 0.8795298062883142
15659.152625514387 0.871582221762353
15721.789236016448 0.8513074363088993
15784.676392960515 0.8171302213308592
15847.815098532355 0.7817183387017375
15911.206358926484 0.7402524720889533
15974.85118436219 0.6959833333356642
16038.75058909964 0.6448017264984983
16102.905591456036 0.5844010731394503
16167.31721382186 0.515272461729777
16231.986482677148 0.43859233507281703
16296.914428607855 0.37610106068922505
16362.102086322288 0.3391716726085768
16427.550494667576 0.3152317680504261
16493.260696646248 0.3230147519384237
16559.23373943283 0.308232339285911
16625.470674390563 0.2864584880556621
16691.972557088127 0.19328155595770483
16758.74044731648 0.2435187399911084
16825.775409105743 0.22757300500093805
16893.07851074217 0.20168170693555326
16960.650824785134 0.17929512214116933
17028.493428084275 0.16337883952590812
17096.607401796613 0.16223621907716299
17164.993831403797 0.15263579918851913
17233.653806729413 0.14134189069619948
17302.588421956334 0.12484655709185695
17371.798775644158 0.11768535436057478
17441.285970746736 0.11088921094085463
17511.05111462972 0.1034306141341306
17581.095319088243 0.09320198991394162
17651.419700364593 0.08246647818722569
17722.02537916605 0.0744213333575871
17792.913480682713 0.06695317947027025
17864.085134605448 0.05534805949805678
17935.54147514387 0.04357133299575254
18007.283641044443 0.03774408041167872
18079.312775608625 0.029377745551110328
18151.630026711056 0.02455460386833327
18224.236546817894 0.02227334645609031
18297.133493005167 0.01615287696870883
18370.32202697719 0.013709887876369732
18443.803315085097 0.017103045108467177
18517.578528345435 0.016933657938522816
18591.648842458817 0.014459945876934064
18666.01543782865 0.010387414846849614
18740.67949957997 0.008164353989323426
18815.642217578286 0.016940934358292664
18890.9047864486 0.014467991072674546
18966.4684055944 0.01253106672403562
19042.334279216768 0.008298656763111867
19118.50361633364 0.008990915012566464
19194.977630798967 0.007970039982961164
19271.757541322168 0.007384850786821393
19348.844571487454 0.007353198206645887
19426.239949773408 0.007021693820160386
19503.9449095725 0.0077208780966931765
19581.960689210795 0.007815725282766322
19660.28853196764 0.008172880662870398
19738.929686095507 0.008162536923192392
19817.885404839893 0.007848589246606164
19897.15694645925 0.008083064421380574
19976.745574245087 0.007724388462960362
20056.65255654207 0.007263941702139585
20136.879166768238 0.007016841766722493
20217.426683435307 0.00659777114928677
20298.296390169045 0.0064966014735034095
20379.489575729727 0.0062722533324687845
20461.007534032648 0.005954923048044849
20542.851564168777 0.005598754048666788
20625.02297042545 0.005200472116427751
20707.523062307162 0.004790838642282325
20790.353154556382 0.004394277036408546
20873.514567174607 0.004045642880813669
20957.008625443308 0.003766759405099732
21040.836659945082 0.00358944272246723
21125.000006584854 0.003522161543856912
21209.5000066112 0.0035704398947864406
21294.33800663765 0.003713726958456158
21379.515358664197 0.003922625241630865
21465.033420098855 0.004144327571806493
21550.893553779246 0.004362954184806791
21637.097127994366 0.0044597459944065885
21723.645516506345 0.004592217405559817
21810.540098572368 0.0045157545852131074
21897.782258966654 0.004443009753996101
21985.37338800253 0.003571151207180739
22073.314881554532 0.003672076650747635
22161.60814108075 0.0037485384397249514
22250.25457364508 0.003418713816751408
22339.25559193965 0.0032327187742844754
22428.61261430741 0.0029609590115556306
22518.32706476464 0.0028495943929700905
22608.400373023702 0.002480880791659153
22698.833974515794 0.0026626870247487876
22789.62931041386 0.002522604671025455
22880.78782765551 0.002448756705733692
22972.310978966132 0.0022300137233335466
23064.200222882002 0.0024856158055930476
23156.457023773528 0.0021496659210870493
23249.082851868614 0.0022487884810400444
23342.079183276095 0.0021166789445627283
23435.447500009202 0.001855148213405497
23529.18929000923 0.0019440774180115505
23623.306047169273 0.0022341527608656024
23717.79927135796 0.0016686605285045808
23812.670468443375 0.00224373911170045
23907.92115031715 0.0022981452576311834
24003.552834918424 0.0025347038934890533
24099.56704625809 0.00294416215128913
24195.96531444313 0.003310262041390106
24292.749175700897 0.0038810829504800394
24389.9201724037 0.00458584485772495
24487.479853093315 0.0054398026708949755
24585.42977250569 0.006712197193967065
24683.771491595708 0.007920300760290407
24782.50657756209 0.009497942605045863
24881.636603872343 0.010728096198121708
24981.16315028783 0.012462839820509112
25081.087802888986 0.012875803411379755
25181.412154100537 0.013195866589398355
25282.137802716934 0.011491856360062188
25383.266353927807 0.011127870748472057
25484.79941934352 0.008247414525587015
25586.73861702089 0.013125887225448704
25689.08557148898 0.007416238045832009
25791.84191377493 0.007228137293443666
25895.009281430033 0.005722709538023876
25998.589318555754 0.008385376754467785
26102.58367582998 0.010575677293121434
26206.994010533297 0.015118092567377249
26311.821986575433 0.01343674615601824
26417.069274521735 0.040646501371588185
26522.737551619815 0.03423253452486434
26628.828501826294 0.009320039513273032
26735.343815833607 0.002778828597131232
26842.285191096937 0.008487080904074525
26949.654331861326 0.02084971829376887
27057.452949188766 0.025274941318824122
27165.682760985525 0.022879680767460237
27274.345492029468 0.04541606641241258
27383.442873997585 0.014566808195986984
27492.976645493567 0.0431907886728507
27602.948552075544 0.01627674398537936
27713.360346283847 0.02217131492072688
27824.213787668985 0.019332263022577286
27935.510642819663 0.05314233604609509
28047.252685390937 0.02747628882453773
28159.441696132504 0.04958990673463137
28272.079462917034 0.0851837321253614
28385.167780768694 0.05628813749601645
28498.70845189177 0.08228181315458256
28612.703285699336 0.10773348570963784
28727.154098842133 0.12436783611534624
28842.062715237505 0.14615960278490644
28957.430966098455 0.1621546694844663
29073.260689962848 0.16517612347965863
29189.553732722703 0.22270089645060256
29306.311947653598 0.27891141621808935
29423.537195444205 0.2595991197116361
29541.231344225984 0.32729670979554715
29659.396269602887 0.3507911074811026
29778.033854681304 0.35576791074989134
29897.14599010003 0.446554577510803
30016.734574060432 0.12444135008814018
30136.80151235667 0.43103714822454997
30257.348718406094 0.5217801453267289
30378.37811327972 0.5585281987077807
30499.89162573284 0.4782088272969776
30621.891192235766 0.7235023354465714
30744.37875700471 0.6026794791099234
30867.356272032728 0.5736920312040223
30990.825697120858 0.5560776034179347
31114.78899990934 0.3941386507595078
31239.24815590897 0.5042974633630201
31364.20514853261 0.33006567154667116
31489.661969126744 0.29983590770372126
31615.62061700325 0.16227250384581612
31742.083099471263 0.15640502264745898
31869.05143186915 0.08892756255213603
31996.527637596624 0.07073280608833515
32124.51374814701 0.06801238549986267
32253.011803139605 0.04950970044035605
32382.02385035216 0.05590366586162541
32511.55194575357 0.07520245086277365
32641.598153536583 0.07536046959037612
32772.16454615073 0.16321820672741616
32903.25320433533 0.3166806960320377
33034.86621715268 0.1835896205600871
33167.005682021285 0.002636844330311788
33299.673704749366 0.025404747553517085
33432.87239956837 0.14602579519303716
33566.60388916664 0.18258589860012744
33700.87030472331 0.1734041860767567
33835.6737859422 0.10914267780577462
33971.016481085964 0.10977436293822423
34106.900547010315 0.11455617241604761
34243.32814919835 0.12455534088199048
34380.30146179514 0.1696122207197538
34517.82266764233 0.1809248618223221
34655.893958312896 0.2601286698140007
34794.51753414615 0.27034219257790726
34933.69560428273 0.35174988755663794
35073.43038669985 0.49374508279630724
35213.72410824666 0.5658476567038909
35354.57900467965 0.4567089631889489
35495.99732069836 0.6210750469144427
35637.98130998116 0.8552776116573556
35780.53323522108 0.9383678050743396
35923.65536816197 1.0943937257979937
36067.34998963462 1.112005233567468
36211.61938959315 1.466446929176803
36356.46586715153 1.8016987941332394
36501.891730620126 1.7056626283826812
36647.89929754261 1.8821608895860047
36794.49089473278 2.1992992159121965
36941.6688583117 2.0305599257733147
37089.43553374496 2.0011282437720768
37237.793275879936 2.136004690028333
37386.74444898345 2.395824863545004
37536.29142677938 2.4640174887984414
37686.43659248651 2.286355116309613
37837.18233885645 2.310224080205909
37988.53106821188 2.388468108690474
38140.48519248474 2.6743243705544897
38293.04713325467 2.8008641122604745
38446.21932178769 2.30630710033868
38600.00419907484 2.6236078149989597
38754.40421587113 2.632748655212627
38909.42183273463 2.6738481411369888
39065.05952006556 2.6060499836662028
39221.31975814583 2.6494987194105213
39378.205037178406 2.712751440749515
39535.71785732712 2.656437928180709
39693.860728756415 2.697334585267963
39852.636171671445 2.6746830162357043
40012.04671635814 2.6258550589240186
40172.09490322357 2.623990410099174
40332.78328283648 2.588313761971061
40494.11441596781 2.5476219820867807
40656.090873631685 2.580799871666201
40818.71523712622 2.518002989805597
40981.990098074726 2.4724029240540584
41145.918058467025 2.415168474162124
41310.50173070089 2.4198998463534283
41475.74373762369 2.361695084010837
41641.646712574184 2.3465982849375258
41808.21329942448 2.3145024203246374
41975.44615262219 2.2309327292841648
42143.347937232684 2.275505106542647
42311.921328981625 2.2436032771226
42481.16901429755 2.303789898302626
42651.09369035474 2.25375207480041
42821.69806511615 2.195080353769809
42992.98485737662 1.8187735974467003
43164.95679680613 1.8477343656690954
43337.61662399335 2.0658464060471786
43510.96709048933 2.056355781170044
43685.01095885128 2.05961739043968
43859.75100268668 2.01141605084231
44035.19000669744 1.9692786046245745
44211.330766724226 1.964694234876609
44388.176089791115 1.8471254622675324
44565.72879415028 1.898253487873063
44743.991709326874 1.82380769257266
44922.9676761642 1.84716251766863
45102.65954686885 1.825922037870041
45283.07018505633 1.6799077815481613
45464.20246579656 1.8140749759972354
45646.05927565975 1.7197382375023142
45828.64351276236 1.72666003171396
46011.95808681343 1.7459731428691319
46196.00591916067 1.530747457582372
46380.78994283732 1.6486395159462108
46566.31310260868 1.5807812877814857
46752.578355019126 1.34419666379183
46939.588668439166 1.5927990203480404
47127.34702311293 1.5039192438196483
47315.85641120539 1.3268930579207387
47505.11983685021 1.5030792055931983
47695.14031619761 1.4279653511396238
47885.9208774624 1.1099072576962843
48077.46456097225 1.3425523783998117
48269.774419216126 1.351075396478484
48462.853516892996 0.9751683499317335
48656.70493096058 1.3481168570719915
48851.33175068441 1.2040842038637571
49046.737077687154 1.0238850456995459
49242.92402599791 1.2458993619408296
49439.89572210189 0.9781279478586273
49637.6553049903 0.852367105852266
49836.20592621027 1.116662816096804
50035.55074991511 1.0894952008410652
50235.69295291477 0.5522567317360096
50436.63572472643 1.0710494595447053
50638.382267625326 1.092241299272889
50840.935796695834 0.6973155138801485
51044.2995398826 0.8823105759332351
51248.47673804215 0.9006695819800202
51453.47064499432 0.47825432107317395
51659.28452757429 0.8045624465165314
51865.92166568459 0.8583019703917767
52073.38535234733 0.3160070722033911
52281.67889375672 0.5912312498000841
52490.80560933175 0.6575924956438955
52700.76883176907 0.5809086658554421
52911.57190709616 0.48786625352038226
53123.218194724526 0.6164529476007832
53335.711067503435 0.6843486974543558
53549.053911773444 0.23393453626293995
53763.25012742054 0.4625355675419736
53978.303127930216 0.6328109317680097
54194.21634044194 0.14650887403718335
54410.99320580371 0.42641289973024826
54628.63717862692 0.23932586598265523
54847.15172734143 0.3087034715200193
55066.540334250785 0.363717106434464
55286.80649558781 0.27917503818117256
55507.95372157016 0.20159196951791658
55729.985536456436 0.14247152444582672
55952.90547860226 0.22113971297448082
56176.717100516675 0.21203245042495072
56401.42396891874 0.12197644647904732
56627.02966479442 0.18518124937814856
56853.5377834536 0.1378509189245182
57080.95193458741 0.13689994289941435
57309.27574232576 0.112470640780453
57538.51284529506 0.08873340448084233
57768.666896676245 0.12209646375202773
57999.74156426295 0.20922255738588097
58231.74053052 0.06709811008665864
58464.66749264208 0.15934900870477234
58698.52616261265 0.07411074644624112
58933.3202672631 0.0678452422293188
59169.05354833215 0.1237777052830596
59405.72976252549 0.0681411361208583
59643.3526815756 0.13254750275374144
59881.926092301896 0.11671658029351421
60121.45379667111 0.18173095320992286
60361.93961185778 0.14208666292036365
60603.38737030522 0.06628408358960922
60845.800919786445 0.1274794892628327
61089.184123465595 0.08794267501377577
61333.54085995945 0.10655338434492255
61578.87502339928 0.06095852180020069
61825.19052349288 0.0808636800741181
62072.491285586846 0.1652476233346132
62320.7812507292 0.19783573014999783
62570.06437573213 0.24563283598039076
62820.34463323505 0.23213608335236638
63071.62601176801 0.3120025187093524
63323.91251581507 0.1630467214801025
63577.20816587833 0.1455752497325464
63831.51699854184 0.13326226148626216
64086.843066536014 0.06323067760053984
64343.19043880215 0.09480877247250431
64600.563200557364 0.09392962192030221
64858.96545335958 0.03957690933549673
65118.401315173025 0.07425461555078043
65378.87492043372 0.08732176442556569
65640.39042011545 0.054814302997515385
65902.95198179591 0.06041435324547573
66166.56378972309 0.07475727431541036
66431.23004488199 0.07495017016947017
66696.95496506151 0.0828332250721353
66963.74278492175 0.12306013384966269
67231.59775606144 0.10760591716805396
67500.52414708569 0.17299809170169847
67770.52624367403 0.10437211988422627
68041.60834864872 0.12975024564198545
68313.77478204331 0.15270164612508044
68587.02988117147 0.06719682664462
68861.37800069616 0.1552016942204072
69136.82351269896 0.18278968829065745
69413.37080674975 0.20957370628076674
69691.02428997675 0.12345838897890792
69969.78838713666 0.17576802034144723
70249.6675406852 0.1686892711373675
70530.66621084794 0.10171879710362824
70812.78887569135 0.20234730087363567
71096.04003119409 0.18150967073105584
71380.42419131887 0.17054103983435842
71665.94588808414 0.11098467694096029
71952.60967163648 0.15049219092780258
72240.42011032304 0.1485754807843544
72529.38179076432 0.13209566894778343
72819.49931792737 0.09359024563705677
73110.77731519907 0.10213895318025606
73403.22042445988 0.060227443092075644
73696.83330615771 0.08591504763779553
73991.62063938235 0.08946242244971363
74287.58712193987 0.08759755642318975
74584.73747042764 0.06769732907353146
74883.07642030934 0.08821066188811584
75182.60872599059 0.11017933489290621
75483.33916089457 0.12366949387175045
75785.27251753812 0.11941674827445677
76088.4136076083 0.13120509686825968
76392.76726203872 0.13249718472312116
76698.33833108687 0.024101419901001057
77005.13168441122 0.05746111756272506
77313.15221114887 0.07509979009369858
77622.40481999348 0.07736749507915527
77932.89443927344 0.0959219432433635
78244.62601703055 0.10875774739290209
78557.60452109865 0.10388214633906734
78871.83493918306 0.0862595995535358
79187.3222789398 0.08167425300650949
79504.07156805556 0.1152685390244024
79822.08785432778 0.11804170894500711
80141.37620574511 0.0871020467003683
80461.94171056806 0.10094321215882744
80783.78947741033 0.10197373868784931
81106.92463531997 0.15591485916656947
81431.35233386126 0.12651734674736625
81757.0777431967 0.12261173399905581
82084.10605416949 0.12570716405712404
82412.44247838613 0.13312563015380496
82742.09224829968 0.15362801236957127
83073.06061729288 0.15940517536205012
83405.35285976208 0.1551714118458605
83738.9742712011 0.13207060570451845
84073.93016828595 0.15495855996222396
84410.22588895904 0.16332097841397206
84747.86679251489 0.15396597235049317
85086.85825968496 0.12580852941993764
85427.20569272367 0.15454929766240286
85768.91451549459 0.15699153601263122
86111.99017355654 0.14167451179613227
86456.43813425078 0.11099612027604969
86802.2638867878 0.1408102600021298
87149.47294233493 0.14884811614008311
87498.07083410428 0.12891633202664526
87848.0631174407 0.10333041014639478
88199.45536991046 0.12349247919119909
88552.25319139009 0.13547276985005074
88906.46220415569 0.1260775928558753
89262.08805297229 0.10583745966488296
89619.1364051842 0.0935791631021977
89977.61295080492 0.1141825610105722
90337.52340260813 0.1229651435822068
90698.87349621857 0.0945629697083292
91061.66899020346 0.11563867510464693
91425.91566616425 0.09155214298156615
91791.61932882894 0.1065372238673919
92158.78580614422 0.08050125488735209
92527.4209493688 0.12095272330186613
92897.53063316627 0.08936236726925247
93269.12075569895 0.08338705745267748
93642.19723872172 0.09535654688869093
94016.76602767664 0.09821161131790841
94392.83309178732 0.11677174163250134
94770.40442415449 0.08278061172159625
95149.48604185111 0.08383253830054574
95530.08398601852 0.08009902776021738
95912.20432196259 0.11063298378361196
96295.85313925042 0.11381874491935273
96681.0365518075 0.07373969832052961
97067.76069801472 0.08618393317346118
97456.03174080675 0.09177493763884724
97845.85586776999 0.11056338521407308
98237.23929124104 0.11497471309023935
98630.18824840599 0.08570493479650622
99024.70900139965 0.08640616272958765
99420.80783740526 0.09328075271493624
99818.49106875488 0.11341682950152149
100217.76503302988 0.11260661383108031
100618.636093162 0.08231344959177748
101021.11063753467 0.0954463317495435
101425.1950800848 0.10900944362114265
101830.89586040513 0.11127362188018768
102238.21944384674 0.10996745038080981
102647.17232162213 0.1041188831776494
103057.7610109086 0.08202884370680634
103469.99205495225 0.02787815374206216
103883.87202317205 0.037386152439600084
104299.40751126477 0.06381156998104677
104716.60514130979 0.08342423579988602
105135.47156187505 0.07187502275862684
105556.01344812254 0.07989148144330747
105978.23750191503 0.093650608211737
106402.15045192267 0.08804001033093758
106827.75905373038 0.06358900194067942
107255.07008994528 0.0321574571460531
107684.09037030509 0.034298030277654684
108114.8267317863 0.0519735508440498
108547.28603871344 0.06988647717987138
108981.47518286831 0.07816416650145924
109417.40108359976 0.08131026583962761
109855.0706879342 0.0812866203377297
110294.49097068593 0.07540218351287549
110735.66893456863 0.09206651094722151
111178.61161030692 0.09182907203391333
111623.32605674816 0.09254099870849643
112069.81936097513 0.07033365257260905
112518.09863841905 0.06716937447492258
112968.17103297272 0.08800955803635348
113420.0437171046 0.08960757178446815
113873.72389197304 0.08815919395910445
114329.21878754091 0.08562680243048794
114786.53566269108 0.06823981489225747
115245.68180534184 0.05872815713173289
115706.66453256323 0.0821997026224946
116169.49119069346 0.08427531626678192
116634.16915545624 0.08207283893914785
117100.70583207808 0.05523340442396264
117569.1086554064 0.06721770840774241
118039.385090028 0.057982750660039085
118511.54263038811 0.07659166525382889
118985.58880090967 0.07910482575880429
119461.5311561133 0.07604507843942464
119939.37728073777 0.05217964966132874
120419.13478986072 0.067049404872295
120900.81132902016 0.05018915706583241
121384.41457433623 0.0726827393987331
121869.9522326336 0.07366146507210386
122357.43204156413 0.05902005053797662
122846.86176973036 0.05700740458469682
123338.2492168093 0.06330856329799756
123831.60221367657 0.05323023475970992
124326.92862253124 0.06717209169132406
124824.23633702139 0.0695957369143982
125323.53328236948 0.05807093648101974
125824.82741549893 0.0577119536220818
126328.12672516092 0.06394887533928457
126833.43923206156 0.05400875831120713
127340.77298898982 0.05713441589451793
127850.13608094577 0.0639743924528592
128361.53662526955 0.051664134403066525
128874.98277177062 0.06041439150581989
129390.4827028577 0.06083945045116383
129908.04463366912 0.059481503139138865
130427.67681220379 0.05416391616730718
130949.38751945265 0.058551853006268285
131473.18506953045 0.0565598983921713
131999.07780980857 0.05762675357764932
132527.0741210478 0.0567595806999699
133057.182417532 0.05936629078297276
133589.4111472021 0.055258330588507966
134123.76879179094 0.05258064992602089
134660.26386695806 0.0549509849282624
135198.9049224259 0.057133220642449925
135739.7005421156 0.0530906526017473
136282.65934428407 0.05512404626412703
136827.78998166122 0.055190990506454096
137375.1011415879 0.052575785147403055
137924.60154615424 0.05302283070312632
138476.29995233883 0.05314004555264761
139030.20515214818 0.05370195826544809
139586.32597275675 0.05345044973102558
140144.6712766478 0.05097044363178304
140705.2499617544 0.049912706126164344
141268.0709616014 0.05022381220444169
141833.1432454478 0.04941435632620352
142400.4758184296 0.050000527955544626
142970.07772170333 0.04961399532373494
143541.95803259013 0.04845111327746121
144116.12586472047 0.047939218027468665
144692.59036817937 0.0445031361456947
145271.3607296521 0.0457966408074078
145852.44617257072 0.04703417706339524
146435.85595726097 0.0468043460313709
147021.59938109003 0.046027517521570784
147609.6857786144 0.04560088097299305
148200.12452172884 0.04513448058665927
148792.92501981577 0.04426727412543406
149388.09671989502 0.042872872368455966
149985.6491067746 0.043729268030070635
150585.59170320167 0.04292004901103407
151187.93407001448 0.04262862678935013
151792.68580629455 0.04124630274591193
152399.85654951975 0.04163122924669519
153009.45597571784 0.0412201067103741
153621.4937996207 0.039819968392219275
154235.97977481916 0.039924892830738926
154852.92369391845 0.03952900735760579
155472.3353886941 0.038540272701109435
156094.2247302489 0.03753339488486129
156718.60162916992 0.037381469358464606
157345.47603568656 0.03583183219603297
157974.8579398293 0.03516813095515603
158606.75737158864 0.034101916513382215
159241.18440107498 0.03278143525311145
159878.14913867926 0.033016456852053094
160517.661735234 0.034257102181217414
161159.73238217493 0.03417356897409487
161804.3713117036 0.03462872413981621
162451.58879695044 0.03328289322118437
163101.39515213823 0.034484936455480876
163753.8007327468 0.03423872752041609
164408.81593567782 0.034152716472875086
165066.45119942052 0.033863973276165256
165726.71700421823 0.03309848566934427
166389.62387223504 0.03168540729547671
167055.18236772402 0.032691140322935255
167723.40309719497 0.032623751174676585
168394.2967095837 0.031759904866405564
169067.87389642204 0.029147171789946198
169744.14539200772 0.0314417122689776
170423.1219735757 0.03169208562572916
171104.81446147006 0.029960248386175704
171789.23371931593 0.03042706362925692
172476.3906541932 0.02907229808663469
173166.29621680998 0.030216093772678084
173858.96140167722 0.028453378046644807
174554.39724728392 0.030187634319136288
175252.61483627307 0.02842203625012045
175953.62529561817 0.0279046588017612
176657.43979680064 0.029184125871061648
177364.06955598784 0.029091591369641446
178073.52583421173 0.029245465682997927
178785.8199375486 0.02901740560449707
179500.9632172988 0.02834072838262571
180218.967070168 0.027339803491859906
180939.84293844865 0.027613415410753166
181663.60231020238 0.026171849996022123
182390.25671944322 0.026517325528037497
183119.81774632097 0.025805884680874233
183852.29701730626 0.027496974805955
184587.7062053755 0.02732323664662205
185326.057030197 0.02681419711147516
186067.3612583178 0.026374059281707236
186811.63070335102 0.025616891183810327
187558.8772261645 0.026336838135863447
188309.11273506918 0.026226425263573182
189062.3491860094 0.026169293501416706
189818.59858275342 0.022849747931279953
190577.87297708448 0.024930318208523428
191340.18446899284 0.025679533308089707
192105.54520686882 0.02296379448513678
192873.9673876963 0.02189506558222551
193645.46325724703 0.021549700606222393
194420.04511027603 0.022608162205280228
195197.72529071715 0.024257405872710063
195978.51619188 0.022381301922559247
196762.4302566476 0.02344094972745944
199107.9942767367 0.021641967033917523
203090.15416227144 0.02150950703897741
207151.95724551688 0.020352139541349703
211294.9963904272 0.018015568024730717
215520.89631823578 0.01777702128731194
219831.31424460045 0.015902429339364844
224227.94052949245 0.015072439422808897
228712.4993400823 0.01525299139635746
233286.74932688402 0.014780356683383265
237952.48431342165 0.01089916800285506
242711.5339996901 0.014223530676790696
247565.76467968393 0.012454030026718911
252517.0799732776 0.008677271522698142
257567.42157274322 0.010869411345684355
262718.770004198 0.009829917375463407
267973.145404282 0.007423856138596455
273332.6083123676 0.009440171249935896
278799.26047861495 0.007288376890223928
284375.2456881872 0.00527162934310176
290062.750601951 0.0067556680850769345
295864.00561398995 0.005999878042522037
301781.2857262697 0.005722044856872357
307816.91144079523 0.004317261308330926
313973.24966961105 0.005499693374030497
320252.7146630032 0.0047535212755136875
326657.7689562633 0.004152510208283973
333190.92433538847 0.0034402507155993902
339854.7428220964 0.004108947521857689
346651.83767853834 0.0031453148883014877
353584.87443210906 0.0026613567141463962
360656.57192075124 0.0024461414057135016
367869.70335916633 0.0028247528471530676
375227.09742634965 0.002538681654508053
382731.63937487674 0.0029087049213217106
390386.2721623741 0.0019536836481954946
398193.99760562164 0.0017900562919349135
406157.87755773397 0.001532156820299406
414281.0351088888 0.002156444287744947
422566.65581106645 0.0017272763606624713
431017.98892728786 0.001374964164881078
439638.3487058336 0.0011789070556406723
448431.11567995034 0.0011662215965005727
457399.7379935492 0.0012644993740437275
466547.7327534202 0.0009462659638985629
475878.6874084886 0.0009898604040671608
485396.2611566584 0.000966711635386538
495104.1863797916 0.0007698190357158096
505006.2701073874 0.0007619916842383693
515106.39550953516 0.0007117960716155436
525408.5234197257 0.0008290706593663713
535916.6938881205 0.000724001613298025
546635.0277658828 0.0006538842103229471
557567.7283212005 0.0005240762826814377
568719.0828876244 0.0004589057620055669
580093.4645453768 0.00047024146698904887
591695.3338362843 0.00044783855538028526
603529.2405130101 0.0004535323786532184
615599.8253232702 0.00047487510846556545
627911.8218297358 0.00032638758151850086
640470.0582663304 0.00030910132434001773
653279.459431657 0.0002947214012080227
666345.04862029 0.00024605871841738305
679671.9495926959 0.00030217060681735015
693265.38858455 0.0003046572016813994
707130.6963562409 0.00023286468250651376
721273.3102833657 0.0001821872187997748
735698.7764890331 0.00021812915025641239
750412.7520188137 0.00017515048120515163
765421.0070591901 0.00018187194805436684
780729.4272003738 0.0001566456589085758
796344.0157443815 0.0001541908411469845
812270.896059269 0.00013614619940046833
828516.3139804546 0.00012013795095473514
845086.6402600636 0.00011243517669687645
861988.3730652649 0.00012820589140744417
879228.14052657 0.00013345700551215764
896812.7033371016 9.961788311008628e-05
914748.9574038435 0.00010006986871497385
933043.9365519203 8.283925912386865e-05
951704.8152829591 6.998525278635211e-05
970738.911588618 7.840328324641761e-05
990153.6898203905 6.037581626449122e-05
