1000.5530765187797 5.244112911202116e-25
1004.5552888248548 4.4256693910772406e-98
1008.5735099801544 1.587553450564922e-93
1012.607804020075 4.734417055908758e-93
1016.6582352361554 4.423673811349082e-98
1020.7248681770998 9.55557286123495e-68
1024.8077676498083 3.559288399776413e-73
1028.9069987204075 3.8804920222684205e-91
1033.022626715289 4.6077893210860855e-63
1037.1547172221503 4.9606008495305623e-95
1041.3033360910388 9.606019136303742e-88
1045.468549435403 1.9200891105162124e-82
1049.6504236331448 1.1675011347020149e-97
1053.8490253276773 2.959881411060753e-72
1058.064421428988 1.2298035731256003e-90
1062.296679114704 2.0020671346871065e-71
1066.5458658311627 1.700546938975732e-79
1070.8120492944875 2.3430824199216057e-83
1075.0952974916654 1.4885032513498868e-64
1079.3956786816323 1.1525967287610141e-83
1083.7132613963586 8.16761792812959e-62
1088.048114441944 3.8865180969756285e-67
1092.4003068997117 5.822952758723839e-44
1096.7699081273104 1.0244261002841189e-65
1101.15698775982 6.700618018642265e-68
1105.561615710859 2.0816081203439417e-45
1109.9838621737026 9.962992692178703e-53
1114.4237976223976 6.770010516310219e-60
1118.8814928128868 1.3688357541785614e-66
1123.3570187841383 4.408109006642557e-60
1127.8504468592753 9.029541866478744e-35
1132.361848646712 9.55992593114201e-43
1136.8912960412988 1.5950147121418996e-41
1141.438861225464 1.875309696379485e-40
1146.004616670366 3.819324142803167e-39
1150.5886351370475 9.655701268748098e-41
1155.190989677596 7.38315072996851e-43
1159.8117536363065 5.338054154014412e-39
1164.4510006508515 1.869359254750052e-43
1169.108804653455 2.4140512968726906e-45
1173.7852398720688 1.2369218064818825e-36
1178.480380831557 3.0909220865186263e-34
1183.1943023548836 3.4236150502019194e-35
1187.9270795643029 4.890376713388187e-38
1192.67878788256 3.7455760816322835e-33
1197.4495030340906 1.9533043746022866e-30
1202.2393010462267 3.3755386384060204e-42
1207.0482582504117 6.328390699669535e-31
1211.8764512834132 1.0945974121020665e-33
1216.7239570885472 3.403586275218609e-29
1221.5908529169012 1.7690006809872042e-26
1226.4772163285688 3.106524202230029e-25
1231.383125193883 6.886596734024005e-27
1236.3086576946585 1.1667452727570909e-25
1241.2538923254372 7.491286612550099e-27
1246.2189078947392 1.723131595890414e-29
1251.203783526318 1.3683047946215733e-26
1256.2085986604231 1.7528843076770445e-29
1261.233433055065 3.373337754910263e-26
1266.2783667872852 1.4438171537255706e-28
1271.3434802544346 4.25544772215568e-25
1276.4288541754522 5.677980240050933e-27
1281.534569592154 6.171126705469724e-27
1286.6607078705229 1.2267371754179717e-27
1291.8073507020044 3.478863572580332e-24
1296.9745801048125 2.325215015002097e-24
1302.162478425232 5.595144807644667e-26
1307.3711283389327 5.881415021144957e-25
1312.6006128522888 3.407721899226113e-24
1317.851015303698 9.837189777634049e-24
1323.1224193649127 1.1418050797362088e-23
1328.4149090423725 1.7598308561696053e-23
1333.728568678542 1.0926854145454326e-22
1339.0634829532567 1.963622756020132e-23
1344.4197368850691 3.1402122171668325e-23
1349.7974158326099 4.048089737832629e-23
1355.1966054959403 1.6357125129425383e-22
1360.6173919179244 8.330867485664951e-23
1366.059861485596 4.44515033751353e-23
1371.5241009315384 6.171948253192757e-23
1377.0101973352646 1.1446552532983497e-22
1382.5182381246057 5.879412728076623e-22
1388.0483110771042 6.536830390223217e-22
1393.6005043214122 5.171364739686161e-22
1399.1749063386976 4.1639183330750094e-23
1404.7716059640527 8.028416957813664e-22
1410.3906923879088 6.396000180317736e-22
1416.0322551574602 4.634776590721406e-21
1421.6963841780905 6.700789039967123e-22
1427.3831697148032 6.094119276920596e-22
1433.0927023936622 2.5936101199585333e-20
1438.8250732032368 5.152352604698346e-21
1444.5803734960498 3.672028908853665e-20
1450.3586949900334 2.851381031712534e-20
1456.1601297699938 4.942888851784736e-20
1461.984770289074 3.8185637876358166e-20
1467.83270937023 2.6584786189812443e-20
1473.704040207711 7.634556966556121e-20
1479.5988563685412 1.1530077042414715e-19
1485.5172517940157 8.201266887037892e-20
1491.459320801192 2.729090907905599e-19
1497.4251580843968 1.0724181255827745e-19
1503.4148587167342 6.3418076335368e-19
1509.4285181516007 5.820152427304125e-19
1515.4662322242077 1.712792247498298e-19
1521.5280971531042 6.362698497679266e-19
1527.6142095417167 2.8654053336151995e-19
1533.7246663798837 3.704151796601508e-19
1539.859565045403 4.429070872572385e-19
1546.0190033055849 1.147650863195924e-19
1552.203079318807 1.5263974823753183e-19
1558.4118916360824 2.101511267692283e-19
1564.6455392026269 1.944672311567565e-19
1570.9041213594373 2.0134624661812168e-19
1577.187737844875 2.022909561234824e-19
1583.4964887962547 2.322659751353988e-19
1589.8304747514399 3.2656815879596586e-19
1596.1897966504455 2.2812128427743705e-19
1602.5745558370472 3.040288457110616e-19
1608.9848540603957 4.306306748366386e-19
1615.4207934766368 4.791658437161688e-19
1621.8824766505436 6.264763882886498e-19
1628.3700065571454 7.348791297672296e-19
1634.8834865833744 9.794992462360673e-19
1641.4230205297079 1.3088376060217069e-18
1647.9887126118267 1.6990213992434599e-18
1654.580667462274 1.5268885980596633e-18
1661.198990132123 2.741199645375461e-18
1667.8437860926513 3.4325739701804967e-18
1674.515161237022 4.848223284690143e-18
1681.2132218819695 8.262035245951766e-18
1687.9380747694975 8.034956369424817e-18
1694.6898270685758 1.8312801961493732e-17
1701.4685863768502 1.780355144287012e-17
1708.2744607223572 2.290436788443321e-17
1715.1075585652468 3.0521198701585844e-17
1721.967988799508 3.243274277000469e-17
1728.8558607547059 5.331931461656593e-17
1735.7712841977245 4.713293128839309e-17
1742.7143693345156 5.1957678953365565e-17
1749.6852268118535 1.1269365708234392e-16
1756.6839677191008 8.70901934883637e-17
1763.7107035899771 1.826175555215345e-16
1770.7655464043373 2.328077412089098e-16
1777.8486085899544 1.5108001990847895e-16
1784.9600030243143 3.8298471575873322e-16
1792.0998430364118 3.5635018056116565e-16
1799.2682424085576 4.2408633986325084e-16
1806.4653153781921 8.463323028685496e-16
1813.6911766397043 4.3404707314182143e-16
1820.945941346263 8.501516368078984e-16
1828.2297251116483 1.686252775831073e-15
1835.5426440120948 6.410072448264906e-16
1842.8848145881432 1.6838692450396024e-15
1850.2563538464956 3.1673608193636584e-15
1857.657379261881 1.5693534952312395e-15
1865.0880087789287 4.28361447354081e-15
1872.5483608140448 4.044213913255358e-15
1880.0385542573008 2.766937982579567e-15
1887.5587084743302 7.759452621212533e-15
1895.1089433082268 6.283274028412146e-15
1902.68937908146 5.607160297446528e-15
1910.3001365977857 1.646626806729169e-14
1917.9413371441767 1.1511078667388198e-14
1925.6131024927531 1.52615042115331e-14
1933.3155549027244 3.046476332462382e-14
1941.0488171223355 2.729486096586717e-14
1948.8130123908247 2.860976097391502e-14
1956.608264440388 5.980586757140701e-14
1964.434697498149 3.911254680404431e-14
1972.2924362881417 5.573737365285765e-14
1980.1816060332944 9.392720671651917e-14
1988.1023324574276 8.121895680574294e-14
1996.0547417872574 8.22330769096107e-14
2004.0389607544066 1.1515751527022483e-13
2012.0551165974243 1.292907012448575e-13
2020.1033370638136 1.4818342135118365e-13
2028.1837504120688 1.966039550758102e-13
2036.2964854137172 1.8326811396512577e-13
2044.4416713553724 1.8291138945320834e-13
2052.6194380407937 2.6066134931220477e-13
2060.829915792957 2.7469834358023343e-13
2069.0732354561287 3.05853136803637e-13
2077.3495283979532 3.5879591538652865e-13
2085.6589265115445 4.476434771377472e-13
2094.001562217591 5.14264396434845e-13
2102.3775684664615 5.803491829179168e-13
2110.787078740328 6.015470422818457e-13
2119.2302270552887 7.756726641737123e-13
2127.70714796351 9.202446180365537e-13
2136.217976555364 1.1144058896752355e-12
2144.7628484615852 1.0633994790651926e-12
2153.341899855432 1.454797842348579e-12
2161.9552674548536 1.8556038716873356e-12
2170.603088524673 2.219317500615337e-12
2179.285500878772 2.204756302227401e-12
2188.0026428822866 2.610129601534233e-12
2196.754653453816 3.6272748169561723e-12
2205.541672067631 3.866174644475169e-12
2214.3638387559017 6.06020697832464e-12
2223.2212941109246 5.008243280315064e-12
2232.114179287369 9.903477308841217e-12
2241.0426360045185 8.431845698098786e-12
2250.0068065485366 1.6173773599122476e-11
2259.0068337747302 1.2694894681066238e-11
2268.0428611098296 1.757611522627205e-11
2277.115032554269 2.133140290073108e-11
2286.223492684486 2.4565041141811452e-11
2295.368386655224 4.651059217028837e-11
2304.549860201845 2.3914891402791483e-11
2313.7680596426517 5.096487277556284e-11
2323.0231318812225 5.068461430435037e-11
2332.3152244087473 8.298956765924566e-11
2341.6444853063817 9.970074197305704e-11
2351.0110632476076 5.724136019454314e-11
2360.415107500598 1.293443743762931e-10
2369.8567679306 7.320510850927431e-11
2379.3361950023227 1.7888813755251557e-10
2388.853539782332 1.6401609119442272e-10
2398.4089539414617 3.7356031420119133e-10
2408.0025897572273 4.4615432419018774e-10
2417.6346001162565 2.2550612797449913e-10
2427.3051385167214 6.867229540079065e-10
2437.0143590707885 6.042635880939907e-10
2446.762416507072 1.5836489221012387e-09
2456.5494661731 8.843135123157618e-10
2466.375664037793 1.4328551618411592e-09
2476.2411666939443 2.1071677908455512e-09
2486.1461313607197 7.295470996480654e-10
2496.090715886162 2.1175417963442495e-09
2506.075078749707 1.6012887129000396e-09
2516.0993790647044 2.659989509447793e-09
2526.163776580964 7.216606735756989e-09
2536.268431687288 1.2335345183649164e-08
2546.4135054140374 1.790017124032249e-08
2556.599159435693 7.88902106899402e-09
2566.825556073436 7.234504836008642e-09
2577.09285829773 8.89936612238282e-09
2587.4012297309205 7.376714441981607e-09
2597.7508346498444 1.3522326148397909e-08
2608.141837988444 1.2832853094207192e-08
2618.5744053403982 2.913365689328088e-08
2629.0487029617593 5.576812473759761e-08
2639.5648977736064 5.6579738678998674e-08
2650.123157364701 5.681284601477331e-08
2660.7236499941596 5.087462671185373e-08
2671.366544594136 5.620299979572587e-08
2682.052010772512 8.216257400815224e-08
2692.7802188156024 6.80342536347539e-08
2703.551339690865 1.2176755384955878e-07
2714.365545049628 1.2433671414500736e-07
2725.223007229827 1.3393659813520873e-07
2736.123899258746 1.6739281760231083e-07
2747.0683948557817 2.5706341149077665e-07
2758.0566684352048 2.755654559727799e-07
2769.0888951089455 4.762900293812984e-07
2780.165250689381 4.3952466318766394e-07
2791.2859116921386 6.073441937479184e-07
2802.451055338907 6.260680651718982e-07
2813.660859560263 6.834601228637266e-07
2824.9155029985036 7.343363279917686e-07
2836.2151650104965 1.001749235642827e-06
2847.5600256705393 1.0528198821569057e-06
2858.950265773222 1.63322831267534e-06
2870.386066836315 1.6481598986806343e-06
2881.8676111036607 2.3519546317002806e-06
2893.3950815480757 2.8604156859646725e-06
2904.968661874268 3.1183281166809266e-06
2916.588536521764 3.6665511420747115e-06
2928.254890667851 3.995351792228516e-06
2939.9679102305226 4.583614694533913e-06
2951.727781871445 5.54887212075478e-06
2963.534692998931 6.489012501473373e-06
2975.3888317709266 7.5279407585676825e-06
2987.2903870980094 9.668923578413718e-06
2999.2395486464025 1.0114669204269856e-05
3011.2365068409886 4.869818562254779e-09
3023.2814528683516 5.506340947015501e-09
3035.374578679825 5.501782867045557e-09
3047.516076994544 6.321361088145273e-09
3059.7061413025226 6.6206528577274604e-09
3071.9449658677336 6.219083611441025e-09
3084.232745731204 5.198194380119009e-09
3096.569676714128 3.393823235799984e-09
3108.955955420985 3.056943588824278e-09
3121.3917792426687 3.5083751758387743e-09
3133.8773463596394 3.0437980030067295e-09
3146.412855745078 2.4144959961751796e-09
3158.998507168058 1.843868869920677e-09
3171.6345011967305 1.3863706636701897e-09
3184.321039201517 1.036707761412544e-09
3197.0583233583234 7.586727934025884e-10
3209.8465566517566 4.901038922211736e-10
3222.6859428783637 2.9244510672177176e-10
3235.576686649877 1.748363750869125e-10
3248.518993396477 6.86698654950008e-11
3261.513069370063 2.1705831719884423e-11
3274.559121647543 8.943385993975054e-12
3287.6573581341336 3.3589068592098593e-12
3300.8079875666704 4.527942504213633e-13
3314.0112195169368 2.1937964682305233e-12
3327.2672643950045 1.0783018773482435e-11
3340.5763334525845 3.192114241346779e-11
3353.938638786395 1.1802569812905345e-10
3367.354393341541 4.3104271041207436e-10
3380.8238109149074 1.194471491086865e-09
3394.347106158567 2.621389238954835e-09
3407.924494583201 4.9051589403687806e-09
3421.5561925615334 8.075026649503146e-09
3435.2424173317804 9.6226439429966e-09
3448.9833870011066 5.611781129003903e-09
3462.7793205491116 2.3297485609183534e-08
3476.630437831308 5.386488490058392e-08
3490.536959582633 1.0271605252067035e-07
3504.4991074209643 1.7931429833534827e-07
3518.5171038506473 2.98171342794771e-07
3532.5911722660503 4.780902778670999e-07
3546.7215369551145 7.454814196160952e-07
3560.9084231029346 1.1353928837291409e-06
3575.1520567953467 1.693438323890999e-06
3589.452665022528 2.4785377656989468e-06
3603.810475682617 3.564157614839233e-06
3618.225717585348 5.039955796600895e-06
3632.698620455689 7.011620018091188e-06
3647.2294149375116 9.602413478211858e-06
3661.8183325972614 1.2953656275202128e-05
3676.4656059276513 1.722268193538908e-05
3691.1714683513615 2.2572676812304873e-05
3705.936154224767 2.9171627374044126e-05
3720.7598988416657 3.719066173344761e-05
3735.6429384370326 4.677497479518958e-05
3750.585510190781 5.8031734140882906e-05
3765.587852231544 7.101812817053667e-05
3780.6502036404704 8.56935043022339e-05
3795.772804455032 0.0001018693660926347
3810.955895672852 0.00011918096485661432
3826.199719255544 0.00013698114167365054
3841.504518132566 0.00015429194343219717
3856.870536205096 0.00016968608345140359
3872.2980183499167 0.00018133368347558035
3887.7872104233156 0.00018689437468281608
3903.338359265009 0.00018394520648461966
3918.9517127020695 0.0001704627528152398
3934.6275195528774 0.00014587224607901398
3950.3660296310895 0.00011270980532834036
3966.1674937496136 7.699952236502476e-05
3982.0321637246125 4.5954730637693604e-05
3997.9602923795105 2.2915811164046408e-05
4013.9521335490285 7.697503538526414e-06
4030.007942083225 1.4431440150597803e-06
4046.1279738515577 7.427028761781398e-08
4062.312485746964 1.6662512372316106e-06
4078.5617356899515 1.0900380551722981e-05
4094.8759826327114 4.009181405943008e-05
4111.255486563242 0.00010056708790230904
4127.700508509496 0.00021566718220027053
4144.211310543533 0.00041295700708576355
4160.788155785708 0.000707529709179853
4177.431308408849 0.0011012550973588588
4194.141033642486 0.0015885340160563372
4210.917597777056 0.0021627132886036645
4227.761268168164 0.002819067236437249
4244.672313240838 0.003554744293702137
4261.651002493801 0.004369051188600814
4278.697606503776 0.00526340983151095
4295.812396929791 0.006242072556464279
4312.995646517511 0.0073068429470236245
4330.24762910358 0.008464252411393978
4347.568619619994 0.00972375707586901
4364.958894098475 0.011086017466463633
4382.418729674868 0.012553639041162586
4399.948404593568 0.014143095401829408
4417.548198211942 0.015871688908540932
4435.21839100479 0.017735138312667056
4452.959264568809 0.01974417904098873
4470.771101627084 0.02189861972887089
4488.654186033592 0.024197756932329912
4506.608802777726 0.026699844508202335
4524.635237988838 0.029428443675688528
4542.733778940792 0.032330917047770955
4560.904714056555 0.03516618948469884
4579.148332912781 0.020352971299086104
4597.464926244433 0.019620137654998097
4615.85478594941 0.018454963016976536
4634.318205093208 0.016908835664753222
4652.855477913582 0.015151493337255488
4671.466899825236 0.01380066091649119
4690.152767424537 0.011641226521591396
4708.913378494234 0.008536105945812908
4727.749032008212 0.0051940756512626205
4746.660028136244 0.002583242677695401
4765.646668248789 0.0010869087171506968
4784.709254921784 0.00041087150935706005
4803.8480919414715 0.00015298426530179157
4823.063484309237 6.517178343587141e-05
4842.355738246474 3.4706061688696634e-05
4861.72516119946 2.2331069990300245e-05
4881.172061844257 1.5844354320975456e-05
4900.6967500916335 1.2102079571596601e-05
4920.299537092001 9.218054679787588e-06
4939.9807352403695 6.932936208266543e-06
4959.740658181329 5.252153372614321e-06
4979.5796208140555 4.121008704569948e-06
4999.497939297312 3.348681894813252e-06
5019.495931054502 2.8373254835153494e-06
5039.57391477872 2.558407182224588e-06
5059.732210437835 2.5010272653683572e-06
5079.971139279585 2.5904141875081305e-06
5100.291023836704 2.708068997460776e-06
5120.692187932051 2.780153540561575e-06
5141.174956683781 2.846743507485364e-06
5161.739656510514 2.9673077975560015e-06
5182.386615136556 3.115030043566715e-06
5203.116161597103 3.2370445722411105e-06
5223.928626243489 3.3491235683928765e-06
5244.824340748465 3.4769752416548604e-06
5265.803638111459 3.592455015208723e-06
5286.866852663905 3.691999799707132e-06
5308.0143200745615 3.8112906976029505e-06
5329.246377354859 3.934719140753061e-06
5350.563362864278 4.051550795873701e-06
5371.965616315736 4.19525944226709e-06
5393.453478780998 4.345402587591739e-06
5415.027292696122 4.488059956537409e-06
5436.687401866905 4.659030817153852e-06
5458.434151474374 4.831467971202943e-06
5480.267888080271 4.997974686145908e-06
5502.188959632591 5.1887843308726785e-06
5524.197715471122 5.388600425789189e-06
5546.294506333006 5.584547281846518e-06
5568.479684358337 5.802712680741911e-06
5590.753603095771 6.032812974820644e-06
5613.1166175081535 6.262817995140265e-06
5635.569083978187 6.51898663768156e-06
5658.1113603140975 6.7690468719714386e-06
5680.743805755354 7.028110504539537e-06
5703.466780978376 7.318871581306537e-06
5726.28064810229 7.625000421524514e-06
5749.185770694699 7.941307906383444e-06
5772.182513777476 8.284958284722847e-06
5795.271243832587 8.652493270693203e-06
5818.452328807918 9.064156676213753e-06
5841.72613812315 9.49960053416025e-06
5865.093042675643 9.830443826260922e-06
5888.553414846345 1.0285265625869418e-05
5912.10762850573 1.1402571217752972e-05
5935.756059019754 1.3203994321225759e-05
5959.499083255832 1.5161121519837197e-05
5983.337079588855 1.7351056598185066e-05
6007.27042790721 1.993264161696381e-05
6031.299509618841 2.3011683167815054e-05
6055.424707657316 2.6544001529138123e-05
6079.646406487946 3.0574950356120726e-05
6103.964992113897 3.5256453929931955e-05
6128.380852082353 4.0700561674765366e-05
6152.894375490681 4.700272900147364e-05
6177.505952992646 5.420922948443846e-05
6202.215976804616 6.24462971453979e-05
6227.024840711833 7.189660273018806e-05
6251.932940074681 8.277986535233866e-05
6276.940671834981 9.528781572245159e-05
6302.048434522321 0.00010994994133855519
6327.256628260409 0.00012670161975138309
6352.5656547734525 0.00014585475089043257
6377.975917392546 0.00016775383109852358
6403.487821062116 0.0001927367686577855
6429.101772346364 0.0002211215547642729
6454.81817943575 0.00025286876996022964
6480.637452153493 0.00028944349495114475
6506.560001962106 0.00033284919490731145
6532.586241969955 0.00038214279470013515
6558.716586937834 0.00043844896499042977
6584.951453285586 0.0005033147649934625
6611.291259098727 0.0005786405563816627
6637.7364241351215 0.0006654436338593613
6664.2873698316625 0.0007650022122672134
6690.94451931099 0.0008789633453544989
6717.7082973882325 0.0010106076418982045
6744.579130577787 0.0011629687349092933
6771.557447100097 0.001337013869620774
6798.643676888497 0.0015333459641483486
6825.838251596053 0.0017540007762410193
6853.141604602436 0.002001494808971922
6880.554171020846 0.0022724287711287407
6908.0763877049285 0.002549140266937661
6935.708693255749 0.00279804732527904
6963.4515280287715 0.0031658409618753485
6991.305334140887 0.003531179908127248
7019.270555477449 0.00393861440304935
7047.34763769936 0.0044378144592403445
7075.537028250157 0.004999113659128799
7103.839176363159 0.005609399556318425
7132.254533068612 0.006267209285893236
7160.783551200888 0.006668528556070168
7189.42668540569 0.00723497660675395
7218.184392147313 0.008217773327679905
7247.0571297159 0.008638752086921695
7276.045358234765 0.00926959242014672
7305.149539667704 0.009530141403276782
7334.370137826372 0.010165632343220337
7363.707618377678 0.01045808037003139
7393.162448851191 0.010711943250727576
7422.735098646595 0.010825707910438652
7452.426039041182 0.010782922172226525
7482.235743197345 0.010579974519132708
7512.1646861701365 0.010076475259325509
7542.213344914818 0.009465295644731836
7572.382198294477 0.008720685667149985
7602.671727087656 0.0075196535094921154
7633.082413996006 0.004328743434658564
7663.614743651989 0.0009330411981458174
7694.269202626598 0.0012074342260870784
7725.046279437104 0.0031263195636937026
7755.946464554851 0.00597731886472513
7786.970250413072 0.010329353577875146
7818.118131414723 0.014253566200323932
7849.390603940383 0.017744865428926906
7880.788166356144 0.021556385495839485
7912.311319021571 0.025919875995953547
7943.960564297654 0.030824200387615814
7975.736406554845 0.036163003408007675
8007.639352181065 0.04210474407817544
8039.669909589788 0.04831013220791736
8071.828589228147 0.054426792878352385
8104.115903585063 0.05906926334656206
8136.532367199402 0.06271217720698388
8169.078496668199 0.07107783650993814
8201.754810654873 0.08414411854065708
8234.561829897493 0.09195367649480964
8267.500077217084 0.11314552761306206
8300.570077525952 0.12669456196593382
8333.772357836056 0.14345665393069448
8367.1074472674 0.16169867792021259
8400.575877056472 0.18221520916549888
8434.178180564695 0.2020420630290848
8467.914893286956 0.2218024492962488
8501.786552860101 0.24337165070518538
8535.793699071543 0.27083199107747363
8569.936873867831 0.3055253755372797
8604.216621363299 0.348054691264932
8638.633487848754 0.39744868400172423
8673.18802180015 0.4521574978621362
8707.880773887353 0.5113538597272085
8742.7122969829 0.5752418167740855
8777.68314617083 0.6430287339858475
8812.793878755514 0.7139717732017613
8848.045054270535 0.7843908529222575
8883.437234487617 0.8276779348752091
8918.970983425568 0.7876576454314542
8954.64686735927 0.7986452286788391
8990.465454828707 0.8519247011052437
9026.427316648023 1.1081091963145289
9062.533025914616 1.2739419672013264
9098.783158018272 1.3143872560065746
9135.178290650345 1.4134068986775492
9171.719003812947 1.4577593797794797
9208.405879828202 1.6954101740543261
9245.239503347511 1.6163745539339847
9282.2204613609 0.5570895558521544
9319.349343206346 0.29432204295559555
9356.626740579171 0.4945972350341208
9394.053247541488 1.2058800173127904
9431.629460531654 1.0115820458781248
9469.355978373778 0.8050171941922045
9507.233402287276 0.8691869738628202
9545.262335896427 0.9533247467934836
9583.443385240013 0.9242337212550471
9621.777158780975 1.0867259818698884
9660.264267416096 1.4344040628550014
9698.90532448576 1.9367493743742872
9737.7009457837 2.0124409489861854
9776.651749566838 2.2187422548007665
9815.758356565104 2.3450721575884583
9855.021389991363 2.4555196791967075
9894.441475551332 2.5368942411593745
9934.019241453534 2.479064092622127
9973.755318419348 2.3315284365402307
10013.650339693024 1.59102895591844
10053.704941051796 1.4611998424093635
10093.919760816003 1.3166764215896916
10134.295439859268 1.164641367706453
10174.832621618703 0.9855453802814779
10215.531952105179 0.8732098419528186
10256.394079913602 0.8108663079997084
10297.419656233254 0.754393074396978
10338.609334858189 0.6204890940884198
10379.96377219762 0.5733348783096295
10421.483627286412 0.5226131660686754
10463.169561795556 0.47206525866902005
10505.022240042741 0.42601197068043045
10547.042329002912 0.3853855518826572
10589.230498318922 0.3456320891972856
10631.587420312197 0.3070726671512381
10674.113769993448 0.2705216338074853
10716.810225073421 0.23837212814575687
10759.677465973711 0.21211902075679745
10802.716175837608 0.19186733276197343
10845.927040540959 0.17611926552395038
10889.310748703121 0.16241259265859007
10932.867991697934 0.1455836077112448
10976.599463664725 0.12725733419202548
11020.505861519383 0.10218056605728727
11064.587884965462 0.07550031557780355
11108.846236505324 0.048837623576296965
11153.281621451348 0.027028282244081058
11197.894747937147 0.02617065067061257
11242.686326928899 0.030580550765559558
11287.657072236614 0.04808418026513359
11332.807700525562 0.028189669917151407
11378.138931327663 0.06064106352706045
11423.651487052975 0.06683090773985856
11469.346093001184 0.05294944542438201
11515.22347737319 0.04723636610158993
11561.284371282683 0.0492880784043044
11607.529508767815 0.054758367726155104
11653.959626802887 0.07893259302968295
11700.5754653101 0.09866169839772418
11747.377767171341 0.10367763169525472
11794.367278240028 0.13472820137806063
11841.544747352984 0.14304132222419974
11888.9109263424 0.14556022113269637
11936.46657004777 0.14110114404652585
11984.212436327958 0.1395640251083587
12032.149286073272 0.14156130928719293
12080.277883217566 0.14738510195897994
12128.598994750435 0.15627776753955422
12177.113390729437 0.17077350542790654
12225.821844292353 0.18712966507097117
12274.725131669524 0.21051863710844798
12323.824032196202 0.23169579005490068
12373.119328324985 0.25673735373570117
12422.611805638286 0.29053086102448844
12472.302252860838 0.3328997042062251
12522.19146187228 0.3631056670558257
12572.280227719768 0.40934887691026767
12622.569348630648 0.4773343265692554
12673.059626025171 0.5435407697133448
12723.751864529271 0.5898253984967572
12774.646871987386 0.6209164821084305
12825.74545947534 0.6257285750508509
12877.04844131324 0.6239166696667708
12928.556635078494 0.6381086473333982
12980.270861618808 0.6679036362420638
13032.191945065284 0.6857692321219865
13084.320712845543 0.728706706919834
13136.657995696927 0.7382333099380269
13189.204627679715 0.7904523508913671
13241.961446190431 0.7716506175993515
13294.929291975195 0.5756444366540052
13348.109009143096 0.28395708002713593
13401.50144517967 0.048495872012987155
13455.107450960388 0.008124106015634694
13508.927880764231 0.002059385438341964
13562.963592287288 0.0004522468925967485
13617.215446656439 0.0007112735984817755
13671.684308443064 0.0021250745696744376
13726.371045676835 0.004296044489709389
13781.276529859542 0.012108103688840155
13836.40163597898 0.0008298439159110014
13891.747242522899 0.003232660661578265
13947.314231492988 0.0027592277431689647
14003.103488418961 0.00837189319554747
14059.115902372636 0.005844160381352004
14115.352365982128 0.0054316554924077765
14171.813775446057 0.00828574649754594
14228.501030547843 0.011327699427324735
14285.41503467003 0.03113691236700105
14342.556694808713 0.03346910532391436
14399.926921587949 0.041145545754858764
14457.5266292743 0.09274145626880628
14515.356735791396 0.1724080659445499
14573.418162734559 0.2503372791797353
14631.711835385498 0.21252499038638217
14690.238682727038 0.14518860786039137
14748.999637457951 0.13294400078402976
14807.995636007783 0.1283589406257083
14867.227618551815 0.14278270955446679
14926.69652902602 0.16590305887262152
14986.403315142123 0.23206731909926706
15046.348928402693 0.2695027213226758
15106.534324116303 0.2082222013021046
15166.96046141277 0.20637462255141578
15227.62830325842 0.28546868204926035
15288.538816471453 0.3269759190660887
15349.692971737337 0.37145458981225826
15411.091743624287 0.3968068386952681
15472.736110598784 0.43753970111199747
15534.62705504118 0.4798429813153374
15596.765563261344 0.5333118449792629
15659.152625514387 0.5769736779863567
15721.789236016448 0.6003587730915615
15784.676392960515 0.5960138112859533
15847.815098532355 0.5891516831104835
15911.206358926484 0.5669893096579651
15974.85118436219 0.5411154766598022
16038.75058909964 0.5054584431545345
16102.905591456036 0.45929971698121136
16167.31721382186 0.4071778204169432
16231.986482677148 0.34526234544992046
16296.914428607855 0.2924145712784676
16362.102086322288 0.2613901391668083
16427.550494667576 0.23837910846737073
16493.260696646248 0.24610406434123744
16559.23373943283 0.23227251817460948
16625.470674390563 0.2185449336404233
16691.972557088127 0.15596978604772044
16758.74044731648 0.18502077096131866
16825.775409105743 0.17271728609705062
16893.07851074217 0.1540121812760718
16960.650824785134 0.13859153454526876
17028.493428084275 0.12810080916656988
17096.607401796613 0.1260220510063885
17164.993831403797 0.11891079626286488
17233.653806729413 0.10802291359691223
17302.588421956334 0.09718233045297543
17371.798775644158 0.09076615850933284
17441.285970746736 0.08242522843465415
17511.05111462972 0.0769711433667265
17581.095319088243 0.06506486726095656
17651.419700364593 0.05290368282853784
17722.02537916605 0.04604563739179725
17792.913480682713 0.03531843384155997
17864.085134605448 0.02428295371559375
17935.54147514387 0.014483674707990012
18007.283641044443 0.012102335072507938
18079.312775608625 0.0068462426967360514
18151.630026711056 0.005278083990315633
18224.236546817894 0.005595216245558473
18297.133493005167 0.0022589384148554836
18370.32202697719 0.002056402841625388
18443.803315085097 0.004230104182326238
18517.578528345435 0.004033413485838036
18591.648842458817 0.0032102289332794362
18666.01543782865 0.0017496456045200304
18740.67949957997 0.001058998895916046
18815.642217578286 0.006550953980565786
18890.9047864486 0.00532594682923909
18966.4684055944 0.004901000019945378
19042.334279216768 0.002059617371623602
19118.50361633364 0.0026510966577337797
19194.977630798967 0.0027365599790279242
19271.757541322168 0.002125035513459199
19348.844571487454 0.002200226626910383
19426.239949773408 0.002339836371828133
19503.9449095725 0.0030980182500038567
19581.960689210795 0.003432557573791774
19660.28853196764 0.00428799547319446
19738.929686095507 0.004486532395897441
19817.885404839893 0.004448872816702573
19897.15694645925 0.005226459194135323
19976.745574245087 0.0051722077008335135
20056.65255654207 0.004902835574764485
20136.879166768238 0.004861486985630391
20217.426683435307 0.004564651428723872
20298.296390169045 0.0048277409834614
20379.489575729727 0.004924467091688591
20461.007534032648 0.0048399141091753665
20542.851564168777 0.0046395688257577
20625.02297042545 0.004372936366988047
20707.523062307162 0.004061784261155089
20790.353154556382 0.003741576434637985
20873.514567174607 0.0034598208631536967
20957.008625443308 0.0032221606335629907
21040.836659945082 0.0030748099459808205
21125.000006584854 0.003023038458902192
21209.5000066112 0.0030756047446145584
21294.33800663765 0.0032156898862909533
21379.515358664197 0.003415654018638087
21465.033420098855 0.0036242738263453085
21550.893553779246 0.0038106628927819922
21637.097127994366 0.0038863389144730962
21723.645516506345 0.003940754765101443
21810.540098572368 0.003737749637589901
21897.782258966654 0.003535278181427349
21985.37338800253 0.0027653059212496204
22073.314881554532 0.0026887303127207177
22161.60814108075 0.0027342242275854114
22250.25457364508 0.0024647811007132672
22339.25559193965 0.002484948660971255
22428.61261430741 0.002191825294997337
22518.32706476464 0.002069214044222264
22608.400373023702 0.001741612605404466
22698.833974515794 0.0018560387516907474
22789.62931041386 0.0018160712349341288
22880.78782765551 0.0018643860414277967
22972.310978966132 0.0017047968099840028
23064.200222882002 0.0019074661070881105
23156.457023773528 0.0015357427586946708
23249.082851868614 0.0017281859174949129
23342.079183276095 0.001609004014882869
23435.447500009202 0.0015390576774641596
23529.18929000923 0.0016550976152811256
23623.306047169273 0.001859838978765231
23717.79927135796 0.0014514018444959492
23812.670468443375 0.00186844802553753
23907.92115031715 0.0019523799599384607
24003.552834918424 0.002125185103537601
24099.56704625809 0.0024481626792573342
24195.96531444313 0.0026923822848869787
24292.749175700897 0.0032986870778266802
24389.9201724037 0.003792900736290438
24487.479853093315 0.00434097370453675
24585.42977250569 0.005645514774236829
24683.771491595708 0.006356020027566093
24782.50657756209 0.0074169298471878295
24881.636603872343 0.007281090777049514
24981.16315028783 0.008121944757888635
25081.087802888986 0.006762687378771293
25181.412154100537 0.005665473418421623
25282.137802716934 0.0034344301197651883
25383.266353927807 0.002959809728923393
25484.79941934352 0.0013778467714856556
25586.73861702089 0.0035171067149511303
25689.08557148898 0.0008792743165689022
25791.84191377493 0.0007517314293168972
25895.009281430033 0.0004267184815388528
25998.589318555754 0.0007805629604719551
26102.58367582998 0.0007843329826046342
26206.994010533297 0.0017862050446634597
26311.821986575433 0.001655435256570083
26417.069274521735 0.009144574067271184
26522.737551619815 0.00659314823709099
26628.828501826294 0.0006140203903187097
26735.343815833607 0.00011331399784362997
26842.285191096937 0.0005709338398162825
26949.654331861326 0.002125135203718652
27057.452949188766 0.0026647038315859486
27165.682760985525 0.0023061321878746085
27274.345492029468 0.006613898520281536
27383.442873997585 0.0011312861231452453
27492.976645493567 0.004797611351087613
27602.948552075544 0.001370309351989684
27713.360346283847 0.0023502075264055376
27824.213787668985 0.0015844221522157737
27935.510642819663 0.006544465613795785
28047.252685390937 0.0033691515914003587
28159.441696132504 0.0077273880371597214
28272.079462917034 0.016673295605790547
28385.167780768694 0.009311993362698697
28498.70845189177 0.015481828038669779
28612.703285699336 0.021526169655644186
28727.154098842133 0.0282397457286347
28842.062715237505 0.032463436875844284
28957.430966098455 0.0395955711743247
29073.260689962848 0.03546885334260637
29189.553732722703 0.054221700831242926
29306.311947653598 0.0820449408003229
29423.537195444205 0.06608793263444963
29541.231344225984 0.08831779696468586
29659.396269602887 0.09608084075637129
29778.033854681304 0.09091966923414538
29897.14599010003 0.14119599293134763
30016.734574060432 0.02152198127151117
30136.80151235667 0.12621405815203665
30257.348718406094 0.1732309216942881
30378.37811327972 0.1754612763174775
30499.89162573284 0.12114256226386129
30621.891192235766 0.30610764709661237
30744.37875700471 0.2127863672317316
30867.356272032728 0.2243329096042485
30990.825697120858 0.23140025938729314
31114.78899990934 0.1499761798397966
31239.24815590897 0.2796345634311041
31364.20514853261 0.228350909895335
31489.661969126744 0.18854585598927026
31615.62061700325 0.14702985353364653
31742.083099471263 0.1489688071247574
31869.05143186915 0.08594504658117895
31996.527637596624 0.05794222284798226
32124.51374814701 0.05363770168951612
32253.011803139605 0.043509978364698006
32382.02385035216 0.06095229407491527
32511.55194575357 0.07837757535791003
32641.598153536583 0.07230837039547526
32772.16454615073 0.14749240451632406
32903.25320433533 0.2754278694256742
33034.86621715268 0.15100697519625295
33167.005682021285 0.002718524383322336
33299.673704749366 0.03137953809537566
33432.87239956837 0.1358245380308635
33566.60388916664 0.16725452224750192
33700.87030472331 0.18253454515305417
33835.6737859422 0.12145720127472125
33971.016481085964 0.12457897945519453
34106.900547010315 0.12756417281967805
34243.32814919835 0.145463672666434
34380.30146179514 0.19272088024442524
34517.82266764233 0.206811880304788
34655.893958312896 0.2893034733727388
34794.51753414615 0.3032614737824518
34933.69560428273 0.3845647698148624
35073.43038669985 0.531961200685416
35213.72410824666 0.6116394281150062
35354.57900467965 0.5115003436309494
35495.99732069836 0.6741775947054164
35637.98130998116 0.9144899331420008
35780.53323522108 0.9929404321277028
35923.65536816197 1.1417621240634104
36067.34998963462 1.1667767921324288
36211.61938959315 1.4781593927725925
36356.46586715153 1.7729861278588857
36501.891730620126 1.6721596924454245
36647.89929754261 1.8112477573497585
36794.49089473278 2.081256756419618
36941.6688583117 1.9295743459419763
37089.43553374496 1.8965432048272122
37237.793275879936 2.0062898629694654
37386.74444898345 2.1937849836885013
37536.29142677938 2.252655185932439
37686.43659248651 2.0921172980048883
37837.18233885645 2.065637793680873
37988.53106821188 2.137282515529514
38140.48519248474 2.3519239945185912
38293.04713325467 2.4082054243867668
38446.21932178769 2.0332896913651
38600.00419907484 2.28283942620294
38754.40421587113 2.2411470908097706
38909.42183273463 2.2850484526468455
39065.05952006556 2.21969253598855
39221.31975814583 2.280917640603515
39378.205037178406 2.330993029444889
39535.71785732712 2.238944722952197
39693.860728756415 2.297235932110049
39852.636171671445 2.2720690251536175
40012.04671635814 2.164123253006145
40172.09490322357 2.1525261111714182
40332.78328283648 2.1561005798417994
40494.11441596781 2.04005601034144
40656.090873631685 2.08303051682708
40818.71523712622 2.0015889309308132
40981.990098074726 1.9152482632030725
41145.918058467025 1.892392848028149
41310.50173070089 1.811941688635369
41475.74373762369 1.8064509509941504
41641.646712574184 1.7422222103645002
41808.21329942448 1.6781523231151763
41975.44615262219 1.6137725854078209
42143.347937232684 1.6378416663117907
42311.921328981625 1.7275672488553562
42481.16901429755 1.7471797561819522
42651.09369035474 1.7983401439912579
42821.69806511615 1.6088652401673946
42992.98485737662 1.0035465624144264
43164.95679680613 1.0835080247186846
43337.61662399335 1.4831404310269898
43510.96709048933 1.5092405654659993
43685.01095885128 1.518481454275844
43859.75100268668 1.4738360155165453
44035.19000669744 1.413289367641746
44211.330766724226 1.4644300979139109
44388.176089791115 1.236018234227639
44565.72879415028 1.3943879015718983
44743.991709326874 1.2661213471875716
44922.9676761642 1.3756785565480016
45102.65954686885 1.3667161713064744
45283.07018505633 1.0836871504811125
45464.20246579656 1.4555405836253708
45646.05927565975 1.2860831793978469
45828.64351276236 1.3305084663923292
46011.95808681343 1.4380199654351005
46196.00591916067 1.0245352413080377
46380.78994283732 1.263973298595323
46566.31310260868 1.1350544032037178
46752.578355019126 0.8047691614043002
46939.588668439166 1.2761521881387528
47127.34702311293 1.0908033404286595
47315.85641120539 0.8823485316143044
47505.11983685021 1.182673122727326
47695.14031619761 1.027327110793415
47885.9208774624 0.6295299109445542
48077.46456097225 0.9359666309487928
48269.774419216126 0.9657535530080943
48462.853516892996 0.517393552707375
48656.70493096058 1.0430403159400166
48851.33175068441 0.770511864247041
49046.737077687154 0.6078853056512692
49242.92402599791 0.9029524008564577
49439.89572210189 0.5229548970506849
49637.6553049903 0.4907666281293454
49836.20592621027 0.7330561371823613
50035.55074991511 0.6841118446185182
50235.69295291477 0.2099164731518349
50436.63572472643 0.7082650891936491
50638.382267625326 0.7718232789719925
50840.935796695834 0.3462267529297392
51044.2995398826 0.4755640584925141
51248.47673804215 0.5239988819655562
51453.47064499432 0.16528150582746295
51659.28452757429 0.42430090089444555
51865.92166568459 0.4950668837102695
52073.38535234733 0.09755746091938637
52281.67889375672 0.2575659274114342
52490.80560933175 0.31564876170784806
52700.76883176907 0.28593283775875944
52911.57190709616 0.19542061069647923
53123.218194724526 0.31091923004135075
53335.711067503435 0.3571126078216835
53549.053911773444 0.07307518547568906
53763.25012742054 0.19488321519379642
53978.303127930216 0.32851758604565373
54194.21634044194 0.0392958385328075
54410.99320580371 0.15708817009715353
54628.63717862692 0.07321509779759554
54847.15172734143 0.11107994527089644
55066.540334250785 0.1444838089965837
55286.80649558781 0.09077624934671627
55507.95372157016 0.0629956190179769
55729.985536456436 0.037673232337441485
55952.90547860226 0.07006549545435334
56176.717100516675 0.06288394654344087
56401.42396891874 0.029286618408428673
56627.02966479442 0.05224983754759639
56853.5377834536 0.03843740081742834
57080.95193458741 0.04033348171941625
57309.27574232576 0.02744000893895413
57538.51284529506 0.019962883052551186
57768.666896676245 0.035078134970398016
57999.74156426295 0.0603785154565701
58231.74053052 0.017028786795277716
58464.66749264208 0.0414346149641639
58698.52616261265 0.017333938065161647
58933.3202672631 0.01590683901058706
59169.05354833215 0.031166934110726567
59405.72976252549 0.016874751377661635
59643.3526815756 0.034450233962619224
59881.926092301896 0.029400482912628745
60121.45379667111 0.050531313824626306
60361.93961185778 0.039809691065203184
60603.38737030522 0.015541427071203224
60845.800919786445 0.03198032459670399
61089.184123465595 0.02209296101355312
61333.54085995945 0.02853050312046245
61578.87502339928 0.01519870546440024
61825.19052349288 0.020886299914386945
62072.491285586846 0.05151657582471197
62320.7812507292 0.06844829983530323
62570.06437573213 0.09545962833778907
62820.34463323505 0.08319495655532787
63071.62601176801 0.15356878070077715
63323.91251581507 0.05512789969262032
63577.20816587833 0.041171914423898746
63831.51699854184 0.038414865176246975
64086.843066536014 0.017384185053790118
64343.19043880215 0.02784414874513593
64600.563200557364 0.02999405883889231
64858.96545335958 0.011111814189327081
65118.401315173025 0.02196808939754567
65378.87492043372 0.026362520198224982
65640.39042011545 0.015711341874839205
65902.95198179591 0.01800800871925265
66166.56378972309 0.02450982068791289
66431.23004488199 0.023337709436999088
66696.95496506151 0.02516773365977527
66963.74278492175 0.04214997031644001
67231.59775606144 0.038720004098849244
67500.52414708569 0.07107370691435601
67770.52624367403 0.03751283341216503
68041.60834864872 0.047210158394974756
68313.77478204331 0.05709573710259171
68587.02988117147 0.021934327143534188
68861.37800069616 0.06231351681381785
69136.82351269896 0.08346663723941114
69413.37080674975 0.10755439025338215
69691.02428997675 0.04841670159484329
69969.78838713666 0.0773337201774719
70249.6675406852 0.07520535198683956
70530.66621084794 0.04039679652290004
70812.78887569135 0.10962765794610267
71096.04003119409 0.09737448172644848
71380.42419131887 0.08776904869226802
71665.94588808414 0.0477355320921652
71952.60967163648 0.08339324167956004
72240.42011032304 0.10427979540093324
72529.38179076432 0.0862861249822838
72819.49931792737 0.05393268079558245
73110.77731519907 0.07313927843901713
73403.22042445988 0.0384218411896174
73696.83330615771 0.06659203443520599
73991.62063938235 0.07607438466176296
74287.58712193987 0.07719538676276318
74584.73747042764 0.03946957645505415
74883.07642030934 0.06676083187660088
75182.60872599059 0.09852150656540158
75483.33916089457 0.107084990376248
75785.27251753812 0.07975091709156926
76088.4136076083 0.08269350887653538
76392.76726203872 0.1129680542539722
76698.33833108687 0.01572998656859246
77005.13168441122 0.05208727434651928
77313.15221114887 0.0703175040076583
77622.40481999348 0.061745611958269137
77932.89443927344 0.08904995699239181
78244.62601703055 0.10298183120857272
78557.60452109865 0.08806498228109398
78871.83493918306 0.06801665066644225
79187.3222789398 0.07451330991241532
79504.07156805556 0.10471399545753049
79822.08785432778 0.1129422099282445
80141.37620574511 0.08131985090724772
80461.94171056806 0.09435350592589131
80783.78947741033 0.09768842942857867
81106.92463531997 0.14442295518852405
81431.35233386126 0.11255530171431175
81757.0777431967 0.11790666478641916
82084.10605416949 0.11608524044080673
82412.44247838613 0.10858427184023825
82742.09224829968 0.14223616310427273
83073.06061729288 0.15146411975847893
83405.35285976208 0.1320991388827896
83738.9742712011 0.10675486704141357
84073.93016828595 0.13739998267939144
84410.22588895904 0.14340264349830018
84747.86679251489 0.13525142677619176
85086.85825968496 0.09168814166693555
85427.20569272367 0.1330321266893913
85768.91451549459 0.13640962614171592
86111.99017355654 0.11470219490682093
86456.43813425078 0.07436662319232673
86802.2638867878 0.11126800856768607
87149.47294233493 0.1270546184628299
87498.07083410428 0.09699034476069124
87848.0631174407 0.06637538218569322
88199.45536991046 0.09053798736426205
88552.25319139009 0.10896633954169173
88906.46220415569 0.09405231039422526
89262.08805297229 0.07423717913378061
89619.1364051842 0.05909360176489096
89977.61295080492 0.08220866295373129
90337.52340260813 0.09289291296678522
90698.87349621857 0.06272173322447028
91061.66899020346 0.08772772319116269
91425.91566616425 0.05776847415687139
91791.61932882894 0.07474882296167498
92158.78580614422 0.047919683995956475
92527.4209493688 0.09503017218186192
92897.53063316627 0.060805962835599754
93269.12075569895 0.05033729609398659
93642.19723872172 0.06253146488459256
94016.76602767664 0.0713790158735364
94392.83309178732 0.09463613008693225
94770.40442415449 0.05437590273462649
95149.48604185111 0.05149551045988061
95530.08398601852 0.04886746214635714
95912.20432196259 0.08566882025120622
96295.85313925042 0.09323654419530564
96681.0365518075 0.04625992248828765
97067.76069801472 0.0563084098347927
97456.03174080675 0.06426653198954545
97845.85586776999 0.09152718111588787
98237.23929124104 0.10087259496483206
98630.18824840599 0.06137967149135509
99024.70900139965 0.056188965427765365
99420.80783740526 0.07060983215830814
99818.49106875488 0.10046151411107285
100217.76503302988 0.09942630411093192
100618.636093162 0.058661484970056736
101021.11063753467 0.07144668415862244
101425.1950800848 0.09397468918059033
101830.89586040513 0.0995803805955609
102238.21944384674 0.09696506862252216
102647.17232162213 0.08396272874633312
103057.7610109086 0.05212408660904674
103469.99205495225 0.011794002311635392
103883.87202317205 0.017520208855382677
104299.40751126477 0.037355219827231716
104716.60514130979 0.05711373455001502
105135.47156187505 0.044371560400157176
105556.01344812254 0.053244779680713034
105978.23750191503 0.07228361221577206
106402.15045192267 0.06307091545553864
106827.75905373038 0.03692780302426625
107255.07008994528 0.014804411149367229
107684.09037030509 0.01652408363208235
108114.8267317863 0.028888622830876832
108547.28603871344 0.044998750036136084
108981.47518286831 0.0550425895596028
109417.40108359976 0.06012283032403255
109855.0706879342 0.05907015231339598
110294.49097068593 0.05486990268104508
110735.66893456863 0.07788714139446279
111178.61161030692 0.07883526625298218
111623.32605674816 0.08072476535951474
112069.81936097513 0.0487618325727999
112518.09863841905 0.04566344797256955
112968.17103297272 0.07410818072012597
113420.0437171046 0.07924849153605934
113873.72389197304 0.07751058379322782
114329.21878754091 0.07242786880062052
114786.53566269108 0.04820650519037733
115245.68180534184 0.038540322258292695
115706.66453256323 0.06841370086188744
116169.49119069346 0.07454331801444211
116634.16915545624 0.07028610175412295
117100.70583207808 0.03606115163374557
117569.1086554064 0.047792787073294755
118039.385090028 0.03953831490356346
118511.54263038811 0.06295961853127313
118985.58880090967 0.06950682882124873
119461.5311561133 0.06400965894628693
119939.37728073777 0.03234303844188152
120419.13478986072 0.049329941999052725
120900.81132902016 0.032268911036534405
121384.41457433623 0.060263568304182245
121869.9522326336 0.06330360619954692
122357.43204156413 0.043141355719196306
122846.86176973036 0.0392611052069
123338.2492168093 0.04808024185850786
123831.60221367657 0.03596513071738925
124326.92862253124 0.054419961031433844
124824.23633702139 0.05986610819461226
125323.53328236948 0.04173437911923353
125824.82741549893 0.04239806118357528
126328.12672516092 0.051584969301605874
126833.43923206156 0.038760481379789755
127340.77298898982 0.04173632091151558
127850.13608094577 0.053069138768266334
128361.53662526955 0.03595151364017804
128874.98277177062 0.04768331923503962
129390.4827028577 0.04930661376607825
129908.04463366912 0.048036810509071104
130427.67681220379 0.03879458545305679
130949.38751945265 0.04650949116138569
131473.18506953045 0.044378232618070806
131999.07780980857 0.04655379612638166
132527.0741210478 0.04556348645469153
133057.182417532 0.05060146777708618
133589.4111472021 0.04355028970703808
134123.76879179094 0.03950368694773852
134660.26386695806 0.04412384865296088
135198.9049224259 0.04855219778357648
135739.7005421156 0.04264385090119175
136282.65934428407 0.04664552845285304
136827.78998166122 0.04735969809652797
137375.1011415879 0.04270479597355872
137924.60154615424 0.04422033394983525
138476.29995233883 0.04529551821191023
139030.20515214818 0.04733393036945873
139586.32597275675 0.04757349889337399
140144.6712766478 0.04251242824795225
140705.2499617544 0.041467687063723536
141268.0709616014 0.04228069095931997
141833.1432454478 0.04084516822075021
142400.4758184296 0.04353145082561529
142970.07772170333 0.043338925280505966
143541.95803259013 0.04082349477016637
144116.12586472047 0.04070138968488287
144692.59036817937 0.035162821046536855
145271.3607296521 0.03711558882284781
145852.44617257072 0.04159001687680185
146435.85595726097 0.04193772769767533
147021.59938109003 0.04071240539389359
147609.6857786144 0.04043461213996129
148200.12452172884 0.040280421024653804
148792.92501981577 0.03864054362054066
149388.09671989502 0.03588892993236319
149985.6491067746 0.03921035839364188
150585.59170320167 0.03779362099296712
151187.93407001448 0.037974200584454214
151792.68580629455 0.034750574890660045
152399.85654951975 0.03711062577339778
153009.45597571784 0.03679477405644639
153621.4937996207 0.033916636884566795
154235.97977481916 0.03506191024516872
154852.92369391845 0.034608753639526625
155472.3353886941 0.032606721902043403
156094.2247302489 0.031288263484922106
156718.60162916992 0.031008671826363122
157345.47603568656 0.028842193252373385
157974.8579398293 0.027836801269264695
158606.75737158864 0.027016217383355762
159241.18440107498 0.025328372588771207
159878.14913867926 0.02529627689452801
160517.661735234 0.028593433175824617
161159.73238217493 0.028127992656158608
161804.3713117036 0.029723480544969455
162451.58879695044 0.027114784840385937
163101.39515213823 0.029992212094117097
163753.8007327468 0.030162530617136828
164408.81593567782 0.030364124515050137
165066.45119942052 0.030075062754393443
165726.71700421823 0.02865307016135842
166389.62387223504 0.02630008101456044
167055.18236772402 0.02847368700187668
167723.40309719497 0.028681146051300774
168394.2967095837 0.026846246118533344
169067.87389642204 0.022399358035293096
169744.14539200772 0.027267006973110346
170423.1219735757 0.0282295129505286
171104.81446147006 0.02477664195865775
171789.23371931593 0.025785214863322643
172476.3906541932 0.023655264082975296
173166.29621680998 0.026061605031885766
173858.96140167722 0.023397049440210448
174554.39724728392 0.026807503207570048
175252.61483627307 0.023007289359897886
175953.62529561817 0.02206036095253441
176657.43979680064 0.025191120196301604
177364.06955598784 0.025199401731081796
178073.52583421173 0.026343570759276617
178785.8199375486 0.02614517398021046
179500.9632172988 0.02472995814160785
180218.967070168 0.022561788736397775
180939.84293844865 0.02373295088735579
181663.60231020238 0.02112801145471145
182390.25671944322 0.0216955182034389
183119.81774632097 0.0197344306903882
183852.29701730626 0.02432581397178904
184587.7062053755 0.02409153853907861
185326.057030197 0.023526681140515367
186067.3612583178 0.02266991663520259
186811.63070335102 0.021191990251845615
187558.8772261645 0.02324484779800168
188309.11273506918 0.023330224321589436
189062.3491860094 0.023233665061393932
189818.59858275342 0.01818174734200136
190577.87297708448 0.020869237801246786
191340.18446899284 0.02283589748991093
192105.54520686882 0.0184240436989668
192873.9673876963 0.016588033703057076
193645.46325724703 0.016464816043301574
194420.04511027603 0.018288974558285244
195197.72529071715 0.020938287334138682
195978.51619188 0.018167770825830494
196762.4302566476 0.01959486954815084
199107.9942767367 0.017627949435882334
203090.15416227144 0.018134064237354
207151.95724551688 0.01679722042939356
211294.9963904272 0.014080914611222184
215520.89631823578 0.014419853025204857
219831.31424460045 0.01219831137073838
224227.94052949245 0.011766322633002249
228712.4993400823 0.012369972743957862
233286.74932688402 0.011869029294182116
237952.48431342165 0.007926189768330465
242711.5339996901 0.012049080858718355
247565.76467968393 0.010176255381547556
252517.0799732776 0.00627200465481424
257567.42157274322 0.00862054926795177
262718.770004198 0.00762970945366312
267973.145404282 0.005350301193875
273332.6083123676 0.007567613841306925
278799.26047861495 0.005478521525150489
284375.2456881872 0.003690032143805325
290062.750601951 0.005081517554646133
295864.00561398995 0.004407066093206751
301781.2857262697 0.004249949406481796
307816.91144079523 0.003071042688094245
313973.24966961105 0.004193701727779482
320252.7146630032 0.003592925167650397
326657.7689562633 0.003084543565421416
333190.92433538847 0.0024901989254554986
339854.7428220964 0.003122526124915508
346651.83767853834 0.002315264874377919
353584.87443210906 0.0019266525813660157
360656.57192075124 0.0017369776568302326
367869.70335916633 0.0021719102154385524
375227.09742634965 0.001911271308931285
382731.63937487674 0.002197083459779968
390386.2721623741 0.0014434910202676065
398193.99760562164 0.0013283425335418378
406157.87755773397 0.0010935429587926216
414281.0351088888 0.0016473901811909135
422566.65581106645 0.0013390081783955228
431017.98892728786 0.0010362352990697537
439638.3487058336 0.000849428994128356
448431.11567995034 0.0008566617877650825
457399.7379935492 0.0009701820157895693
466547.7327534202 0.0006888330240433777
475878.6874084886 0.0007348402768200973
485396.2611566584 0.0007282113135956708
495104.1863797916 0.000555889201305439
505006.2701073874 0.0005727875747043583
515106.39550953516 0.0005389290039438143
525408.5234197257 0.0006364827463538905
535916.6938881205 0.0005474939704797392
546635.0277658828 0.0004967692577782602
557567.7283212005 0.0003969061730310433
568719.0828876244 0.00033712819808129737
580093.4645453768 0.00035480711265583665
591695.3338362843 0.0003369017910259265
603529.2405130101 0.00034749199543282635
615599.8253232702 0.0003665350858130896
627911.8218297358 0.00024411731407641564
640470.0582663304 0.0002323455372440171
653279.459431657 0.000223105866193634
666345.04862029 0.00017796976241857547
679671.9495926959 0.00023326197193039146
693265.38858455 0.0002368813937616945
707130.6963562409 0.00017899905648187248
721273.3102833657 0.00013354135058422033
735698.7764890331 0.00017259116109402458
750412.7520188137 0.00013240473145596863
765421.0070591901 0.0001412313075421779
780729.4272003738 0.00012031731254386405
796344.0157443815 0.00011955368511395336
812270.896059269 0.00010486384050889449
828516.3139804546 9.203195237393907e-05
845086.6402600636 8.777617510778599e-05
861988.3730652649 0.00010174509884030208
879228.14052657 0.00010395055024883835
896812.7033371016 7.722152331358719e-05
914748.9574038435 7.869826887501998e-05
933043.9365519203 6.501885285965609e-05
951704.8152829591 5.326206099032438e-05
970738.911588618 6.208885899777424e-05
990153.6898203905 4.6090068252673045e-05
