1000.5530765187797 3.13008142469791e-14
1004.5552888248548 2.730113037147607e-49
1008.5735099801544 1.5725751653166973e-47
1012.607804020075 2.816541904236388e-47
1016.6582352361554 5.2636204627074565e-49
1020.7248681770998 2.4835816619380224e-36
1024.8077676498083 2.4480462471382905e-38
1028.9069987204075 2.9435249611551697e-46
1033.022626715289 5.870981318635814e-34
1037.1547172221503 1.44292797897493e-47
1041.3033360910388 1.46793560270008e-44
1045.468549435403 1.7264125565651508e-42
1049.6504236331448 4.736433381876484e-48
1053.8490253276773 1.0879023209629364e-37
1058.064421428988 1.1858518967493156e-45
1062.296679114704 3.1478433753184077e-37
1066.5458658311627 4.4519521201155443e-41
1070.8120492944875 2.3764422322669147e-42
1075.0952974916654 2.3587342977890365e-34
1079.3956786816323 2.251657076652674e-42
1083.7132613963586 4.186256743351218e-33
1088.048114441944 3.8204677472364267e-35
1092.4003068997117 8.805927150354455e-27
1096.7699081273104 1.6470851037554045e-34
1101.15698775982 2.7077462683976007e-35
1105.561615710859 8.413225385857431e-27
1109.9838621737026 7.83632303934696e-29
1114.4237976223976 5.528358982404155e-32
1118.8814928128868 1.448176529962541e-34
1123.3570187841383 5.10295506335114e-32
1127.8504468592753 1.0701303236940017e-24
1132.361848646712 1.0766347576692724e-25
1136.8912960412988 2.067436185019844e-25
1141.438861225464 3.7678567691677298e-25
1146.004616670366 7.4239593801569395e-25
1150.5886351370475 4.771805510405394e-25
1155.190989677596 2.55285259517434e-25
1159.8117536363065 1.1502389742630162e-24
1164.4510006508515 1.3348129913398146e-25
1169.108804653455 6.690536419354783e-26
1173.7852398720688 1.1014955173794856e-25
1178.480380831557 6.105031790289505e-26
1183.1943023548836 5.635083945970915e-25
1187.9270795643029 5.773608794852685e-28
1192.67878788256 2.2899473231473077e-27
1197.4495030340906 2.6187517376288203e-27
1202.2393010462267 4.5647789675895564e-30
1207.0482582504117 3.9458412256698107e-28
1211.8764512834132 2.370199760111752e-28
1216.7239570885472 7.869915044821007e-29
1221.5908529169012 4.16073950099489e-27
1226.4772163285688 6.689239318367699e-25
1231.383125193883 2.8767035449521166e-27
1236.3086576946585 1.476340529080987e-25
1241.2538923254372 2.512009688335366e-26
1246.2189078947392 1.4583214033323415e-27
1251.203783526318 1.226059889614228e-27
1256.2085986604231 5.224294866245755e-24
1261.233433055065 1.9811938494445915e-24
1266.2783667872852 1.21451585335301e-29
1271.3434802544346 5.7002496436128905e-25
1276.4288541754522 1.079698291790999e-24
1281.534569592154 5.542665605685611e-28
1286.6607078705229 1.338397661128054e-26
1291.8073507020044 2.3225399898371323e-24
1296.9745801048125 7.89415958257797e-25
1302.162478425232 4.5919970556609205e-25
1307.3711283389327 3.3371198265912304e-23
1312.6006128522888 7.37348305376736e-24
1317.851015303698 4.183231881706188e-23
1323.1224193649127 3.6592704764447463e-22
1328.4149090423725 1.1696922300801985e-21
1333.728568678542 6.665608143529133e-22
1339.0634829532567 3.210543272298453e-23
1344.4197368850691 4.564270828065866e-22
1349.7974158326099 7.34882345307115e-21
1355.1966054959403 4.4100817579437325e-21
1360.6173919179244 1.704332487744766e-20
1366.059861485596 2.309621992390905e-21
1371.5241009315384 1.2218332540287579e-22
1377.0101973352646 1.3991292446346454e-21
1382.5182381246057 1.175012595276528e-19
1388.0483110771042 4.2572166137654884e-20
1393.6005043214122 3.19646680082054e-21
1399.1749063386976 1.8306926336596693e-21
1404.7716059640527 2.6485058732263317e-19
1410.3906923879088 2.8252076173367487e-20
1416.0322551574602 6.681858182867799e-19
1421.6963841780905 5.530750566316122e-22
1427.3831697148032 2.042950559952009e-19
1433.0927023936622 3.997534564285452e-18
1438.8250732032368 7.05191053808764e-19
1444.5803734960498 4.863287887754581e-18
1450.3586949900334 8.736581593699284e-19
1456.1601297699938 7.096241947007831e-18
1461.984770289074 1.0173030684043943e-17
1467.83270937023 3.5228538659258516e-18
1473.704040207711 1.5097200157958217e-17
1479.5988563685412 2.7739606711663845e-19
1485.5172517940157 8.596909222852429e-18
1491.459320801192 1.2315442500655084e-17
1497.4251580843968 3.286364406271411e-18
1503.4148587167342 1.809912565250563e-17
1509.4285181516007 3.036942632257516e-18
1515.4662322242077 8.287166919547482e-21
1521.5280971531042 8.62851311701956e-20
1527.6142095417167 5.543316210723443e-21
1533.7246663798837 5.327533410165974e-22
1539.859565045403 9.494470564838966e-22
1546.0190033055849 4.216075499647799e-23
1552.203079318807 2.1063305751994052e-22
1558.4118916360824 2.2698820291165943e-22
1564.6455392026269 1.9086252431854019e-22
1570.9041213594373 4.8758029773117345e-22
1577.187737844875 2.135682960909812e-22
1583.4964887962547 8.108760837858269e-22
1589.8304747514399 1.4744677048545014e-21
1596.1897966504455 7.552218492654019e-22
1602.5745558370472 1.1009059826748805e-21
1608.9848540603957 2.0701512277977443e-21
1615.4207934766368 2.023685250667511e-21
1621.8824766505436 2.7358283971533118e-21
1628.3700065571454 3.1521559640600624e-21
1634.8834865833744 4.6553096913145916e-21
1641.4230205297079 6.3443869241250746e-21
1647.9887126118267 8.379089812952335e-21
1654.580667462274 5.410604251815957e-21
1661.198990132123 1.5420603780699915e-20
1667.8437860926513 1.9051924231463748e-20
1674.515161237022 3.160571025299109e-20
1681.2132218819695 6.613664916389303e-20
1687.9380747694975 4.7909103971775924e-20
1694.6898270685758 5.742768089552101e-19
1701.4685863768502 2.0250167029587935e-19
1708.2744607223572 2.6442318342491993e-19
1715.1075585652468 4.523895992460976e-19
1721.967988799508 3.47452477853698e-19
1728.8558607547059 9.109176737569982e-19
1735.7712841977245 4.876741546039444e-19
1742.7143693345156 4.200005275789976e-19
1749.6852268118535 2.8839033455220728e-18
1756.6839677191008 9.418322326980414e-19
1763.7107035899771 1.4553636715272303e-17
1770.7655464043373 2.100586573521833e-17
1777.8486085899544 1.5713763129170207e-18
1784.9600030243143 5.953459364231315e-17
1792.0998430364118 3.556743525191394e-17
1799.2682424085576 3.1624678281948406e-17
1806.4653153781921 2.441993385129712e-16
1813.6911766397043 6.484052991810309e-18
1820.945941346263 4.7789996519778976e-17
1828.2297251116483 7.756044695312884e-17
1835.5426440120948 5.66743211959476e-18
1842.8848145881432 2.1566011861756018e-16
1850.2563538464956 1.7271731871335191e-15
1857.657379261881 3.259422225409974e-17
1865.0880087789287 2.3399145997480045e-15
1872.5483608140448 7.59335010582101e-16
1880.0385542573008 5.722606706312206e-17
1887.5587084743302 4.552057360850144e-15
1895.1089433082268 1.1181640169154756e-15
1902.68937908146 1.8448142669986233e-16
1910.3001365977857 1.0935780520407848e-14
1917.9413371441767 1.2474936116317164e-15
1925.6131024927531 3.752509465205144e-15
1933.3155549027244 1.7278749319122763e-14
1941.0488171223355 7.798119815096343e-15
1948.8130123908247 5.09810512312974e-15
1956.608264440388 2.95813348488498e-14
1964.434697498149 3.9347809069709605e-15
1972.2924362881417 1.1000090628276628e-14
1980.1816060332944 2.3409860491688878e-14
1988.1023324574276 9.494019852979854e-15
1996.0547417872574 6.074701320244452e-15
2004.0389607544066 8.99541638408535e-15
2012.0551165974243 6.856585079261098e-15
2020.1033370638136 5.6725595638981926e-15
2028.1837504120688 7.822327861928191e-15
2036.2964854137172 7.0841468772973416e-15
2044.4416713553724 5.1722945178925765e-15
2052.6194380407937 1.6028115397415528e-14
2060.829915792957 1.1512810907302225e-14
2069.0732354561287 1.2107102829318613e-14
2077.3495283979532 1.5252196193968395e-14
2085.6589265115445 2.4401836429917082e-14
2094.001562217591 2.919296683046985e-14
2102.3775684664615 2.7489653536479658e-14
2110.787078740328 1.8788001852780545e-14
2119.2302270552887 3.384022801058721e-14
2127.70714796351 4.729558981796208e-14
2136.217976555364 7.505939439497047e-14
2144.7628484615852 2.346381723948657e-14
2153.341899855432 7.199393394558555e-14
2161.9552674548536 1.5652100300203125e-13
2170.603088524673 2.1051184962328897e-13
2179.285500878772 7.479864894732011e-14
2188.0026428822866 8.037714322003951e-14
2196.754653453816 3.4797611275280553e-13
2205.541672067631 1.6769766748929826e-13
2214.3638387559017 2.1746755290505803e-12
2223.2212941109246 1.7698111678380808e-13
2232.114179287369 4.941416474849547e-12
2241.0426360045185 1.1125364781568189e-12
2250.0068065485366 1.2954705126121693e-11
2259.0068337747302 3.5507398151335647e-12
2268.0428611098296 6.765046677938074e-12
2277.115032554269 8.854503515755132e-12
2286.223492684486 8.424022987814974e-12
2295.368386655224 4.7100934733438076e-11
2304.549860201845 1.2476806022829076e-12
2313.7680596426517 3.67590081956287e-11
2323.0231318812225 1.926617556422871e-11
2332.3152244087473 7.493419089472872e-11
2341.6444853063817 1.316820856315895e-10
2351.0110632476076 8.968072141609698e-12
2360.415107500598 2.119039426928415e-10
2369.8567679306 5.757522623362134e-12
2379.3361950023227 2.8064141916591004e-10
2388.853539782332 1.5495715019140964e-10
2398.4089539414617 1.7031352217730407e-09
2408.0025897572273 1.6677751286114692e-09
2417.6346001162565 1.2922746943662393e-10
2427.3051385167214 2.1803933696213524e-09
2437.0143590707885 9.735900617744592e-10
2446.762416507072 4.0869681496681494e-09
2456.5494661731 1.3334190672136964e-09
2466.375664037793 2.32457316473059e-09
2476.2411666939443 3.162898921424993e-09
2486.1461313607197 6.195145700534112e-10
2496.090715886162 2.94746218724152e-09
2506.075078749707 1.9514202335601583e-09
2516.0993790647044 3.52802617737244e-09
2526.163776580964 9.156789302012805e-09
2536.268431687288 1.61398495822383e-08
2546.4135054140374 2.0240279496348192e-08
2556.599159435693 1.1670437436611234e-08
2566.825556073436 1.1486245304055877e-08
2577.09285829773 1.3641879355600922e-08
2587.4012297309205 1.0228257669694796e-08
2597.7508346498444 1.8392297154652882e-08
2608.141837988444 1.509623752198969e-08
2618.5744053403982 2.7997070930411808e-08
2629.0487029617593 4.3740507748668056e-08
2639.5648977736064 3.9750926303664884e-08
2650.123157364701 3.5105063598926574e-08
2660.7236499941596 3.141831596353633e-08
2671.366544594136 2.589094216863766e-08
2682.052010772512 3.913630145117386e-08
2692.7802188156024 3.254413930214544e-08
2703.551339690865 4.5746835248907503e-08
2714.365545049628 4.814888850552764e-08
2725.223007229827 4.4566373948515243e-08
2736.123899258746 4.3887402667818607e-08
2747.0683948557817 4.974961353763048e-08
2758.0566684352048 4.3174486240787885e-08
2769.0888951089455 4.874600536363945e-08
2780.165250689381 4.374892505960123e-08
2791.2859116921386 4.4750245234497176e-08
2802.451055338907 4.2076930237994425e-08
2813.660859560263 3.8983296789018967e-08
2824.9155029985036 3.652837471250315e-08
2836.2151650104965 3.644671356816076e-08
2847.5600256705393 3.7719785767584014e-08
2858.950265773222 4.4237644674351405e-08
2870.386066836315 5.454476523264641e-08
2881.8676111036607 7.235934617259422e-08
2893.3950815480757 9.856871816087978e-08
2904.968661874268 1.3487016231291504e-07
2916.588536521764 1.8517774753487145e-07
2928.254890667851 2.5114260557085445e-07
2939.9679102305226 3.3653515496363515e-07
2951.727781871445 4.474070793683949e-07
2963.534692998931 5.857734385913361e-07
2975.3888317709266 7.581519818116684e-07
2987.2903870980094 9.752548080117377e-07
2999.2395486464025 1.2336723685425732e-06
3011.2365068409886 1.5584613557596084e-06
3023.2814528683516 1.936570445491984e-06
3035.374578679825 2.3323101683525204e-06
3047.516076994544 2.969962761863705e-06
3059.7061413025226 3.657945407405726e-06
3071.9449658677336 4.714901778365804e-06
3084.232745731204 6.1031271473135e-06
3096.569676714128 7.332842389437002e-06
3108.955955420985 9.670065507737612e-06
3121.3917792426687 1.2838070748600386e-05
3133.8773463596394 1.6543404474042656e-05
3146.412855745078 2.062312533989384e-05
3158.998507168058 2.7104878355599066e-05
3171.6345011967305 3.404944440803253e-05
3184.321039201517 3.140617912749048e-05
3197.0583233583234 3.105665539872312e-05
3209.8465566517566 5.449952295824904e-05
3222.6859428783637 6.324663179077497e-05
3235.576686649877 7.370156647029834e-05
3248.518993396477 0.00011096183361322784
3261.513069370063 0.00013492229736459136
3274.559121647543 0.00017304116369935323
3287.6573581341336 0.00016030923189700358
3300.8079875666704 2.288130329843409e-05
3314.0112195169368 0.0001408014767328547
3327.2672643950045 0.0003337953900827129
3340.5763334525845 0.0003505430009773317
3353.938638786395 0.000362369872072273
3367.354393341541 0.0003878670487260981
3380.8238109149074 0.00042047165768989555
3394.347106158567 0.0006909506777550238
3407.924494583201 0.000679025552134949
3421.5561925615334 0.0005354862975332903
3435.2424173317804 0.00026001669171103845
3448.9833870011066 0.0002649230247927599
3462.7793205491116 0.0003873440553935082
3476.630437831308 0.0003522145537850696
3490.536959582633 0.00038138045872955327
3504.4991074209643 0.000996420197862416
3518.5171038506473 0.0011691157209996078
3532.5911722660503 0.0017909065337993614
3546.7215369551145 0.00321067232191606
3560.9084231029346 0.0018987199208991706
3575.1520567953467 0.0012725579290342485
3589.452665022528 0.0025927618751551817
3603.810475682617 0.0036831707497512866
3618.225717585348 0.003281482894259376
3632.698620455689 0.002340583102655964
3647.2294149375116 0.0019513921629136768
3661.8183325972614 0.0034584675295752524
3676.4656059276513 0.0019898416779601602
3691.1714683513615 0.002281555533635589
3705.936154224767 0.0014234540968675919
3720.7598988416657 0.0012290634246049246
3735.6429384370326 0.0013457433772833436
3750.585510190781 0.001655300544755855
3765.587852231544 0.00331366185136722
3780.6502036404704 0.006429581615199834
3795.772804455032 0.0059537608720625565
3810.955895672852 0.006221789570925825
3826.199719255544 0.002896216718904589
3841.504518132566 0.004518001578271737
3856.870536205096 0.0026886451063594043
3872.2980183499167 0.0035534858388156566
3887.7872104233156 0.003431265881081307
3903.338359265009 0.004599812309565018
3918.9517127020695 0.00549024020414133
3934.6275195528774 0.008418206943116801
3950.3660296310895 0.01610773989833233
3966.1674937496136 0.029545049129486915
3982.0321637246125 0.030698895309614088
3997.9602923795105 0.03330247846374778
4013.9521335490285 0.05674399529907552
4030.007942083225 0.07145484991359691
4046.1279738515577 0.026567251619628
4062.312485746964 0.07218628717630128
4078.5617356899515 0.08148048184836978
4094.8759826327114 0.09566356305130436
4111.255486563242 0.09885409201109016
4127.700508509496 0.0983538291635716
4144.211310543533 0.09675672478672752
4160.788155785708 0.10758756238767264
4177.431308408849 0.0965326117404094
4194.141033642486 0.09809253045512945
4210.917597777056 0.07383810409599678
4227.761268168164 0.10283070884761496
4244.672313240838 0.08557142391225626
4261.651002493801 0.07510762261223612
4278.697606503776 0.104700839917957
4295.812396929791 0.10284584885243242
4312.995646517511 0.158701057786364
4330.24762910358 0.18939712515944962
4347.568619619994 0.22203322018340682
4364.958894098475 0.16012839580582527
4382.418729674868 0.12259433395786395
4399.948404593568 0.2745851593279397
4417.548198211942 0.2736360126353
4435.21839100479 0.1980956535167957
4452.959264568809 0.28917101132227657
4470.771101627084 0.2446221368524199
4488.654186033592 0.29340400486370105
4506.608802777726 0.4521091374229906
4524.635237988838 0.4288754764878741
4542.733778940792 0.4744828540316665
4560.904714056555 0.4910375604491172
4579.148332912781 0.5403893802844038
4597.464926244433 0.3558270505976523
4615.85478594941 0.6625007227546996
4634.318205093208 0.41531591892824654
4652.855477913582 0.5094412134336987
4671.466899825236 0.4863703436998576
4690.152767424537 0.6335558223771197
4708.913378494234 1.020254306460132
4727.749032008212 0.9199141949168446
4746.660028136244 1.185427731087439
4765.646668248789 0.5867279720027814
4784.709254921784 0.32899753724780084
4803.8480919414715 0.34937452700851906
4823.063484309237 0.40118219003860134
4842.355738246474 0.6706956771118892
4861.72516119946 0.712355812609566
4881.172061844257 1.164031229968026
4900.6967500916335 1.1088369584381237
4920.299537092001 1.3625482914839837
4939.9807352403695 1.610373963337481
4959.740658181329 0.7820945230921837
4979.5796208140555 0.5278976867636753
4999.497939297312 0.4883165345602266
5019.495931054502 0.4124518452223192
5039.57391477872 0.5724239580444916
5059.732210437835 0.5543986607143067
5079.971139279585 0.5991403396262336
5100.291023836704 0.4766626212067266
5120.692187932051 0.3486025710604177
5141.174956683781 0.22996389448664567
5161.739656510514 0.16148899983485665
5182.386615136556 0.1290310368717352
5203.116161597103 0.18315992550657825
5223.928626243489 0.5892968994673876
5244.824340748465 0.6266675765184633
5265.803638111459 0.5641624159054781
5286.866852663905 0.724900146390979
5308.0143200745615 0.7366894410441087
5329.246377354859 0.6063427042253703
5350.563362864278 0.653949981040398
5371.965616315736 0.5532975223686906
5393.453478780998 0.5572994347918184
5415.027292696122 0.5393360653587317
5436.687401866905 0.4775682799621373
5458.434151474374 0.35525523944752174
5480.267888080271 0.38938974012603894
5502.188959632591 0.3621694231292932
5524.197715471122 0.3574503254009941
5546.294506333006 0.34665759554670816
5568.479684358337 0.31158408994300174
5590.753603095771 0.2690569796897611
5613.1166175081535 0.23344509062940408
5635.569083978187 0.21012875708173878
5658.1113603140975 0.1895124591329344
5680.743805755354 0.16141061335943105
5703.466780978376 0.13670199848879333
5726.28064810229 0.11078900061083137
5749.185770694699 0.0858405574406399
5772.182513777476 0.06298279445525484
5795.271243832587 0.043626305213554394
5818.452328807918 0.028103189770100904
5841.72613812315 0.01666866786217122
5865.093042675643 0.004877398028570015
5888.553414846345 0.00012692795205883624
5912.10762850573 0.0016092667540113447
5935.756059019754 0.014510898267183985
5959.499083255832 0.03793288906300418
5983.337079588855 0.07289245493078082
6007.27042790721 0.12710349340288296
6031.299509618841 0.20835580511676968
6055.424707657316 0.31496352856367654
6079.646406487946 0.4508841328375809
6103.964992113897 0.6229566033559588
6128.380852082353 0.8401116711548081
6152.894375490681 0.971157321535027
6177.505952992646 0.9274537139950608
6202.215976804616 1.0458520395014954
6227.024840711833 1.1477265817809639
6251.932940074681 1.3938779249300461
6276.940671834981 1.6890748534224824
6302.048434522321 2.0852416333076746
6327.256628260409 2.605769378634183
6352.5656547734525 3.106671395792536
6377.975917392546 3.4565852914031585
6403.487821062116 4.255811477560296
6429.101772346364 4.37755914360679
6454.81817943575 5.445166225550397
6480.637452153493 6.355074780621482
6506.560001962106 7.439939005550511
6532.586241969955 9.261737656203476
6558.716586937834 7.445765738969198
6584.951453285586 7.068335099512155
6611.291259098727 6.725721217996908
6637.7364241351215 6.2881430096069915
6664.2873698316625 5.5334856342331475
6690.94451931099 5.372531566524927
6717.7082973882325 5.528924376119597
6744.579130577787 5.7469220675489385
6771.557447100097 7.0448017784784
6798.643676888497 6.777003972273204
6825.838251596053 8.298597368913759
6853.141604602436 9.13731252524132
6880.554171020846 10.21235609995343
6908.0763877049285 11.999461891536013
6935.708693255749 12.614879367341265
6963.4515280287715 14.821492439681169
6991.305334140887 16.168210403126317
7019.270555477449 17.58049448299205
7047.34763769936 20.001351506774256
7075.537028250157 10.465605470466915
7103.839176363159 8.34453201844227
7132.254533068612 8.416642366126844
7160.783551200888 8.572579936706875
7189.42668540569 11.309854032628865
7218.184392147313 11.833188301940371
7247.0571297159 16.994264256193897
7276.045358234765 20.976430448482247
7305.149539667704 27.27227199182887
7334.370137826372 31.17672655152684
7363.707618377678 32.78212269347825
7393.162448851191 31.946293051561625
7422.735098646595 30.721100442381278
7452.426039041182 28.18614386051165
7482.235743197345 25.96406934397721
7512.1646861701365 22.807076117305126
7542.213344914818 20.186959699700243
7572.382198294477 16.756606163499942
7602.671727087656 10.2453773031955
7633.082413996006 3.7924580905004603
7663.614743651989 0.12799095905844787
7694.269202626598 0.1790470761124302
7725.046279437104 2.165332320554181
7755.946464554851 6.84881670982789
7786.970250413072 12.869914304931052
7818.118131414723 18.42149710046286
7849.390603940383 20.679041116372463
7880.788166356144 26.757146815067614
7912.311319021571 30.490369085076264
7943.960564297654 39.26358613576364
7975.736406554845 47.02705638794038
8007.639352181065 58.13774891703214
8039.669909589788 64.74575929596027
8071.828589228147 73.22895072577478
8104.115903585063 81.39823641098994
8136.532367199402 92.00344359770675
8169.078496668199 94.2166672932563
8201.754810654873 77.67081978072709
8234.561829897493 94.56459064621193
8267.500077217084 100.99225035233405
8300.570077525952 96.5736507744784
8333.772357836056 108.99187697930529
8367.1074472674 108.6316712390847
8400.575877056472 114.78662835242996
8434.178180564695 90.26485077016554
8467.914893286956 50.32894803139327
8501.786552860101 68.35768663885487
8535.793699071543 80.51612748083052
8569.936873867831 105.9661313706537
8604.216621363299 120.49345347815326
8638.633487848754 88.25570209349252
8673.18802180015 122.57979552386651
8707.880773887353 75.26180619641517
8742.7122969829 86.67880639421331
8777.68314617083 112.42064753284626
8812.793878755514 118.07669314663407
8848.045054270535 138.08305941874298
8883.437234487617 86.7434439109328
8918.970983425568 125.32188033660408
8954.64686735927 123.18798441102201
8990.465454828707 150.94741469113902
9026.427316648023 138.38399526205097
9062.533025914616 138.5446237648187
9098.783158018272 168.20127491145982
9135.178290650345 176.73269570271538
9171.719003812947 198.26155911457818
9208.405879828202 215.08414289568643
9245.239503347511 210.0530094514287
9282.2204613609 212.15834653984533
9319.349343206346 204.34219793026958
9356.626740579171 212.17478683256437
9394.053247541488 217.8248323365433
9431.629460531654 236.16133310230612
9469.355978373778 257.12149559186116
9507.233402287276 264.64035921121075
9545.262335896427 274.20965170157245
9583.443385240013 276.06219203333865
9621.777158780975 260.849492173927
9660.264267416096 254.27731648115903
9698.90532448576 267.62362901637385
9737.7009457837 249.70500352675714
9776.651749566838 244.39939018388188
9815.758356565104 272.65951478605535
9855.021389991363 265.18753765870315
9894.441475551332 210.83712981169234
9934.019241453534 98.69767971428433
9973.755318419348 123.51926448358083
10013.650339693024 124.69756341286862
10053.704941051796 124.4910576332703
10093.919760816003 156.74671071207788
10134.295439859268 160.13910126881137
10174.832621618703 168.5423839031286
10215.531952105179 178.9369474187458
10256.394079913602 177.08548292686294
10297.419656233254 167.80891048123763
10338.609334858189 169.07617904012668
10379.96377219762 211.16307492655199
10421.483627286412 210.9552843542326
10463.169561795556 241.5365602769301
10505.022240042741 237.27990701761522
10547.042329002912 270.32580085406335
10589.230498318922 272.6735175139491
10631.587420312197 270.9062960971657
10674.113769993448 260.09396966539765
10716.810225073421 267.45078542348864
10759.677465973711 297.6540440623422
10802.716175837608 303.1183780714789
10845.927040540959 321.9565926464898
10889.310748703121 332.81507530474846
10932.867991697934 332.38321833399453
10976.599463664725 325.454208873311
11020.505861519383 336.53753012768243
11064.587884965462 327.3736375528725
11108.846236505324 329.0325581147018
11153.281621451348 335.7231604152315
11197.894747937147 344.2767449018027
11242.686326928899 358.34941858955966
11287.657072236614 365.37687717862417
11332.807700525562 353.4314031367509
11378.138931327663 314.3106523055627
11423.651487052975 331.15821425937247
11469.346093001184 375.16700559358446
11515.22347737319 378.54691960136023
11561.284371282683 370.70610601935283
11607.529508767815 376.6262336695989
11653.959626802887 381.76317537038693
11700.5754653101 316.091783352893
11747.377767171341 321.9247868453733
11794.367278240028 284.98993107211373
11841.544747352984 367.4801133182631
11888.9109263424 400.7303715376465
11936.46657004777 388.1833146266889
11984.212436327958 325.0775468984748
12032.149286073272 334.656226395122
12080.277883217566 378.5961108572012
12128.598994750435 357.26787601870825
12177.113390729437 386.1122913462106
12225.821844292353 371.6564465643445
12274.725131669524 405.530099664285
12323.824032196202 396.3335691159375
12373.119328324985 391.1176437895482
12422.611805638286 311.60219101905875
12472.302252860838 387.43178260984536
12522.19146187228 319.2269510203317
12572.280227719768 392.31625950865725
12622.569348630648 394.91729714422553
12673.059626025171 422.21348714092096
12723.751864529271 416.86093391883344
12774.646871987386 418.9746454855188
12825.74545947534 425.6488357240041
12877.04844131324 393.5091779223072
12928.556635078494 393.6476039983258
12980.270861618808 408.0465426837582
13032.191945065284 417.429155864344
13084.320712845543 414.0384810649915
13136.657995696927 423.7926762430405
13189.204627679715 420.3721664853357
13241.961446190431 404.50899580682227
13294.929291975195 378.37755762633327
13348.109009143096 291.2911031676719
13401.50144517967 251.86210026789814
13455.107450960388 233.89123613586779
13508.927880764231 224.81380206149697
13562.963592287288 199.33830198086153
13617.215446656439 222.0290492048601
13671.684308443064 244.7622290925099
13726.371045676835 243.9049456397808
13781.276529859542 264.6995759462589
13836.40163597898 240.70256228532276
13891.747242522899 241.75902001454185
13947.314231492988 222.60795763668372
14003.103488418961 217.94322066747532
14059.115902372636 229.31432862339057
14115.352365982128 203.40203366607855
14171.813775446057 207.62090421608545
14228.501030547843 208.2860060718956
14285.41503467003 214.2523078144308
14342.556694808713 212.1767858669833
14399.926921587949 220.23300381731752
14457.5266292743 235.01251172565247
14515.356735791396 245.50123979520706
14573.418162734559 260.6516261113205
14631.711835385498 254.35299730888946
14690.238682727038 252.147034965792
14748.999637457951 264.63653738482367
14807.995636007783 268.5203912222812
14867.227618551815 269.8398184867796
14926.69652902602 274.673722459521
14986.403315142123 278.8298170859907
15046.348928402693 281.0543396335783
15106.534324116303 282.251937676252
15166.96046141277 286.7249205009612
15227.62830325842 291.1436334041861
15288.538816471453 291.7839386947283
15349.692971737337 289.9820835169377
15411.091743624287 290.45976841506723
15472.736110598784 292.7541314174894
15534.62705504118 288.791631840117
15596.765563261344 284.8523840144805
15659.152625514387 283.05095119395844
15721.789236016448 279.2338144115155
15784.676392960515 274.1372440377324
15847.815098532355 269.6438923174229
15911.206358926484 262.5239461171056
15974.85118436219 253.28769190243568
16038.75058909964 240.87491821176803
16102.905591456036 226.2589681670485
16167.31721382186 212.71921895485664
16231.986482677148 201.91487888873354
16296.914428607855 195.785718418567
16362.102086322288 194.10493650144733
16427.550494667576 194.85907945419686
16493.260696646248 195.60610428199746
16559.23373943283 191.13324955734183
16625.470674390563 186.54384839204562
16691.972557088127 160.80378945051385
16758.74044731648 164.0138741144384
16825.775409105743 168.48871740951455
16893.07851074217 163.9479277021177
16960.650824785134 157.56293656120795
17028.493428084275 156.0350274703076
17096.607401796613 158.61768355522509
17164.993831403797 153.27014228538064
17233.653806729413 152.54078298315866
17302.588421956334 144.76813515720448
17371.798775644158 138.67198986499704
17441.285970746736 133.43102940911194
17511.05111462972 131.70199422272796
17581.095319088243 124.72393654560828
17651.419700364593 117.11842730064755
17722.02537916605 113.96340533511797
17792.913480682713 106.41838861312533
17864.085134605448 101.7125296133973
17935.54147514387 93.88062021823485
18007.283641044443 94.86016098195405
18079.312775608625 89.03735739738896
18151.630026711056 91.74022810967509
18224.236546817894 92.5984219492306
18297.133493005167 85.7198814416564
18370.32202697719 87.321936554933
18443.803315085097 85.31578577525015
18517.578528345435 80.30733260744493
18591.648842458817 71.3698165036636
18666.01543782865 74.72958370136217
18740.67949957997 76.54897980939167
18815.642217578286 84.4942101984671
18890.9047864486 86.20019726164236
18966.4684055944 90.77036021365075
19042.334279216768 86.0063437577806
19118.50361633364 88.22838471932215
19194.977630798967 83.53546526198825
19271.757541322168 80.57500134230325
19348.844571487454 77.79961099902714
19426.239949773408 71.56424390779377
19503.9449095725 76.48938965749318
19581.960689210795 70.83488087616719
19660.28853196764 75.39927992043779
19738.929686095507 73.12643418090164
19817.885404839893 75.2203312165643
19897.15694645925 75.03012406131216
19976.745574245087 76.25259957200447
20056.65255654207 77.880467004817
20136.879166768238 78.03673013162178
20217.426683435307 80.12482726354655
20298.296390169045 78.9623002674701
20379.489575729727 80.1799791155009
20461.007534032648 80.45849825330542
20542.851564168777 80.4900481323626
20625.02297042545 79.83618828423887
20707.523062307162 79.59734979388746
20790.353154556382 78.30185574561081
20873.514567174607 77.47495446249154
20957.008625443308 76.17292065635996
21040.836659945082 74.94507705266982
21125.000006584854 73.59647654058747
21209.5000066112 72.08173941554026
21294.33800663765 70.5100257135733
21379.515358664197 68.93572101525028
21465.033420098855 67.24517775115736
21550.893553779246 65.3022914175213
21637.097127994366 62.88146072996763
21723.645516506345 60.993270665015245
21810.540098572368 58.306569260756575
21897.782258966654 54.375092961060126
21985.37338800253 47.03379479351628
22073.314881554532 41.43675169019714
22161.60814108075 44.75506407403649
22250.25457364508 44.393554500928126
22339.25559193965 42.050187688712086
22428.61261430741 39.57718413254408
22518.32706476464 38.0669371996732
22608.400373023702 36.19176856552877
22698.833974515794 36.19808542789144
22789.62931041386 34.20181956479227
22880.78782765551 32.284372088060834
22972.310978966132 32.04604830559226
23064.200222882002 36.23242157819326
23156.457023773528 35.39323130818483
23249.082851868614 29.770773093210007
23342.079183276095 26.845271421906183
23435.447500009202 27.369899851821184
23529.18929000923 29.969879539668856
23623.306047169273 32.62373592752327
23717.79927135796 29.47454590184076
23812.670468443375 27.51498614732596
23907.92115031715 31.766012879417588
24003.552834918424 34.02044528498494
24099.56704625809 34.96193301874172
24195.96531444313 34.739392038261094
24292.749175700897 35.09044767566319
24389.9201724037 34.25103117713635
24487.479853093315 34.28176784398223
24585.42977250569 35.158879557692764
24683.771491595708 35.697242965823115
24782.50657756209 34.197386873242124
24881.636603872343 35.22990311385588
24981.16315028783 36.30456818689384
25081.087802888986 33.130168177943546
25181.412154100537 34.0988558494337
25282.137802716934 31.92325170103574
25383.266353927807 32.54647752447688
25484.79941934352 31.13702880566197
25586.73861702089 32.82387250515853
25689.08557148898 32.7993582269298
25791.84191377493 31.921201432392227
25895.009281430033 33.22659816654246
25998.589318555754 35.52220759453662
26102.58367582998 39.38457948478966
26206.994010533297 39.11213698724541
26311.821986575433 39.35395356085233
26417.069274521735 43.1856765323393
26522.737551619815 44.37875056660034
26628.828501826294 42.1567911538425
26735.343815833607 33.49397796157005
26842.285191096937 32.35925194910041
26949.654331861326 32.357131534128406
27057.452949188766 32.81679641722468
27165.682760985525 33.29633247882565
27274.345492029468 37.09620373461258
27383.442873997585 34.38117950834188
27492.976645493567 41.019550800432086
27602.948552075544 37.06896964075309
27713.360346283847 35.788812674849474
27824.213787668985 32.446420450057964
27935.510642819663 39.874274425329084
28047.252685390937 32.41110195537866
28159.441696132504 34.340196104834405
28272.079462917034 41.96527347030792
28385.167780768694 33.54071416442279
28498.70845189177 35.18030741062298
28612.703285699336 39.072968042646444
28727.154098842133 36.57769404556778
28842.062715237505 37.886666048769776
28957.430966098455 38.518896157652335
29073.260689962848 37.464386202979085
29189.553732722703 40.171725030352256
29306.311947653598 41.1441483896921
29423.537195444205 40.07910024753442
29541.231344225984 40.60257071010757
29659.396269602887 40.52602896081377
29778.033854681304 42.50011023178073
29897.14599010003 42.518347013206
30016.734574060432 41.32973875896861
30136.80151235667 42.485874791248136
30257.348718406094 37.419653207433925
30378.37811327972 36.49949908724877
30499.89162573284 30.51605575794796
30621.891192235766 27.669668462424454
30744.37875700471 24.371245488256243
30867.356272032728 21.668603704988826
30990.825697120858 20.141164942822897
31114.78899990934 17.8784757966503
31239.24815590897 16.723147615147397
31364.20514853261 14.930093462622402
31489.661969126744 13.671637873741185
31615.62061700325 12.862482398115793
31742.083099471263 12.575189870580873
31869.05143186915 11.919004127948625
31996.527637596624 11.794487698898179
32124.51374814701 12.441728502971468
32253.011803139605 12.3576949664229
32382.02385035216 13.05160362871207
32511.55194575357 13.715123694602426
32641.598153536583 14.919958684398082
32772.16454615073 16.356386582518923
32903.25320433533 16.85869045371069
33034.86621715268 15.495913661700193
33167.005682021285 8.61709455277477
33299.673704749366 6.0936338173707085
33432.87239956837 7.711606799905491
33566.60388916664 10.274781523090494
33700.87030472331 12.858817202531476
33835.6737859422 14.307689830938212
33971.016481085964 14.395276930330224
34106.900547010315 13.942543037124441
34243.32814919835 13.025962354664504
34380.30146179514 12.337954018111654
34517.82266764233 12.586382244081555
34655.893958312896 13.089635950455497
34794.51753414615 13.090048331358943
34933.69560428273 13.419006106398175
35073.43038669985 13.924449582752201
35213.72410824666 14.207306382181905
35354.57900467965 14.099458761077011
35495.99732069836 14.22753298371797
35637.98130998116 14.68026655840953
35780.53323522108 15.62589834812194
35923.65536816197 16.850180041225833
36067.34998963462 17.53926728547637
36211.61938959315 18.903787566991454
36356.46586715153 20.09930569072381
36501.891730620126 21.574346843103083
36647.89929754261 22.972389990249503
36794.49089473278 25.15392063964457
36941.6688583117 26.42761050808379
37089.43553374496 28.044194987568954
37237.793275879936 29.122005540934282
37386.74444898345 31.086291244171488
37536.29142677938 32.52075027288328
37686.43659248651 32.94993754204276
37837.18233885645 33.79835732089858
37988.53106821188 34.69394287453929
38140.48519248474 35.818306687361705
38293.04713325467 36.96832616153612
38446.21932178769 36.87084568138278
38600.00419907484 38.04062377571038
38754.40421587113 38.187986615980556
38909.42183273463 38.71474016702553
39065.05952006556 38.81460276723575
39221.31975814583 38.77885554559465
39378.205037178406 39.42795252892141
39535.71785732712 39.04577496823169
39693.860728756415 39.099954151667326
39852.636171671445 39.18519623154938
40012.04671635814 38.84623089060354
40172.09490322357 38.72337767022154
40332.78328283648 38.400972307026834
40494.11441596781 37.95220036556763
40656.090873631685 37.781625614312446
40818.71523712622 36.69682860098445
40981.990098074726 36.72342203347842
41145.918058467025 36.281469645675635
41310.50173070089 35.23327048928639
41475.74373762369 35.627987204476675
41641.646712574184 34.284439475937006
41808.21329942448 33.94837880628602
41975.44615262219 34.029378687607526
42143.347937232684 33.05615800722292
42311.921328981625 33.581688953456464
42481.16901429755 31.500390299299067
42651.09369035474 31.990536019186624
42821.69806511615 31.47418294077149
42992.98485737662 29.395075903228047
43164.95679680613 28.570367487119746
43337.61662399335 27.951741195607518
43510.96709048933 26.990300885276223
43685.01095885128 26.24135699761967
43859.75100268668 24.659590324882327
44035.19000669744 23.322891658986148
44211.330766724226 22.78165374397108
44388.176089791115 20.95158790872893
44565.72879415028 20.807814017254056
44743.991709326874 19.130442018538133
44922.9676761642 19.128790021768033
45102.65954686885 18.84384889751713
45283.07018505633 17.943961904954843
45464.20246579656 18.229830532861584
45646.05927565975 17.274126966843056
45828.64351276236 17.951716772850393
46011.95808681343 17.981598207473933
46196.00591916067 17.57687253903204
46380.78994283732 17.772777123208368
46566.31310260868 18.588531798754566
46752.578355019126 17.890690853564802
46939.588668439166 18.770230974811653
47127.34702311293 17.6674154470283
47315.85641120539 17.284372326487397
47505.11983685021 17.039883439292545
47695.14031619761 16.280769853314244
47885.9208774624 15.5706538656035
48077.46456097225 16.388867170177328
48269.774419216126 16.206584709155518
48462.853516892996 15.341110133339432
48656.70493096058 15.866578854656735
48851.33175068441 15.150332328424435
49046.737077687154 15.02071477131404
49242.92402599791 14.63419438133304
49439.89572210189 14.821773508904394
49637.6553049903 13.856715825736837
49836.20592621027 15.474517358312804
50035.55074991511 14.472575892477648
50235.69295291477 13.446614733299695
50436.63572472643 14.464992592980643
50638.382267625326 14.58182403373351
50840.935796695834 13.692407389888976
51044.2995398826 14.073815457946369
51248.47673804215 13.81991037369903
51453.47064499432 12.853389015757672
51659.28452757429 12.777022441337017
51865.92166568459 13.880291494327741
52073.38535234733 12.207243140790997
52281.67889375672 13.096238025245427
52490.80560933175 12.534895320033197
52700.76883176907 12.124318060828937
52911.57190709616 12.067376861978738
53123.218194724526 12.073620030363742
53335.711067503435 12.749107988819825
53549.053911773444 10.937059016244708
53763.25012742054 11.131198940541491
53978.303127930216 11.155945068564932
54194.21634044194 9.216918224553455
54410.99320580371 11.093654631073933
54628.63717862692 10.23169052562689
54847.15172734143 10.372475510316198
55066.540334250785 10.146270084227696
55286.80649558781 9.394902024266205
55507.95372157016 9.247624101995472
55729.985536456436 8.93060518097277
55952.90547860226 9.608445273569975
56176.717100516675 9.159022706635849
56401.42396891874 9.337455414744731
56627.02966479442 9.047557087134784
56853.5377834536 8.501060637778403
57080.95193458741 8.5159610862016
57309.27574232576 8.190301529341616
57538.51284529506 8.886717555759496
57768.666896676245 7.887713795003492
57999.74156426295 8.540730062911305
58231.74053052 7.002309185385754
58464.66749264208 7.623187110494729
58698.52616261265 7.411747585242328
58933.3202672631 7.440610716537271
59169.05354833215 8.17153869016482
59405.72976252549 7.138335901137214
59643.3526815756 7.732058297147934
59881.926092301896 7.685210039244179
60121.45379667111 7.771087616500999
60361.93961185778 7.081478078912781
60603.38737030522 6.846320425810297
60845.800919786445 7.49223941322536
61089.184123465595 7.039245249342834
61333.54085995945 7.746674093135891
61578.87502339928 6.962282727473219
61825.19052349288 7.052018529373653
62072.491285586846 7.1417823536507825
62320.7812507292 7.095141461134093
62570.06437573213 7.072207137105347
62820.34463323505 7.076225197193085
63071.62601176801 6.999144228440801
63323.91251581507 6.795941609814957
63577.20816587833 6.640581510758912
63831.51699854184 6.220403463446798
64086.843066536014 5.573852453105455
64343.19043880215 5.6524828930812125
64600.563200557364 5.203920998519926
64858.96545335958 4.67983375925806
65118.401315173025 5.009725932331853
65378.87492043372 5.234061672578632
65640.39042011545 4.847776302283614
65902.95198179591 4.546367759204357
66166.56378972309 4.618829656090608
66431.23004488199 4.650750231629426
66696.95496506151 4.904383105724254
66963.74278492175 4.965121400007405
67231.59775606144 4.6087456273402045
67500.52414708569 4.966995397537834
67770.52624367403 4.4904230935220095
68041.60834864872 4.397422596649818
68313.77478204331 4.18155913781557
68587.02988117147 4.238112974417289
68861.37800069616 4.649681841026232
69136.82351269896 4.5746205950312895
69413.37080674975 4.477651340453845
69691.02428997675 4.198447707322863
69969.78838713666 4.242859865019086
70249.6675406852 3.9003684124034765
70530.66621084794 3.690704934399682
70812.78887569135 3.6067559829543097
71096.04003119409 3.4451943730419203
71380.42419131887 3.426191178928913
71665.94588808414 3.22102150986754
71952.60967163648 3.130030425300797
72240.42011032304 3.044535199783525
72529.38179076432 2.8954232368469164
72819.49931792737 2.8075391005794272
73110.77731519907 2.759504516923788
73403.22042445988 2.627177716968106
73696.83330615771 2.6221687010239876
73991.62063938235 2.6164010275966003
74287.58712193987 2.5720330411052106
74584.73747042764 2.5416682699265998
74883.07642030934 2.623269979464661
75182.60872599059 2.702075942953557
75483.33916089457 2.7181243905975263
75785.27251753812 2.732455132085625
76088.4136076083 2.7349262291502616
76392.76726203872 2.968090725189361
76698.33833108687 2.293229806252767
77005.13168441122 2.1131639653959526
77313.15221114887 2.0073760319162415
77622.40481999348 2.038663226958497
77932.89443927344 2.0531769478617776
78244.62601703055 2.094280084468735
78557.60452109865 2.1952906546305937
78871.83493918306 2.186519367408169
79187.3222789398 2.226312837711873
79504.07156805556 2.304350484767529
79822.08785432778 2.3248956122750384
80141.37620574511 2.27779858463887
80461.94171056806 2.2655946847647006
80783.78947741033 2.2908700288984245
81106.92463531997 2.3598540432863575
81431.35233386126 2.2451340464869345
81757.0777431967 2.2203506987482577
82084.10605416949 2.212801778865755
82412.44247838613 2.233678408426381
82742.09224829968 2.238829410478509
83073.06061729288 2.1974399133914075
83405.35285976208 2.1572271428632757
83738.9742712011 2.1697985638007564
84073.93016828595 2.199974921828807
84410.22588895904 2.198849691185999
84747.86679251489 2.2151167373126066
85086.85825968496 2.190856912525463
85427.20569272367 2.2120917697842124
85768.91451549459 2.239158429491101
86111.99017355654 2.231573828662866
86456.43813425078 2.2551275462630156
86802.2638867878 2.2640655635183973
87149.47294233493 2.2722698116592617
87498.07083410428 2.2490226313045123
87848.0631174407 2.2884727960328224
88199.45536991046 2.2726577624438833
88552.25319139009 2.3233479581980587
88906.46220415569 2.3386509044021335
89262.08805297229 2.3195532652769337
89619.1364051842 2.291931013986617
89977.61295080492 2.352137166904649
90337.52340260813 2.2991756518390845
90698.87349621857 2.327968247104073
91061.66899020346 2.331501354746051
91425.91566616425 2.3387410749858573
91791.61932882894 2.320389488293401
92158.78580614422 2.350348155994833
92527.4209493688 2.3259691274788263
92897.53063316627 2.285082788907084
93269.12075569895 2.3261582355720507
93642.19723872172 2.3201252919554904
94016.76602767664 2.2436855894964562
94392.83309178732 2.194181254153314
94770.40442415449 2.2220174687601197
95149.48604185111 2.2248736064317076
95530.08398601852 2.276455421525017
95912.20432196259 2.1873329674094166
96295.85313925042 2.167043425101276
96681.0365518075 2.169140484361208
97067.76069801472 2.177795105816159
97456.03174080675 2.158618130846451
97845.85586776999 2.171463427942116
98237.23929124104 2.0337762095023924
98630.18824840599 2.0780006867513143
99024.70900139965 1.8325121098140584
99420.80783740526 2.0419138866794486
99818.49106875488 2.0175784946097406
100217.76503302988 1.982113600870996
100618.636093162 1.9507620685927085
101021.11063753467 1.8989985954446593
101425.1950800848 1.9433893610019501
101830.89586040513 1.901789552296337
102238.21944384674 1.879627351521009
102647.17232162213 1.8122786521353609
103057.7610109086 1.7843860741191901
103469.99205495225 1.642222277838567
103883.87202317205 1.5747658244065117
104299.40751126477 1.5654203237972344
104716.60514130979 1.5673981735998288
105135.47156187505 1.630346073090943
105556.01344812254 1.6023094658295054
105978.23750191503 1.5723717077098895
106402.15045192267 1.5677283796527117
106827.75905373038 1.5852406756816417
107255.07008994528 1.508828119628225
107684.09037030509 1.4768831314345048
108114.8267317863 1.536731471366318
108547.28603871344 1.494929847594906
108981.47518286831 1.443930538531268
109417.40108359976 1.4210296845491555
109855.0706879342 1.3006743419074758
110294.49097068593 1.3211342259567533
110735.66893456863 1.3773055958501137
111178.61161030692 1.400962448024102
111623.32605674816 1.3514614383355539
112069.81936097513 1.3650610958173008
112518.09863841905 1.2883705605747497
112968.17103297272 1.3312240917826268
113420.0437171046 1.2837878047470432
113873.72389197304 1.3098718487663725
114329.21878754091 1.275434566613502
114786.53566269108 1.2558986019675036
115245.68180534184 1.2307226464999812
115706.66453256323 1.1522088320342472
116169.49119069346 1.144821014075103
116634.16915545624 1.166437977038952
117100.70583207808 1.0698523524133214
117569.1086554064 1.016018412953502
118039.385090028 1.0989026495560241
118511.54263038811 1.0954756480834245
118985.58880090967 1.057045057025396
119461.5311561133 1.0682461384572068
119939.37728073777 1.0541458818146976
120419.13478986072 1.0596401289852138
120900.81132902016 0.9507336134718336
121384.41457433623 0.9874302886422579
121869.9522326336 1.0339072887252714
122357.43204156413 0.9543308488616544
122846.86176973036 0.9247338720073316
123338.2492168093 0.9462104656872701
123831.60221367657 0.8555652213496031
124326.92862253124 0.8264240053016636
124824.23633702139 0.9055859170603917
125323.53328236948 0.8045938653859113
125824.82741549893 0.8276872208922631
126328.12672516092 0.8344540905989652
126833.43923206156 0.8438604139935466
127340.77298898982 0.8138005217130284
127850.13608094577 0.7888283834767268
128361.53662526955 0.7660510661794754
128874.98277177062 0.8156739414663151
129390.4827028577 0.7496424516590957
129908.04463366912 0.7762132487329105
130427.67681220379 0.7051786552992356
130949.38751945265 0.7455348931370406
131473.18506953045 0.6955871994669924
131999.07780980857 0.7350403507390859
132527.0741210478 0.6436594649814118
133057.182417532 0.6201680654276253
133589.4111472021 0.6856815414751906
134123.76879179094 0.64828470550424
134660.26386695806 0.5856625619607271
135198.9049224259 0.6465396727979749
135739.7005421156 0.6234120731322905
136282.65934428407 0.6147377961147444
136827.78998166122 0.6015036103883625
137375.1011415879 0.5691786956562714
137924.60154615424 0.6092709897579441
138476.29995233883 0.5294865979140897
139030.20515214818 0.5863542443963226
139586.32597275675 0.5786370610311492
140144.6712766478 0.5136711707850847
140705.2499617544 0.5825051121716409
141268.0709616014 0.5229991399225769
141833.1432454478 0.47517758027901774
142400.4758184296 0.4983636431403921
142970.07772170333 0.5479114947246065
143541.95803259013 0.468951806788688
144116.12586472047 0.45812404213007724
144692.59036817937 0.4495661878228489
145271.3607296521 0.4430518864081007
145852.44617257072 0.4695770500562362
146435.85595726097 0.4514042318523808
147021.59938109003 0.4483595404006637
147609.6857786144 0.4765332891089543
148200.12452172884 0.4202584335408088
148792.92501981577 0.38930068704779885
149388.09671989502 0.42031293917462
149985.6491067746 0.40334129638713623
150585.59170320167 0.40454808633776257
151187.93407001448 0.4008953354127197
151792.68580629455 0.3747336009176206
152399.85654951975 0.41724392932472126
153009.45597571784 0.4072886557205361
153621.4937996207 0.3741985225443566
154235.97977481916 0.35684085014336886
154852.92369391845 0.36087313896247053
155472.3353886941 0.3266663450552125
156094.2247302489 0.3450015461721952
156718.60162916992 0.3591630305604545
157345.47603568656 0.30684878576345803
157974.8579398293 0.3300412373274946
158606.75737158864 0.33228009848289325
159241.18440107498 0.3596668446114604
159878.14913867926 0.27887393731172355
160517.661735234 0.31652574218307566
161159.73238217493 0.29131493958517507
161804.3713117036 0.3267921581713462
162451.58879695044 0.27068242026724626
163101.39515213823 0.2969190670800589
163753.8007327468 0.29832615943750534
164408.81593567782 0.28073407380159765
165066.45119942052 0.2710349105011914
165726.71700421823 0.27332880681293525
166389.62387223504 0.2352583673105084
167055.18236772402 0.2654064226063841
167723.40309719497 0.2911128060763607
168394.2967095837 0.27202801153603634
169067.87389642204 0.24671394807968866
169744.14539200772 0.24468678749802913
170423.1219735757 0.27844396831636203
171104.81446147006 0.21312600140442853
171789.23371931593 0.24856473424727565
172476.3906541932 0.22606330566194416
173166.29621680998 0.2256257175222683
173858.96140167722 0.19625571778872802
174554.39724728392 0.23399293791425219
175252.61483627307 0.22170305315388858
175953.62529561817 0.2143128888714318
176657.43979680064 0.20964688531805928
177364.06955598784 0.2050597043080096
178073.52583421173 0.20251780961528723
178785.8199375486 0.21911776267313193
179500.9632172988 0.18702999629658817
180218.967070168 0.21033681427898315
180939.84293844865 0.19982028953338904
181663.60231020238 0.16816176421340312
182390.25671944322 0.1948521665106364
183119.81774632097 0.19839620972759728
183852.29701730626 0.1830648585584376
184587.7062053755 0.17839428587482
185326.057030197 0.16014426177087884
186067.3612583178 0.15194194922170146
186811.63070335102 0.16999583264187176
187558.8772261645 0.16134715214888554
188309.11273506918 0.18976159357398775
189062.3491860094 0.16722075205922407
189818.59858275342 0.14899129946058565
190577.87297708448 0.17337798135703628
191340.18446899284 0.16727833158437713
192105.54520686882 0.1466346290137437
192873.9673876963 0.1424316432154143
193645.46325724703 0.14967433622344645
194420.04511027603 0.12202230026830432
195197.72529071715 0.15357822710091518
195978.51619188 0.13175340362298305
196762.4302566476 0.13640999207182847
199107.9942767367 0.1341816678457743
203090.15416227144 0.11935611804560789
207151.95724551688 0.11775420889117821
211294.9963904272 0.10042201521661909
215520.89631823578 0.09750123520636896
219831.31424460045 0.09002629864403601
224227.94052949245 0.08093443529671253
228712.4993400823 0.08092117016857026
233286.74932688402 0.07580219120750695
237952.48431342165 0.06421526358442854
242711.5339996901 0.06621494284048042
247565.76467968393 0.05815069970892864
252517.0799732776 0.051570462844448835
257567.42157274322 0.051112312656818884
262718.770004198 0.04850894017247338
267973.145404282 0.040534919357532534
273332.6083123676 0.042808526237502975
278799.26047861495 0.03749721896758392
284375.2456881872 0.03127885269842168
290062.750601951 0.033799173625889356
295864.00561398995 0.029326229553331747
301781.2857262697 0.027824274081692597
307816.91144079523 0.023932173803489325
313973.24966961105 0.02422363360090067
320252.7146630032 0.022560143872215596
326657.7689562633 0.0206740117892175
333190.92433538847 0.017541514185877984
339854.7428220964 0.01882079918242873
346651.83767853834 0.01582982023180348
353584.87443210906 0.013981505866797642
360656.57192075124 0.013303282935623108
367869.70335916633 0.013277352931308864
375227.09742634965 0.01142255928871168
382731.63937487674 0.011483156056396179
390386.2721623741 0.010166015368887511
398193.99760562164 0.00936704507412724
406157.87755773397 0.007978757603433079
414281.0351088888 0.008430277256467033
422566.65581106645 0.007779307825214048
431017.98892728786 0.006632578962443322
439638.3487058336 0.006254880843865181
448431.11567995034 0.0059023383714133055
457399.7379935492 0.005398767655390489
466547.7327534202 0.004914411715502821
475878.6874084886 0.004717343957177963
485396.2611566584 0.004465643326476504
495104.1863797916 0.0038669649897448443
505006.2701073874 0.003748928620075766
515106.39550953516 0.003282164091735861
525408.5234197257 0.003455903026822536
535916.6938881205 0.00310929437604976
546635.0277658828 0.0028534744071467963
557567.7283212005 0.002421665734577997
568719.0828876244 0.0023388892360118843
580093.4645453768 0.0022138948730237966
591695.3338362843 0.0021025248401951306
603529.2405130101 0.0018927897231067541
615599.8253232702 0.0019231723996960901
627911.8218297358 0.0016211342243441227
640470.0582663304 0.001401767972794037
653279.459431657 0.0013280819231751705
666345.04862029 0.0012505115976219532
679671.9495926959 0.0012737446419780459
693265.38858455 0.0012201060463046642
707130.6963562409 0.0010453795127101262
721273.3102833657 0.0009105116539352553
735698.7764890331 0.000871508359717546
750412.7520188137 0.0007903383631405357
765421.0070591901 0.0007878169829130283
780729.4272003738 0.0007192192803415592
796344.0157443815 0.0006713355448286326
812270.896059269 0.00057389552698412
828516.3139804546 0.0005343898495190119
845086.6402600636 0.0005142132040156523
861988.3730652649 0.0005006810035448709
879228.14052657 0.0005449817663770829
896812.7033371016 0.0004333925508679636
914748.9574038435 0.00041629670217593244
933043.9365519203 0.0003667055620562921
951704.8152829591 0.00031463299082071467
970738.911588618 0.00033886711896894333
990153.6898203905 0.0002652673118795577
