1000.5530765187797 1.0854681340270697e-28
1004.5552888248548 3.085829686769429e-113
1008.5735099801544 1.238205765746881e-108
1012.607804020075 4.105277945361685e-108
1016.6582352361554 4.221811526182504e-113
1020.7248681770998 2.5334819871381733e-78
1024.8077676498083 4.48887930506886e-84
1028.9069987204075 6.523472328310753e-106
1033.022626715289 2.48238481717572e-73
1037.1547172221503 8.465365864246356e-110
1041.3033360910388 3.644361676080192e-101
1045.468549435403 8.905453409098823e-95
1049.6504236331448 2.809105077018711e-112
1053.8490253276773 1.746534462453588e-83
1058.064421428988 3.902766536731199e-105
1062.296679114704 1.879416665297248e-82
1066.5458658311627 1.4088423188271648e-91
1070.8120492944875 1.2315485608144018e-95
1075.0952974916654 1.3441877086930615e-74
1079.3956786816323 3.2337371704586753e-96
1083.7132613963586 9.082402499009067e-72
1088.048114441944 3.669404455376745e-77
1092.4003068997117 9.338723876616859e-51
1096.7699081273104 1.3200788692331527e-75
1101.15698775982 3.4840350102963184e-78
1105.561615710859 3.0018997369234445e-52
1109.9838621737026 7.434150849969442e-61
1114.4237976223976 1.4188745576901484e-69
1118.8814928128868 1.1349732454695381e-76
1123.3570187841383 1.0879161875757621e-69
1127.8504468592753 5.037201418882459e-40
1132.361848646712 2.5450533201041956e-49
1136.8912960412988 4.790867244348887e-48
1141.438861225464 6.266226419190029e-47
1146.004616670366 1.6695419125248695e-45
1150.5886351370475 3.4973901842605755e-47
1155.190989677596 2.2198341075494555e-49
1159.8117536363065 2.485971164436228e-45
1164.4510006508515 4.207238866025512e-50
1169.108804653455 8.809358293840367e-53
1173.7852398720688 2.2539592428019724e-42
1178.480380831557 2.499181193905935e-39
1183.1943023548836 1.8143598179096624e-40
1187.9270795643029 3.161546851398144e-44
1192.67878788256 4.0616679257926014e-38
1197.4495030340906 3.7147761840506705e-35
1202.2393010462267 9.623610173888856e-49
1207.0482582504117 1.0648058183291041e-35
1211.8764512834132 1.0480854529417805e-38
1216.7239570885472 1.639748332266786e-33
1221.5908529169012 2.635103318558255e-29
1226.4772163285688 2.562240375839447e-27
1231.383125193883 5.912522120266329e-30
1236.3086576946585 4.759435588366701e-28
1241.2538923254372 3.3299242206346564e-30
1246.2189078947392 1.0080741224049877e-33
1251.203783526318 1.5769711723327973e-29
1256.2085986604231 5.657821369901831e-34
1261.233433055065 2.3235347424230995e-29
1266.2783667872852 2.2336402732523743e-30
1271.3434802544346 1.5071814485863644e-27
1276.4288541754522 7.669556833217755e-31
1281.534569592154 5.359599128670589e-29
1286.6607078705229 2.525835145609244e-29
1291.8073507020044 4.037749344456234e-26
1296.9745801048125 1.5355996612956672e-26
1302.162478425232 1.672474579367162e-28
1307.3711283389327 1.3943643904417005e-27
1312.6006128522888 2.3354724054300737e-26
1317.851015303698 7.343763997562902e-26
1323.1224193649127 9.65719170682802e-26
1328.4149090423725 1.0724328757812882e-25
1333.728568678542 1.8927560846074602e-24
1339.0634829532567 1.7672717285610297e-25
1344.4197368850691 2.473825393953293e-25
1349.7974158326099 4.963446202685116e-25
1355.1966054959403 2.9172175651776325e-24
1360.6173919179244 1.1061804044800294e-24
1366.059861485596 2.8921916397873687e-25
1371.5241009315384 6.132878166771743e-25
1377.0101973352646 1.2939293006580373e-24
1382.5182381246057 9.431746993219118e-24
1388.0483110771042 1.120293031611198e-23
1393.6005043214122 8.006714432028653e-24
1399.1749063386976 3.3544823622655106e-25
1404.7716059640527 1.3040249997880571e-23
1410.3906923879088 7.639495073099464e-24
1416.0322551574602 9.902987359452893e-23
1421.6963841780905 4.705538664960448e-24
1427.3831697148032 5.353581399294956e-24
1433.0927023936622 5.889377928337681e-22
1438.8250732032368 9.946967256567938e-23
1444.5803734960498 8.137192595935843e-22
1450.3586949900334 3.9508021532122605e-22
1456.1601297699938 7.095987983250715e-22
1461.984770289074 2.1018916063543988e-23
1467.83270937023 3.4498147865207517e-22
1473.704040207711 7.744915876603045e-22
1479.5988563685412 1.5234346509499203e-21
1485.5172517940157 4.703206334985435e-22
1491.459320801192 3.63235722351293e-21
1497.4251580843968 9.479700044679408e-22
1503.4148587167342 8.264951783343517e-21
1509.4285181516007 8.891510889962877e-21
1515.4662322242077 6.745190150634453e-23
1521.5280971531042 3.58367542264416e-21
1527.6142095417167 1.2504391286972668e-22
1533.7246663798837 1.43172117423722e-22
1539.859565045403 1.5087192927383263e-22
1546.0190033055849 4.3558006830782904e-23
1552.203079318807 7.885490734427043e-23
1558.4118916360824 9.65577712700693e-23
1564.6455392026269 9.668858913841287e-23
1570.9041213594373 1.0496962809619074e-22
1577.187737844875 1.1960123040227941e-22
1583.4964887962547 1.280589204897853e-22
1589.8304747514399 1.7781499562569273e-22
1596.1897966504455 1.4838941276866051e-22
1602.5745558370472 2.0334226746053455e-22
1608.9848540603957 2.6948238327078973e-22
1615.4207934766368 2.8894561002714583e-22
1621.8824766505436 3.5270487576957605e-22
1628.3700065571454 4.265802825671878e-22
1634.8834865833744 5.981629079562944e-22
1641.4230205297079 7.617158739673188e-22
1647.9887126118267 1.0860548257222856e-21
1654.580667462274 1.0763164564457133e-21
1661.198990132123 1.8538574942377898e-21
1667.8437860926513 2.444268553050748e-21
1674.515161237022 3.463792860233757e-21
1681.2132218819695 6.115902795021603e-21
1687.9380747694975 5.160558146589588e-21
1694.6898270685758 1.5243302891070694e-20
1701.4685863768502 1.377599372546485e-20
1708.2744607223572 2.0260349683852665e-20
1715.1075585652468 2.9780356426715155e-20
1721.967988799508 2.814036221684852e-20
1728.8558607547059 5.507465668893069e-20
1735.7712841977245 4.366877754490362e-20
1742.7143693345156 4.442725732274152e-20
1749.6852268118535 1.2394169679730416e-19
1756.6839677191008 8.14174134108369e-20
1763.7107035899771 2.1313319492104362e-19
1770.7655464043373 2.67275022703942e-19
1777.8486085899544 1.4598135276194873e-19
1784.9600030243143 5.175538303332111e-19
1792.0998430364118 4.36571139464069e-19
1799.2682424085576 5.308085937489458e-19
1806.4653153781921 1.2594560394146241e-18
1813.6911766397043 4.644792610642847e-19
1820.945941346263 1.219389957024577e-18
1828.2297251116483 2.8053456706891064e-18
1835.5426440120948 5.72805158373331e-19
1842.8848145881432 2.7041583933133458e-18
1850.2563538464956 5.523167171292079e-18
1857.657379261881 2.047955894984228e-18
1865.0880087789287 7.914589996209512e-18
1872.5483608140448 7.234681480435947e-18
1880.0385542573008 3.8159971516587435e-18
1887.5587084743302 1.574383278256273e-17
1895.1089433082268 1.2068801981261637e-17
1902.68937908146 9.396524414273823e-18
1910.3001365977857 3.573702227846362e-17
1917.9413371441767 2.407734481050308e-17
1925.6131024927531 3.19883850814429e-17
1933.3155549027244 7.281422551339897e-17
1941.0488171223355 6.831136843663464e-17
1948.8130123908247 6.524522694441263e-17
1956.608264440388 1.5380821865821525e-16
1964.434697498149 9.775511449073038e-17
1972.2924362881417 1.3975307352400364e-16
1980.1816060332944 2.62404456265707e-16
1988.1023324574276 2.278427731074467e-16
1996.0547417872574 2.1448235941284995e-16
2004.0389607544066 3.467737050654792e-16
2012.0551165974243 3.7652354204445965e-16
2020.1033370638136 4.208058563602081e-16
2028.1837504120688 6.242471788620054e-16
2036.2964854137172 5.566443366039838e-16
2044.4416713553724 4.727911936633262e-16
2052.6194380407937 7.90864842434197e-16
2060.829915792957 8.13237349760755e-16
2069.0732354561287 9.06781603660458e-16
2077.3495283979532 1.0340553423313835e-15
2085.6589265115445 1.3716374593118157e-15
2094.001562217591 1.6098953042230766e-15
2102.3775684664615 1.766739425951054e-15
2110.787078740328 1.5458791899377953e-15
2119.2302270552887 2.370117946265087e-15
2127.70714796351 2.8301090588016804e-15
2136.217976555364 3.701886383903461e-15
2144.7628484615852 2.2803409830097837e-15
2153.341899855432 4.449547156123873e-15
2161.9552674548536 6.473021905888799e-15
2170.603088524673 7.740463865898342e-15
2179.285500878772 5.792311248744728e-15
2188.0026428822866 6.9133024252334185e-15
2196.754653453816 1.3562974530038121e-14
2205.541672067631 1.2022847626947161e-14
2214.3638387559017 2.8180906282231404e-14
2223.2212941109246 1.3560085584650548e-14
2232.114179287369 5.342106377015603e-14
2241.0426360045185 3.231454019184506e-14
2250.0068065485366 9.601024446755232e-14
2259.0068337747302 5.5616949565990976e-14
2268.0428611098296 9.45062299843064e-14
2277.115032554269 1.1525741738839864e-13
2286.223492684486 1.3838767603082888e-13
2295.368386655224 3.4362504248823537e-13
2304.549860201845 8.518663583348973e-14
2313.7680596426517 3.867585332158474e-13
2323.0231318812225 3.321489737956869e-13
2332.3152244087473 7.003616810707821e-13
2341.6444853063817 8.397488508371396e-13
2351.0110632476076 2.685044257732464e-13
2360.415107500598 1.0462252273714076e-12
2369.8567679306 3.081727950056214e-13
2379.3361950023227 1.6369296003280584e-12
2388.853539782332 1.2671681005921735e-12
2398.4089539414617 4.1552958614534525e-12
2408.0025897572273 4.933452656347961e-12
2417.6346001162565 1.6927604558757925e-12
2427.3051385167214 7.98671652449355e-12
2437.0143590707885 6.580724749635907e-12
2446.762416507072 2.1346239272820638e-11
2456.5494661731 1.0301879633441584e-11
2466.375664037793 1.9383702097246413e-11
2476.2411666939443 2.9374833007238434e-11
2486.1461313607197 7.0471609605003545e-12
2496.090715886162 2.872898899275301e-11
2506.075078749707 1.9949315164471483e-11
2516.0993790647044 3.695883804864363e-11
2526.163776580964 9.778933123322448e-11
2536.268431687288 1.6489652714851468e-10
2546.4135054140374 2.2840615638367462e-10
2556.599159435693 1.1540222266606196e-10
2566.825556073436 1.0425685227881819e-10
2577.09285829773 1.3759286707577431e-10
2587.4012297309205 1.1250698970643443e-10
2597.7508346498444 2.1624807243469163e-10
2608.141837988444 2.213009685543716e-10
2618.5744053403982 4.2532729099447003e-10
2629.0487029617593 7.243113110003609e-10
2639.5648977736064 7.229584214312712e-10
2650.123157364701 7.481939877615527e-10
2660.7236499941596 7.440670181688439e-10
2671.366544594136 7.429417502686896e-10
2682.052010772512 1.2222903751618015e-09
2692.7802188156024 1.14941362061974e-09
2703.551339690865 1.8288426233955226e-09
2714.365545049628 2.1095353933452603e-09
2725.223007229827 2.24850517884949e-09
2736.123899258746 2.7000980100405226e-09
2747.0683948557817 3.819719803000913e-09
2758.0566684352048 3.920429762471209e-09
2769.0888951089455 5.905373511984953e-09
2780.165250689381 5.952380654886582e-09
2791.2859116921386 7.993612585273767e-09
2802.451055338907 9.059042264634841e-09
2813.660859560263 1.0478766118690779e-08
2824.9155029985036 1.201560506410045e-08
2836.2151650104965 1.546294742430095e-08
2847.5600256705393 1.6646764493336047e-08
2858.950265773222 2.2562742572327737e-08
2870.386066836315 2.4031385463833464e-08
2881.8676111036607 3.022266030654877e-08
2893.3950815480757 3.586658953101606e-08
2904.968661874268 4.089981904032241e-08
2916.588536521764 4.8600250827167886e-08
2928.254890667851 5.598020598320306e-08
2939.9679102305226 6.401511261031242e-08
2951.727781871445 7.540603400032276e-08
2963.534692998931 8.648078743137525e-08
2975.3888317709266 9.891324750256707e-08
2987.2903870980094 1.1604391270782369e-07
2999.2395486464025 1.3056917396982213e-07
3011.2365068409886 9.735075762349344e-08
3023.2814528683516 1.0885444978669693e-07
3035.374578679825 7.059190389462482e-08
3047.516076994544 1.3969113885468637e-07
3059.7061413025226 1.651753418911242e-07
3071.9449658677336 1.821716265554207e-07
3084.232745731204 1.9026905578966492e-07
3096.569676714128 1.0883596579094965e-07
3108.955955420985 1.1979186887204217e-07
3121.3917792426687 2.5040481977800276e-07
3133.8773463596394 2.848470335452219e-07
3146.412855745078 3.0518532532020824e-07
3158.998507168058 3.181879120977373e-07
3171.6345011967305 3.2317496321164485e-07
3184.321039201517 3.162850938810907e-07
3197.0583233583234 2.8614127716016754e-07
3209.8465566517566 1.640862657931247e-07
3222.6859428783637 8.286805572585271e-08
3235.576686649877 1.65873221885813e-07
3248.518993396477 1.0726277217440277e-07
3261.513069370063 4.492630643365445e-08
3274.559121647543 8.612462496347175e-09
3287.6573581341336 4.134201278036878e-10
3300.8079875666704 6.942501445826663e-13
3314.0112195169368 7.383642029950956e-11
3327.2672643950045 4.949769338140854e-09
3340.5763334525845 5.395678701898489e-08
3353.938638786395 2.1395342836001346e-07
3367.354393341541 5.051601712794416e-07
3380.8238109149074 9.119190396296651e-07
3394.347106158567 1.4077210153461931e-06
3407.924494583201 1.9431313217534223e-06
3421.5561925615334 2.338323392515264e-06
3435.2424173317804 1.6633592458810988e-06
3448.9833870011066 2.025896243014311e-07
3462.7793205491116 2.9920960941867976e-06
3476.630437831308 5.506887129811824e-06
3490.536959582633 7.226424194532283e-06
3504.4991074209643 8.810132928992963e-06
3518.5171038506473 1.0447037075461008e-05
3532.5911722660503 1.219470352840091e-05
3546.7215369551145 1.4093658626002693e-05
3560.9084231029346 1.6172110696243337e-05
3575.1520567953467 1.8454120280853846e-05
3589.452665022528 2.0964609302112482e-05
3603.810475682617 2.3728398025269526e-05
3618.225717585348 2.677249664787165e-05
3632.698620455689 3.0124976878336257e-05
3647.2294149375116 3.381759655582907e-05
3661.8183325972614 3.7883314247169786e-05
3676.4656059276513 4.235750437898746e-05
3691.1714683513615 4.727945543961964e-05
3705.936154224767 5.2692391523937745e-05
3720.7598988416657 5.863853700424284e-05
3735.6429384370326 6.516929648604173e-05
3750.585510190781 7.233143584799795e-05
3765.587852231544 8.017922506885356e-05
3780.6502036404704 8.876769687313519e-05
3795.772804455032 9.816405164472026e-05
3810.955895672852 0.00010841878364340759
3826.199719255544 0.00011959106229686308
3841.504518132566 0.00013173725982619543
3856.870536205096 0.00014490700860370277
3872.2980183499167 0.00015907956030069092
3887.7872104233156 0.00017428774999448868
3903.338359265009 0.000190434850357244
3918.9517127020695 0.00020732379662046472
3934.6275195528774 0.0002244440258634047
3950.3660296310895 0.00024086660107675896
3966.1674937496136 0.0002545241907580677
3982.0321637246125 0.00026086229323780133
3997.9602923795105 0.000249563651944185
4013.9521335490285 0.00019602223794873487
4030.007942083225 7.010736051676784e-05
4046.1279738515577 1.0304139427612972e-06
4062.312485746964 8.028167787483974e-05
4078.5617356899515 0.0002806857532094182
4094.8759826327114 0.00043164717110109755
4111.255486563242 0.0005415714455525741
4127.700508509496 0.000633321231871906
4144.211310543533 0.0007182538219636594
4160.788155785708 0.0008022623159810471
4177.431308408849 0.000888365427692398
4194.141033642486 0.0009785070541872163
4210.917597777056 0.0010736815048614627
4227.761268168164 0.0011752429006711537
4244.672313240838 0.0012842539447973625
4261.651002493801 0.0014018026013120734
4278.697606503776 0.0015274447688427477
4295.812396929791 0.0016634852492127406
4312.995646517511 0.0018096839039734513
4330.24762910358 0.0019664072310776734
4347.568619619994 0.002135778200484944
4364.958894098475 0.0023185950482379953
4382.418729674868 0.002514812245618185
4399.948404593568 0.002725323871034565
4417.548198211942 0.002954245673170028
4435.21839100479 0.00319875856558423
4452.959264568809 0.0034629580915836707
4470.771101627084 0.00374525759665969
4488.654186033592 0.004045091417370965
4506.608802777726 0.004370689757551726
4524.635237988838 0.004721960350375871
4542.733778940792 0.00508863138235233
4560.904714056555 0.005409431346134113
4579.148332912781 0.005528445359744231
4597.464926244433 0.006003961469004584
4615.85478594941 0.006395431713531911
4634.318205093208 0.006778489517724321
4652.855477913582 0.007163311879614079
4671.466899825236 0.007572511612699206
4690.152767424537 0.007954648664305751
4708.913378494234 0.008176871049710198
4727.749032008212 0.008147128459186272
4746.660028136244 0.007784340786083204
4765.646668248789 0.007068570764616383
4784.709254921784 0.005955874601896867
4803.8480919414715 0.00465871171530828
4823.063484309237 0.003324498548862204
4842.355738246474 0.0022490396959957025
4861.72516119946 0.001565059515623216
4881.172061844257 0.001125612035087304
4900.6967500916335 0.0008391980815509753
4920.299537092001 0.0005988959265299686
4939.9807352403695 0.0003960078237082737
4959.740658181329 0.00024095635021397556
4979.5796208140555 0.00013430816330834314
4999.497939297312 6.987690502580786e-05
5019.495931054502 3.666285122595042e-05
5039.57391477872 2.2278235896358283e-05
5059.732210437835 1.7235962292852112e-05
5079.971139279585 1.61893048619361e-05
5100.291023836704 1.5939330963040585e-05
5120.692187932051 1.5023905455521436e-05
5141.174956683781 1.3950949597628285e-05
5161.739656510514 1.336926371520923e-05
5182.386615136556 1.2836289201002822e-05
5203.116161597103 1.1890287500365355e-05
5223.928626243489 1.0907109122640032e-05
5244.824340748465 1.0147902830627126e-05
5265.803638111459 9.354239911773802e-06
5286.866852663905 8.548371848647719e-06
5308.0143200745615 7.955794413918955e-06
5329.246377354859 7.432278507242131e-06
5350.563362864278 6.900926342984689e-06
5371.965616315736 6.512995486110393e-06
5393.453478780998 6.153089615010345e-06
5415.027292696122 5.740876836812206e-06
5436.687401866905 5.413640433621801e-06
5458.434151474374 5.06875677250573e-06
5480.267888080271 4.66786201782608e-06
5502.188959632591 4.323781044081578e-06
5524.197715471122 3.9711912747735915e-06
5546.294506333006 3.584984009837994e-06
5568.479684358337 3.2235309432296622e-06
5590.753603095771 2.883970575161409e-06
5613.1166175081535 2.5203695394352913e-06
5635.569083978187 2.217276732521457e-06
5658.1113603140975 1.899260392543024e-06
5680.743805755354 1.6331738546196793e-06
5703.466780978376 1.3958785118713857e-06
5726.28064810229 1.2030934853636655e-06
5749.185770694699 1.0390239064467614e-06
5772.182513777476 8.997120767403972e-07
5795.271243832587 7.746798305529855e-07
5818.452328807918 6.544109128461049e-07
5841.72613812315 5.27109063248792e-07
5865.093042675643 2.8940079435310057e-07
5888.553414846345 8.527400412098749e-08
5912.10762850573 1.9512854582601077e-07
5935.756059019754 6.252952605618545e-07
5959.499083255832 1.116499918619537e-06
5983.337079588855 1.7036876131794329e-06
6007.27042790721 2.557818957693169e-06
6031.299509618841 3.936054098142896e-06
6055.424707657316 6.040128169116477e-06
6079.646406487946 9.194728008927848e-06
6103.964992113897 1.3917105644475151e-05
6128.380852082353 2.0699722580057606e-05
6152.894375490681 3.0093624874092467e-05
6177.505952992646 4.249090474922407e-05
6202.215976804616 5.858180570421408e-05
6227.024840711833 7.939074361429899e-05
6251.932940074681 0.00010642334555404852
6276.940671834981 0.00014143829265818688
6302.048434522321 0.00018786540568597017
6327.256628260409 0.0002485610969697962
6352.5656547734525 0.00032687343221815025
6377.975917392546 0.00042921613954930327
6403.487821062116 0.0005618338581325481
6429.101772346364 0.0007327340732933167
6454.81817943575 0.0009543685050357657
6480.637452153493 0.0012412705699347637
6506.560001962106 0.001612679992772944
6532.586241969955 0.002093684169630051
6558.716586937834 0.002712961285323679
6584.951453285586 0.0035012981600648914
6611.291259098727 0.004509727879450512
6637.7364241351215 0.005797797751976785
6664.2873698316625 0.007406214251058794
6690.94451931099 0.009386624308924176
6717.7082973882325 0.011831015951461901
6744.579130577787 0.014789657713426637
6771.557447100097 0.018170802333699724
6798.643676888497 0.021687067181028752
6825.838251596053 0.024928386798952328
6853.141604602436 0.027367551995267393
6880.554171020846 0.0285468050973095
6908.0763877049285 0.028536099673573238
6935.708693255749 0.028016814487245002
6963.4515280287715 0.02822290684497136
6991.305334140887 0.029226030205154137
7019.270555477449 0.03127839895404069
7047.34763769936 0.03419741198962446
7075.537028250157 0.03746695843272429
7103.839176363159 0.04069604715313797
7132.254533068612 0.043887749518058045
7160.783551200888 0.04640717781656554
7189.42668540569 0.048353561554554565
7218.184392147313 0.04970083240632137
7247.0571297159 0.04936034550128567
7276.045358234765 0.04870421527044347
7305.149539667704 0.046915469351818395
7334.370137826372 0.04521888721360784
7363.707618377678 0.04327281518842765
7393.162448851191 0.04122813713838765
7422.735098646595 0.038689267394467784
7452.426039041182 0.03615892751901792
7482.235743197345 0.03342398433491485
7512.1646861701365 0.029834866528709217
7542.213344914818 0.026537259680230393
7572.382198294477 0.02313223205882301
7602.671727087656 0.01797026759464248
7633.082413996006 0.007871003366179732
7663.614743651989 0.0006051782436558705
7694.269202626598 0.00086736209397585
7725.046279437104 0.004952213899898152
7755.946464554851 0.012669417678230033
7786.970250413072 0.02515661278503785
7818.118131414723 0.038047246885015075
7849.390603940383 0.05060115343295291
7880.788166356144 0.06495245736442647
7912.311319021571 0.08161485927364777
7943.960564297654 0.10138149612547276
7975.736406554845 0.12477147603510395
8007.639352181065 0.15176933649844526
8039.669909589788 0.1819040567046545
8071.828589228147 0.21631561713802921
8104.115903585063 0.2545582593712005
8136.532367199402 0.296516948851133
8169.078496668199 0.3470724483823714
8201.754810654873 0.39701374343405926
8234.561829897493 0.47508669951346827
8267.500077217084 0.5647386832488681
8300.570077525952 0.6498820163200619
8333.772357836056 0.7451063299186111
8367.1074472674 0.8470864048925818
8400.575877056472 0.9612658856616202
8434.178180564695 1.0817888697446798
8467.914893286956 1.2096497701390496
8501.786552860101 1.3451623057364337
8535.793699071543 1.5046264396933142
8569.936873867831 1.691758010601476
8604.216621363299 1.8441485339648878
8638.633487848754 1.8586649541966502
8673.18802180015 2.2118896186310124
8707.880773887353 2.437810746899215
8742.7122969829 2.722457051251836
8777.68314617083 3.02064477422907
8812.793878755514 3.349843587035023
8848.045054270535 3.682366034868185
8883.437234487617 3.9587175527901315
8918.970983425568 4.157903623732561
8954.64686735927 4.396515796962269
8990.465454828707 4.755710377553098
9026.427316648023 5.3580892146978645
9062.533025914616 5.823637294558742
9098.783158018272 6.164883167270432
9135.178290650345 6.554708075513399
9171.719003812947 6.8291017380400065
9208.405879828202 7.423652723239133
9245.239503347511 7.690010881992066
9282.2204613609 5.655727007137403
9319.349343206346 5.403696138478488
9356.626740579171 6.2951405216478
9394.053247541488 8.054382833872118
9431.629460531654 7.951115233270597
9469.355978373778 7.8767248103036085
9507.233402287276 8.075784047328419
9545.262335896427 8.52235325401538
9583.443385240013 8.27249103503737
9621.777158780975 8.896966508089767
9660.264267416096 9.74074565484086
9698.90532448576 10.735338728338812
9737.7009457837 10.872084891598908
9776.651749566838 11.285228348975405
9815.758356565104 11.59312008691007
9855.021389991363 11.840822595298604
9894.441475551332 12.056500854213375
9934.019241453534 12.026820178405064
9973.755318419348 11.278625219890941
10013.650339693024 9.266963052866856
10053.704941051796 9.238122270420304
10093.919760816003 8.993167872580495
10134.295439859268 8.68869231329782
10174.832621618703 8.258708828378538
10215.531952105179 7.8884837239851135
10256.394079913602 7.603580615166924
10297.419656233254 7.297153268633743
10338.609334858189 6.73622398099507
10379.96377219762 6.399250327136692
10421.483627286412 6.037350406969556
10463.169561795556 5.684556537827496
10505.022240042741 5.337234278259813
10547.042329002912 5.017278329524202
10589.230498318922 4.697196666920048
10631.587420312197 4.389561713089694
10674.113769993448 4.089902455659348
10716.810225073421 3.8152391333410476
10759.677465973711 3.5761901518184875
10802.716175837608 3.3869769355349253
10845.927040540959 3.2329077532988664
10889.310748703121 3.089218777691793
10932.867991697934 2.9094257357620066
10976.599463664725 2.711121886571609
11020.505861519383 2.426515160752151
11064.587884965462 2.106204566444461
11108.846236505324 1.8044164083627297
11153.281621451348 1.5035648208087204
11197.894747937147 1.6616247212052373
11242.686326928899 1.7458008367891196
11287.657072236614 2.060158546599657
11332.807700525562 1.4634863300386578
11378.138931327663 2.1960148344249792
11423.651487052975 2.2975622219485237
11469.346093001184 2.291663026966459
11515.22347737319 2.1868078525365693
11561.284371282683 2.164700408561673
11607.529508767815 2.2115312381219208
11653.959626802887 2.489835877448676
11700.5754653101 2.5910214206538003
11747.377767171341 2.7291793433659564
11794.367278240028 2.9256949661117346
11841.544747352984 3.1336705903977893
11888.9109263424 3.1782621801418682
11936.46657004777 3.134649053913168
11984.212436327958 3.1183255372897607
12032.149286073272 3.117933760589669
12080.277883217566 3.1615044531864585
12128.598994750435 3.233985995601173
12177.113390729437 3.3660536054611874
12225.821844292353 3.5152121719719784
12274.725131669524 3.72146432556386
12323.824032196202 3.9204885051999194
12373.119328324985 4.1553467089641245
12422.611805638286 4.425614584087517
12472.302252860838 4.772787967473724
12522.19146187228 5.0565065752641125
12572.280227719768 5.4889824322557015
12622.569348630648 5.9453859128563495
12673.059626025171 6.365501270513184
12723.751864529271 6.681956760811327
12774.646871987386 6.940204070535102
12825.74545947534 7.0593609771249115
12877.04844131324 7.176245332714076
12928.556635078494 7.344881480710149
12980.270861618808 7.549114671544575
13032.191945065284 7.75675661010719
13084.320712845543 8.032350714193925
13136.657995696927 8.159546813575846
13189.204627679715 8.483219710054406
13241.961446190431 8.349651165358734
13294.929291975195 7.27978036656529
13348.109009143096 4.574699741110948
13401.50144517967 1.8718960519685546
13455.107450960388 1.078771360318997
13508.927880764231 0.7523850028785117
13562.963592287288 0.4049136397262909
13617.215446656439 0.5709100912931722
13671.684308443064 1.018131576065378
13726.371045676835 1.1070400411367156
13781.276529859542 2.0028400708379412
13836.40163597898 0.8598920682081593
13891.747242522899 1.0822310774514143
13947.314231492988 0.8735059133048217
14003.103488418961 1.1883602149394585
14059.115902372636 1.302829862637942
14115.352365982128 0.9868359411783403
14171.813775446057 1.1117600502778064
14228.501030547843 1.2495533798448233
14285.41503467003 1.862616410857868
14342.556694808713 1.644282889812685
14399.926921587949 1.865313039190675
14457.5266292743 2.5551126315153017
14515.356735791396 3.20566566509171
14573.418162734559 3.5959318348817453
14631.711835385498 3.3341980782071547
14690.238682727038 2.972577624956025
14748.999637457951 2.972673377126193
14807.995636007783 2.9867018649016486
14867.227618551815 3.128931691161002
14926.69652902602 3.2020774655213864
14986.403315142123 3.5654906758303864
15046.348928402693 3.586749100506544
15106.534324116303 3.2926367692579226
15166.96046141277 3.2157041573951455
15227.62830325842 3.5451992785425865
15288.538816471453 3.607609134984952
15349.692971737337 3.686878600425416
15411.091743624287 3.6877475364760426
15472.736110598784 3.701450203981936
15534.62705504118 3.691696857180957
15596.765563261344 3.703957875039829
15659.152625514387 3.6996843608214878
15721.789236016448 3.645232916848149
15784.676392960515 3.5335474631337567
15847.815098532355 3.4292393641371737
15911.206358926484 3.291149285544415
15974.85118436219 3.143904466698854
16038.75058909964 2.9831318698940326
16102.905591456036 2.7995356350027603
16167.31721382186 2.606006716475071
16231.986482677148 2.3963737186164646
16296.914428607855 2.221007649864135
16362.102086322288 2.0833724167719914
16427.550494667576 1.9756935180617612
16493.260696646248 1.9291281135891198
16559.23373943283 1.8193123289922812
16625.470674390563 1.7260942025952233
16691.972557088127 1.4801968287017016
16758.74044731648 1.5129206289753878
16825.775409105743 1.4397694717857372
16893.07851074217 1.3385798960598265
16960.650824785134 1.2477476946803125
17028.493428084275 1.1735075106875041
17096.607401796613 1.1269046111970917
17164.993831403797 1.0591114877250962
17233.653806729413 0.990806997178432
17302.588421956334 0.9187818322072756
17371.798775644158 0.8582095737755812
17441.285970746736 0.7964596155362053
17511.05111462972 0.7424239488349936
17581.095319088243 0.6653484025500018
17651.419700364593 0.5814955523658931
17722.02537916605 0.5376758576106487
17792.913480682713 0.4600458393889529
17864.085134605448 0.39596257414475156
17935.54147514387 0.31664654602677095
18007.283641044443 0.29407335657887873
18079.312775608625 0.2407012809626362
18151.630026711056 0.2301106370173912
18224.236546817894 0.2273882874589981
18297.133493005167 0.17886448248916695
18370.32202697719 0.1628470413129261
18443.803315085097 0.18444971031983612
18517.578528345435 0.17058424673160127
18591.648842458817 0.14479001527194213
18666.01543782865 0.11054834638761597
18740.67949957997 0.11031485828021931
18815.642217578286 0.1753635965498556
18890.9047864486 0.15839500488251534
18966.4684055944 0.14910737250705436
19042.334279216768 0.11357249067935551
19118.50361633364 0.11215584410303073
19194.977630798967 0.10038419795158378
19271.757541322168 0.09005389449552165
19348.844571487454 0.08663249724296222
19426.239949773408 0.08057088915710686
19503.9449095725 0.08965040957636222
19581.960689210795 0.08785059077922898
19660.28853196764 0.09715071565147768
19738.929686095507 0.09690158288837648
19817.885404839893 0.09962859066153619
19897.15694645925 0.10312755633548733
19976.745574245087 0.1033099828505507
20056.65255654207 0.09937878127452877
20136.879166768238 0.09743431059586527
20217.426683435307 0.09335072503969541
20298.296390169045 0.0929339145316915
20379.489575729727 0.09200580278997608
20461.007534032648 0.08999839829079265
20542.851564168777 0.08708001053545575
20625.02297042545 0.0836613169005675
20707.523062307162 0.07969420602474532
20790.353154556382 0.07557065839318527
20873.514567174607 0.0717989378116725
20957.008625443308 0.0684866342682408
21040.836659945082 0.06609719113400202
21125.000006584854 0.06472531527494826
21209.5000066112 0.0643544305785261
21294.33800663765 0.06484157734815603
21379.515358664197 0.065935159910481
21465.033420098855 0.06710016046035892
21550.893553779246 0.06804188858241925
21637.097127994366 0.06797276232584255
21723.645516506345 0.06784379499005566
21810.540098572368 0.06566713798094403
21897.782258966654 0.06377136118271289
21985.37338800253 0.05810612640448256
22073.314881554532 0.056874814384702
22161.60814108075 0.057295008653988136
22250.25457364508 0.054825601047156246
22339.25559193965 0.0533275151123705
22428.61261430741 0.05028231436136017
22518.32706476464 0.04828905737141149
22608.400373023702 0.044929912023961606
22698.833974515794 0.045265382343727664
22789.62931041386 0.0440131965609971
22880.78782765551 0.04304726986793382
22972.310978966132 0.04144357314093757
23064.200222882002 0.0427131769817337
23156.457023773528 0.03796003343797196
23249.082851868614 0.039023515887861966
23342.079183276095 0.03748437003699438
23435.447500009202 0.03714078007718021
23529.18929000923 0.0382457010667414
23623.306047169273 0.039573704801027496
23717.79927135796 0.03619436946974549
23812.670468443375 0.03993779242512653
23907.92115031715 0.04172795310002673
24003.552834918424 0.04370517783967418
24099.56704625809 0.04693401768704588
24195.96531444313 0.04986640456600856
24292.749175700897 0.05585403411693433
24389.9201724037 0.06128087494238078
24487.479853093315 0.0672962812812355
24585.42977250569 0.07745691978391615
24683.771491595708 0.08481690757184518
24782.50657756209 0.09220297957497688
24881.636603872343 0.0973375201160195
24981.16315028783 0.10805298502230053
25081.087802888986 0.10372982396889653
25181.412154100537 0.10641465020769741
25282.137802716934 0.09463651738006337
25383.266353927807 0.0983314560851995
25484.79941934352 0.08204314037330239
25586.73861702089 0.11754997490892097
25689.08557148898 0.08642159623119884
25791.84191377493 0.091116039267925
25895.009281430033 0.08481629819800746
25998.589318555754 0.1047417039815314
26102.58367582998 0.13677594151415942
26206.994010533297 0.17304637265122977
26311.821986575433 0.16096508523827882
26417.069274521735 0.28231968043860733
26522.737551619815 0.27122877693776565
26628.828501826294 0.12939157746948693
26735.343815833607 0.058751529192649005
26842.285191096937 0.09167930788046881
26949.654331861326 0.16805792825262547
27057.452949188766 0.1785985428051206
27165.682760985525 0.1989749744036889
27274.345492029468 0.33303678807194953
27383.442873997585 0.16265999955355684
27492.976645493567 0.33950417837836255
27602.948552075544 0.17727166596989014
27713.360346283847 0.1981195813939255
27824.213787668985 0.1611798823639912
27935.510642819663 0.32382440444466276
28047.252685390937 0.1930154834531705
28159.441696132504 0.286328341582022
28272.079462917034 0.4425744911942832
28385.167780768694 0.29402560248978193
28498.70845189177 0.3908541480966933
28612.703285699336 0.4771731166688977
28727.154098842133 0.5214325954815405
28842.062715237505 0.58249242007251
28957.430966098455 0.6355273832554453
29073.260689962848 0.6393779029886534
29189.553732722703 0.7782281440262498
29306.311947653598 0.9614384727760561
29423.537195444205 0.9276068470544293
29541.231344225984 0.976036214184956
29659.396269602887 1.075730341281828
29778.033854681304 1.1342595256152297
29897.14599010003 1.3836060093379077
30016.734574060432 0.49073178343947205
30136.80151235667 1.2148648909047068
30257.348718406094 1.507055332836072
30378.37811327972 1.6215992044550627
30499.89162573284 1.3918622515593615
30621.891192235766 2.0300161583005236
30744.37875700471 1.8105297903396425
30867.356272032728 1.7955892543478404
30990.825697120858 1.8156190242377133
31114.78899990934 1.5504271394997027
31239.24815590897 1.9961688609374137
31364.20514853261 1.7473053421496103
31489.661969126744 1.5964007300901741
31615.62061700325 1.45215074481718
31742.083099471263 1.4639800654561748
31869.05143186915 1.2171166452722362
31996.527637596624 1.0235782850616362
32124.51374814701 1.0986254820404753
32253.011803139605 1.119808618778361
32382.02385035216 1.3618559916947661
32511.55194575357 1.5591826875267727
32641.598153536583 1.6824461104102748
32772.16454615073 2.1312827421198755
32903.25320433533 2.612422359546765
33034.86621715268 2.1826237224797773
33167.005682021285 0.20555440206644887
33299.673704749366 0.3063540106363938
33432.87239956837 1.2528441784059374
33566.60388916664 1.9119788471514905
33700.87030472331 2.307211991213743
33835.6737859422 2.007787693426082
33971.016481085964 1.8990616296464615
34106.900547010315 1.8412336074988545
34243.32814919835 1.865999916069487
34380.30146179514 1.9524643412116098
34517.82266764233 1.9787470911834608
34655.893958312896 2.2421417114158477
34794.51753414615 2.248565039080156
34933.69560428273 2.5499446621785866
35073.43038669985 2.9510939153721374
35213.72410824666 3.1023961239438287
35354.57900467965 3.0895253986974534
35495.99732069836 3.39454071647536
35637.98130998116 3.8655034118426577
35780.53323522108 4.149039946289466
35923.65536816197 4.529775272374653
36067.34998963462 4.598757887191278
36211.61938959315 5.077953104403559
36356.46586715153 5.498129971612301
36501.891730620126 5.469845769240579
36647.89929754261 5.665488735463504
36794.49089473278 5.966185684839994
36941.6688583117 5.751321103606076
37089.43553374496 5.792462235018628
37237.793275879936 5.824105022710683
37386.74444898345 6.023439062343512
37536.29142677938 6.0286615356668944
37686.43659248651 5.849295124443714
37837.18233885645 5.812634911265914
37988.53106821188 5.867867290089768
38140.48519248474 6.06305770304812
38293.04713325467 6.016077459261417
38446.21932178769 5.716152516850029
38600.00419907484 5.894380083201041
38754.40421587113 5.823247108036583
38909.42183273463 5.845783030100125
39065.05952006556 5.736668283675866
39221.31975814583 5.7613489743396675
39378.205037178406 5.777250923815763
39535.71785732712 5.640852501879095
39693.860728756415 5.656735004094123
39852.636171671445 5.6142887800204635
40012.04671635814 5.454244303127485
40172.09490322357 5.428457549944037
40332.78328283648 5.365941522829805
40494.11441596781 5.228917125393798
40656.090873631685 5.201818776058955
40818.71523712622 5.078544077404212
40981.990098074726 4.976241835619453
41145.918058467025 4.937100561944985
41310.50173070089 4.78618268579842
41475.74373762369 4.803068098487885
41641.646712574184 4.673469377945253
41808.21329942448 4.5342173093663805
41975.44615262219 4.498696058159913
42143.347937232684 4.401978632358246
42311.921328981625 4.48511660078129
42481.16901429755 4.334309726744484
42651.09369035474 4.398067779650923
42821.69806511615 4.185991622418849
42992.98485737662 3.519765227415829
43164.95679680613 3.541765897322684
43337.61662399335 3.889021344689753
43510.96709048933 3.872818882863594
43685.01095885128 3.8859495824151002
43859.75100268668 3.835404860789865
44035.19000669744 3.674803063541864
44211.330766724226 3.752474472138359
44388.176089791115 3.4195577310612055
44565.72879415028 3.640222679371665
44743.991709326874 3.346950565210079
44922.9676761642 3.5319611905917476
45102.65954686885 3.5055778801992385
45283.07018505633 3.0427524590494484
45464.20246579656 3.551563464697259
45646.05927565975 3.2857051662715526
45828.64351276236 3.350540260563065
46011.95808681343 3.395485913859922
46196.00591916067 2.8631332555229365
46380.78994283732 3.192859449417924
46566.31310260868 2.944666785333564
46752.578355019126 2.6176878680307003
46939.588668439166 3.1476100992689555
47127.34702311293 2.84396980625063
47315.85641120539 2.59835292609486
47505.11983685021 2.9344297145407263
47695.14031619761 2.7013888332164964
47885.9208774624 2.2934841859782735
48077.46456097225 2.611734027916381
48269.774419216126 2.667139189516907
48462.853516892996 2.082311262003438
48656.70493096058 2.615320437305852
48851.33175068441 2.3571811288188282
49046.737077687154 2.1698057928334156
49242.92402599791 2.395387930796397
49439.89572210189 1.9924847955088918
49637.6553049903 1.8322802584727174
49836.20592621027 2.2313116372792723
50035.55074991511 2.147876229675509
50235.69295291477 1.405516237425894
50436.63572472643 2.071897275092678
50638.382267625326 2.1303596791311543
50840.935796695834 1.568392953355859
51044.2995398826 1.7586585688513852
51248.47673804215 1.8109624675662481
51453.47064499432 1.162406977118235
51659.28452757429 1.5441624474354563
51865.92166568459 1.8348628070562265
52073.38535234733 0.9150749059779194
52281.67889375672 1.384690520400767
52490.80560933175 1.4336903856257044
52700.76883176907 1.266154352033984
52911.57190709616 1.1938984625853373
53123.218194724526 1.3048873823234315
53335.711067503435 1.5100812881784405
53549.053911773444 0.7083924062743041
53763.25012742054 1.0286094879010603
53978.303127930216 1.3129462182074159
54194.21634044194 0.49124756229785094
54410.99320580371 1.0484862667017165
54628.63717862692 0.740561337463144
54847.15172734143 0.8597956038506456
55066.540334250785 0.8625998590285648
55286.80649558781 0.751892849557188
55507.95372157016 0.6387406530842273
55729.985536456436 0.5174160076065574
55952.90547860226 0.6793988760926931
56176.717100516675 0.6503856090946728
56401.42396891874 0.5138838320095104
56627.02966479442 0.5883147272933267
56853.5377834536 0.4978093714934862
57080.95193458741 0.4894612277213441
57309.27574232576 0.425739507109463
57538.51284529506 0.4026484358414674
57768.666896676245 0.442779977873002
57999.74156426295 0.6048655347219187
58231.74053052 0.3114855854504861
58464.66749264208 0.5541952044539812
58698.52616261265 0.3291522040928253
58933.3202672631 0.3212538709439742
59169.05354833215 0.5265233187600666
59405.72976252549 0.29569860436701545
59643.3526815756 0.49956166412024083
59881.926092301896 0.46139569121761115
60121.45379667111 0.5737031329969489
60361.93961185778 0.46046019294638313
60603.38737030522 0.30748702196435773
60845.800919786445 0.4567903147426736
61089.184123465595 0.33087296175458464
61333.54085995945 0.38087677027583644
61578.87502339928 0.2553628160668164
61825.19052349288 0.30124896843363846
62072.491285586846 0.48713734730096453
62320.7812507292 0.4740405487035406
62570.06437573213 0.5942571530293219
62820.34463323505 0.5419234659400448
63071.62601176801 0.673204529976146
63323.91251581507 0.4952360933293682
63577.20816587833 0.5022484068491211
63831.51699854184 0.46077897184898675
64086.843066536014 0.27183203430477115
64343.19043880215 0.36143101715335674
64600.563200557364 0.3437258191898252
64858.96545335958 0.18701451692968657
65118.401315173025 0.2822331099163667
65378.87492043372 0.31470153864066985
65640.39042011545 0.22774619347875558
65902.95198179591 0.22699071493583983
66166.56378972309 0.2554254519377993
66431.23004488199 0.2633898372183621
66696.95496506151 0.28187658575725205
66963.74278492175 0.3659264950624265
67231.59775606144 0.3083482466916461
67500.52414708569 0.4054824083514291
67770.52624367403 0.31567363167549545
68041.60834864872 0.32590974211115753
68313.77478204331 0.3948194551230485
68587.02988117147 0.23711833417768602
68861.37800069616 0.38260384339986125
69136.82351269896 0.440125236254482
69413.37080674975 0.46622230651395774
69691.02428997675 0.34082229541564485
69969.78838713666 0.41570986338474636
70249.6675406852 0.4157183013233457
70530.66621084794 0.2970913084197181
70812.78887569135 0.4338617386311662
71096.04003119409 0.40451512124600325
71380.42419131887 0.41865476803015883
71665.94588808414 0.3301625214808486
71952.60967163648 0.3829127259414461
72240.42011032304 0.3952549751459384
72529.38179076432 0.3686273131958892
72819.49931792737 0.30301552937288656
73110.77731519907 0.36020455286811887
73403.22042445988 0.2600113272011864
73696.83330615771 0.33146362510745486
73991.62063938235 0.3669532084223385
74287.58712193987 0.35301267847296963
74584.73747042764 0.255318013139341
74883.07642030934 0.3243869798929526
75182.60872599059 0.386251903641934
75483.33916089457 0.38098508202769765
75785.27251753812 0.3472086484318921
76088.4136076083 0.33600486599378737
76392.76726203872 0.4210941842293295
76698.33833108687 0.17003340226362196
77005.13168441122 0.26611284536076546
77313.15221114887 0.2897321442058297
77622.40481999348 0.27612634881156684
77932.89443927344 0.34811015272113194
78244.62601703055 0.35926497364219767
78557.60452109865 0.33740422113860435
78871.83493918306 0.29306781493457285
79187.3222789398 0.33070494519039084
79504.07156805556 0.353019910667686
79822.08785432778 0.36396851765909655
80141.37620574511 0.31932632465466226
80461.94171056806 0.32863155215041767
80783.78947741033 0.32959425546902915
81106.92463531997 0.371958833682828
81431.35233386126 0.31168315646843464
81757.0777431967 0.333958421687013
82084.10605416949 0.329029164565753
82412.44247838613 0.31069389991374835
82742.09224829968 0.3518088907221929
83073.06061729288 0.35628028646397303
83405.35285976208 0.3332685713794739
83738.9742712011 0.3031631633727834
84073.93016828595 0.3348642209025878
84410.22588895904 0.3361215266826146
84747.86679251489 0.3323801624371772
85086.85825968496 0.2797249544793657
85427.20569272367 0.3266974771329655
85768.91451549459 0.33115851748304936
86111.99017355654 0.3148749771782381
86456.43813425078 0.2511345207117765
86802.2638867878 0.30080972127228445
87149.47294233493 0.31389005355444916
87498.07083410428 0.2910373658287277
87848.0631174407 0.24908964284340165
88199.45536991046 0.27553684627134345
88552.25319139009 0.29244047877059054
88906.46220415569 0.2876319522240792
89262.08805297229 0.2524368855460423
89619.1364051842 0.22794340648237227
89977.61295080492 0.2627875400707683
90337.52340260813 0.2726758420522771
90698.87349621857 0.2361373278502401
91061.66899020346 0.2531359888964493
91425.91566616425 0.2310168288710408
91791.61932882894 0.2482843820363747
92158.78580614422 0.21206063465159744
92527.4209493688 0.260883842388312
92897.53063316627 0.21762716320786427
93269.12075569895 0.2124624356283117
93642.19723872172 0.23621473196222265
94016.76602767664 0.2312129969499096
94392.83309178732 0.24331238653889645
94770.40442415449 0.20551035846374627
95149.48604185111 0.2141390802491892
95530.08398601852 0.2127597810773196
95912.20432196259 0.23855177788184778
96295.85313925042 0.2364704528051573
96681.0365518075 0.19513831318239497
97067.76069801472 0.21230400263733487
97456.03174080675 0.2149662092134993
97845.85586776999 0.22805632108484028
98237.23929124104 0.2348268567918245
98630.18824840599 0.20495595991263854
99024.70900139965 0.21231977703531654
99420.80783740526 0.2102991693434117
99818.49106875488 0.23200914192075744
100217.76503302988 0.22898226765056048
100618.636093162 0.19491925175281424
101021.11063753467 0.21004740605977895
101425.1950800848 0.22155115635866685
101830.89586040513 0.22505192040699384
102238.21944384674 0.22319874541784152
102647.17232162213 0.21653741362358633
103057.7610109086 0.19967244432451065
103469.99205495225 0.08679492311800631
103883.87202317205 0.09758630720069089
104299.40751126477 0.13702612549489163
104716.60514130979 0.1582014547274764
105135.47156187505 0.14974707596778522
105556.01344812254 0.16956014964130703
105978.23750191503 0.18099772219797877
106402.15045192267 0.16837112424011533
106827.75905373038 0.14089738309737862
107255.07008994528 0.09064693055438298
107684.09037030509 0.09866306602735374
108114.8267317863 0.13083137969108846
108547.28603871344 0.15615431783132072
108981.47518286831 0.16232685263643878
109417.40108359976 0.1611714009488449
109855.0706879342 0.16581244830421604
110294.49097068593 0.1598241924911874
110735.66893456863 0.17896758255319253
111178.61161030692 0.1762770450173176
111623.32605674816 0.18156128070179
112069.81936097513 0.15949766956519407
112518.09863841905 0.14472333349333952
112968.17103297272 0.17518826447541944
113420.0437171046 0.1746279725355556
113873.72389197304 0.1693075422985293
114329.21878754091 0.17231966974961865
114786.53566269108 0.15078882657703058
115245.68180534184 0.134407768994427
115706.66453256323 0.16118255962538414
116169.49119069346 0.1646304268765956
116634.16915545624 0.1596919123481649
117100.70583207808 0.12660091260838868
117569.1086554064 0.1441102215463878
118039.385090028 0.1278220267978444
118511.54263038811 0.1475882432367626
118985.58880090967 0.1528786896863168
119461.5311561133 0.14697089560902418
119939.37728073777 0.12011993148433217
120419.13478986072 0.13837799759124367
120900.81132902016 0.11028548723613142
121384.41457433623 0.14029052256296543
121869.9522326336 0.14254057816210547
122357.43204156413 0.12340634331000422
122846.86176973036 0.12241445134349553
123338.2492168093 0.12907734815757288
123831.60221367657 0.10908303244728877
124326.92862253124 0.12818112240138646
124824.23633702139 0.13318746585109562
125323.53328236948 0.11479855527368221
125824.82741549893 0.11531174983881434
126328.12672516092 0.12501600419503062
126833.43923206156 0.10860035706034234
127340.77298898982 0.11037977868763395
127850.13608094577 0.12288234372618038
128361.53662526955 0.10434874093502049
128874.98277177062 0.11502114348971415
129390.4827028577 0.11553514685360568
129908.04463366912 0.11560519023808821
130427.67681220379 0.10104910279726052
130949.38751945265 0.11101486043287782
131473.18506953045 0.10818184840324693
131999.07780980857 0.10889563418166934
132527.0741210478 0.10653273402116437
133057.182417532 0.10852826462659729
133589.4111472021 0.1005414655955098
134123.76879179094 0.09532546886171779
134660.26386695806 0.10100316278886
135198.9049224259 0.10563957125935944
135739.7005421156 0.09969079126509908
136282.65934428407 0.10247337524557576
136827.78998166122 0.10170461544170392
137375.1011415879 0.09389324704177057
137924.60154615424 0.09622645464006398
138476.29995233883 0.09837845742344493
139030.20515214818 0.09951392593852494
139586.32597275675 0.0994663719388364
140144.6712766478 0.09168636395896128
140705.2499617544 0.08958623707999909
141268.0709616014 0.09154532650906379
141833.1432454478 0.08753920347778209
142400.4758184296 0.0911566873466203
142970.07772170333 0.09107878204594669
143541.95803259013 0.08605668651532684
144116.12586472047 0.0862060109789013
144692.59036817937 0.08003661475212284
145271.3607296521 0.08163463305730256
145852.44617257072 0.08606979609199032
146435.85595726097 0.08595753890081759
147021.59938109003 0.08380772822529906
147609.6857786144 0.08361464661902968
148200.12452172884 0.08263868839295767
148792.92501981577 0.07931634192343705
149388.09671989502 0.07639929354469421
149985.6491067746 0.08011664000983415
150585.59170320167 0.07777530779279168
151187.93407001448 0.07802617520569156
151792.68580629455 0.07366222635469657
152399.85654951975 0.07581291002773466
153009.45597571784 0.07522928492671553
153621.4937996207 0.07088343837022112
154235.97977481916 0.07231686146946455
154852.92369391845 0.07085041454158408
155472.3353886941 0.06732999276054666
156094.2247302489 0.06562881504750416
156718.60162916992 0.06638413349207337
157345.47603568656 0.06301822592792877
157974.8579398293 0.0603776152505238
158606.75737158864 0.06020512907194562
159241.18440107498 0.058291882296742405
159878.14913867926 0.05659481058974516
160517.661735234 0.061918948600658434
161159.73238217493 0.05947556593062945
161804.3713117036 0.06156512187028108
162451.58879695044 0.058139954366642446
163101.39515213823 0.06074963940114792
163753.8007327468 0.06078394898876425
164408.81593567782 0.06095187995655605
165066.45119942052 0.06031007725175391
165726.71700421823 0.05774105212422076
166389.62387223504 0.05452729987993665
167055.18236772402 0.0572683725332149
167723.40309719497 0.058216738802905434
168394.2967095837 0.05536014238083665
169067.87389642204 0.050734899815884964
169744.14539200772 0.054914570705829266
170423.1219735757 0.05675573994170216
171104.81446147006 0.05073690875927391
171789.23371931593 0.052930589798324344
172476.3906541932 0.04991417907909448
173166.29621680998 0.052496008440872495
173858.96140167722 0.04747518187749904
174554.39724728392 0.05295882951587112
175252.61483627307 0.047985416477954894
175953.62529561817 0.04833909837600376
176657.43979680064 0.05054890037588675
177364.06955598784 0.04880577440355865
178073.52583421173 0.04991668290678091
178785.8199375486 0.05000674629594114
179500.9632172988 0.04605639365367356
180218.967070168 0.045875446698244525
180939.84293844865 0.04687660776392185
181663.60231020238 0.04163604848823746
182390.25671944322 0.044209933903772
183119.81774632097 0.043509756950200956
183852.29701730626 0.04576996298205817
184587.7062053755 0.04612335233111866
185326.057030197 0.04299394431617143
186067.3612583178 0.04134258933326525
186811.63070335102 0.04146198279777496
187558.8772261645 0.042755980091993884
188309.11273506918 0.04405430977116188
189062.3491860094 0.043244075653204254
189818.59858275342 0.03694858440416434
190577.87297708448 0.04190164816155528
191340.18446899284 0.042191753888351405
192105.54520686882 0.036898282922763134
192873.9673876963 0.03519270316174541
193645.46325724703 0.035211145289527804
194420.04511027603 0.03251110148073441
195197.72529071715 0.03844235189268575
195978.51619188 0.03420954304294561
196762.4302566476 0.036713354069963886
199107.9942767367 0.03359912612933463
203090.15416227144 0.032699361817175025
207151.95724551688 0.0316840177670197
211294.9963904272 0.027403217681621152
215520.89631823578 0.026825672235268862
219831.31424460045 0.0244669503123472
224227.94052949245 0.02236265894424066
228712.4993400823 0.023127283165751585
233286.74932688402 0.022343431904868157
237952.48431342165 0.0166540626373333
242711.5339996901 0.021160655275577922
247565.76467968393 0.018409857727261097
252517.0799732776 0.013341324491796201
257567.42157274322 0.01615353109518534
262718.770004198 0.014500019601811116
267973.145404282 0.011191876662792359
273332.6083123676 0.01385922593262275
278799.26047861495 0.010947317575702975
284375.2456881872 0.007986488766591679
290062.750601951 0.009975490468029112
295864.00561398995 0.008842204109600847
301781.2857262697 0.00849549367474861
307816.91144079523 0.006504114814254799
313973.24966961105 0.007991937201716235
320252.7146630032 0.0068625945952900235
326657.7689562633 0.006000886996754935
333190.92433538847 0.005070658384434865
339854.7428220964 0.005953889896890306
346651.83767853834 0.004482475483236096
353584.87443210906 0.003905866973279655
360656.57192075124 0.0036637052482216236
367869.70335916633 0.003910430693561138
375227.09742634965 0.0036427843108847065
382731.63937487674 0.0042370980050305896
390386.2721623741 0.002862830747548506
398193.99760562164 0.0025717146244143762
406157.87755773397 0.0022579011253781186
414281.0351088888 0.0031089301121262226
422566.65581106645 0.0024913421209581004
431017.98892728786 0.0019368052631113589
439638.3487058336 0.0017499049320322728
448431.11567995034 0.0017100507446331696
457399.7379935492 0.0017866706609596876
466547.7327534202 0.0013453894538120416
475878.6874084886 0.001449441234879093
485396.2611566584 0.0014413652871810361
495104.1863797916 0.001113401955493372
505006.2701073874 0.0010808433626124736
515106.39550953516 0.0010021628724550668
525408.5234197257 0.0012108174457721836
535916.6938881205 0.0010305132275225525
546635.0277658828 0.0009504818551536653
557567.7283212005 0.0007449113844460503
568719.0828876244 0.0006517701564024874
580093.4645453768 0.0006798267350494133
591695.3338362843 0.0006471077380631891
603529.2405130101 0.0006328469179608002
615599.8253232702 0.000672793915129289
627911.8218297358 0.0004589471544969945
640470.0582663304 0.00043027875850068986
653279.459431657 0.0004111334200113353
666345.04862029 0.00034633083463005794
679671.9495926959 0.0004341622591134058
693265.38858455 0.0004318147958333654
707130.6963562409 0.00032510899561211495
721273.3102833657 0.00025416442949863346
735698.7764890331 0.0003049827324340761
750412.7520188137 0.00024337981254251743
765421.0070591901 0.00025642887557375294
780729.4272003738 0.00021881981887530907
796344.0157443815 0.00021524324987930117
812270.896059269 0.00018535311159888213
828516.3139804546 0.0001655390497528136
845086.6402600636 0.00015662377445387407
861988.3730652649 0.0001804170924056324
879228.14052657 0.00019540113327753278
896812.7033371016 0.00014324631249825156
914748.9574038435 0.0001388725465007062
933043.9365519203 0.0001131386107683865
951704.8152829591 9.494750667232267e-05
970738.911588618 0.00011197761840900165
990153.6898203905 8.183751801931239e-05
