1000.5530765187797 4.214691482347208e-12
1004.5552888248548 6.259119689405789e-44
1008.5735099801544 8.532667959217016e-42
1012.607804020075 1.4623616154617696e-41
1016.6582352361554 8.732019829740473e-44
1020.7248681770998 1.283167693489106e-31
1024.8077676498083 2.8785949633431283e-33
1028.9069987204075 1.2848943905734582e-40
1033.022626715289 4.3769909771117815e-30
1037.1547172221503 2.156360551943661e-42
1041.3033360910388 6.210837158979742e-39
1045.468549435403 5.60928745665613e-37
1049.6504236331448 5.6755545806501465e-43
1053.8490253276773 9.616255459778664e-33
1058.064421428988 2.325548161643205e-40
1062.296679114704 2.5287817593067853e-32
1066.5458658311627 1.0107194820729883e-35
1070.8120492944875 6.628437907330896e-37
1075.0952974916654 7.488071244157144e-30
1079.3956786816323 5.8808580925624486e-37
1083.7132613963586 5.424917781251764e-29
1088.048114441944 1.6444327119835735e-30
1092.4003068997117 1.9551640382814903e-25
1096.7699081273104 5.9157041876505996e-30
1101.15698775982 1.2100563198844938e-30
1105.561615710859 2.339283600791748e-25
1109.9838621737026 2.4412316419096004e-26
1114.4237976223976 5.322435680691816e-28
1118.8814928128868 4.724255445347928e-30
1123.3570187841383 5.895630906862287e-28
1127.8504468592753 7.802546468876719e-23
1132.361848646712 2.347791393338348e-24
1136.8912960412988 3.781600491523394e-24
1141.438861225464 2.5696943148150264e-24
1146.004616670366 7.28496266113543e-24
1150.5886351370475 3.8153722244055304e-27
1155.190989677596 3.9964172614377527e-25
1159.8117536363065 5.953415196296552e-30
1164.4510006508515 5.116562577298953e-34
1169.108804653455 6.016139484695185e-32
1173.7852398720688 1.0253341015297519e-30
1178.480380831557 7.335291016734012e-33
1183.1943023548836 2.2051452417199177e-31
1187.9270795643029 1.0340849427360318e-28
1192.67878788256 1.1492424642136562e-28
1197.4495030340906 4.268221128185574e-30
1202.2393010462267 1.177788523690966e-35
1207.0482582504117 2.0906899462808108e-32
1211.8764512834132 2.430060268582305e-31
1216.7239570885472 1.1567637733117921e-36
1221.5908529169012 4.79500223853108e-34
1226.4772163285688 1.406177180720164e-32
1231.383125193883 9.839403293618489e-35
1236.3086576946585 4.533860993580122e-33
1241.2538923254372 1.9294167006042905e-33
1246.2189078947392 4.481662540029933e-33
1251.203783526318 1.86473618348575e-28
1256.2085986604231 2.859759153413848e-29
1261.233433055065 2.1491085929805933e-29
1266.2783667872852 1.3153031741722584e-33
1271.3434802544346 8.976490672220201e-27
1276.4288541754522 2.0540568476564294e-26
1281.534569592154 2.04917025339501e-31
1286.6607078705229 2.629221602027659e-29
1291.8073507020044 2.085663930881338e-25
1296.9745801048125 7.031254230726049e-26
1302.162478425232 4.490241984066069e-32
1307.3711283389327 3.096849888444948e-30
1312.6006128522888 3.6101201096376476e-23
1317.851015303698 1.7128056203088654e-30
1323.1224193649127 7.662696410794285e-29
1328.4149090423725 5.801534545531826e-28
1333.728568678542 1.5840491602604266e-28
1339.0634829532567 3.089429085379327e-30
1344.4197368850691 3.1668079299945494e-28
1349.7974158326099 9.59442191416107e-28
1355.1966054959403 3.898672595922477e-28
1360.6173919179244 1.2449310557224404e-27
1366.059861485596 2.041835709738573e-28
1371.5241009315384 1.2715401845549873e-29
1377.0101973352646 6.988792722182735e-29
1382.5182381246057 2.58810253265402e-25
1388.0483110771042 4.868385950187779e-27
1393.6005043214122 2.002495480363045e-28
1399.1749063386976 1.960515088424201e-28
1404.7716059640527 8.594750745220164e-26
1410.3906923879088 2.0749432600742046e-27
1416.0322551574602 3.567565714671313e-25
1421.6963841780905 7.926081271917885e-29
1427.3831697148032 2.996635209475395e-26
1433.0927023936622 2.174684873730863e-23
1438.8250732032368 8.742885298234197e-26
1444.5803734960498 2.690754327809786e-23
1450.3586949900334 1.2250451178454345e-25
1456.1601297699938 7.634565071101947e-24
1461.984770289074 1.8023238506343403e-22
1467.83270937023 6.810844112928168e-25
1473.704040207711 8.847645805933598e-23
1479.5988563685412 3.114266648463215e-26
1485.5172517940157 6.781065512837685e-24
1491.459320801192 6.207536133731542e-23
1497.4251580843968 8.817219562324623e-25
1503.4148587167342 1.9460079789807345e-20
1509.4285181516007 2.775613812211408e-23
1515.4662322242077 1.962522434778218e-24
1521.5280971531042 5.146324815657065e-19
1527.6142095417167 7.451359040681373e-22
1533.7246663798837 1.3418464701943565e-20
1539.859565045403 7.118497457598457e-19
1546.0190033055849 1.6541609433819316e-25
1552.203079318807 1.6591454123656253e-19
1558.4118916360824 5.763666061733868e-19
1564.6455392026269 1.996388965614504e-20
1570.9041213594373 1.7849738289610714e-18
1577.187737844875 7.43822560819937e-19
1583.4964887962547 3.2059663129415866e-18
1589.8304747514399 7.114922960765857e-18
1596.1897966504455 9.650545553163887e-19
1602.5745558370472 3.928324372666754e-18
1608.9848540603957 1.5689393534033942e-17
1615.4207934766368 4.28520033071034e-18
1621.8824766505436 2.5016849977216512e-17
1628.3700065571454 3.586857390498072e-17
1634.8834865833744 4.069024683656802e-17
1641.4230205297079 1.0702455893450417e-16
1647.9887126118267 3.029360767862697e-17
1654.580667462274 4.4211983198284095e-17
1661.198990132123 1.595744758336194e-16
1667.8437860926513 1.4799820906852287e-16
1674.515161237022 2.9342821932397252e-16
1681.2132218819695 4.0274371758308395e-16
1687.9380747694975 4.2850778307691285e-16
1694.6898270685758 1.3023274730679604e-15
1701.4685863768502 8.884136845398842e-16
1708.2744607223572 6.48907717679437e-16
1715.1075585652468 1.3884705667815749e-15
1721.967988799508 1.0308335625606387e-15
1728.8558607547059 1.3939439066922554e-15
1735.7712841977245 3.5095190111080085e-15
1742.7143693345156 3.1147964362140415e-15
1749.6852268118535 5.354466624284706e-15
1756.6839677191008 1.0420396476361714e-14
1763.7107035899771 1.717766067645371e-14
1770.7655464043373 1.427163206458089e-14
1777.8486085899544 1.3387728221330912e-14
1784.9600030243143 1.8188732972397685e-14
1792.0998430364118 2.17412504949836e-14
1799.2682424085576 3.364900710332129e-14
1806.4653153781921 3.331691412963391e-14
1813.6911766397043 4.805369037286556e-14
1820.945941346263 7.055178387334618e-14
1828.2297251116483 1.0554502015656562e-13
1835.5426440120948 8.784683831160676e-14
1842.8848145881432 1.2877073366063524e-13
1850.2563538464956 1.7860992692983755e-13
1857.657379261881 1.9814941594185232e-13
1865.0880087789287 3.0384471523535506e-13
1872.5483608140448 3.0417017769577657e-13
1880.0385542573008 4.12633057036502e-13
1887.5587084743302 5.969710605996666e-13
1895.1089433082268 7.76287369942483e-13
1902.68937908146 7.80234317188805e-13
1910.3001365977857 1.092684029116719e-12
1917.9413371441767 1.2295458246837193e-12
1925.6131024927531 1.5529652893329964e-12
1933.3155549027244 2.106961107963684e-12
1941.0488171223355 2.3688849422379107e-12
1948.8130123908247 3.1545894598446887e-12
1956.608264440388 4.0625958485627706e-12
1964.434697498149 4.754576678265823e-12
1972.2924362881417 5.787641811428001e-12
1980.1816060332944 7.023990447172118e-12
1988.1023324574276 8.345988864550217e-12
1996.0547417872574 9.593534428045018e-12
2004.0389607544066 1.1857714756344617e-11
2012.0551165974243 1.3918581463250904e-11
2020.1033370638136 1.671896264451514e-11
2028.1837504120688 1.9938884714292405e-11
2036.2964854137172 2.3314483708380197e-11
2044.4416713553724 2.751445406521965e-11
2052.6194380407937 3.269451177713796e-11
2060.829915792957 3.848478416230989e-11
2069.0732354561287 4.525012594890505e-11
2077.3495283979532 5.327059973003077e-11
2085.6589265115445 6.295644383462176e-11
2094.001562217591 7.384771682208339e-11
2102.3775684664615 8.675206195897804e-11
2110.787078740328 1.0117795748154446e-10
2119.2302270552887 1.192543128538101e-10
2127.70714796351 1.3981376534828099e-10
2136.217976555364 1.639091883271294e-10
2144.7628484615852 1.8903102697894582e-10
2153.341899855432 2.2314711021880594e-10
2161.9552674548536 2.6172806813494545e-10
2170.603088524673 3.0594425351093677e-10
2179.285500878772 3.4983231475139526e-10
2188.0026428822866 4.096278878081136e-10
2196.754653453816 4.839229974048477e-10
2205.541672067631 5.610066962665007e-10
2214.3638387559017 6.530065858051179e-10
2223.2212941109246 7.335828020072874e-10
2232.114179287369 8.94565523718732e-10
2241.0426360045185 1.024745513641622e-09
2250.0068065485366 1.2270493757244175e-09
2259.0068337747302 1.31879943187209e-09
2268.0428611098296 1.585508371199697e-09
2277.115032554269 1.876026413484196e-09
2286.223492684486 2.1864825108861316e-09
2295.368386655224 2.588440689992611e-09
2304.549860201845 2.6973674766272485e-09
2313.7680596426517 3.3528112055738115e-09
2323.0231318812225 3.904323675430316e-09
2332.3152244087473 4.600758718229509e-09
2341.6444853063817 5.229636708668157e-09
2351.0110632476076 5.72164060860314e-09
2360.415107500598 6.973704770827189e-09
2369.8567679306 7.716650250492191e-09
2379.3361950023227 9.27278012953786e-09
2388.853539782332 1.0512157577377663e-08
2398.4089539414617 1.2808905455629293e-08
2408.0025897572273 1.4681005232500533e-08
2417.6346001162565 1.5370879541245838e-08
2427.3051385167214 1.9413642496113146e-08
2437.0143590707885 2.16152623386936e-08
2446.762416507072 2.8293304647727546e-08
2456.5494661731 2.8537341592939745e-08
2466.375664037793 3.4280124291315634e-08
2476.2411666939443 4.123432700080307e-08
2486.1461313607197 4.0173364049333093e-08
2496.090715886162 5.0587201467876154e-08
2506.075078749707 5.4288295567636715e-08
2516.0993790647044 6.475549660305973e-08
2526.163776580964 9.723709481127186e-08
2536.268431687288 1.3457311057994593e-07
2546.4135054140374 1.9059209756045957e-07
2556.599159435693 1.2168783760393744e-07
2566.825556073436 1.3166833184611312e-07
2577.09285829773 1.5033727012465641e-07
2587.4012297309205 1.5875824524203327e-07
2597.7508346498444 1.9786599824228943e-07
2608.141837988444 2.1100053544769525e-07
2618.5744053403982 3.278167855139151e-07
2629.0487029617593 5.731679121291266e-07
2639.5648977736064 5.828576874713672e-07
2650.123157364701 6.04508864256391e-07
2660.7236499941596 5.318975688478012e-07
2671.366544594136 6.52524724859651e-07
2682.052010772512 7.55563404554641e-07
2692.7802188156024 6.913453012387176e-07
2703.551339690865 1.093818766383059e-06
2714.365545049628 1.0070932716125284e-06
2725.223007229827 1.1250296553922471e-06
2736.123899258746 1.3551267727671864e-06
2747.0683948557817 1.9306138253774225e-06
2758.0566684352048 2.2708219702356e-06
2769.0888951089455 3.966069086312745e-06
2780.165250689381 3.379568173040481e-06
2791.2859116921386 4.1556697868119024e-06
2802.451055338907 3.7273907864121945e-06
2813.660859560263 3.471426757981251e-06
2824.9155029985036 3.224009038161881e-06
2836.2151650104965 3.1279626005789845e-06
2847.5600256705393 2.6058567657862927e-06
2858.950265773222 3.1077546059886146e-06
2870.386066836315 4.701314193901869e-06
2881.8676111036607 7.803021671079224e-06
2893.3950815480757 1.1952691499164553e-05
2904.968661874268 1.5854872656259297e-05
2916.588536521764 2.034541990684656e-05
2928.254890667851 2.3369213232679146e-05
2939.9679102305226 2.8165975200851826e-05
2951.727781871445 3.476752983432611e-05
2963.534692998931 4.576129638825517e-05
2975.3888317709266 5.690207116839999e-05
2987.2903870980094 8.743579866860764e-05
2999.2395486464025 8.860332710718587e-05
3011.2365068409886 8.179126032598473e-05
3023.2814528683516 6.895552761878804e-05
3035.374578679825 4.2264110271164406e-05
3047.516076994544 9.776901676276525e-05
3059.7061413025226 0.0001242960780493158
3071.9449658677336 0.00012110863633702945
3084.232745731204 0.00013734072718259537
3096.569676714128 5.648301286245134e-05
3108.955955420985 6.697055981972248e-05
3121.3917792426687 0.00016675549746284673
3133.8773463596394 0.0001873283140512663
3146.412855745078 0.00019733578977557353
3158.998507168058 0.00016955358658344408
3171.6345011967305 0.00015888322438905325
3184.321039201517 0.00011672175795216191
3197.0583233583234 7.862797834460068e-05
3209.8465566517566 2.3484145897560188e-05
3222.6859428783637 6.8247135138229555e-06
3235.576686649877 9.90666376604877e-06
3248.518993396477 3.1924674771822595e-06
3261.513069370063 6.7258860588445e-07
3274.559121647543 9.056580832566476e-08
3287.6573581341336 1.022659951135544e-08
3300.8079875666704 2.75165314065834e-10
3314.0112195169368 3.7094251538801642e-09
3327.2672643950045 5.5480669636204385e-08
3340.5763334525845 5.032546965771156e-07
3353.938638786395 3.2844456615263236e-06
3367.354393341541 1.4519198263979959e-05
3380.8238109149074 4.786309187991213e-05
3394.347106158567 0.00011971884031364838
3407.924494583201 0.00023274860051111882
3421.5561925615334 0.0003275900115621398
3435.2424173317804 0.00017542637090058865
3448.9833870011066 1.0083125883694651e-05
3462.7793205491116 0.0004386192704919289
3476.630437831308 0.001370558889583906
3490.536959582633 0.002195041335335136
3504.4991074209643 0.0029665406562401
3518.5171038506473 0.0037500742409932683
3532.5911722660503 0.004568505502722531
3546.7215369551145 0.005430231750077365
3560.9084231029346 0.006343774978088745
3575.1520567953467 0.007317356730768214
3589.452665022528 0.00834793248976881
3603.810475682617 0.009448011865137737
3618.225717585348 0.010611365599931862
3632.698620455689 0.011850127728371225
3647.2294149375116 0.013163966364372203
3661.8183325972614 0.014557424067862713
3676.4656059276513 0.01603570198831142
3691.1714683513615 0.01759939092631329
3705.936154224767 0.01925739043194982
3720.7598988416657 0.021006056153720816
3735.6429384370326 0.022859030511260522
3750.585510190781 0.024808931935703347
3765.587852231544 0.026857459198557095
3780.6502036404704 0.029005923215065465
3795.772804455032 0.03125244847250213
3810.955895672852 0.033588151899661786
3826.199719255544 0.035967247762672495
3841.504518132566 0.0384330110383733
3856.870536205096 0.04096457455470047
3872.2980183499167 0.04341975414759513
3887.7872104233156 0.04577039819064402
3903.338359265009 0.04787599320005999
3918.9517127020695 0.049537530202783155
3934.6275195528774 0.05039706618935341
3950.3660296310895 0.049898850599499237
3966.1674937496136 0.04709104918106771
3982.0321637246125 0.04049716586155565
3997.9602923795105 0.028491140173062396
4013.9521335490285 0.012291190610797018
4030.007942083225 0.001666609963151507
4046.1279738515577 2.8847612609790556e-05
4062.312485746964 0.0017522349410793868
4078.5617356899515 0.015054587660029786
4094.8759826327114 0.04025015575731587
4111.255486563242 0.06560248514125244
4127.700508509496 0.08719264280725234
4144.211310543533 0.10549176913208716
4160.788155785708 0.1215315812726372
4177.431308408849 0.13614404446376935
4194.141033642486 0.149719842128011
4210.917597777056 0.16032016296915333
4227.761268168164 0.17506617895641266
4244.672313240838 0.18566975331724703
4261.651002493801 0.2039897608049016
4278.697606503776 0.2134599472611768
4295.812396929791 0.23349144486458587
4312.995646517511 0.24941214446563242
4330.24762910358 0.2567839480749979
4347.568619619994 0.27955769137612985
4364.958894098475 0.30059770154559073
4382.418729674868 0.31477574180474505
4399.948404593568 0.31848546667292865
4417.548198211942 0.3537184112648414
4435.21839100479 0.378423601495451
4452.959264568809 0.40045799432764195
4470.771101627084 0.4231371802166482
4488.654186033592 0.4317166680471768
4506.608802777726 0.44925407517466553
4524.635237988838 0.4974759143162987
4542.733778940792 0.5160146423269136
4560.904714056555 0.5486678180819461
4579.148332912781 0.5019305178841633
4597.464926244433 0.516050476859913
4615.85478594941 0.5144521275505953
4634.318205093208 0.5052445538357306
4652.855477913582 0.4803328262108397
4671.466899825236 0.4168156739808352
4690.152767424537 0.4363289677039844
4708.913378494234 0.36278549515519837
4727.749032008212 0.2618508872284965
4746.660028136244 0.15667555921536128
4765.646668248789 0.08126707681447953
4784.709254921784 0.03613631864401229
4803.8480919414715 0.01468805240071762
4823.063484309237 0.006097902023620733
4842.355738246474 0.002982088309389359
4861.72516119946 0.0018035597870205995
4881.172061844257 0.0012851796487643
4900.6967500916335 0.00101629030187886
4920.299537092001 0.000817901017386349
4939.9807352403695 0.0006538723945748777
4959.740658181329 0.0005155977812716838
4979.5796208140555 0.0003945275279318342
4999.497939297312 0.0002989914532050571
5019.495931054502 0.0002274798747188459
5039.57391477872 0.00018689272364977237
5059.732210437835 0.00017268361135330844
5079.971139279585 0.0001746456980086024
5100.291023836704 0.0001804608760178792
5120.692187932051 0.00018269427188143494
5141.174956683781 0.0001836477967890957
5161.739656510514 0.0001872266977288273
5182.386615136556 0.0001910104767735008
5203.116161597103 0.0001914934219271149
5223.928626243489 0.0001909953678319724
5244.824340748465 0.0001916003521943836
5265.803638111459 0.00019113004364341705
5286.866852663905 0.0001896023807652364
5308.0143200745615 0.00018950718343002033
5329.246377354859 0.0001895183282857968
5350.563362864278 0.00018876289368186547
5371.965616315736 0.0001894693097141351
5393.453478780998 0.00019024315096210657
5415.027292696122 0.00018991987935341168
5436.687401866905 0.00019082153515456086
5458.434151474374 0.0001913155367053788
5480.267888080271 0.0001906930275324913
5502.188959632591 0.0001910086671495854
5524.197715471122 0.00019103597850970272
5546.294506333006 0.00019011259263067686
5568.479684358337 0.00018934584881997104
5590.753603095771 0.00018860908331378513
5613.1166175081535 0.00018639742455395307
5635.569083978187 0.0001848856309025121
5658.1113603140975 0.00018147179997356848
5680.743805755354 0.00017781760674698204
5703.466780978376 0.00017377801964022708
5726.28064810229 0.00016909148820459238
5749.185770694699 0.00016335027237110642
5772.182513777476 0.0001569093704315315
5795.271243832587 0.00015003727961306748
5818.452328807918 0.0001432237882643039
5841.72613812315 0.00013700723205064316
5865.093042675643 0.00012118222641714436
5888.553414846345 0.00010959263017032118
5912.10762850573 0.00012723009280587335
5935.756059019754 0.0001726081236014258
5959.499083255832 0.0002214855867239609
5983.337079588855 0.0002759374919462299
6007.27042790721 0.00034396216748624
6031.299509618841 0.00042997443563303004
6055.424707657316 0.0005303022118471822
6079.646406487946 0.0006473295331672988
6103.964992113897 0.0007873091668735629
6128.380852082353 0.000953419950207201
6152.894375490681 0.0011496453337341277
6177.505952992646 0.0013779688642656786
6202.215976804616 0.0016422747243463945
6227.024840711833 0.0019507257582733915
6251.932940074681 0.002312638755908088
6276.940671834981 0.002734276170165911
6302.048434522321 0.0032331807239601934
6327.256628260409 0.0038098987956353644
6352.5656547734525 0.004467540879066901
6377.975917392546 0.005222549476409945
6403.487821062116 0.006083838772722252
6429.101772346364 0.007062426357421778
6454.81817943575 0.008176270747024627
6480.637452153493 0.009462029359398633
6506.560001962106 0.010951711772813068
6532.586241969955 0.012665797465218318
6558.716586937834 0.014632174433016114
6584.951453285586 0.016879663851339145
6611.291259098727 0.01946567342574138
6637.7364241351215 0.02243310870964336
6664.2873698316625 0.02579171596048301
6690.94451931099 0.029565703070782105
6717.7082973882325 0.0338372731700548
6744.579130577787 0.038655918983880704
6771.557447100097 0.04397153642043117
6798.643676888497 0.04970617324346365
6825.838251596053 0.05585142408210501
6853.141604602436 0.062433287579721365
6880.554171020846 0.06932908553563573
6908.0763877049285 0.07621120446591746
6935.708693255749 0.08266877615885015
6963.4515280287715 0.09116000714348824
6991.305334140887 0.09983110698538895
7019.270555477449 0.10947748546106541
7047.34763769936 0.12057741491287954
7075.537028250157 0.1324800441018597
7103.839176363159 0.14495407944146024
7132.254533068612 0.15809572869237118
7160.783551200888 0.16912448144778208
7189.42668540569 0.1819915559306651
7218.184392147313 0.19708184752213628
7247.0571297159 0.20772106594162232
7276.045358234765 0.21972995764933895
7305.149539667704 0.22680290432368122
7334.370137826372 0.23795848033807052
7363.707618377678 0.2451472139029681
7393.162448851191 0.25233987902371435
7422.735098646595 0.2575166215570287
7452.426039041182 0.26143125442231074
7482.235743197345 0.26330552634930154
7512.1646861701365 0.2603863767754348
7542.213344914818 0.2569444510713521
7572.382198294477 0.24904258775083363
7602.671727087656 0.2250679012722145
7633.082413996006 0.1488462704785848
7663.614743651989 0.02957441267530597
7694.269202626598 0.04106637556658109
7725.046279437104 0.13281443712728286
7755.946464554851 0.23208295080424396
7786.970250413072 0.32266059059366703
7818.118131414723 0.39542131018107174
7849.390603940383 0.4604486015835226
7880.788166356144 0.5274484921609964
7912.311319021571 0.5983528010696454
7943.960564297654 0.6745744157935694
7975.736406554845 0.7544664249445601
8007.639352181065 0.8398331968145071
8039.669909589788 0.9275658999669053
8071.828589228147 1.018020031008045
8104.115903585063 1.1010371280850197
8136.532367199402 1.1874558191707376
8169.078496668199 1.2891969160170331
8201.754810654873 1.2668266004519353
8234.561829897493 1.5615343140092919
8267.500077217084 1.7584422431620657
8300.570077525952 1.903254459924131
8333.772357836056 2.0628943261084536
8367.1074472674 2.193764913600909
8400.575877056472 2.4033262711074825
8434.178180564695 2.631646719952048
8467.914893286956 2.8855625840555534
8501.786552860101 3.143628977508171
8535.793699071543 3.4317577716050063
8569.936873867831 3.745772467430774
8604.216621363299 4.065882620944817
8638.633487848754 4.377254269569596
8673.18802180015 4.692277846828522
8707.880773887353 5.00452886827721
8742.7122969829 5.380365405101018
8777.68314617083 5.754637865209028
8812.793878755514 6.04120166411496
8848.045054270535 6.151109435885825
8883.437234487617 5.497124179799379
8918.970983425568 5.209961712779152
8954.64686735927 6.434796769463584
8990.465454828707 5.720779864261585
9026.427316648023 7.214811029704878
9062.533025914616 8.448222846683814
9098.783158018272 9.171687580093598
9135.178290650345 10.010857956418333
9171.719003812947 10.73983793877973
9208.405879828202 12.138197041770693
9245.239503347511 12.942561968223217
9282.2204613609 10.401070754906884
9319.349343206346 11.20682315350384
9356.626740579171 12.26028050110996
9394.053247541488 14.065833482728365
9431.629460531654 15.002698583090389
9469.355978373778 15.802908866667421
9507.233402287276 15.992639475139141
9545.262335896427 17.539793388646572
9583.443385240013 17.28104748977814
9621.777158780975 18.67254867711049
9660.264267416096 20.139133552692364
9698.90532448576 22.091510159610067
9737.7009457837 22.965996331676283
9776.651749566838 24.383719834194164
9815.758356565104 25.75218332961273
9855.021389991363 27.32275004782305
9894.441475551332 29.33344865948232
9934.019241453534 29.883827950485227
9973.755318419348 26.111929924600823
10013.650339693024 23.10511331118057
10053.704941051796 23.92052173625328
10093.919760816003 25.731342685972308
10134.295439859268 28.464652398248344
10174.832621618703 31.57527266616351
10215.531952105179 34.72769945889602
10256.394079913602 37.8503148893012
10297.419656233254 41.3731485772261
10338.609334858189 44.72228715362648
10379.96377219762 48.69877581638194
10421.483627286412 51.82755939729913
10463.169561795556 56.277876864261124
10505.022240042741 59.8446716173737
10547.042329002912 62.23483641141925
10589.230498318922 64.96078155996196
10631.587420312197 68.40836961506896
10674.113769993448 71.12878454425949
10716.810225073421 72.78425299176936
10759.677465973711 74.76656669492489
10802.716175837608 76.25057401935555
10845.927040540959 76.21982552600032
10889.310748703121 74.6841623272649
10932.867991697934 68.74650407191652
10976.599463664725 61.31451568132834
11020.505861519383 52.617940141653776
11064.587884965462 44.53875812973322
11108.846236505324 35.87940008201045
11153.281621451348 27.822163084974513
11197.894747937147 29.19627908616994
11242.686326928899 30.460681352356993
11287.657072236614 34.591112010915616
11332.807700525562 25.28382096811825
11378.138931327663 19.543056567050098
11423.651487052975 21.038809530262977
11469.346093001184 22.27117239422483
11515.22347737319 12.59009319941322
11561.284371282683 8.948127023716921
11607.529508767815 11.120651943484043
11653.959626802887 18.574247608321247
11700.5754653101 13.929070887034305
11747.377767171341 5.119305423271855
11794.367278240028 10.751930664849336
11841.544747352984 20.136739225942815
11888.9109263424 31.09991658133795
11936.46657004777 35.34858090564089
11984.212436327958 43.6834970912141
12032.149286073272 53.51070396380943
12080.277883217566 65.1526807201256
12128.598994750435 77.41222555296662
12177.113390729437 89.16917097193162
12225.821844292353 101.58604957252066
12274.725131669524 114.24226816104036
12323.824032196202 120.87389634533825
12373.119328324985 124.48943549043884
12422.611805638286 94.84336376723844
12472.302252860838 127.09517998711117
12522.19146187228 84.07351307850404
12572.280227719768 145.7369593742682
12622.569348630648 159.58425860996496
12673.059626025171 159.7430190277698
12723.751864529271 156.12280742924386
12774.646871987386 153.04635624079336
12825.74545947534 144.59533542988564
12877.04844131324 134.60332633069206
12928.556635078494 123.6555281274066
12980.270861618808 111.44431520886188
13032.191945065284 96.35425689034093
13084.320712845543 84.16028396696068
13136.657995696927 73.20623063332316
13189.204627679715 63.27549420614896
13241.961446190431 51.67734704462684
13294.929291975195 29.86707725157862
13348.109009143096 13.198766609413173
13401.50144517967 9.323570296443416
13455.107450960388 6.54203679931619
13508.927880764231 4.93018902513362
13562.963592287288 2.922591444081293
13617.215446656439 2.2491213524280567
13671.684308443064 3.7302731382366816
13726.371045676835 2.919198136417145
13781.276529859542 3.155420385899709
13836.40163597898 2.405428051498542
13891.747242522899 2.6880781707182466
13947.314231492988 2.1733365239681555
14003.103488418961 2.1124732681074114
14059.115902372636 2.7641619928188867
14115.352365982128 2.880727781058347
14171.813775446057 3.438563015152437
14228.501030547843 3.6546755095318795
14285.41503467003 4.8340839167798375
14342.556694808713 5.197170620100776
14399.926921587949 6.48952420771772
14457.5266292743 8.429662845766881
14515.356735791396 11.952686674947069
14573.418162734559 16.505944015734816
14631.711835385498 16.00176118269603
14690.238682727038 17.17241436515899
14748.999637457951 21.34873677348544
14807.995636007783 26.64577376989612
14867.227618551815 28.51293413899306
14926.69652902602 34.0670852268529
14986.403315142123 39.62728129165324
15046.348928402693 44.29227110307345
15106.534324116303 50.31182771579542
15166.96046141277 58.36326467129338
15227.62830325842 64.88029580062472
15288.538816471453 71.91451348249466
15349.692971737337 76.62658021521898
15411.091743624287 83.45693445648371
15472.736110598784 91.17934839771857
15534.62705504118 86.23158297160889
15596.765563261344 63.141510941858066
15659.152625514387 68.31211311794618
15721.789236016448 74.66849527763891
15784.676392960515 60.74572624051687
15847.815098532355 56.24725139955873
15911.206358926484 45.54568285655373
15974.85118436219 32.73710060616434
16038.75058909964 19.261840147607437
16102.905591456036 12.09009159745251
16167.31721382186 7.870222276524921
16231.986482677148 5.6858688885172874
16296.914428607855 4.448386158331224
16362.102086322288 4.9323357247499695
16427.550494667576 6.1018349584609535
16493.260696646248 6.341843568350714
16559.23373943283 6.05980570283745
16625.470674390563 6.433470413539136
16691.972557088127 2.1035578977414207
16758.74044731648 2.789259990666628
16825.775409105743 4.411731308283269
16893.07851074217 3.9659128840011557
16960.650824785134 2.875545227159654
17028.493428084275 2.8666212571457224
17096.607401796613 4.465234733782044
17164.993831403797 4.0975663468236965
17233.653806729413 6.0422627117314365
17302.588421956334 4.177268738283493
17371.798775644158 4.041090058007516
17441.285970746736 5.108064191073609
17511.05111462972 6.282092655269997
17581.095319088243 5.705060100397452
17651.419700364593 5.096858115333919
17722.02537916605 4.509000252147241
17792.913480682713 5.517611660179057
17864.085134605448 5.0299201100701385
17935.54147514387 3.4282677406239674
18007.283641044443 4.707422863259613
18079.312775608625 5.130433811355389
18151.630026711056 6.348710257872274
18224.236546817894 6.678709940827069
18297.133493005167 5.948656439992115
18370.32202697719 5.718324715795661
18443.803315085097 6.735871343299789
18517.578528345435 6.575917661648104
18591.648842458817 5.231891940868097
18666.01543782865 5.415331804295795
18740.67949957997 6.846961704935132
18815.642217578286 10.693045284482949
18890.9047864486 11.899344364343548
18966.4684055944 14.153056567872223
19042.334279216768 12.980288640796234
19118.50361633364 15.233307750065993
19194.977630798967 14.811354607209937
19271.757541322168 13.030610844673232
19348.844571487454 11.27954167541444
19426.239949773408 9.600895835156068
19503.9449095725 13.320794291155932
19581.960689210795 11.287207895746668
19660.28853196764 14.274232287307072
19738.929686095507 14.393331368772076
19817.885404839893 15.908996045018453
19897.15694645925 16.965085608319683
19976.745574245087 20.070529324275306
20056.65255654207 21.1449345879858
20136.879166768238 23.176739319255418
20217.426683435307 28.14859325289593
20298.296390169045 27.429738848617568
20379.489575729727 31.097698105624243
20461.007534032648 33.114814462075
20542.851564168777 34.007992713696936
20625.02297042545 34.43202608765625
20707.523062307162 34.253454797088935
20790.353154556382 31.37855946840602
20873.514567174607 29.978832996367995
20957.008625443308 26.64694679723132
21040.836659945082 24.22888076466312
21125.000006584854 21.482001091341164
21209.5000066112 18.40142773150903
21294.33800663765 15.61954406107168
21379.515358664197 13.784885771849684
21465.033420098855 11.345497990513502
21550.893553779246 9.642657196478261
21637.097127994366 7.104852640905377
21723.645516506345 6.590602839102281
21810.540098572368 5.353492377252848
21897.782258966654 3.547308180222599
21985.37338800253 1.4115695687362926
22073.314881554532 0.8285076999593498
22161.60814108075 1.6498990192941412
22250.25457364508 1.4918454749207701
22339.25559193965 1.1641119800390538
22428.61261430741 0.8477439045596169
22518.32706476464 0.6799579715555377
22608.400373023702 0.596549961406157
22698.833974515794 0.6459228097605246
22789.62931041386 0.5565838355828281
22880.78782765551 0.42739060993814154
22972.310978966132 0.43191104766393384
23064.200222882002 0.7846708417748063
23156.457023773528 0.9533912763190888
23249.082851868614 0.389548600420132
23342.079183276095 0.3747432447551533
23435.447500009202 0.3867273972068703
23529.18929000923 0.49818272899526
23623.306047169273 0.6930146372131095
23717.79927135796 0.49131513194549215
23812.670468443375 0.42754805686540187
23907.92115031715 0.7563104946524238
24003.552834918424 0.9830942004865357
24099.56704625809 1.1924006456342222
24195.96531444313 1.145957036703926
24292.749175700897 1.2184640473217252
24389.9201724037 1.328171184583509
24487.479853093315 1.5938528241253256
24585.42977250569 1.9057129445083705
24683.771491595708 2.0727054372186426
24782.50657756209 2.1341469426821242
24881.636603872343 2.3573876502892923
24981.16315028783 2.775348248425007
25081.087802888986 2.603078557034732
25181.412154100537 2.666420067968601
25282.137802716934 2.4529254263827682
25383.266353927807 2.6122702421059154
25484.79941934352 2.041926542401589
25586.73861702089 2.148428669847638
25689.08557148898 2.0765862273746576
25791.84191377493 1.863982557102139
25895.009281430033 1.674554488806434
25998.589318555754 2.2054183614835683
26102.58367582998 2.5909666742552186
26206.994010533297 2.7469191813336837
26311.821986575433 2.920018783407933
26417.069274521735 4.610775246404687
26522.737551619815 4.340995570349799
26628.828501826294 3.4598625824487703
26735.343815833607 1.9187166781276537
26842.285191096937 2.054940552422535
26949.654331861326 2.7156982320989447
27057.452949188766 2.6995960967416486
27165.682760985525 2.905891572006931
27274.345492029468 4.407166720243142
27383.442873997585 3.2392714023120823
27492.976645493567 5.156097346687512
27602.948552075544 3.620954678307028
27713.360346283847 3.560163847046962
27824.213787668985 2.731138790919191
27935.510642819663 4.4432247281030435
28047.252685390937 2.9885259818778636
28159.441696132504 3.8426669107489295
28272.079462917034 5.612117879801746
28385.167780768694 3.5480302060288165
28498.70845189177 3.9681696193280853
28612.703285699336 5.071266821582889
28727.154098842133 4.912197652228342
28842.062715237505 5.087754109575094
28957.430966098455 5.554853953167539
29073.260689962848 5.211365965004185
29189.553732722703 5.860403015323711
29306.311947653598 6.869605128561059
29423.537195444205 6.358787164867732
29541.231344225984 6.312842919122286
29659.396269602887 6.453603355070761
29778.033854681304 6.691263788962822
29897.14599010003 6.862237547331135
30016.734574060432 5.839931388868929
30136.80151235667 6.090876941445865
30257.348718406094 5.454654171310487
30378.37811327972 4.687948428517901
30499.89162573284 3.6768931945682004
30621.891192235766 3.418049215299585
30744.37875700471 2.841343717659528
30867.356272032728 2.3008126823193438
30990.825697120858 1.9806416987740914
31114.78899990934 1.595288827680512
31239.24815590897 1.3869206737762028
31364.20514853261 1.0372105873270225
31489.661969126744 0.88233807274122
31615.62061700325 0.7258686292007919
31742.083099471263 0.683144741825694
31869.05143186915 0.5864471119613524
31996.527637596624 0.5501592884206811
32124.51374814701 0.5708378987382131
32253.011803139605 0.5434116795517381
32382.02385035216 0.5699603184387513
32511.55194575357 0.5930778413720346
32641.598153536583 0.7387459717584878
32772.16454615073 0.905333269079275
32903.25320433533 0.9801152622188961
33034.86621715268 0.8901098447485518
33167.005682021285 0.199080842006241
33299.673704749366 0.12954230175673734
33432.87239956837 0.3179205001901173
33566.60388916664 0.5645050534025636
33700.87030472331 0.7142323473880876
33835.6737859422 0.7549814766969609
33971.016481085964 0.7199659321235867
34106.900547010315 0.6945242992090477
34243.32814919835 0.6635495774533678
34380.30146179514 0.632235013093547
34517.82266764233 0.6340352864035046
34655.893958312896 0.7051545783445272
34794.51753414615 0.6872972150094845
34933.69560428273 0.7737811886982243
35073.43038669985 0.9204912317517737
35213.72410824666 0.9477739415838227
35354.57900467965 0.9452193219095556
35495.99732069836 1.0419572274592288
35637.98130998116 1.1174509381793616
35780.53323522108 1.2770895394566586
35923.65536816197 1.3382581181080795
36067.34998963462 1.2938536698104977
36211.61938959315 1.4590596980213852
36356.46586715153 1.6965184210018587
36501.891730620126 1.9557800968944512
36647.89929754261 2.193922081260662
36794.49089473278 2.51104258059971
36941.6688583117 2.5322460467227246
37089.43553374496 2.8460765814968814
37237.793275879936 2.8867024763819473
37386.74444898345 3.2694318996392178
37536.29142677938 3.4735183346459513
37686.43659248651 3.399553396184314
37837.18233885645 3.257103693683402
37988.53106821188 3.774782600557676
38140.48519248474 4.3121955743015015
38293.04713325467 4.928918187945685
38446.21932178769 4.069563767883234
38600.00419907484 4.57282006883041
38754.40421587113 4.541406039477497
38909.42183273463 5.081400547590857
39065.05952006556 5.148111807616274
39221.31975814583 5.223121194106781
39378.205037178406 5.850747787120251
39535.71785732712 5.6826052365952275
39693.860728756415 6.060340348921316
39852.636171671445 6.478546335800674
40012.04671635814 6.292472821785413
40172.09490322357 6.529236498802645
40332.78328283648 6.221981090705889
40494.11441596781 6.227349153819394
40656.090873631685 5.973241386859301
40818.71523712622 5.775452558909593
40981.990098074726 5.937506743493888
41145.918058467025 5.689028967049538
41310.50173070089 5.669755615000186
41475.74373762369 5.9177750488733665
41641.646712574184 6.185590522123797
41808.21329942448 5.2905506402022295
41975.44615262219 4.909398117333141
42143.347937232684 4.487721429891748
42311.921328981625 4.036121650843686
42481.16901429755 4.064568881420508
42651.09369035474 3.9463288853959178
42821.69806511615 3.518880937770986
42992.98485737662 2.38528956720002
43164.95679680613 2.022422250413776
43337.61662399335 2.7303139115208053
43510.96709048933 3.276753370486613
43685.01095885128 3.714128452315751
43859.75100268668 3.6855118634032005
44035.19000669744 3.5693451854637055
44211.330766724226 3.4712462725325235
44388.176089791115 2.955644800228008
44565.72879415028 2.707190112285747
44743.991709326874 2.1903000124253618
44922.9676761642 1.971503598378887
45102.65954686885 1.7774620022829912
45283.07018505633 1.6006380415553279
45464.20246579656 1.4422720631006776
45646.05927565975 1.3685870523074328
45828.64351276236 1.4705753112403677
46011.95808681343 1.4485022999500272
46196.00591916067 1.6274486500767837
46380.78994283732 1.7704780807756477
46566.31310260868 2.604789729470604
46752.578355019126 2.4432116640640724
46939.588668439166 2.1376568706322803
47127.34702311293 2.0175467702321455
47315.85641120539 1.6989674514505173
47505.11983685021 1.6662755785777505
47695.14031619761 1.7641852692818705
47885.9208774624 1.7202206117517616
48077.46456097225 1.993574985832039
48269.774419216126 2.1241406529189693
48462.853516892996 2.0931345080192085
48656.70493096058 2.3713065379911504
48851.33175068441 2.472038470447379
49046.737077687154 2.560274392370789
49242.92402599791 2.4760297231921458
49439.89572210189 2.8872926567848567
49637.6553049903 2.6779142635975113
49836.20592621027 3.4804206417087524
50035.55074991511 3.4570646529590756
50235.69295291477 2.721707731796498
50436.63572472643 3.7022083820630844
50638.382267625326 3.9340003739868683
50840.935796695834 3.540107419808579
51044.2995398826 3.8480234228716714
51248.47673804215 3.922273182442669
51453.47064499432 3.3665721254320746
51659.28452757429 3.6195107830871356
51865.92166568459 4.078669380021093
52073.38535234733 3.2926338195235982
52281.67889375672 3.695356209599132
52490.80560933175 3.8523677911542644
52700.76883176907 3.361954618580709
52911.57190709616 3.451678360002445
53123.218194724526 3.482134653229799
53335.711067503435 3.8426632035189945
53549.053911773444 2.7184837783010924
53763.25012742054 2.981823377822737
53978.303127930216 3.084081893439651
54194.21634044194 2.0633018529206906
54410.99320580371 2.9445183900975445
54628.63717862692 2.607457423872517
54847.15172734143 2.7043565954753745
55066.540334250785 2.6476519039774984
55286.80649558781 2.3141544268846577
55507.95372157016 2.1341614903311017
55729.985536456436 1.994363635933061
55952.90547860226 2.2112140830543647
56176.717100516675 2.143301996390039
56401.42396891874 2.040635504582857
56627.02966479442 2.076850306583281
56853.5377834536 1.9174001633814257
57080.95193458741 1.9240779074426893
57309.27574232576 1.8301987285437398
57538.51284529506 2.1090134334106034
57768.666896676245 1.7907436016516665
57999.74156426295 2.0494758854165993
58231.74053052 1.244928507615526
58464.66749264208 1.537104024583668
58698.52616261265 1.4795242151562413
58933.3202672631 1.5991542648712311
59169.05354833215 1.9710001789053053
59405.72976252549 1.48839155147172
59643.3526815756 1.6790255111610881
59881.926092301896 1.6916277195105336
60121.45379667111 1.7655285178761808
60361.93961185778 1.5544615574184855
60603.38737030522 1.3924553572387743
60845.800919786445 1.688789452861467
61089.184123465595 1.5959048896885373
61333.54085995945 1.9428626851209023
61578.87502339928 1.5749482625959978
61825.19052349288 1.6855395905678843
62072.491285586846 1.774580000634636
62320.7812507292 1.7228509627839186
62570.06437573213 1.8414591283585882
62820.34463323505 1.7808218328616447
63071.62601176801 1.8892945790257016
63323.91251581507 1.5690855585273782
63577.20816587833 1.5609034660052867
63831.51699854184 1.3909574421458961
64086.843066536014 1.0983042073351583
64343.19043880215 1.1022419925278673
64600.563200557364 0.9486033510238618
64858.96545335958 0.7965192790207343
65118.401315173025 0.9779839843817485
65378.87492043372 1.2321446599631194
65640.39042011545 1.1327645026688504
65902.95198179591 1.084696724374333
66166.56378972309 1.1255211365124826
66431.23004488199 1.1792343172412951
66696.95496506151 1.3514867308832528
66963.74278492175 1.4202857886900564
67231.59775606144 1.1828185388502284
67500.52414708569 1.2582445509026638
67770.52624367403 1.0679428271740308
68041.60834864872 1.1250988247439984
68313.77478204331 1.0915542960156108
68587.02988117147 0.994590105452097
68861.37800069616 1.2513875709982443
69136.82351269896 1.260409828261972
69413.37080674975 1.2610251304990785
69691.02428997675 1.0359008375129373
69969.78838713666 1.1399717320584744
70249.6675406852 0.99429171813513
70530.66621084794 0.8793147715937746
70812.78887569135 0.9379301187996746
71096.04003119409 0.8682747719636891
71380.42419131887 0.8803141307489062
71665.94588808414 0.7735990371925735
71952.60967163648 0.7578159772468737
72240.42011032304 0.723883276477878
72529.38179076432 0.6537551149786244
72819.49931792737 0.6339123409306443
73110.77731519907 0.5995611174674638
73403.22042445988 0.5502234592541349
73696.83330615771 0.5477702101466096
73991.62063938235 0.546823784452787
74287.58712193987 0.5276449143345833
74584.73747042764 0.5374366376879083
74883.07642030934 0.5738982243423609
75182.60872599059 0.6116326008823567
75483.33916089457 0.6361588827707427
75785.27251753812 0.6836601139527204
76088.4136076083 0.6848605741481959
76392.76726203872 0.7976053204511013
76698.33833108687 0.39256557872076886
77005.13168441122 0.3847721809760672
77313.15221114887 0.38007443639362626
77622.40481999348 0.4188021225254952
77932.89443927344 0.4528651776417172
78244.62601703055 0.4829508672554136
78557.60452109865 0.5316307487246928
78871.83493918306 0.5430852737081859
79187.3222789398 0.5272994318509362
79504.07156805556 0.5875730356210936
79822.08785432778 0.5863411026422447
80141.37620574511 0.5566758891122072
80461.94171056806 0.5814708393580943
80783.78947741033 0.5609208571042283
81106.92463531997 0.6473825086856835
81431.35233386126 0.5766505404000407
81757.0777431967 0.577118277250716
82084.10605416949 0.5899028726906201
82412.44247838613 0.6217343742011762
82742.09224829968 0.6391854245979359
83073.06061729288 0.6077495667158666
83405.35285976208 0.6238937554391625
83738.9742712011 0.6421869780802103
84073.93016828595 0.6410407127040889
84410.22588895904 0.7013793229035236
84747.86679251489 0.6938068695439213
85086.85825968496 0.724099664821997
85427.20569272367 0.7186465371316981
85768.91451549459 0.7586114222785314
86111.99017355654 0.7438034535023077
86456.43813425078 0.7927063831686613
86802.2638867878 0.8200559487774731
87149.47294233493 0.8279858444828542
87498.07083410428 0.8551544174000467
87848.0631174407 0.8446581448450655
88199.45536991046 0.8733122401960378
88552.25319139009 0.9048432904950126
88906.46220415569 0.8572205015751326
89262.08805297229 0.7924567307163857
89619.1364051842 0.8458504096971283
89977.61295080492 0.9216882949118131
90337.52340260813 0.9245925870089862
90698.87349621857 0.962911604910801
91061.66899020346 1.006011660410691
91425.91566616425 1.003667907766356
91791.61932882894 0.9893223792185903
92158.78580614422 1.0309247543633162
92527.4209493688 1.0208437506902492
92897.53063316627 0.9917079864598157
93269.12075569895 1.0419251739931452
93642.19723872172 1.0374513207525615
94016.76602767664 1.0188197044597334
94392.83309178732 0.982588327847746
94770.40442415449 1.0313209392006895
95149.48604185111 1.0389158289192615
95530.08398601852 1.0975507366772024
95912.20432196259 1.0745972496179856
96295.85313925042 1.0161923257450005
96681.0365518075 1.0749519299159467
97067.76069801472 1.0931978856174371
97456.03174080675 1.0958599296752711
97845.85586776999 1.1626878248677026
98237.23929124104 1.0534622023692612
98630.18824840599 1.121805560392444
99024.70900139965 0.9454908109371178
99420.80783740526 1.139270761492332
99818.49106875488 1.1778678344389393
100217.76503302988 1.1199263919521525
100618.636093162 0.9789731912356936
101021.11063753467 0.9618652381415813
101425.1950800848 1.0224652272344723
101830.89586040513 0.9937770521484148
102238.21944384674 0.980757020854313
102647.17232162213 0.9776850781360825
103057.7610109086 0.9598410106687789
103469.99205495225 0.7512458848141098
103883.87202317205 0.735918658860141
104299.40751126477 0.7626485306373213
104716.60514130979 0.7923751953544509
105135.47156187505 0.8956418025728783
105556.01344812254 0.9078095998067726
105978.23750191503 0.8893498986354701
106402.15045192267 0.9028353023799469
106827.75905373038 0.9175697497002772
107255.07008994528 0.7756532149982545
107684.09037030509 0.8033357108202632
108114.8267317863 0.9304181467359793
108547.28603871344 0.8685590980114238
108981.47518286831 0.8623456478597533
109417.40108359976 0.8013781833405204
109855.0706879342 0.6956652306435018
110294.49097068593 0.7185081900572022
110735.66893456863 0.8696386363422521
111178.61161030692 0.9025355940964048
111623.32605674816 0.8699508598497284
112069.81936097513 0.8883017193650776
112518.09863841905 0.742174290617583
112968.17103297272 0.884193172336485
113420.0437171046 0.8413253543364558
113873.72389197304 0.8539700971945747
114329.21878754091 0.8843295885428023
114786.53566269108 0.8200954502044541
115245.68180534184 0.7983745065484862
115706.66453256323 0.7178630196329315
116169.49119069346 0.7241830892425976
116634.16915545624 0.7251857897048374
117100.70583207808 0.5901925773027983
117569.1086554064 0.5828021159421773
118039.385090028 0.6864023487013061
118511.54263038811 0.7290079417213228
118985.58880090967 0.6469673036169168
119461.5311561133 0.695354544005399
119939.37728073777 0.6740288687732433
120419.13478986072 0.7041436274224881
120900.81132902016 0.5406946053562952
121384.41457433623 0.6518411974329399
121869.9522326336 0.7251765525667959
122357.43204156413 0.6027815049732216
122846.86176973036 0.5448489079412412
123338.2492168093 0.6290773596251821
123831.60221367657 0.45743814429950486
124326.92862253124 0.4847776919707461
124824.23633702139 0.5678776127363653
125323.53328236948 0.44771432019927243
125824.82741549893 0.4681197107751168
126328.12672516092 0.5173587632673532
126833.43923206156 0.5186576505024991
127340.77298898982 0.4736780017844264
127850.13608094577 0.5016074100085433
128361.53662526955 0.45924389732966603
128874.98277177062 0.4857732772890592
129390.4827028577 0.4636977701006232
129908.04463366912 0.4728422411302535
130427.67681220379 0.4075171672959117
130949.38751945265 0.4720453307610984
131473.18506953045 0.4115215816738637
131999.07780980857 0.43953173144661595
132527.0741210478 0.36035192099619845
133057.182417532 0.34253977053971596
133589.4111472021 0.41407584033710687
134123.76879179094 0.3661492163554118
134660.26386695806 0.3117116001369176
135198.9049224259 0.35789723280271807
135739.7005421156 0.36598943742483164
136282.65934428407 0.3534066223432262
136827.78998166122 0.34349029833306627
137375.1011415879 0.32997538951784255
137924.60154615424 0.352358614823686
138476.29995233883 0.30248622115194396
139030.20515214818 0.2904650380802304
139586.32597275675 0.2970454892210056
140144.6712766478 0.24705280590845424
140705.2499617544 0.31843061364532943
141268.0709616014 0.2942841596215982
141833.1432454478 0.24940684573762173
142400.4758184296 0.2779883017117659
142970.07772170333 0.29688026335423595
143541.95803259013 0.2465725531661337
144116.12586472047 0.24030491611821106
144692.59036817937 0.24211394018125562
145271.3607296521 0.2214927009212967
145852.44617257072 0.2656563750143709
146435.85595726097 0.2529107255572506
147021.59938109003 0.25264939472842335
147609.6857786144 0.2645184244873777
148200.12452172884 0.23634178225206967
148792.92501981577 0.20518930379782233
149388.09671989502 0.1960940157718949
149985.6491067746 0.21877148419676648
150585.59170320167 0.23138511438384887
151187.93407001448 0.23408898432505196
151792.68580629455 0.19971566407537616
152399.85654951975 0.22969258750310464
153009.45597571784 0.22221632904345898
153621.4937996207 0.20455274288054587
154235.97977481916 0.19881106644896657
154852.92369391845 0.20513669045665697
155472.3353886941 0.17628235980641302
156094.2247302489 0.18415139680665968
156718.60162916992 0.1988169149431357
157345.47603568656 0.16007768485668836
157974.8579398293 0.1737077180016965
158606.75737158864 0.1903669464562505
159241.18440107498 0.20648101937329766
159878.14913867926 0.14296951229624436
160517.661735234 0.1870862765734211
161159.73238217493 0.16009170691903113
161804.3713117036 0.1828820825360312
162451.58879695044 0.14526318523951326
163101.39515213823 0.16542656695688646
163753.8007327468 0.17132683017207986
164408.81593567782 0.1631996010440886
165066.45119942052 0.15373728731196756
165726.71700421823 0.15329977041190795
166389.62387223504 0.12221919521817176
167055.18236772402 0.14515875169070994
167723.40309719497 0.16493757355879715
168394.2967095837 0.15636979086924815
169067.87389642204 0.127086293301129
169744.14539200772 0.13890543962567642
170423.1219735757 0.1642745336073163
171104.81446147006 0.10954588461791746
171789.23371931593 0.13681856312636728
172476.3906541932 0.1231634681172467
173166.29621680998 0.12715991962751905
173858.96140167722 0.09859017643019738
174554.39724728392 0.13329292664361084
175252.61483627307 0.11926748458819457
175953.62529561817 0.11896025058059258
176657.43979680064 0.12119680702335926
177364.06955598784 0.11174906344295246
178073.52583421173 0.11599175547866537
178785.8199375486 0.12574712799978596
179500.9632172988 0.1011055598964262
180218.967070168 0.11738358027523957
180939.84293844865 0.11456925604786661
181663.60231020238 0.08556967142511719
182390.25671944322 0.10513436834791422
183119.81774632097 0.10654060183523845
183852.29701730626 0.10263364154986854
184587.7062053755 0.10269346561212113
185326.057030197 0.08574975465636149
186067.3612583178 0.07874885308340324
186811.63070335102 0.09155149871649657
187558.8772261645 0.08764030405140077
188309.11273506918 0.11726363422233912
189062.3491860094 0.09765112166898879
189818.59858275342 0.07693154326394977
190577.87297708448 0.09875907472163915
191340.18446899284 0.09651376495335864
192105.54520686882 0.08042671010934858
192873.9673876963 0.07197973708499676
193645.46325724703 0.07469573283565235
194420.04511027603 0.05937311002606144
195197.72529071715 0.08189889751351041
195978.51619188 0.06751032990753211
196762.4302566476 0.07416375577815155
199107.9942767367 0.07236736567989363
203090.15416227144 0.06418287094263381
207151.95724551688 0.06371511173534508
211294.9963904272 0.051712478161696815
215520.89631823578 0.05078201308160177
219831.31424460045 0.04698908716131558
224227.94052949245 0.04163138914183375
228712.4993400823 0.044069997330450916
233286.74932688402 0.04276765355932
237952.48431342165 0.0312893458134734
242711.5339996901 0.039155385146776044
247565.76467968393 0.03261841446075024
252517.0799732776 0.025035105252738145
257567.42157274322 0.029065455962053812
262718.770004198 0.026334099979165304
267973.145404282 0.020475490837592182
273332.6083123676 0.025074758769431795
278799.26047861495 0.020182526757297908
284375.2456881872 0.014911874926380608
290062.750601951 0.01822770509599165
295864.00561398995 0.015562558830434812
301781.2857262697 0.015104922722119276
307816.91144079523 0.011907886147217045
313973.24966961105 0.013325041370170968
320252.7146630032 0.012200281997081537
326657.7689562633 0.011032497678561057
333190.92433538847 0.008985213942178955
339854.7428220964 0.01049637343939896
346651.83767853834 0.008147262442682407
353584.87443210906 0.006993337515782148
360656.57192075124 0.0067482696676535265
367869.70335916633 0.0070744157837220835
375227.09742634965 0.0060886267069201905
382731.63937487674 0.006620611324151298
390386.2721623741 0.005317104558339778
398193.99760562164 0.004770093723809394
406157.87755773397 0.004035600620922361
414281.0351088888 0.004903532196680207
422566.65581106645 0.004206503874123029
431017.98892728786 0.00343360011019166
439638.3487058336 0.0031881765669347873
448431.11567995034 0.0030275984920066744
457399.7379935492 0.002890072132897847
466547.7327534202 0.002498714211627519
475878.6874084886 0.002474603479390061
485396.2611566584 0.002468864527806792
495104.1863797916 0.001965565042015819
505006.2701073874 0.0019636077947727767
515106.39550953516 0.0016906575972367745
525408.5234197257 0.0018800537725482888
535916.6938881205 0.0016929771428658442
546635.0277658828 0.0014787454815472015
557567.7283212005 0.0012800953832725432
568719.0828876244 0.0011984979556399697
580093.4645453768 0.0011465918892467272
591695.3338362843 0.0011172298815886005
603529.2405130101 0.0009752880796792665
615599.8253232702 0.00105808134803849
627911.8218297358 0.0008268080880485989
640470.0582663304 0.000729822910180832
653279.459431657 0.0006891133387408999
666345.04862029 0.0006165495675609954
679671.9495926959 0.0006767452343194886
693265.38858455 0.0006558183724914282
707130.6963562409 0.0005373741557277065
721273.3102833657 0.0004687376986818303
735698.7764890331 0.0004549944723252085
750412.7520188137 0.000407910084739312
765421.0070591901 0.0004225219627252748
780729.4272003738 0.00034922744022435645
796344.0157443815 0.000360013577537871
812270.896059269 0.0003032756254828322
828516.3139804546 0.0002756223307492473
845086.6402600636 0.0002612171425586215
861988.3730652649 0.00028090942653714233
879228.14052657 0.00030679819908270366
896812.7033371016 0.00023579460106791942
914748.9574038435 0.0002069394447510072
933043.9365519203 0.0001887359716763361
951704.8152829591 0.00015940063136659423
970738.911588618 0.00017668113807466112
990153.6898203905 0.00013592083743427035
