1000.5530765187797 4.279129684528969e-15
1004.5552888248548 2.1918881426885394e-50
1008.5735099801544 2.371533842828478e-48
1012.607804020075 4.338449949407518e-48
1016.6582352361554 3.8010495224235738e-50
1020.7248681770998 7.792593279347466e-36
1024.8077676498083 7.471092705662473e-38
1028.9069987204075 4.967380505180986e-47
1033.022626715289 6.0378537054938304e-34
1037.1547172221503 1.2106814515548261e-48
1041.3033360910388 3.977136629833587e-45
1045.468549435403 8.903622129949629e-43
1049.6504236331448 2.757820586573449e-49
1053.8490253276773 2.6470692084714625e-37
1058.064421428988 1.4035883988389948e-46
1062.296679114704 7.859082241855689e-37
1066.5458658311627 2.6353371068799695e-41
1070.8120492944875 8.784796139511812e-43
1075.0952974916654 7.309262979148658e-34
1079.3956786816323 7.184243778072455e-43
1083.7132613963586 9.170882946047016e-33
1088.048114441944 1.19403304606485e-34
1092.4003068997117 3.578982629547667e-26
1096.7699081273104 5.328761693531692e-34
1101.15698775982 7.021090119732804e-35
1105.561615710859 1.9840803344770186e-26
1109.9838621737026 4.7889888912256945e-29
1114.4237976223976 1.1944522899876917e-31
1118.8814928128868 3.6995012610244248e-34
1123.3570187841383 1.3246647931867549e-31
1127.8504468592753 1.05015737009634e-23
1132.361848646712 3.7088106808584223e-25
1136.8912960412988 7.830284340446778e-25
1141.438861225464 5.56115789516085e-25
1146.004616670366 2.3076280255091994e-24
1150.5886351370475 1.3488130944329683e-28
1155.190989677596 1.6732257813845017e-26
1159.8117536363065 7.957603301326138e-31
1164.4510006508515 1.909501566539373e-35
1169.108804653455 5.168273259154721e-34
1173.7852398720688 2.699083806755394e-35
1178.480380831557 4.600375624062613e-38
1183.1943023548836 5.849168026353394e-36
1187.9270795643029 3.234165290825316e-32
1192.67878788256 1.2061137675023846e-32
1197.4495030340906 1.102058678707026e-34
1202.2393010462267 1.2985660689371098e-38
1207.0482582504117 3.373625514741939e-33
1211.8764512834132 3.2062849950380575e-33
1216.7239570885472 2.4930142744519344e-40
1221.5908529169012 6.603628954407293e-36
1226.4772163285688 3.308638903604862e-33
1231.383125193883 2.1813113888567867e-39
1236.3086576946585 1.3958752133872657e-36
1241.2538923254372 1.162179957893532e-35
1246.2189078947392 8.160337445350194e-38
1251.203783526318 1.5256488799859702e-32
1256.2085986604231 3.4950090721591205e-32
1261.233433055065 7.49851430364731e-33
1266.2783667872852 2.378339153576789e-36
1271.3434802544346 3.3492175549881684e-28
1276.4288541754522 7.407462729021101e-30
1281.534569592154 5.148477587411617e-33
1286.6607078705229 2.3944737177957224e-30
1291.8073507020044 6.751443155528518e-28
1296.9745801048125 7.405186286175337e-28
1302.162478425232 4.555395036578078e-34
1307.3711283389327 8.646390507424005e-31
1312.6006128522888 2.9210644989996635e-25
1317.851015303698 1.2467702031765757e-31
1323.1224193649127 7.122554510867348e-29
1328.4149090423725 4.640113200278008e-28
1333.728568678542 1.613547999896919e-28
1339.0634829532567 1.3504320803495036e-31
1344.4197368850691 2.989647479262042e-28
1349.7974158326099 1.2412261542338534e-27
1355.1966054959403 3.797752049004741e-28
1360.6173919179244 1.5040383926670698e-27
1366.059861485596 9.556870623972061e-29
1371.5241009315384 4.545368594564969e-31
1377.0101973352646 6.352113858342461e-30
1382.5182381246057 7.060797838877924e-26
1388.0483110771042 6.248420710193774e-27
1393.6005043214122 2.000771352433174e-29
1399.1749063386976 1.592415055720749e-29
1404.7716059640527 8.262379305450569e-26
1410.3906923879088 9.126756629696893e-28
1416.0322551574602 2.2062024625789013e-25
1421.6963841780905 1.922959193104316e-30
1427.3831697148032 3.5445986502731565e-26
1433.0927023936622 5.6776952275126485e-24
1438.8250732032368 1.1061306631228346e-25
1444.5803734960498 6.4160307762958784e-24
1450.3586949900334 1.5107832762927443e-25
1456.1601297699938 2.245099847917838e-24
1461.984770289074 5.84785756421675e-23
1467.83270937023 8.136455212474986e-25
1473.704040207711 2.138935397750809e-23
1479.5988563685412 6.2935221550696135e-27
1485.5172517940157 5.1448118007865045e-24
1491.459320801192 1.9653634105100355e-23
1497.4251580843968 9.377175906211775e-25
1503.4148587167342 2.314597043450109e-20
1509.4285181516007 1.9883357805291688e-23
1515.4662322242077 2.1638033888806454e-24
1521.5280971531042 1.3533844597901707e-18
1527.6142095417167 1.9087754593468058e-22
1533.7246663798837 7.431019700507649e-21
1539.859565045403 1.940816764995074e-18
1546.0190033055849 1.3257195266768211e-26
1552.203079318807 2.2213441329398767e-19
1558.4118916360824 1.180865659190535e-18
1564.6455392026269 7.505129872088254e-21
1570.9041213594373 4.850962019683644e-18
1577.187737844875 1.2126576270066572e-18
1583.4964887962547 9.183760659760992e-18
1589.8304747514399 2.4540550304378014e-17
1596.1897966504455 1.3324728525879507e-18
1602.5745558370472 8.941646057523176e-18
1608.9848540603957 5.9763912531259e-17
1615.4207934766368 8.141246263222796e-18
1621.8824766505436 9.276029453034615e-17
1628.3700065571454 1.5357039285371959e-16
1634.8834865833744 1.607276490960857e-16
1641.4230205297079 5.395725150470115e-16
1647.9887126118267 8.120793495281931e-17
1654.580667462274 1.273295200028007e-16
1661.198990132123 9.839223735465908e-16
1667.8437860926513 6.710557076381781e-16
1674.515161237022 1.7065639279477385e-15
1681.2132218819695 2.113955722479028e-15
1687.9380747694975 1.8624149515039883e-15
1694.6898270685758 6.240785088050156e-15
1701.4685863768502 4.096243068343703e-15
1708.2744607223572 2.6307725007576483e-15
1715.1075585652468 6.69596776135309e-15
1721.967988799508 4.761716063992049e-15
1728.8558607547059 7.026689542834653e-15
1735.7712841977245 1.6619460921574518e-14
1742.7143693345156 1.360533572416056e-14
1749.6852268118535 2.3822186484891664e-14
1756.6839677191008 5.5605847664178794e-14
1763.7107035899771 8.498620202534884e-14
1770.7655464043373 6.955003855838858e-14
1777.8486085899544 6.41786344820058e-14
1784.9600030243143 7.749105857243407e-14
1792.0998430364118 1.0349441792738233e-13
1799.2682424085576 1.563390529002931e-13
1806.4653153781921 1.3732270070239075e-13
1813.6911766397043 2.5825248133793035e-13
1820.945941346263 3.117209602343918e-13
1828.2297251116483 4.5800811024287e-13
1835.5426440120948 4.3725056076837e-13
1842.8848145881432 5.798923969974096e-13
1850.2563538464956 7.847222055003158e-13
1857.657379261881 9.88636134492804e-13
1865.0880087789287 1.4864160227805663e-12
1872.5483608140448 1.4086923568569756e-12
1880.0385542573008 2.009829179298393e-12
1887.5587084743302 2.7266423847273968e-12
1895.1089433082268 3.698684735302553e-12
1902.68937908146 3.662648273477789e-12
1910.3001365977857 4.684192799520935e-12
1917.9413371441767 5.627916847753105e-12
1925.6131024927531 7.26423021235082e-12
1933.3155549027244 9.606556139387299e-12
1941.0488171223355 1.0703688759264004e-11
1948.8130123908247 1.5231186040987017e-11
1956.608264440388 1.8618470338909896e-11
1964.434697498149 2.3539117228973088e-11
1972.2924362881417 2.843604296872443e-11
1980.1816060332944 3.292843814741693e-11
1988.1023324574276 4.155871054365869e-11
1996.0547417872574 4.6472720390222004e-11
2004.0389607544066 5.943358321075394e-11
2012.0551165974243 6.868800373501145e-11
2020.1033370638136 8.42702159232055e-11
2028.1837504120688 9.985182578077924e-11
2036.2964854137172 1.1782404434470697e-10
2044.4416713553724 1.4135984024139405e-10
2052.6194380407937 1.6556674771065428e-10
2060.829915792957 1.961463612660736e-10
2069.0732354561287 2.3012640334325634e-10
2077.3495283979532 2.700782764993569e-10
2085.6589265115445 3.1806184751338155e-10
2094.001562217591 3.715073025279609e-10
2102.3775684664615 4.3633808464437294e-10
2110.787078740328 5.091580122440064e-10
2119.2302270552887 5.96455911406537e-10
2127.70714796351 6.972573467428305e-10
2136.217976555364 8.134148165630564e-10
2144.7628484615852 9.464246765444733e-10
2153.341899855432 1.105056397999901e-09
2161.9552674548536 1.2879670695272843e-09
2170.603088524673 1.4992207967749872e-09
2179.285500878772 1.7349505127709338e-09
2188.0026428822866 2.0182598681121406e-09
2196.754653453816 2.3510385467896774e-09
2205.541672067631 2.7256567712826e-09
2214.3638387559017 3.1577804591056182e-09
2223.2212941109246 3.6299011879760034e-09
2232.114179287369 4.248771154719188e-09
2241.0426360045185 4.905498123059469e-09
2250.0068065485366 5.70597284157985e-09
2259.0068337747302 6.4746968223410815e-09
2268.0428611098296 7.542822665876106e-09
2277.115032554269 8.753323094165167e-09
2286.223492684486 1.0113058793829626e-08
2295.368386655224 1.1691162004897848e-08
2304.549860201845 1.3159718392825068e-08
2313.7680596426517 1.5391884724052144e-08
2323.0231318812225 1.7755928319924427e-08
2332.3152244087473 2.0479603172083466e-08
2341.6444853063817 2.342754776057096e-08
2351.0110632476076 2.662845343757471e-08
2360.415107500598 3.08677731641712e-08
2369.8567679306 3.5152354214611034e-08
2379.3361950023227 4.056102923408441e-08
2388.853539782332 4.632967673203557e-08
2398.4089539414617 5.3437483597938374e-08
2408.0025897572273 6.10682324646648e-08
2417.6346001162565 6.867489571856182e-08
2427.3051385167214 7.96358564758652e-08
2437.0143590707885 9.052822523498761e-08
2446.762416507072 1.0516219181449233e-07
2456.5494661731 1.1768271858495024e-07
2466.375664037793 1.347904177499241e-07
2476.2411666939443 1.5436844086391464e-07
2486.1461313607197 1.7163139555695292e-07
2496.090715886162 1.9757475868532553e-07
2506.075078749707 2.2268794271902617e-07
2516.0993790647044 2.5424023790368954e-07
2526.163776580964 2.976736831491304e-07
2536.268431687288 3.459934543411448e-07
2546.4135054140374 3.9858343717329356e-07
2556.599159435693 4.243480708825061e-07
2566.825556073436 4.7593206695977227e-07
2577.09285829773 5.384010206762032e-07
2587.4012297309205 6.034426027980073e-07
2597.7508346498444 6.878271547075155e-07
2608.141837988444 7.720101264943147e-07
2618.5744053403982 8.875178038001503e-07
2629.0487029617593 1.0226962012756877e-06
2639.5648977736064 1.1416890219987216e-06
2650.123157364701 1.271574833668942e-06
2660.7236499941596 1.41748383290773e-06
2671.366544594136 1.5833197717563564e-06
2682.052010772512 1.790907014725126e-06
2692.7802188156024 1.9891569058821452e-06
2703.551339690865 2.2493155794242776e-06
2714.365545049628 2.514030036807021e-06
2725.223007229827 2.804680538668645e-06
2736.123899258746 3.1373293433287935e-06
2747.0683948557817 3.51643114412518e-06
2758.0566684352048 3.9091615283442655e-06
2769.0888951089455 4.372282749698668e-06
2780.165250689381 4.8580712143733045e-06
2791.2859116921386 5.412723827620802e-06
2802.451055338907 6.020259125046703e-06
2813.660859560263 6.693180731977172e-06
2824.9155029985036 7.442775225231677e-06
2836.2151650104965 8.276412008572292e-06
2847.5600256705393 9.206792172416602e-06
2858.950265773222 1.0245935649605312e-05
2870.386066836315 1.1406381985780908e-05
2881.8676111036607 1.2701975292581312e-05
2893.3950815480757 1.4147682301747072e-05
2904.968661874268 1.5753553784242567e-05
2916.588536521764 1.7550477386300876e-05
2928.254890667851 1.9548945251060157e-05
2939.9679102305226 2.1773184700424524e-05
2951.727781871445 2.4253660917496675e-05
2963.534692998931 2.7012399658164058e-05
2975.3888317709266 3.00627811021402e-05
2987.2903870980094 3.351831355594757e-05
2999.2395486464025 3.724623294486913e-05
3011.2365068409886 3.810270880400042e-05
3023.2814528683516 4.213706207318231e-05
3035.374578679825 3.309812553318142e-05
3047.516076994544 5.191407918344631e-05
3059.7061413025226 5.813853237346456e-05
3071.9449658677336 6.406864248868434e-05
3084.232745731204 6.979263348979026e-05
3096.569676714128 5.370508884751242e-05
3108.955955420985 5.8762483093273024e-05
3121.3917792426687 9.228404050642055e-05
3133.8773463596394 0.00010209353546710547
3146.412855745078 0.00011124298565102091
3158.998507168058 0.00011955928643511517
3171.6345011967305 0.00012762582293282009
3184.321039201517 0.00013333491295853002
3197.0583233583234 0.0001346887042845009
3209.8465566517566 0.00010183380989007244
3222.6859428783637 6.0523443335177864e-05
3235.576686649877 0.00011148833659022157
3248.518993396477 8.590767074148814e-05
3261.513069370063 4.668204717643621e-05
3274.559121647543 1.211572921273482e-05
3287.6573581341336 5.468358001553255e-07
3300.8079875666704 6.685008691169617e-10
3314.0112195169368 6.754725576584481e-08
3327.2672643950045 6.103127622087928e-06
3340.5763334525845 4.878477523650642e-05
3353.938638786395 0.00013892396062610261
3367.354393341541 0.0002523383966028285
3380.8238109149074 0.00037046843768602056
3394.347106158567 0.0004860257856302322
3407.924494583201 0.000594162142485618
3421.5561925615334 0.0006773327084619562
3435.2424173317804 0.0005673452951370922
3448.9833870011066 0.00011103164976337989
3462.7793205491116 0.0008381364118676313
3476.630437831308 0.0011653481427267292
3490.536959582633 0.0013560278043646902
3504.4991074209643 0.0015318306768118
3518.5171038506473 0.0017093126850143716
3532.5911722660503 0.00189394568296602
3546.7215369551145 0.002094230851680829
3560.9084231029346 0.0023067754798714387
3575.1520567953467 0.0025320670329035356
3589.452665022528 0.002780261970960251
3603.810475682617 0.0030443944446251125
3618.225717585348 0.0033285530572023693
3632.698620455689 0.003632208929784116
3647.2294149375116 0.003960332580414597
3661.8183325972614 0.004318527397153652
3676.4656059276513 0.0046868162175019
3691.1714683513615 0.005103158088774265
3705.936154224767 0.005533902592437569
3720.7598988416657 0.005964200546697982
3735.6429384370326 0.006490245156898734
3750.585510190781 0.00703854844063424
3765.587852231544 0.007662799978437357
3780.6502036404704 0.008281278169680311
3795.772804455032 0.008968356815277401
3810.955895672852 0.00968818414847475
3826.199719255544 0.010197953313481337
3841.504518132566 0.011068972680155529
3856.870536205096 0.012087261478028147
3872.2980183499167 0.013035352099287119
3887.7872104233156 0.014006631727488587
3903.338359265009 0.01504471295697207
3918.9517127020695 0.016152636533231856
3934.6275195528774 0.01726797327050029
3950.3660296310895 0.018446141655943722
3966.1674937496136 0.019518426510826768
3982.0321637246125 0.020127278365303966
3997.9602923795105 0.0202783033777071
4013.9521335490285 0.017969051381924672
4030.007942083225 0.008398675533284874
4046.1279738515577 0.0001948737773960001
4062.312485746964 0.009162434337784195
4078.5617356899515 0.02359990531373238
4094.8759826327114 0.030268410099206288
4111.255486563242 0.034848439702806204
4127.700508509496 0.038538084372400104
4144.211310543533 0.0420693493849966
4160.788155785708 0.045494227287016104
4177.431308408849 0.04874252318684177
4194.141033642486 0.05257899002388473
4210.917597777056 0.0558980107911303
4227.761268168164 0.05876681418049813
4244.672313240838 0.06350360560881502
4261.651002493801 0.06775494187216421
4278.697606503776 0.07197787728572255
4295.812396929791 0.07782413753578817
4312.995646517511 0.08189721535640566
4330.24762910358 0.08606626170156806
4347.568619619994 0.09229465111636094
4364.958894098475 0.0963132880187539
4382.418729674868 0.10426470863780025
4399.948404593568 0.10852048738495507
4417.548198211942 0.11631756997870744
4435.21839100479 0.12633898847804534
4452.959264568809 0.13175484542766747
4470.771101627084 0.13822554345039312
4488.654186033592 0.14378315075905676
4506.608802777726 0.1519353568548337
4524.635237988838 0.16068744013597885
4542.733778940792 0.17269855158449332
4560.904714056555 0.16638477680841965
4579.148332912781 0.1729355780624632
4597.464926244433 0.20480150965966648
4615.85478594941 0.2150092897467347
4634.318205093208 0.2193630133306985
4652.855477913582 0.22662570180822225
4671.466899825236 0.2350638181054715
4690.152767424537 0.2413736728090128
4708.913378494234 0.25750709709421926
4727.749032008212 0.24806302947399692
4746.660028136244 0.2397964668945549
4765.646668248789 0.2154287410147316
4784.709254921784 0.15566688966629116
4803.8480919414715 0.13007312775080537
4823.063484309237 0.09477673103092654
4842.355738246474 0.06950767980140364
4861.72516119946 0.0502072431061905
4881.172061844257 0.03652817798731652
4900.6967500916335 0.02741682555481788
4920.299537092001 0.01970344669622521
4939.9807352403695 0.013257101837458284
4959.740658181329 0.008246439058352605
4979.5796208140555 0.004662008246624207
4999.497939297312 0.002571480346443047
5019.495931054502 0.001434364868480106
5039.57391477872 0.0009350378265692212
5059.732210437835 0.0007587363316267316
5079.971139279585 0.0007246517555169435
5100.291023836704 0.0007194840904322007
5120.692187932051 0.0006886836189910309
5141.174956683781 0.0006521761824299184
5161.739656510514 0.0006334089156160643
5182.386615136556 0.0006167000751886632
5203.116161597103 0.0005826445354771478
5223.928626243489 0.0005459522551734496
5244.824340748465 0.0005171465300593267
5265.803638111459 0.00048561187260002766
5286.866852663905 0.0004520548870440117
5308.0143200745615 0.0004266350495239266
5329.246377354859 0.0004034080555638873
5350.563362864278 0.00037906657535703746
5371.965616315736 0.0003611429685421226
5393.453478780998 0.0003443621349931127
5415.027292696122 0.00032520512289476377
5436.687401866905 0.00031079240323530225
5458.434151474374 0.00029610728818952947
5480.267888080271 0.0002794232752719725
5502.188959632591 0.00026601977730549757
5524.197715471122 0.0002527775924628976
5546.294506333006 0.00023834004101715232
5568.479684358337 0.00022518621201123528
5590.753603095771 0.0002129763528277277
5613.1166175081535 0.00019884860188886414
5635.569083978187 0.00018682843993273658
5658.1113603140975 0.00017234149898955747
5680.743805755354 0.0001576637771834401
5703.466780978376 0.00014416570253578478
5726.28064810229 0.00012966697411751423
5749.185770694699 0.00011425457242987554
5772.182513777476 9.854590106239688e-05
5795.271243832587 8.311536680490345e-05
5818.452328807918 6.86617347397888e-05
5841.72613812315 5.571528370133621e-05
5865.093042675643 3.359708760380173e-05
5888.553414846345 1.539546312337816e-05
5912.10762850573 2.5570095983888038e-05
5935.756059019754 6.36825892308378e-05
5959.499083255832 0.00010791859556822681
5983.337079588855 0.0001625037285170211
6007.27042790721 0.0002384926835108316
6031.299509618841 0.0003440148194897973
6055.424707657316 0.0004758031470026687
6079.646406487946 0.0006397288747052903
6103.964992113897 0.0008497429822557656
6128.380852082353 0.0011167923023072924
6152.894375490681 0.001452758946493854
6177.505952992646 0.001873695730658157
6202.215976804616 0.0023889349475145713
6227.024840711833 0.0030270690690557826
6251.932940074681 0.0038217247283722105
6276.940671834981 0.004803710664020462
6302.048434522321 0.0060408912259961554
6327.256628260409 0.007560471386163775
6352.5656547734525 0.009397623663045435
6377.975917392546 0.011635762700090584
6403.487821062116 0.014348040750996447
6429.101772346364 0.017605513600263557
6454.81817943575 0.02150240168478945
6480.637452153493 0.026297041797903258
6506.560001962106 0.03223242236995217
6532.586241969955 0.03947032544627057
6558.716586937834 0.04828625409069008
6584.951453285586 0.058979145872298036
6611.291259098727 0.0721282372181456
6637.7364241351215 0.08818669513891683
6664.2873698316625 0.10747681857747815
6690.94451931099 0.13028122823474997
6717.7082973882325 0.15735301790961323
6744.579130577787 0.1890239403319352
6771.557447100097 0.22413473383477375
6798.643676888497 0.2603980994355557
6825.838251596053 0.2943867815912785
6853.141604602436 0.3225041670334245
6880.554171020846 0.34073168086191447
6908.0763877049285 0.34441479681033177
6935.708693255749 0.34060078811136363
6963.4515280287715 0.3617987362519174
6991.305334140887 0.38060908103443475
7019.270555477449 0.40624251782791326
7047.34763769936 0.4420934278551282
7075.537028250157 0.47940081448310257
7103.839176363159 0.5158304983881273
7132.254533068612 0.5512369812429285
7160.783551200888 0.5572640797542433
7189.42668540569 0.5799457866970684
7218.184392147313 0.604037262555828
7247.0571297159 0.6020645715195312
7276.045358234765 0.6066928593247517
7305.149539667704 0.5808640459433637
7334.370137826372 0.5780310570388987
7363.707618377678 0.5576053333980373
7393.162448851191 0.5419433620114353
7422.735098646595 0.5200995079627213
7452.426039041182 0.4973619715634995
7482.235743197345 0.4720336866036528
7512.1646861701365 0.4364189680123649
7542.213344914818 0.40557900514492423
7572.382198294477 0.36853169710196243
7602.671727087656 0.3035050172472041
7633.082413996006 0.16928394046826345
7663.614743651989 0.027349716821850854
7694.269202626598 0.0368894779402739
7725.046279437104 0.13839077801935024
7755.946464554851 0.28519249148643794
7786.970250413072 0.44307735090388795
7818.118131414723 0.5879799784306554
7849.390603940383 0.731044094129886
7880.788166356144 0.892683584545119
7912.311319021571 1.0775882335788651
7943.960564297654 1.2921657823580497
7975.736406554845 1.5253680266872316
8007.639352181065 1.7893207089904273
8039.669909589788 2.0672963519421694
8071.828589228147 2.3334264110161564
8104.115903585063 2.5437553666861525
8136.532367199402 2.8258966375539596
8169.078496668199 3.269536051942074
8201.754810654873 3.3437070191980016
8234.561829897493 4.099583430087605
8267.500077217084 4.870408780811929
8300.570077525952 5.287219979512915
8333.772357836056 5.993201360933581
8367.1074472674 6.5253059127195545
8400.575877056472 7.313603829742819
8434.178180564695 8.143595528519576
8467.914893286956 9.059538976594462
8501.786552860101 10.023421719639757
8535.793699071543 11.09437625796496
8569.936873867831 12.173488439240232
8604.216621363299 12.281880677708612
8638.633487848754 9.633182788808
8673.18802180015 11.944986441501612
8707.880773887353 11.9379469952031
8742.7122969829 12.928793444707061
8777.68314617083 14.102853447022525
8812.793878755514 15.648154792519923
8848.045054270535 17.806155084519062
8883.437234487617 18.608162713094256
8918.970983425568 17.91465742708957
8954.64686735927 19.69455486719895
8990.465454828707 20.435066073797785
9026.427316648023 23.921349851684287
9062.533025914616 25.899590132390614
9098.783158018272 27.18353742159073
9135.178290650345 27.250307703257842
9171.719003812947 26.391710158142633
9208.405879828202 29.69292602397648
9245.239503347511 29.759512116540733
9282.2204613609 16.238328868997588
9319.349343206346 18.246531431649736
9356.626740579171 18.60276012349627
9394.053247541488 20.756037199065318
9431.629460531654 22.11828158055149
9469.355978373778 23.66658064185353
9507.233402287276 23.44959240867464
9545.262335896427 26.341558695465167
9583.443385240013 22.66886760343896
9621.777158780975 24.99112250497521
9660.264267416096 26.035130899343894
9698.90532448576 27.000360236179485
9737.7009457837 26.8619787733715
9776.651749566838 28.468786086958062
9815.758356565104 29.737598114926328
9855.021389991363 32.50596330400071
9894.441475551332 36.7257467701945
9934.019241453534 38.660859132385845
9973.755318419348 37.18541259643807
10013.650339693024 31.193399355298048
10053.704941051796 35.221915876550085
10093.919760816003 37.2660715672645
10134.295439859268 43.48662146310525
10174.832621618703 49.948366815094545
10215.531952105179 54.36802327305245
10256.394079913602 58.69829081935199
10297.419656233254 64.55205258923843
10338.609334858189 69.82954312378514
10379.96377219762 73.40299928877933
10421.483627286412 76.24452873714681
10463.169561795556 76.55481067461854
10505.022240042741 77.23662205803417
10547.042329002912 78.33409284499226
10589.230498318922 77.93933379159506
10631.587420312197 83.43198296412093
10674.113769993448 85.2737031404344
10716.810225073421 87.10095593591795
10759.677465973711 90.07260569730707
10802.716175837608 93.05209048714048
10845.927040540959 90.68249237091105
10889.310748703121 78.60539831741214
10932.867991697934 56.39364403798047
10976.599463664725 49.603771209794886
11020.505861519383 45.11281892780981
11064.587884965462 40.90392294594274
11108.846236505324 35.97172704868648
11153.281621451348 30.653095825222024
11197.894747937147 32.62574137608198
11242.686326928899 34.93519106144035
11287.657072236614 37.47810298938652
11332.807700525562 23.067761306522783
11378.138931327663 29.19408780949741
11423.651487052975 30.218137861272307
11469.346093001184 35.450490007738246
11515.22347737319 30.745775078369235
11561.284371282683 29.254649752175176
11607.529508767815 30.24894233149145
11653.959626802887 32.40612058692129
11700.5754653101 29.600867866489487
11747.377767171341 27.349491365115593
11794.367278240028 28.970133222519483
11841.544747352984 36.25148049081763
11888.9109263424 42.847015551334295
11936.46657004777 51.2165381139504
11984.212436327958 55.22570973744115
12032.149286073272 61.32620431361732
12080.277883217566 70.01476603613736
12128.598994750435 71.83138391317273
12177.113390729437 79.8845800310339
12225.821844292353 83.17993169302763
12274.725131669524 90.70040545231193
12323.824032196202 95.79425178769753
12373.119328324985 102.57714479373197
12422.611805638286 91.97062099241498
12472.302252860838 113.00093090464497
12522.19146187228 94.78592888396676
12572.280227719768 120.99663019779807
12622.569348630648 118.43221363511141
12673.059626025171 119.28921723018172
12723.751864529271 115.13031490814353
12774.646871987386 117.95555109528149
12825.74545947534 112.78987669967617
12877.04844131324 109.14945484539876
12928.556635078494 107.59743784177648
12980.270861618808 102.53787579720328
13032.191945065284 100.16706165275957
13084.320712845543 93.80928105850062
13136.657995696927 88.68213208561795
13189.204627679715 82.6275086537787
13241.961446190431 71.60798549499661
13294.929291975195 47.50473341261501
13348.109009143096 17.649107317872502
13401.50144517967 11.543946712210298
13455.107450960388 8.300340565198304
13508.927880764231 7.077838344265848
13562.963592287288 5.526071008165658
13617.215446656439 5.445663311986278
13671.684308443064 7.351730174246612
13726.371045676835 5.725066556273608
13781.276529859542 7.186895370726666
13836.40163597898 6.74161825207152
13891.747242522899 7.136417941801291
13947.314231492988 6.324179925879041
14003.103488418961 6.087613812904398
14059.115902372636 6.738260807111328
14115.352365982128 5.513705545652727
14171.813775446057 5.767907971139368
14228.501030547843 5.425187341082439
14285.41503467003 6.241854229958272
14342.556694808713 5.88196698504112
14399.926921587949 7.019765091806213
14457.5266292743 7.706757917465993
14515.356735791396 9.78609669241408
14573.418162734559 13.097850169753025
14631.711835385498 11.320173096945648
14690.238682727038 11.131013895510913
14748.999637457951 12.564353620026345
14807.995636007783 14.670327132618052
14867.227618551815 14.78415551998193
14926.69652902602 16.357280781828706
14986.403315142123 17.968206540753155
15046.348928402693 19.065293065872318
15106.534324116303 21.83990851612264
15166.96046141277 25.08977886562452
15227.62830325842 26.493391490108568
15288.538816471453 29.30332288480499
15349.692971737337 31.72944873116064
15411.091743624287 34.73994673595986
15472.736110598784 41.125282331866856
15534.62705504118 44.054341090261765
15596.765563261344 45.94240121129791
15659.152625514387 51.25071522167467
15721.789236016448 56.08106722166704
15784.676392960515 60.355296090403286
15847.815098532355 67.95815881001354
15911.206358926484 67.64840447136113
15974.85118436219 72.79228867832234
16038.75058909964 70.19674473621752
16102.905591456036 71.32946387635629
16167.31721382186 68.82994993309912
16231.986482677148 65.27794239120396
16296.914428607855 62.843013902401566
16362.102086322288 67.7901764123169
16427.550494667576 74.43640778948526
16493.260696646248 77.50337578384455
16559.23373943283 77.30768240237937
16625.470674390563 77.41497939544338
16691.972557088127 57.36959015474625
16758.74044731648 63.68954143133509
16825.775409105743 75.92213891273921
16893.07851074217 69.71925469042048
16960.650824785134 60.09753640908483
17028.493428084275 57.440973542593774
17096.607401796613 59.79097587525576
17164.993831403797 44.33122277229475
17233.653806729413 46.776865053215
17302.588421956334 36.77881268577664
17371.798775644158 32.88428200939121
17441.285970746736 32.16887377946347
17511.05111462972 30.882270197197553
17581.095319088243 27.33175209370276
17651.419700364593 23.011977953453886
17722.02537916605 18.932717235701176
17792.913480682713 17.76065049911198
17864.085134605448 16.07162765379522
17935.54147514387 12.612403160697509
18007.283641044443 13.923485073149863
18079.312775608625 11.615632934142287
18151.630026711056 14.151645012367096
18224.236546817894 12.926552708092572
18297.133493005167 12.306229682017293
18370.32202697719 11.846334308728794
18443.803315085097 11.580450757172612
18517.578528345435 11.245965879337072
18591.648842458817 8.293293675660014
18666.01543782865 8.909499831812944
18740.67949957997 10.599170070281536
18815.642217578286 13.497480873365697
18890.9047864486 14.950772412828886
18966.4684055944 17.070260412667412
19042.334279216768 16.0933649188464
19118.50361633364 18.07709222733213
19194.977630798967 17.110233758605474
19271.757541322168 15.847755441136322
19348.844571487454 14.067210246811385
19426.239949773408 11.97241001681448
19503.9449095725 14.973743086345788
19581.960689210795 12.802995694143412
19660.28853196764 15.137018627136758
19738.929686095507 15.296744063664477
19817.885404839893 15.651463720315729
19897.15694645925 16.470328684859606
19976.745574245087 18.481500301100812
20056.65255654207 18.769001117927427
20136.879166768238 20.4424830727914
20217.426683435307 24.913865669287805
20298.296390169045 24.369927409696444
20379.489575729727 27.30862829995153
20461.007534032648 30.546053936699845
20542.851564168777 32.42340784082661
20625.02297042545 35.206118945998846
20707.523062307162 38.969243531560345
20790.353154556382 39.78091654681834
20873.514567174607 41.54796865640579
20957.008625443308 44.07184409727934
21040.836659945082 47.374442221261056
21125.000006584854 48.19758301521741
21209.5000066112 47.64085922427641
21294.33800663765 47.57558110682773
21379.515358664197 48.98177050714253
21465.033420098855 49.0690569081479
21550.893553779246 45.9976626271821
21637.097127994366 42.59118878959878
21723.645516506345 41.80675197321875
21810.540098572368 37.20300762778428
21897.782258966654 29.328905052255116
21985.37338800253 17.255153314663605
22073.314881554532 10.257328755656708
22161.60814108075 16.403021647613535
22250.25457364508 16.358581043541818
22339.25559193965 14.236919544999243
22428.61261430741 11.077592410789844
22518.32706476464 9.08554935386681
22608.400373023702 8.038253563762877
22698.833974515794 7.863114693245268
22789.62931041386 6.600861574824792
22880.78782765551 5.195660091659859
22972.310978966132 4.283589755279988
23064.200222882002 6.896884717823354
23156.457023773528 7.3631089567995875
23249.082851868614 3.750732055101609
23342.079183276095 3.241617216426428
23435.447500009202 3.472787315560745
23529.18929000923 4.300824584956332
23623.306047169273 5.368462683807453
23717.79927135796 4.325188415570987
23812.670468443375 3.3608297726415914
23907.92115031715 5.0241563900595345
24003.552834918424 6.403513945446912
24099.56704625809 6.959379110525784
24195.96531444313 7.053877232156417
24292.749175700897 7.296529827107851
24389.9201724037 7.035036952111993
24487.479853093315 6.909504277476908
24585.42977250569 8.051577716248948
24683.771491595708 8.064328055563806
24782.50657756209 7.445713794492218
24881.636603872343 8.070410296341633
24981.16315028783 8.415159904694299
25081.087802888986 6.761516290902924
25181.412154100537 6.769504332403491
25282.137802716934 6.058276041840238
25383.266353927807 6.0698327559859
25484.79941934352 5.143432409928813
25586.73861702089 5.674171235863664
25689.08557148898 5.613323221048507
25791.84191377493 5.136786994746415
25895.009281430033 5.2025336286709205
25998.589318555754 6.050192062772701
26102.58367582998 6.9014184459067796
26206.994010533297 6.76679938586794
26311.821986575433 6.814828499895467
26417.069274521735 9.02054320476394
26522.737551619815 8.693530869101165
26628.828501826294 7.003710484878514
26735.343815833607 4.504483139388738
26842.285191096937 4.5077235464212455
26949.654331861326 5.111734439835778
27057.452949188766 4.932987607723533
27165.682760985525 5.266386511144125
27274.345492029468 6.510440394660395
27383.442873997585 5.6964131901099195
27492.976645493567 7.486318920645636
27602.948552075544 6.312160452319731
27713.360346283847 6.131213737388991
27824.213787668985 5.112088865672004
27935.510642819663 6.9389434269052925
28047.252685390937 5.510432524016028
28159.441696132504 5.972327745586108
28272.079462917034 7.904519053026743
28385.167780768694 5.842808930239248
28498.70845189177 6.272974685322885
28612.703285699336 7.31440998607537
28727.154098842133 7.33685296204405
28842.062715237505 7.325731045798306
28957.430966098455 7.864936268489372
29073.260689962848 7.040893432686364
29189.553732722703 7.7969624825883255
29306.311947653598 9.016114301020096
29423.537195444205 8.652244880662751
29541.231344225984 8.728499083050028
29659.396269602887 8.833385717414497
29778.033854681304 9.584039933211017
29897.14599010003 9.78516575184009
30016.734574060432 9.69386679374248
30136.80151235667 10.024879951165259
30257.348718406094 9.517942340328833
30378.37811327972 9.43855152557976
30499.89162573284 7.811161705599249
30621.891192235766 7.218420956722405
30744.37875700471 6.112483599354494
30867.356272032728 5.374078195333828
30990.825697120858 4.970688814602384
31114.78899990934 4.433471275451684
31239.24815590897 4.1500957404557655
31364.20514853261 3.4582774890251526
31489.661969126744 3.0343056461208384
31615.62061700325 2.7533686149275987
31742.083099471263 2.5850228008141065
31869.05143186915 2.361761256582379
31996.527637596624 2.239922572849772
32124.51374814701 2.3610107400419302
32253.011803139605 2.3128529173938768
32382.02385035216 2.4538991005848434
32511.55194575357 2.5871617516191603
32641.598153536583 3.0312542179154476
32772.16454615073 3.4525424886564924
32903.25320433533 3.6314389199628385
33034.86621715268 3.231018864478343
33167.005682021285 1.2593456277552828
33299.673704749366 0.6900023032559284
33432.87239956837 1.225735171396981
33566.60388916664 2.0297064875804716
33700.87030472331 2.696998954233165
33835.6737859422 3.013942597596971
33971.016481085964 3.0155714346439324
34106.900547010315 2.8701133769196607
34243.32814919835 2.686322852819668
34380.30146179514 2.522711914529406
34517.82266764233 2.594338692492494
34655.893958312896 2.81109263599564
34794.51753414615 2.7709349242913235
34933.69560428273 2.9581534456098884
35073.43038669985 3.2802149709533963
35213.72410824666 3.3827685855270606
35354.57900467965 3.3469954244974223
35495.99732069836 3.480855913807872
35637.98130998116 3.6819174668727648
35780.53323522108 4.130090332735116
35923.65536816197 4.439289709992079
36067.34998963462 4.5395677052361965
36211.61938959315 4.978503626929919
36356.46586715153 5.540717417404389
36501.891730620126 6.304419467093506
36647.89929754261 6.959538290620882
36794.49089473278 7.966981252576913
36941.6688583117 8.561160773384515
37089.43553374496 9.68922512455602
37237.793275879936 10.301958132853851
37386.74444898345 11.0650733695759
37536.29142677938 12.160869124048709
37686.43659248651 12.412839332463916
37837.18233885645 12.708093709809399
37988.53106821188 14.102805265983164
38140.48519248474 15.343559949740474
38293.04713325467 16.23068755843779
38446.21932178769 16.26958128684705
38600.00419907484 17.840618484972527
38754.40421587113 17.809585850270757
38909.42183273463 18.213286491516868
39065.05952006556 18.74274041452749
39221.31975814583 19.209478710820097
39378.205037178406 19.47865332458908
39535.71785732712 17.69952220540046
39693.860728756415 16.833604455865697
39852.636171671445 15.351658693763932
40012.04671635814 13.528736677657825
40172.09490322357 13.39677711705491
40332.78328283648 12.095460533530764
40494.11441596781 11.504707012013446
40656.090873631685 10.419395089491506
40818.71523712622 9.551927090921092
40981.990098074726 9.58956456555872
41145.918058467025 8.982445309075583
41310.50173070089 8.796249314333377
41475.74373762369 9.359243714701265
41641.646712574184 9.058234499938163
41808.21329942448 7.70808006292353
41975.44615262219 6.978571882766426
42143.347937232684 5.865628510413191
42311.921328981625 5.097218166979531
42481.16901429755 4.561017993511829
42651.09369035474 4.268434501119928
42821.69806511615 3.695528238355173
42992.98485737662 2.762541012045665
43164.95679680613 2.459211699314782
43337.61662399335 2.799601031559416
43510.96709048933 3.165549555004741
43685.01095885128 3.5098408374209344
43859.75100268668 3.725224266700333
44035.19000669744 3.648238659715636
44211.330766724226 3.7785026355676328
44388.176089791115 3.526659127984736
44565.72879415028 3.6752047261335563
44743.991709326874 3.5368897955007643
44922.9676761642 3.5819794897560198
45102.65954686885 3.5655065794972027
45283.07018505633 3.4541998013757933
45464.20246579656 3.451595981105135
45646.05927565975 3.366956525025135
45828.64351276236 3.5986108149570644
46011.95808681343 3.6287169458274064
46196.00591916067 3.8383537264754506
46380.78994283732 4.033603921547152
46566.31310260868 4.8319234521443075
46752.578355019126 4.630886193184193
46939.588668439166 4.674274584572144
47127.34702311293 4.334934428594138
47315.85641120539 4.065860169366273
47505.11983685021 4.004148964074673
47695.14031619761 4.0374935709269
47885.9208774624 3.884089499017646
48077.46456097225 4.308940575582761
48269.774419216126 4.415718660117009
48462.853516892996 4.285724749726509
48656.70493096058 4.620972990082913
48851.33175068441 4.553813993168214
49046.737077687154 4.550497408433256
49242.92402599791 4.58567093557865
49439.89572210189 4.655597589849321
49637.6553049903 4.307846660530157
49836.20592621027 5.358071489384806
50035.55074991511 5.039505008446165
50235.69295291477 4.473965447306609
50436.63572472643 5.352421641621266
50638.382267625326 5.444254334878909
50840.935796695834 5.169504590066178
51044.2995398826 5.650750676546734
51248.47673804215 5.608010558063137
51453.47064499432 5.128394797249521
51659.28452757429 5.219524484984634
51865.92166568459 6.027042487675374
52073.38535234733 4.912256426509695
52281.67889375672 5.5973359437886785
52490.80560933175 5.4796189327374
52700.76883176907 5.172855550575684
52911.57190709616 5.192358762568491
53123.218194724526 5.218373476615147
53335.711067503435 5.66340858264648
53549.053911773444 4.367006507244054
53763.25012742054 4.650154597238298
53978.303127930216 4.714261859932085
54194.21634044194 3.4170640243832344
54410.99320580371 4.625154915604022
54628.63717862692 4.180176588517276
54847.15172734143 4.3375968484743295
55066.540334250785 4.268531185863233
55286.80649558781 3.712928207810489
55507.95372157016 3.648265112046137
55729.985536456436 3.4572800996489335
55952.90547860226 3.820076165786313
56176.717100516675 3.6903297846810323
56401.42396891874 3.644189858683264
56627.02966479442 3.6581610984398516
56853.5377834536 3.3090242769660767
57080.95193458741 3.344610445378964
57309.27574232576 3.1732824551000984
57538.51284529506 3.5623881895909872
57768.666896676245 3.0323204336918628
57999.74156426295 3.509662398797202
58231.74053052 2.509863876552175
58464.66749264208 2.9233220295361058
58698.52616261265 2.7464796959834947
58933.3202672631 2.7908316922216856
59169.05354833215 3.4262642689145766
59405.72976252549 2.634184561583533
59643.3526815756 3.127700406366802
59881.926092301896 3.066500486845596
60121.45379667111 3.267795588835114
60361.93961185778 2.8226540595082636
60603.38737030522 2.598468877418576
60845.800919786445 3.188763903143363
61089.184123465595 2.8592522151527024
61333.54085995945 3.519317136221801
61578.87502339928 2.902150147511719
61825.19052349288 3.0682142552703477
62072.491285586846 3.231957873051792
62320.7812507292 3.1824811380582467
62570.06437573213 3.2439881393427275
62820.34463323505 3.275851432813401
63071.62601176801 3.254511857070699
63323.91251581507 3.0413916192545085
63577.20816587833 2.972117251451976
63831.51699854184 2.65946857269978
64086.843066536014 2.163665390664701
64343.19043880215 2.18792243235764
64600.563200557364 1.9859586760617165
64858.96545335958 1.6511088426409797
65118.401315173025 1.901739254900888
65378.87492043372 2.151033921212237
65640.39042011545 1.9270298829680041
65902.95198179591 1.7985548789498726
66166.56378972309 1.8121024452282508
66431.23004488199 1.8500808060543361
66696.95496506151 2.0960829946874506
66963.74278492175 2.2031863290561207
67231.59775606144 1.9501122225153746
67500.52414708569 2.1769299571774168
67770.52624367403 1.87489959597361
68041.60834864872 1.8868322881949677
68313.77478204331 1.8251837355640583
68587.02988117147 1.7456531358676244
68861.37800069616 2.0913245351113052
69136.82351269896 2.128167907153875
69413.37080674975 2.107750589460493
69691.02428997675 1.8233123283187465
69969.78838713666 1.9586726234050826
70249.6675406852 1.7571872374529314
70530.66621084794 1.5815498574059044
70812.78887569135 1.6242461752251733
71096.04003119409 1.5205691279826279
71380.42419131887 1.5445947131341355
71665.94588808414 1.4012835829889567
71952.60967163648 1.36822278499575
72240.42011032304 1.3608518546369526
72529.38179076432 1.2885918310853282
72819.49931792737 1.216164800061629
73110.77731519907 1.2401476640588036
73403.22042445988 1.09789851288965
73696.83330615771 1.123811307901921
73991.62063938235 1.1372947150335024
74287.58712193987 1.0971447263387664
74584.73747042764 1.059998079730214
74883.07642030934 1.1548970061757948
75182.60872599059 1.2394130044337046
75483.33916089457 1.2548070129032343
75785.27251753812 1.2236638746456765
76088.4136076083 1.2096515195422417
76392.76726203872 1.425115110242419
76698.33833108687 0.979144172674275
77005.13168441122 0.854265944072053
77313.15221114887 0.8071660663075151
77622.40481999348 0.8479581903124663
77932.89443927344 0.8873841083715204
78244.62601703055 0.932910571428677
78557.60452109865 1.0141640494061306
78871.83493918306 0.9874452676207236
79187.3222789398 1.0374428191289864
79504.07156805556 1.1024946195757899
79822.08785432778 1.1302457204210172
80141.37620574511 1.1024945525424976
80461.94171056806 1.0869851978162786
80783.78947741033 1.1286687923938399
81106.92463531997 1.1906783106645897
81431.35233386126 1.1029970126027113
81757.0777431967 1.095112622112971
82084.10605416949 1.1012967656975714
82412.44247838613 1.1292103391698214
82742.09224829968 1.1519329835285093
83073.06061729288 1.1291314240374442
83405.35285976208 1.1068171596526
83738.9742712011 1.1397422458068618
84073.93016828595 1.1695286570776549
84410.22588895904 1.1641906461467666
84747.86679251489 1.2008792966620077
85086.85825968496 1.1854773604854862
85427.20569272367 1.2173144270828726
85768.91451549459 1.2411464067659077
86111.99017355654 1.2532001461061903
86456.43813425078 1.2876382454570015
86802.2638867878 1.2718276171929472
87149.47294233493 1.3009300857915176
87498.07083410428 1.2662822990395972
87848.0631174407 1.282850840052916
88199.45536991046 1.2701871257943813
88552.25319139009 1.3236992467285749
88906.46220415569 1.2703425971291973
89262.08805297229 1.185098147888379
89619.1364051842 1.170903472356072
89977.61295080492 1.2597721761470433
90337.52340260813 1.2583418268102684
90698.87349621857 1.3318359909435789
91061.66899020346 1.3656423958304398
91425.91566616425 1.378124607269367
91791.61932882894 1.3740815306905851
92158.78580614422 1.3849351839747692
92527.4209493688 1.3659676218147412
92897.53063316627 1.341404638283074
93269.12075569895 1.387532714471846
93642.19723872172 1.3890061825110496
94016.76602767664 1.3416644813752745
94392.83309178732 1.2954441172911972
94770.40442415449 1.3526710366047572
95149.48604185111 1.3407276875400054
95530.08398601852 1.422235732688055
95912.20432196259 1.3350638720735246
96295.85313925042 1.306505070046657
96681.0365518075 1.3624752594999041
97067.76069801472 1.3454644624485033
97456.03174080675 1.368126593036567
97845.85586776999 1.4300293170456406
98237.23929124104 1.264873228448436
98630.18824840599 1.3693978658147572
99024.70900139965 1.1292728378805685
99420.80783740526 1.344126199463624
99818.49106875488 1.3356482199636897
100217.76503302988 1.2992830115571958
100618.636093162 1.209376730541808
101021.11063753467 1.1461074642298088
101425.1950800848 1.1913554327532339
101830.89586040513 1.1720086699794168
102238.21944384674 1.120970412725141
102647.17232162213 1.1163030495799886
103057.7610109086 1.0895724272284488
103469.99205495225 0.9877525217270184
103883.87202317205 0.9783322252552451
104299.40751126477 0.9867352615131034
104716.60514130979 0.9837253647010034
105135.47156187505 1.1047328231849995
105556.01344812254 1.0819698952099273
105978.23750191503 1.0436929529842252
106402.15045192267 1.0716182043366795
106827.75905373038 1.1177918032442318
107255.07008994528 1.0246569750760124
107684.09037030509 1.0134926484060363
108114.8267317863 1.1117187205726893
108547.28603871344 1.0398128634178974
108981.47518286831 1.0048655329878282
109417.40108359976 0.9719974268352314
109855.0706879342 0.834559227228674
110294.49097068593 0.8569763600570259
110735.66893456863 0.9657843312045881
111178.61161030692 0.9996418066124942
111623.32605674816 0.9394327800920903
112069.81936097513 0.9604949671667102
112518.09863841905 0.8819901732087619
112968.17103297272 0.9413194523027005
113420.0437171046 0.8980757572342678
113873.72389197304 0.9304536306020675
114329.21878754091 0.9355634516303825
114786.53566269108 0.8860340932349314
115245.68180534184 0.8963739535985108
115706.66453256323 0.786590847690155
116169.49119069346 0.7861830588999457
116634.16915545624 0.7958105401276775
117100.70583207808 0.6968002843602872
117569.1086554064 0.6655826774728633
118039.385090028 0.7623489905580629
118511.54263038811 0.7810758922692355
118985.58880090967 0.7069340749855838
119461.5311561133 0.7520723368238612
119939.37728073777 0.7469552492349006
120419.13478986072 0.7484755309684468
120900.81132902016 0.6446156936950233
121384.41457433623 0.6933005216727596
121869.9522326336 0.7556362566461235
122357.43204156413 0.6692072128683245
122846.86176973036 0.6162523690213016
123338.2492168093 0.671930788297092
123831.60221367657 0.5499151024268324
124326.92862253124 0.5455603750503943
124824.23633702139 0.6131268783177266
125323.53328236948 0.5195065114074001
125824.82741549893 0.5371176777106386
126328.12672516092 0.554754246088512
126833.43923206156 0.5772517916484672
127340.77298898982 0.5425712383639322
127850.13608094577 0.537605229307834
128361.53662526955 0.51249842143783
128874.98277177062 0.5392142585249954
129390.4827028577 0.5096602332452193
129908.04463366912 0.5047454048615109
130427.67681220379 0.4608617119164106
130949.38751945265 0.5079235412682539
131473.18506953045 0.4584582978429817
131999.07780980857 0.46265003850285913
132527.0741210478 0.39717748118272944
133057.182417532 0.3933970543135699
133589.4111472021 0.45698400399700534
134123.76879179094 0.4115280352469229
134660.26386695806 0.3503076808823251
135198.9049224259 0.3705436761169296
135739.7005421156 0.3863613493443188
136282.65934428407 0.3799631546672626
136827.78998166122 0.3749578454217778
137375.1011415879 0.36067222601799204
137924.60154615424 0.3741092383040605
138476.29995233883 0.3292155968658023
139030.20515214818 0.3188845610497544
139586.32597275675 0.34278237567524655
140144.6712766478 0.3090463653541511
140705.2499617544 0.34363005003849073
141268.0709616014 0.31087357656898673
141833.1432454478 0.281600061507026
142400.4758184296 0.29563309857898035
142970.07772170333 0.3205004862063414
143541.95803259013 0.2700419534030121
144116.12586472047 0.26558255073746606
144692.59036817937 0.2565228995431672
145271.3607296521 0.24588727763064597
145852.44617257072 0.2734345846553662
146435.85595726097 0.2550703186162442
147021.59938109003 0.25699610151639196
147609.6857786144 0.2686234152665312
148200.12452172884 0.24598951530709393
148792.92501981577 0.2134773427124376
149388.09671989502 0.1881956282682412
149985.6491067746 0.23373648820262033
150585.59170320167 0.24362665450914897
151187.93407001448 0.23958072748773254
151792.68580629455 0.21488150005044296
152399.85654951975 0.2268221361914756
153009.45597571784 0.22260757144794946
153621.4937996207 0.21222480300300403
154235.97977481916 0.2031915803400912
154852.92369391845 0.22047347325261915
155472.3353886941 0.2007132230564932
156094.2247302489 0.20183440121888346
156718.60162916992 0.21164679704178083
157345.47603568656 0.18641924682640296
157974.8579398293 0.1973811722772061
158606.75737158864 0.2067150912823756
159241.18440107498 0.2253034569880034
159878.14913867926 0.17398546520573888
160517.661735234 0.20121520440737972
161159.73238217493 0.18405341114677723
161804.3713117036 0.1927330681517072
162451.58879695044 0.16472373131258788
163101.39515213823 0.18518621224198978
163753.8007327468 0.18877071656781164
164408.81593567782 0.1832501544529505
165066.45119942052 0.17610786241359577
165726.71700421823 0.1770397824399261
166389.62387223504 0.14936433041203231
167055.18236772402 0.16925685078938207
167723.40309719497 0.17254691903922156
168394.2967095837 0.17452385093246103
169067.87389642204 0.15497729931257806
169744.14539200772 0.16223178153569126
170423.1219735757 0.18307612243485213
171104.81446147006 0.13436754843180299
171789.23371931593 0.1565076038857466
172476.3906541932 0.145171775804037
173166.29621680998 0.14908185341855304
173858.96140167722 0.12282800737245213
174554.39724728392 0.15401218023534058
175252.61483627307 0.14226115502835046
175953.62529561817 0.13887608191292097
176657.43979680064 0.14082915321628178
177364.06955598784 0.13323133566970594
178073.52583421173 0.13548641391327945
178785.8199375486 0.14459575729686283
179500.9632172988 0.12069288607472241
180218.967070168 0.13731914691277985
180939.84293844865 0.1337067210746199
181663.60231020238 0.10603159808516538
182390.25671944322 0.12656455988396464
183119.81774632097 0.12756416610960353
183852.29701730626 0.12118407279950813
184587.7062053755 0.1200714833458978
185326.057030197 0.10352009947988185
186067.3612583178 0.09665192885318016
186811.63070335102 0.1096818370503752
187558.8772261645 0.10399966404341901
188309.11273506918 0.13078962330486987
189062.3491860094 0.11253157579253768
189818.59858275342 0.09481058598829033
190577.87297708448 0.11628892915452568
191340.18446899284 0.11249713163378561
192105.54520686882 0.09588151772043267
192873.9673876963 0.08998453343538003
193645.46325724703 0.0933378808691889
194420.04511027603 0.0750808450813967
195197.72529071715 0.09863608112071268
195978.51619188 0.08382885555297934
196762.4302566476 0.08913435638424681
199107.9942767367 0.08731025858792735
203090.15416227144 0.0776674719394154
207151.95724551688 0.07667655250140683
211294.9963904272 0.06401956316230249
215520.89631823578 0.06220085655286685
219831.31424460045 0.05783749355149554
224227.94052949245 0.05158664660123269
228712.4993400823 0.05303972270064249
233286.74932688402 0.050703804027214555
237952.48431342165 0.0398156092650162
242711.5339996901 0.04525966521706297
247565.76467968393 0.038817602130464327
252517.0799732776 0.03188817574840456
257567.42157274322 0.03430218096316506
262718.770004198 0.03189846483521185
267973.145404282 0.025704789506157986
273332.6083123676 0.02924551712200543
278799.26047861495 0.024593920889050824
284375.2456881872 0.019229426261150703
290062.750601951 0.02223969747911387
295864.00561398995 0.019165531685095733
301781.2857262697 0.01833868850513113
307816.91144079523 0.01509994715239898
313973.24966961105 0.016193779341526486
320252.7146630032 0.014879980512905937
326657.7689562633 0.013550126557233925
333190.92433538847 0.011238514193605447
339854.7428220964 0.012764222858493424
346651.83767853834 0.010172901160815337
353584.87443210906 0.00886109281725739
360656.57192075124 0.008527984159921616
367869.70335916633 0.008822488283348215
375227.09742634965 0.007480989542273907
382731.63937487674 0.007899915637515699
390386.2721623741 0.0066184151850242606
398193.99760562164 0.0060160203683693216
406157.87755773397 0.005108507347798037
414281.0351088888 0.005777061749117607
422566.65581106645 0.005186779627626089
431017.98892728786 0.004293085462593519
439638.3487058336 0.0040201637188120205
448431.11567995034 0.003812195241834577
457399.7379935492 0.003600122826741788
466547.7327534202 0.0031473300134156387
475878.6874084886 0.0030890474158315373
485396.2611566584 0.0030045282272379652
495104.1863797916 0.0024814594671668097
505006.2701073874 0.002434002872038304
515106.39550953516 0.0021215486159730105
525408.5234197257 0.0023015746461176765
535916.6938881205 0.0020726483091760683
546635.0277658828 0.0018412863806140432
557567.7283212005 0.0015899690106965935
568719.0828876244 0.0015043045106219563
580093.4645453768 0.0014471564317672465
591695.3338362843 0.001381801791720851
603529.2405130101 0.0012320395777114638
615599.8253232702 0.001286040889396806
627911.8218297358 0.00104627308419423
640470.0582663304 0.0009191618540916255
653279.459431657 0.0008602530432574059
666345.04862029 0.0007895943412435508
679671.9495926959 0.0008145416099108202
693265.38858455 0.0008121481378870098
707130.6963562409 0.0006740763113510787
721273.3102833657 0.0005876264365579846
735698.7764890331 0.0005702179617145769
750412.7520188137 0.0005098550855430657
765421.0070591901 0.0005191998919274943
780729.4272003738 0.00044587365288664986
796344.0157443815 0.0004420168942736337
812270.896059269 0.00037564331548176815
828516.3139804546 0.0003462702386904646
845086.6402600636 0.0003286339152116213
861988.3730652649 0.00033602112128962877
879228.14052657 0.000362424286781549
896812.7033371016 0.0002889828671385956
914748.9574038435 0.00026141013530762324
933043.9365519203 0.00023509693087757973
951704.8152829591 0.0002009933797579752
970738.911588618 0.0002199268979486807
990153.6898203905 0.00017054303093111043
