1000.5530765187797 4.0760949483126526e-24
1004.5552888248548 1.0569280326420564e-95
1008.5735099801544 3.743740833975138e-91
1012.607804020075 1.0926683726917882e-90
1016.6582352361554 9.873502236369506e-96
1020.7248681770998 5.061373038136818e-66
1024.8077676498083 2.782064445796596e-71
1028.9069987204075 8.21829023147414e-89
1033.022626715289 2.3304078253550444e-61
1037.1547172221503 9.971672274183607e-93
1041.3033360910388 1.826889544924716e-85
1045.468549435403 1.7403734485261367e-80
1049.6504236331448 2.1938574394806047e-95
1053.8490253276773 2.448616370587678e-70
1058.064421428988 2.2378847847283155e-88
1062.296679114704 1.5733858242690685e-69
1066.5458658311627 1.3856611181082532e-77
1070.8120492944875 2.8008614864611214e-81
1075.0952974916654 6.463826327749335e-63
1079.3956786816323 1.662601964747239e-81
1083.7132613963586 3.44020683205005e-60
1088.048114441944 1.8710354521292222e-65
1092.4003068997117 7.54598824785764e-43
1096.7699081273104 4.416110204419695e-64
1101.15698775982 4.0864444583661415e-66
1105.561615710859 3.050482410679915e-44
1109.9838621737026 2.1041587873385746e-51
1114.4237976223976 2.5724871727590892e-58
1118.8814928128868 7.661111972773096e-65
1123.3570187841383 1.626381557657359e-58
1127.8504468592753 2.5583102953260185e-34
1132.361848646712 1.160682966927365e-41
1136.8912960412988 1.856961731502359e-40
1141.438861225464 2.1387517755806837e-39
1146.004616670366 4.264042218352641e-38
1150.5886351370475 1.0887362307121437e-39
1155.190989677596 9.339281926292176e-42
1159.8117536363065 5.820920122117083e-38
1164.4510006508515 2.6719983544537972e-42
1169.108804653455 4.181224920312241e-44
1173.7852398720688 1.1669431887122328e-35
1178.480380831557 1.2778271229750044e-33
1183.1943023548836 2.340698663264545e-34
1187.9270795643029 4.905882321625255e-37
1192.67878788256 1.1520780469051993e-32
1197.4495030340906 2.9441780414088783e-30
1202.2393010462267 4.5142164359922947e-41
1207.0482582504117 9.7111088469257e-31
1211.8764512834132 5.276282578198289e-33
1216.7239570885472 9.233036906619616e-30
1221.5908529169012 4.024579830041449e-27
1226.4772163285688 4.1844173310255175e-26
1231.383125193883 1.105598291052433e-28
1236.3086576946585 8.350563419324107e-27
1241.2538923254372 2.970998489392514e-27
1246.2189078947392 3.331787042354221e-30
1251.203783526318 6.920920924723592e-29
1256.2085986604231 2.2932063528505323e-29
1261.233433055065 8.869557712773607e-27
1266.2783667872852 1.193260825866693e-32
1271.3434802544346 2.7624917875470454e-26
1276.4288541754522 2.5455211294360403e-27
1281.534569592154 9.532784301482205e-30
1286.6607078705229 5.801349547947373e-31
1291.8073507020044 1.1283444718503611e-25
1296.9745801048125 7.759303955854452e-26
1302.162478425232 1.0968056715542317e-27
1307.3711283389327 3.661493125521316e-26
1312.6006128522888 6.539966726769913e-26
1317.851015303698 4.631844547949386e-25
1323.1224193649127 4.8915304168415035e-25
1328.4149090423725 1.902521129784865e-24
1333.728568678542 1.3732922591436358e-23
1339.0634829532567 6.089581405326671e-25
1344.4197368850691 1.720600715880855e-24
1349.7974158326099 1.1009801680312587e-24
1355.1966054959403 1.1562901721848928e-23
1360.6173919179244 3.0136604994243086e-24
1366.059861485596 1.4940145729526402e-24
1371.5241009315384 1.1459380563963877e-24
1377.0101973352646 3.136022742049155e-24
1382.5182381246057 5.41629469125809e-23
1388.0483110771042 4.9957480563294334e-23
1393.6005043214122 3.594809224471884e-23
1399.1749063386976 1.474468143598353e-24
1404.7716059640527 7.352506805226441e-23
1410.3906923879088 7.378184669030372e-23
1416.0322551574602 4.601504460205123e-22
1421.6963841780905 7.603886650276564e-23
1427.3831697148032 5.857216560548661e-23
1433.0927023936622 3.8255863543430655e-21
1438.8250732032368 4.632355556725877e-22
1444.5803734960498 4.996153153880646e-21
1450.3586949900334 4.6860214241284735e-21
1456.1601297699938 8.046980869883345e-21
1461.984770289074 5.229694880300886e-21
1467.83270937023 4.879069867536741e-21
1473.704040207711 1.3032192899122994e-20
1479.5988563685412 1.7540724406511597e-20
1485.5172517940157 1.2021451414923317e-20
1491.459320801192 3.015285634250893e-20
1497.4251580843968 1.59196386080574e-20
1503.4148587167342 6.278987388654751e-20
1509.4285181516007 5.798868120127842e-20
1515.4662322242077 7.526610980808322e-21
1521.5280971531042 2.3053751076530786e-20
1527.6142095417167 1.456676059874666e-21
1533.7246663798837 6.674851398706056e-21
1539.859565045403 1.0435304112628385e-20
1546.0190033055849 7.94988895110602e-22
1552.203079318807 1.9630850132698164e-21
1558.4118916360824 2.729625710673806e-21
1564.6455392026269 2.847281040280509e-21
1570.9041213594373 4.283843187640587e-21
1577.187737844875 4.05805765912807e-21
1583.4964887962547 5.825871204338624e-21
1589.8304747514399 8.121120906063531e-21
1596.1897966504455 6.708562304661535e-21
1602.5745558370472 9.096721546700249e-21
1608.9848540603957 1.202129929039441e-20
1615.4207934766368 1.3240220517161093e-20
1621.8824766505436 1.6974836023914523e-20
1628.3700065571454 2.013343619297536e-20
1634.8834865833744 2.799709748594615e-20
1641.4230205297079 3.569521117163785e-20
1647.9887126118267 5.025000831621285e-20
1654.580667462274 4.78613498771841e-20
1661.198990132123 8.246708524445887e-20
1667.8437860926513 1.050726336065798e-19
1674.515161237022 1.4502677052638523e-19
1681.2132218819695 2.4620823345445945e-19
1687.9380747694975 2.182743301407023e-19
1694.6898270685758 5.66855874616646e-19
1701.4685863768502 5.235740907645665e-19
1708.2744607223572 7.694972383236317e-19
1715.1075585652468 1.1136187629093508e-18
1721.967988799508 1.0697415332270716e-18
1728.8558607547059 2.0307772139730883e-18
1735.7712841977245 1.6693419264502455e-18
1742.7143693345156 1.8087580573129038e-18
1749.6852268118535 4.422774591739235e-18
1756.6839677191008 3.0486733191573395e-18
1763.7107035899771 7.3030691654093e-18
1770.7655464043373 9.123625666941392e-18
1777.8486085899544 5.474288830991121e-18
1784.9600030243143 1.688561598371393e-17
1792.0998430364118 1.419855940039834e-17
1799.2682424085576 1.7391263652353316e-17
1806.4653153781921 3.883667850745032e-17
1813.6911766397043 1.586868860353618e-17
1820.945941346263 3.8992754218036645e-17
1828.2297251116483 8.266194187413635e-17
1835.5426440120948 2.1487177342587695e-17
1842.8848145881432 8.383624607092847e-17
1850.2563538464956 1.6087080390815867e-16
1857.657379261881 6.814714031907659e-17
1865.0880087789287 2.290104181773996e-16
1872.5483608140448 2.224762702809629e-16
1880.0385542573008 1.2636470079308044e-16
1887.5587084743302 4.5660149407031075e-16
1895.1089433082268 3.6609508624057575e-16
1902.68937908146 3.0442161186096033e-16
1910.3001365977857 1.0257414626105809e-15
1917.9413371441767 7.430449052635905e-16
1925.6131024927531 9.306732876504052e-16
1933.3155549027244 2.0353579468085764e-15
1941.0488171223355 1.9557591207458063e-15
1948.8130123908247 1.9122665564164033e-15
1956.608264440388 4.204095599842578e-15
1964.434697498149 2.959007279842528e-15
1972.2924362881417 4.009713628715121e-15
1980.1816060332944 7.299901027454665e-15
1988.1023324574276 6.6505829031894754e-15
1996.0547417872574 6.3987238051788735e-15
2004.0389607544066 1.0112308789873135e-14
2012.0551165974243 1.1190846908346036e-14
2020.1033370638136 1.2590793421145023e-14
2028.1837504120688 1.8141047059999766e-14
2036.2964854137172 1.702553580086265e-14
2044.4416713553724 1.517959393492261e-14
2052.6194380407937 2.363561961950677e-14
2060.829915792957 2.4903695438512225e-14
2069.0732354561287 2.7617223117764988e-14
2077.3495283979532 3.08917433965795e-14
2085.6589265115445 4.02197232801427e-14
2094.001562217591 4.6363485908329915e-14
2102.3775684664615 5.120647362421336e-14
2110.787078740328 4.4926910344624096e-14
2119.2302270552887 6.717512810934406e-14
2127.70714796351 7.833267035191516e-14
2136.217976555364 1.0005123005959971e-13
2144.7628484615852 6.488648319679266e-14
2153.341899855432 1.1847869633756287e-13
2161.9552674548536 1.6562158615178992e-13
2170.603088524673 1.9586822779376409e-13
2179.285500878772 1.4871617130074067e-13
2188.0026428822866 1.813065319592215e-13
2196.754653453816 3.336916840559903e-13
2205.541672067631 3.069924909606713e-13
2214.3638387559017 6.365037979656703e-13
2223.2212941109246 3.2517979289647256e-13
2232.114179287369 1.1906718595479484e-12
2241.0426360045185 7.364157666484107e-13
2250.0068065485366 2.108639769421539e-12
2259.0068337747302 1.1839385523829477e-12
2268.0428611098296 2.076507616433933e-12
2277.115032554269 2.532239117853277e-12
2286.223492684486 3.071412001801865e-12
2295.368386655224 7.1071662291471986e-12
2304.549860201845 1.955718935463072e-12
2313.7680596426517 7.966343313362054e-12
2323.0231318812225 7.305181377303449e-12
2332.3152244087473 1.4378550383631304e-11
2341.6444853063817 1.605737304543404e-11
2351.0110632476076 5.465382536793341e-12
2360.415107500598 1.943711368746918e-11
2369.8567679306 6.473633550815542e-12
2379.3361950023227 2.9338340077888913e-11
2388.853539782332 2.3734119540209778e-11
2398.4089539414617 5.843822729767829e-11
2408.0025897572273 7.371618519095694e-11
2417.6346001162565 3.186242705815235e-11
2427.3051385167214 1.1476094139955946e-10
2437.0143590707885 1.1374536496064385e-10
2446.762416507072 2.6302765027381043e-10
2456.5494661731 1.6166903582544306e-10
2466.375664037793 2.420093283560711e-10
2476.2411666939443 3.4728194498118257e-10
2486.1461313607197 1.1841170589425106e-10
2496.090715886162 3.29669021958203e-10
2506.075078749707 2.941449257654505e-10
2516.0993790647044 4.4224168096154323e-10
2526.163776580964 9.535653654810833e-10
2536.268431687288 1.4614576460001472e-09
2546.4135054140374 1.897138729309393e-09
2556.599159435693 1.283105136591522e-09
2566.825556073436 1.0437864881046685e-09
2577.09285829773 1.47645884839434e-09
2587.4012297309205 1.2647263704505671e-09
2597.7508346498444 2.2777709006984047e-09
2608.141837988444 2.6334306182347597e-09
2618.5744053403982 4.053010010432811e-09
2629.0487029617593 5.886820731538754e-09
2639.5648977736064 5.863075155261621e-09
2650.123157364701 6.134523358718964e-09
2660.7236499941596 6.820047491717946e-09
2671.366544594136 6.8335867803029536e-09
2682.052010772512 1.0433295945265546e-08
2692.7802188156024 1.0969700434504624e-08
2703.551339690865 1.548116357713875e-08
2714.365545049628 1.829147663396849e-08
2725.223007229827 1.9984172605870922e-08
2736.123899258746 2.2835971726490277e-08
2747.0683948557817 2.9195833066901854e-08
2758.0566684352048 3.077410675353381e-08
2769.0888951089455 4.055762886937773e-08
2780.165250689381 4.4243311106010095e-08
2791.2859116921386 5.511831154721281e-08
2802.451055338907 6.396605516901269e-08
2813.660859560263 7.401082146572338e-08
2824.9155029985036 8.48112625400591e-08
2836.2151650104965 1.0051682161875508e-07
2847.5600256705393 1.1110006243754936e-07
2858.950265773222 1.3346286681642623e-07
2870.386066836315 1.4898352827246023e-07
2881.8676111036607 1.735948114281238e-07
2893.3950815480757 1.997517225537961e-07
2904.968661874268 2.2662246358000408e-07
2916.588536521764 2.6001510576574457e-07
2928.254890667851 2.9515470910686605e-07
2939.9679102305226 3.3445058254189925e-07
2951.727781871445 3.80693289709349e-07
2963.534692998931 4.310742437211849e-07
2975.3888317709266 4.874730695874075e-07
2987.2903870980094 5.53598317082911e-07
2999.2395486464025 6.238660356007265e-07
3011.2365068409886 1.3715046150714355e-07
3023.2814528683516 1.5364841010388857e-07
3035.374578679825 1.4400381712017573e-07
3047.516076994544 1.8944544304591282e-07
3059.7061413025226 2.1559883332024301e-07
3071.9449658677336 2.239969332409865e-07
3084.232745731204 2.0941932784254574e-07
3096.569676714128 1.1946207170802905e-07
3108.955955420985 1.2182467982989995e-07
3121.3917792426687 2.1341424076975983e-07
3133.8773463596394 2.240815961338085e-07
3146.412855745078 2.0919231530871057e-07
3158.998507168058 1.8215212196685628e-07
3171.6345011967305 1.4716362098292525e-07
3184.321039201517 1.0758800094119037e-07
3197.0583233583234 6.648290908787115e-08
3209.8465566517566 2.3517861493332342e-08
3222.6859428783637 8.83557187356328e-09
3235.576686649877 7.917881675665811e-09
3248.518993396477 2.659024025814352e-09
3261.513069370063 6.098018798942972e-10
3274.559121647543 8.134718134292976e-11
3287.6573581341336 1.4289110163468305e-11
3300.8079875666704 4.084390839090491e-13
3314.0112195169368 6.873406449208546e-12
3327.2672643950045 6.092260410880756e-11
3340.5763334525845 5.636134436652631e-10
3353.938638786395 3.869874553324306e-09
3367.354393341541 1.743433250915956e-08
3380.8238109149074 6.094255077251217e-08
3394.347106158567 1.6586479028442749e-07
3407.924494583201 3.5176422083577686e-07
3421.5561925615334 5.385831252810622e-07
3435.2424173317804 3.3269523835940645e-07
3448.9833870011066 3.7926917091746754e-08
3462.7793205491116 9.264371957371231e-07
3476.630437831308 3.0025335331371038e-06
3490.536959582633 5.2171221433671405e-06
3504.4991074209643 7.607405343366612e-06
3518.5171038506473 1.0305487602273844e-05
3532.5911722660503 1.3376684300992456e-05
3546.7215369551145 1.688264377934875e-05
3560.9084231029346 2.0873806933225488e-05
3575.1520567953467 2.5396638625660647e-05
3589.452665022528 3.0501866661359307e-05
3603.810475682617 3.624150857010457e-05
3618.225717585348 4.267073312504574e-05
3632.698620455689 4.98464805370132e-05
3647.2294149375116 5.783096863041184e-05
3661.8183325972614 6.669192591616822e-05
3676.4656059276513 7.65008411575259e-05
3691.1714683513615 8.732791885216826e-05
3705.936154224767 9.924542436595742e-05
3720.7598988416657 0.00011233234311312649
3735.6429384370326 0.0001266600731453352
3750.585510190781 0.0001422960437299865
3765.587852231544 0.000159304940969144
3780.6502036404704 0.0001777339037453252
3795.772804455032 0.00019760570988421616
3810.955895672852 0.00021890787719750033
3826.199719255544 0.00024156206509558828
3841.504518132566 0.00026543898941692686
3856.870536205096 0.0002902156975110628
3872.2980183499167 0.0003153728184455954
3887.7872104233156 0.00034011135628820785
3903.338359265009 0.00036303707062837953
3918.9517127020695 0.0003819872904767729
3934.6275195528774 0.00039339581778743016
3950.3660296310895 0.0003916331598402373
3966.1674937496136 0.00036796502624468003
3982.0321637246125 0.0003103742428561542
3997.9602923795105 0.0002096738243991165
4013.9521335490285 8.505912678667498e-05
4030.007942083225 1.0848548132080627e-05
4046.1279738515577 2.69784755183556e-07
4062.312485746964 1.2011544023835625e-05
4078.5617356899515 0.00011556174358373133
4094.8759826327114 0.0003471803490270205
4111.255486563242 0.0006223253364861751
4127.700508509496 0.0008899810602912516
4144.211310543533 0.0011405239607429223
4160.788155785708 0.0013782596995708322
4177.431308408849 0.001609629914557081
4194.141033642486 0.001840099275956296
4210.917597777056 0.0020740588909289857
4227.761268168164 0.0023152522497557016
4244.672313240838 0.002566634746757962
4261.651002493801 0.0028308008961410373
4278.697606503776 0.0031093454102591846
4295.812396929791 0.0034051468306095147
4312.995646517511 0.0037192508906600075
4330.24762910358 0.004053540995908941
4347.568619619994 0.004410577046538689
4364.958894098475 0.004791833971916878
4382.418729674868 0.005198044877953251
4399.948404593568 0.005632128674177984
4417.548198211942 0.006097830074861252
4435.21839100479 0.006594414248059172
4452.959264568809 0.007125668973727703
4470.771101627084 0.007691908285361583
4488.654186033592 0.00829448220224146
4506.608802777726 0.008940394297547843
4524.635237988838 0.009633398107537241
4542.733778940792 0.010368179346808552
4560.904714056555 0.01112491161847806
4579.148332912781 0.010430263824102986
4597.464926244433 0.010907080243005173
4615.85478594941 0.011330040730122767
4634.318205093208 0.0116794396991669
4652.855477913582 0.011966701298124023
4671.466899825236 0.012311721119682373
4690.152767424537 0.012413955532606014
4708.913378494234 0.012011365344307365
4727.749032008212 0.010919749878292084
4746.660028136244 0.00913510116489608
4765.646668248789 0.006890448511989331
4784.709254921784 0.004513511424538301
4803.8480919414715 0.0024398527915905567
4823.063484309237 0.0010864464124518388
4842.355738246474 0.0004495126649248136
4861.72516119946 0.00020762480612843248
4881.172061844257 0.00010871091512947266
4900.6967500916335 6.474726022084962e-05
4920.299537092001 3.889394457048737e-05
4939.9807352403695 2.312896118211329e-05
4959.740658181329 1.404313988103482e-05
4979.5796208140555 9.122640885167359e-06
4999.497939297312 6.4816110613532366e-06
5019.495931054502 5.0323870458608334e-06
5039.57391477872 4.267222208256514e-06
5059.732210437835 4.0143723209116485e-06
5079.971139279585 4.0895988778498805e-06
5100.291023836704 4.23666239677473e-06
5120.692187932051 4.294203681675336e-06
5141.174956683781 4.325087290112782e-06
5161.739656510514 4.431612548520964e-06
5182.386615136556 4.555286467271317e-06
5203.116161597103 4.6023256454793306e-06
5223.928626243489 4.616613521311956e-06
5244.824340748465 4.649138885775417e-06
5265.803638111459 4.643486160063931e-06
5286.866852663905 4.597504494881595e-06
5308.0143200745615 4.578903932472215e-06
5329.246377354859 4.553807364257672e-06
5350.563362864278 4.50017199921973e-06
5371.965616315736 4.4808117663375385e-06
5393.453478780998 4.456827157166703e-06
5415.027292696122 4.397260975912876e-06
5436.687401866905 4.36730757908311e-06
5458.434151474374 4.320326744588261e-06
5480.267888080271 4.237634686157668e-06
5502.188959632591 4.178393038111026e-06
5524.197715471122 4.108120321691785e-06
5546.294506333006 4.0087411092650495e-06
5568.479684358337 3.915443788052613e-06
5590.753603095771 3.820710812650389e-06
5613.1166175081535 3.6900212502273598e-06
5635.569083978187 3.576519709834399e-06
5658.1113603140975 3.4163766525984017e-06
5680.743805755354 3.25565921822533e-06
5703.466780978376 3.065326210255853e-06
5726.28064810229 2.8640957931487412e-06
5749.185770694699 2.6305787178738543e-06
5772.182513777476 2.3693519184197946e-06
5795.271243832587 2.0714718064063696e-06
5818.452328807918 1.7549789150129287e-06
5841.72613812315 1.3823890275559352e-06
5865.093042675643 7.570728723313903e-07
5888.553414846345 2.4176618414233166e-07
5912.10762850573 5.266358026063205e-07
5935.756059019754 1.633631400980859e-06
5959.499083255832 2.917561013210409e-06
5983.337079588855 4.406623156255943e-06
6007.27042790721 6.3558187412091285e-06
6031.299509618841 8.961415268328768e-06
6055.424707657316 1.2194928909304417e-05
6079.646406487946 1.6182855899672004e-05
6103.964992113897 2.1176446985518354e-05
6128.380852082353 2.737613816660282e-05
6152.894375490681 3.496912341737098e-05
6177.505952992646 4.405165871668373e-05
6202.215976804616 5.485790193805679e-05
6227.024840711833 6.772323047113591e-05
6251.932940074681 8.307629858175833e-05
6276.940671834981 0.00010126883010293416
6302.048434522321 0.00012308079572582073
6327.256628260409 0.00014867561169513768
6352.5656547734525 0.00017832212489743692
6377.975917392546 0.00021285493273334404
6403.487821062116 0.0002527915889245954
6429.101772346364 0.00029878727737030463
6454.81817943575 0.0003517997691688721
6480.637452153493 0.00041326177082579246
6506.560001962106 0.00048516243338534034
6532.586241969955 0.0005685435422513539
6558.716586937834 0.0006653085178658217
6584.951453285586 0.0007775877992028431
6611.291259098727 0.0009089842063955791
6637.7364241351215 0.0010633893318516459
6664.2873698316625 0.001244146428285722
6690.94451931099 0.0014565068335840327
6717.7082973882325 0.0017099804230282145
6744.579130577787 0.0020143762760807854
6771.557447100097 0.0023748382258333167
6798.643676888497 0.002792618807858219
6825.838251596053 0.003268740229650046
6853.141604602436 0.003799255960617826
6880.554171020846 0.004359313118255869
6908.0763877049285 0.0049097821537475925
6935.708693255749 0.005421340467690612
6963.4515280287715 0.006036268652353777
6991.305334140887 0.006717491714751916
7019.270555477449 0.00753327057888979
7047.34763769936 0.008528379589220926
7075.537028250157 0.009664485763789461
7103.839176363159 0.0108971123602251
7132.254533068612 0.012219291905384021
7160.783551200888 0.013439038045299423
7189.42668540569 0.014668460452383727
7218.184392147313 0.016033635188256186
7247.0571297159 0.016869580085976357
7276.045358234765 0.017675725785392216
7305.149539667704 0.01802025118057429
7334.370137826372 0.01847116893169779
7363.707618377678 0.01859474850531248
7393.162448851191 0.018595347745412764
7422.735098646595 0.018290652380138363
7452.426039041182 0.017799193334626696
7482.235743197345 0.017061108403256534
7512.1646861701365 0.015826643115843315
7542.213344914818 0.014479279772959512
7572.382198294477 0.01296256544577711
7602.671727087656 0.010543749015443495
7633.082413996006 0.004662251524325064
7663.614743651989 0.0002782875057361216
7694.269202626598 0.0003739518874593538
7725.046279437104 0.0022985654027831925
7755.946464554851 0.006618914609614655
7786.970250413072 0.014282215544559267
7818.118131414723 0.021693395228790945
7849.390603940383 0.02847594111238681
7880.788166356144 0.036029570477785614
7912.311319021571 0.04469627278565287
7943.960564297654 0.05465954753597026
7975.736406554845 0.06604976932936309
8007.639352181065 0.0788346545589035
8039.669909589788 0.09264739762378973
8071.828589228147 0.10753147971546137
8104.115903585063 0.1227010586823237
8136.532367199402 0.13838127550859838
8169.078496668199 0.15868929556792216
8201.754810654873 0.18366011217166014
8234.561829897493 0.21164060844697732
8267.500077217084 0.25247744384983684
8300.570077525952 0.2887110462215595
8333.772357836056 0.3300220662387202
8367.1074472674 0.37526869250930606
8400.575877056472 0.4247563847714173
8434.178180564695 0.4764915425870667
8467.914893286956 0.5301768033599393
8501.786552860101 0.5895162053889212
8535.793699071543 0.6641771118269941
8569.936873867831 0.7570351799468215
8604.216621363299 0.8708676602482213
8638.633487848754 1.003101568307098
8673.18802180015 1.151571519342228
8707.880773887353 1.3152413166198276
8742.7122969829 1.4953830555806156
8777.68314617083 1.6913889789134473
8812.793878755514 1.9018367802344993
8848.045054270535 2.11993647265454
8883.437234487617 2.3142537265476246
8918.970983425568 2.3970771566783045
8954.64686735927 2.5680741454755265
8990.465454828707 2.8200797885235507
9026.427316648023 3.336006791910151
9062.533025914616 3.742771266830421
9098.783158018272 3.9990935999636323
9135.178290650345 4.328717787827418
9171.719003812947 4.569157489163717
9208.405879828202 5.097622466568785
9245.239503347511 5.207591840670132
9282.2204613609 3.0930133450320825
9319.349343206346 2.604080790493428
9356.626740579171 3.3870498032986758
9394.053247541488 5.196054157354176
9431.629460531654 4.94112954634594
9469.355978373778 4.652068977623535
9507.233402287276 4.856405778142096
9545.262335896427 5.173351314529869
9583.443385240013 5.074174666634257
9621.777158780975 5.502103035709333
9660.264267416096 6.214697883119081
9698.90532448576 7.1288172664405876
9737.7009457837 7.208862663496703
9776.651749566838 7.484008291046691
9815.758356565104 7.582819440297378
9855.021389991363 7.595308362530964
9894.441475551332 7.538322538034232
9934.019241453534 7.22676047922548
9973.755318419348 6.670956406784394
10013.650339693024 4.672832857671933
10053.704941051796 4.3352433742427525
10093.919760816003 3.9981998301805834
10134.295439859268 3.660408999536984
10174.832621618703 3.289899647355468
10215.531952105179 3.0028632357675615
10256.394079913602 2.7791834656376753
10297.419656233254 2.558143452452297
10338.609334858189 2.251321937397857
10379.96377219762 2.059238494198646
10421.483627286412 1.875739571317874
10463.169561795556 1.7063100052964513
10505.022240042741 1.552966808897504
10547.042329002912 1.415825704196439
10589.230498318922 1.2864551305264276
10631.587420312197 1.1661821579107432
10674.113769993448 1.052890005099926
10716.810225073421 0.9528888758885191
10759.677465973711 0.868924064287818
10802.716175837608 0.8030093661892386
10845.927040540959 0.7525325209879479
10889.310748703121 0.7083261790000066
10932.867991697934 0.6572968529865091
10976.599463664725 0.603359546113349
11020.505861519383 0.5299024052589957
11064.587884965462 0.44545301192844267
11108.846236505324 0.35386540999283916
11153.281621451348 0.26303566133670986
11197.894747937147 0.2743189999817853
11242.686326928899 0.2942374940761345
11287.657072236614 0.37987862353073665
11332.807700525562 0.2562962632157665
11378.138931327663 0.4272134732304958
11423.651487052975 0.45774528300783596
11469.346093001184 0.42691635277745626
11515.22347737319 0.40101015141093693
11561.284371282683 0.4111316346612159
11607.529508767815 0.43279178035280014
11653.959626802887 0.521561667495082
11700.5754653101 0.5859886705579633
11747.377767171341 0.6158951700079536
11794.367278240028 0.6995254409168489
11841.544747352984 0.7262808887003869
11888.9109263424 0.7317606443089997
11936.46657004777 0.714602256867694
11984.212436327958 0.7054491564785578
12032.149286073272 0.7054883403341833
12080.277883217566 0.7210806374782569
12128.598994750435 0.7503730659743187
12177.113390729437 0.7971725314915933
12225.821844292353 0.8502064021736396
12274.725131669524 0.9167342392424516
12323.824032196202 0.9820963769261408
12373.119328324985 1.0589486755837372
12422.611805638286 1.1559552240873674
12472.302252860838 1.2764463776981017
12522.19146187228 1.383244832460579
12572.280227719768 1.5244701284892268
12622.569348630648 1.70298811353622
12673.059626025171 1.8752762515085897
12723.751864529271 2.0150615670403322
12774.646871987386 2.1245616327016137
12825.74545947534 2.188183934691443
12877.04844131324 2.238695830329827
12928.556635078494 2.3146350275638214
12980.270861618808 2.412121493978201
13032.191945065284 2.5080752066141625
13084.320712845543 2.6417930570184507
13136.657995696927 2.721276902528501
13189.204627679715 2.8758448798413823
13241.961446190431 2.8555621995046665
13294.929291975195 2.446478014952243
13348.109009143096 1.5063300046867865
13401.50144517967 0.4397515536543025
13455.107450960388 0.13951426526339702
13508.927880764231 0.06049403017805003
13562.963592287288 0.024381691013627273
13617.215446656439 0.039023497623456284
13671.684308443064 0.1006047270324294
13726.371045676835 0.1501611715756465
13781.276529859542 0.30417594025146844
13836.40163597898 0.052386798647043355
13891.747242522899 0.10509646483210248
13947.314231492988 0.086448228780376
14003.103488418961 0.18440170920848503
14059.115902372636 0.1635725021731518
14115.352365982128 0.12981207959063817
14171.813775446057 0.16463694910597226
14228.501030547843 0.20775626111837045
14285.41503467003 0.3949412721210356
14342.556694808713 0.38239916359873205
14399.926921587949 0.464028268702181
14457.5266292743 0.7376192917915837
14515.356735791396 1.0560765016300036
14573.418162734559 1.2916997641197832
14631.711835385498 1.2279149669222578
14690.238682727038 1.0345086363311533
14748.999637457951 1.0516179869911646
14807.995636007783 1.0317881038073806
14867.227618551815 1.1072385405684173
14926.69652902602 1.1743597650712578
14986.403315142123 1.3523816769700245
15046.348928402693 1.4039480868588312
15106.534324116303 1.267757194533532
15166.96046141277 1.244316307306921
15227.62830325842 1.4054088719687792
15288.538816471453 1.4472576493281533
15349.692971737337 1.4925394245062995
15411.091743624287 1.4973502981980555
15472.736110598784 1.5132714426955867
15534.62705504118 1.517136152584954
15596.765563261344 1.5296657042467043
15659.152625514387 1.5289395255830704
15721.789236016448 1.5048367993218008
15784.676392960515 1.45438720573171
15847.815098532355 1.403857065141512
15911.206358926484 1.3397622406466885
15974.85118436219 1.273217079894872
16038.75058909964 1.1997049945280467
16102.905591456036 1.1178116801979776
16167.31721382186 1.0317169115556613
16231.986482677148 0.9366544274324528
16296.914428607855 0.8518542773830573
16362.102086322288 0.788212051487079
16427.550494667576 0.7351845659888296
16493.260696646248 0.7198778230468662
16559.23373943283 0.6773685137930097
16625.470674390563 0.6360276839934179
16691.972557088127 0.530586779545247
16758.74044731648 0.5505704527308232
16825.775409105743 0.5167245021743562
16893.07851074217 0.4736731378962257
16960.650824785134 0.4361877189560533
17028.493428084275 0.4063411353400397
17096.607401796613 0.38679918803879415
17164.993831403797 0.3606658514255424
17233.653806729413 0.33202212375075957
17302.588421956334 0.3046990717686648
17371.798775644158 0.2822635964026801
17441.285970746736 0.25807817822727297
17511.05111462972 0.23879673815408392
17581.095319088243 0.21077694294103955
17651.419700364593 0.18123208035619692
17722.02537916605 0.16333166755855388
17792.913480682713 0.13502150310568067
17864.085134605448 0.10568193245777095
17935.54147514387 0.07613492229321515
18007.283641044443 0.06561424042777216
18079.312775608625 0.04657367852916687
18151.630026711056 0.040212729182582174
18224.236546817894 0.04066627380686633
18297.133493005167 0.025502524161424837
18370.32202697719 0.022604517487060872
18443.803315085097 0.03212976160606853
18517.578528345435 0.030910197340074278
18591.648842458817 0.025189164927565337
18666.01543782865 0.016120351058263205
18740.67949957997 0.013693382374614453
18815.642217578286 0.0367043436530398
18890.9047864486 0.03119436908901984
18966.4684055944 0.028154616828618348
19042.334279216768 0.017211746490377145
19118.50361633364 0.018956995682467066
19194.977630798967 0.01761476773508787
19271.757541322168 0.015185968577902685
19348.844571487454 0.0154073015301288
19426.239949773408 0.015217493312054846
19503.9449095725 0.018001339097018444
19581.960689210795 0.018290766615883906
19660.28853196764 0.021085236751386502
19738.929686095507 0.021437231484789963
19817.885404839893 0.02166552827442649
19897.15694645925 0.022704096842509985
19976.745574245087 0.022153521132644675
20056.65255654207 0.02110930274373609
20136.879166768238 0.020702073841602886
20217.426683435307 0.01959912547964576
20298.296390169045 0.019565768747895017
20379.489575729727 0.019183720801121525
20461.007534032648 0.018443950687512367
20542.851564168777 0.017592554178511497
20625.02297042545 0.016577203715536542
20707.523062307162 0.015488195650811496
20790.353154556382 0.01440256806016675
20873.514567174607 0.013439111570006813
20957.008625443308 0.012637029272481812
21040.836659945082 0.012105153855282753
21125.000006584854 0.011865741215834237
21209.5000066112 0.011933127548727896
21294.33800663765 0.01225044717398595
21379.515358664197 0.012747015816145846
21465.033420098855 0.013286402376594014
21550.893553779246 0.013785072310825238
21637.097127994366 0.014023652814921088
21723.645516506345 0.014169538626716988
21810.540098572368 0.013824607022409447
21897.782258966654 0.01342501824244547
21985.37338800253 0.011987407290941176
22073.314881554532 0.011662308878572489
22161.60814108075 0.01168498268011842
22250.25457364508 0.01106163503596863
22339.25559193965 0.010923307298529274
22428.61261430741 0.01023779531548966
22518.32706476464 0.009856590140064177
22608.400373023702 0.008982778131202119
22698.833974515794 0.009082853142200064
22789.62931041386 0.008805741159749185
22880.78782765551 0.008669106111827952
22972.310978966132 0.008217755855818222
23064.200222882002 0.008494622673105913
23156.457023773528 0.007521706182726585
23249.082851868614 0.007806218902554631
23342.079183276095 0.007461620984151061
23435.447500009202 0.00722716091603314
23529.18929000923 0.007379786324701058
23623.306047169273 0.007752695550792922
23717.79927135796 0.006915928088415675
23812.670468443375 0.0078052776292086646
23907.92115031715 0.008120892373338573
24003.552834918424 0.008621283386636822
24099.56704625809 0.009474866997058901
24195.96531444313 0.010290104427999177
24292.749175700897 0.011956481478535222
24389.9201724037 0.013431478686656112
24487.479853093315 0.01515072718109277
24585.42977250569 0.018306840352651236
24683.771491595708 0.020565563529340972
24782.50657756209 0.02349165088744649
24881.636603872343 0.024416724214274602
24981.16315028783 0.02721294058870133
25081.087802888986 0.024780381147164177
25181.412154100537 0.02363841842513395
25282.137802716934 0.018338644094345376
25383.266353927807 0.017244598911495934
25484.79941934352 0.011404455678313566
25586.73861702089 0.02181533530366435
25689.08557148898 0.009825997242926803
25791.84191377493 0.009723241438720862
25895.009281430033 0.0073491424305504194
25998.589318555754 0.011070452308171096
26102.58367582998 0.013642596659114265
26206.994010533297 0.0224802684111211
26311.821986575433 0.01903225412538628
26417.069274521735 0.05943677922413591
26522.737551619815 0.049238346797006144
26628.828501826294 0.011018314147565876
26735.343815833607 0.0027849807958838678
26842.285191096937 0.00816445196828829
26949.654331861326 0.022992926159562804
27057.452949188766 0.02592155208554179
27165.682760985525 0.02695413598826453
27274.345492029468 0.05794548532941233
27383.442873997585 0.01650604123147301
27492.976645493567 0.049843835849071615
27602.948552075544 0.017418110302921525
27713.360346283847 0.02418233296882566
27824.213787668985 0.01818138385918457
27935.510642819663 0.05506092544273722
28047.252685390937 0.02764401571222612
28159.441696132504 0.053821264998359604
28272.079462917034 0.10036440039200437
28385.167780768694 0.05869610623208254
28498.70845189177 0.09362673623364087
28612.703285699336 0.1252867215047533
28727.154098842133 0.1351909487594886
28842.062715237505 0.17152004183789168
28957.430966098455 0.20196507531386465
29073.260689962848 0.18781708319847212
29189.553732722703 0.2674212776267943
29306.311947653598 0.36404728399193875
29423.537195444205 0.32054260864890594
29541.231344225984 0.3922036665792896
29659.396269602887 0.4218423555338176
29778.033854681304 0.41971354911100517
29897.14599010003 0.5966440885738175
30016.734574060432 0.1589292099264328
30136.80151235667 0.5458905443698425
30257.348718406094 0.6745859851349503
30378.37811327972 0.7075145404369173
30499.89162573284 0.5618714058143432
30621.891192235766 0.9940228818179037
30744.37875700471 0.8112657509760055
30867.356272032728 0.8366176851720899
30990.825697120858 0.8449187087020493
31114.78899990934 0.6791019469146237
31239.24815590897 0.9517562268283551
31364.20514853261 0.7959031114530143
31489.661969126744 0.742696382720363
31615.62061700325 0.5964768998881439
31742.083099471263 0.6304121162766678
31869.05143186915 0.43692203370746924
31996.527637596624 0.3400614280964796
32124.51374814701 0.35669957380104894
32253.011803139605 0.31847520885125086
32382.02385035216 0.4196053708060006
32511.55194575357 0.5234062218276377
32641.598153536583 0.5135481210028806
32772.16454615073 0.7900853294430545
32903.25320433533 1.1529478198207088
33034.86621715268 0.823854142121451
33167.005682021285 0.03508613096322035
33299.673704749366 0.14710485101115367
33432.87239956837 0.5883698142330349
33566.60388916664 0.815211309531465
33700.87030472331 0.9477478451662708
33835.6737859422 0.7453043615289511
33971.016481085964 0.6907749640815246
34106.900547010315 0.6887223862575456
34243.32814919835 0.7390585699405648
34380.30146179514 0.861772879393702
34517.82266764233 0.8874002024455454
34655.893958312896 1.0920709262766386
34794.51753414615 1.1278371994737846
34933.69560428273 1.2970777849352049
35073.43038669985 1.5782662534701408
35213.72410824666 1.74499941984495
35354.57900467965 1.7088513121185385
35495.99732069836 1.988937511856988
35637.98130998116 2.405027491926436
35780.53323522108 2.5760683241419793
35923.65536816197 2.8507082223486884
36067.34998963462 2.9125284661942645
36211.61938959315 3.2699110747663984
36356.46586715153 3.6001067615717113
36501.891730620126 3.510905029557073
36647.89929754261 3.653344851110272
36794.49089473278 3.9204493981590285
36941.6688583117 3.745517346733493
37089.43553374496 3.7588002605174884
37237.793275879936 3.832632112625254
37386.74444898345 3.9917025849067995
37536.29142677938 4.013061684093902
37686.43659248651 3.8760691831499523
37837.18233885645 3.851960987174843
37988.53106821188 3.896413820852395
38140.48519248474 4.0426367716114315
38293.04713325467 4.054259630532192
38446.21932178769 3.7822474022765773
38600.00419907484 3.9428922526658416
38754.40421587113 3.896517505706904
38909.42183273463 3.9111245816903035
39065.05952006556 3.8411458974390396
39221.31975814583 3.8599404355392792
39378.205037178406 3.8751588870062257
39535.71785732712 3.782108740917101
39693.860728756415 3.7969103867342167
39852.636171671445 3.760273926549976
40012.04671635814 3.6529182152391484
40172.09490322357 3.623578276056477
40332.78328283648 3.596803577208957
40494.11441596781 3.489033807296111
40656.090873631685 3.4872422054194208
40818.71523712622 3.4013804166144666
40981.990098074726 3.315988851567823
41145.918058467025 3.280725067838812
41310.50173070089 3.186283813976103
41475.74373762369 3.170274094283374
41641.646712574184 3.0877400519456786
41808.21329942448 2.999908521354291
41975.44615262219 2.953694269064447
42143.347937232684 2.919937561706676
42311.921328981625 2.9661304848678154
42481.16901429755 2.9052776544528025
42651.09369035474 2.934513860943689
42821.69806511615 2.764638754419008
42992.98485737662 2.231827693360897
43164.95679680613 2.2833647485083084
43337.61662399335 2.57258522317058
43510.96709048933 2.566398239336101
43685.01095885128 2.553528653292613
43859.75100268668 2.51140978907652
44035.19000669744 2.4204892931183846
44211.330766724226 2.471020153189245
44388.176089791115 2.217709709756386
44565.72879415028 2.3771717696122177
44743.991709326874 2.196214195521701
44922.9676761642 2.307830902516053
45102.65954686885 2.2812245218330394
45283.07018505633 1.9337846087221704
45464.20246579656 2.305214642932701
45646.05927565975 2.098385161586967
45828.64351276236 2.149946771877171
46011.95808681343 2.2131939900676576
46196.00591916067 1.7748607574092992
46380.78994283732 2.061096865234434
46566.31310260868 1.9098205321733137
46752.578355019126 1.5223479402224218
46939.588668439166 2.0323044620099373
47127.34702311293 1.8239683740375974
47315.85641120539 1.5626531816552442
47505.11983685021 1.8895117318504637
47695.14031619761 1.7365006016612765
47885.9208774624 1.251737248093602
48077.46456097225 1.6183883955416605
48269.774419216126 1.6751068104014393
48462.853516892996 1.096760990380642
48656.70493096058 1.6956325625893147
48851.33175068441 1.4208789352251212
49046.737077687154 1.1981056825739829
49242.92402599791 1.5264215065757776
49439.89572210189 1.0836820228971613
49637.6553049903 0.9788447264284514
49836.20592621027 1.3421308949213333
50035.55074991511 1.2959172890877737
50235.69295291477 0.5791978826612122
50436.63572472643 1.275703723714543
50638.382267625326 1.3410183417105301
50840.935796695834 0.7806460594790623
51044.2995398826 0.9807648704101721
51248.47673804215 1.034031471249242
51453.47064499432 0.48434832469269457
51659.28452757429 0.8659803430720514
51865.92166568459 1.0184419333014672
52073.38535234733 0.31672096434020214
52281.67889375672 0.6401993108496387
52490.80560933175 0.7268205490007312
52700.76883176907 0.6345883423126645
52911.57190709616 0.5231272213411855
53123.218194724526 0.6795983187979588
53335.711067503435 0.8031157302433725
53549.053911773444 0.23188900097349383
53763.25012742054 0.4752824752249402
53978.303127930216 0.7271028183890578
54194.21634044194 0.14281746460641534
54410.99320580371 0.4534672522596656
54628.63717862692 0.25056615222523715
54847.15172734143 0.33092797110004246
55066.540334250785 0.3960534720152346
55286.80649558781 0.2895855865738103
55507.95372157016 0.2169369140789055
55729.985536456436 0.14654184823818803
55952.90547860226 0.24266928499562496
56176.717100516675 0.22785026494185362
56401.42396891874 0.13299789543906648
56627.02966479442 0.2026248417405995
56853.5377834536 0.15407270183832653
57080.95193458741 0.15483419876535465
57309.27574232576 0.11854040223956418
57538.51284529506 0.1020537949584986
57768.666896676245 0.13268701133589897
57999.74156426295 0.22897743094323308
58231.74053052 0.07705745157040607
58464.66749264208 0.1794003490277299
58698.52616261265 0.07960465790471158
58933.3202672631 0.0763572100852016
59169.05354833215 0.14712915291907788
59405.72976252549 0.07364783904803195
59643.3526815756 0.1496919218706348
59881.926092301896 0.12917609136279334
60121.45379667111 0.2020208637624648
60361.93961185778 0.16036870999451072
60603.38737030522 0.07388963207810377
60845.800919786445 0.14940152917011204
61089.184123465595 0.10132259492120417
61333.54085995945 0.13211618957927554
61578.87502339928 0.07698065798938034
61825.19052349288 0.0990247719305516
62072.491285586846 0.20160032763848573
62320.7812507292 0.2277796160752304
62570.06437573213 0.29661388975105474
62820.34463323505 0.2651864789005693
63071.62601176801 0.3800988680656096
63323.91251581507 0.20365200702352906
63577.20816587833 0.17329488498228485
63831.51699854184 0.15730816414863114
64086.843066536014 0.07653771717686332
64343.19043880215 0.10793144978149069
64600.563200557364 0.11217853963902011
64858.96545335958 0.04656179773864465
65118.401315173025 0.08547392881726519
65378.87492043372 0.10292988867800427
65640.39042011545 0.06266187357398464
65902.95198179591 0.0691182994520262
66166.56378972309 0.08457260312651987
66431.23004488199 0.08551925408664765
66696.95496506151 0.09358905914843223
66963.74278492175 0.14075959893489706
67231.59775606144 0.11710622911697469
67500.52414708569 0.1988270928470973
67770.52624367403 0.114929571954529
68041.60834864872 0.14563464353258757
68313.77478204331 0.16979986663515545
68587.02988117147 0.07500892090379659
68861.37800069616 0.1750948871019354
69136.82351269896 0.20712932930904726
69413.37080674975 0.249662303833873
69691.02428997675 0.13567816630267074
69969.78838713666 0.19195975491537606
70249.6675406852 0.19381627039512891
70530.66621084794 0.11239236885135898
70812.78887569135 0.23516052377149768
71096.04003119409 0.2099095474655817
71380.42419131887 0.20295961802891901
71665.94588808414 0.12958996484606677
71952.60967163648 0.1910015435443631
72240.42011032304 0.2157585975557484
72529.38179076432 0.1933253828688653
72819.49931792737 0.13742503700057412
73110.77731519907 0.17780121127084722
73403.22042445988 0.10795658543166811
73696.83330615771 0.16528257310230662
73991.62063938235 0.18422906724447757
74287.58712193987 0.18468316692086065
74584.73747042764 0.10666496510609443
74883.07642030934 0.1610344434344485
75182.60872599059 0.21631182379822178
75483.33916089457 0.21854352072092248
75785.27251753812 0.17586045475491643
76088.4136076083 0.17265222448881848
76392.76726203872 0.2320065434461963
76698.33833108687 0.058657747285285514
77005.13168441122 0.13669163468922624
77313.15221114887 0.16327274390120688
77622.40481999348 0.14344413993690713
77932.89443927344 0.1938303682137075
78244.62601703055 0.20786974630898683
78557.60452109865 0.1857878841265994
78871.83493918306 0.15815621070070268
79187.3222789398 0.17594374522975678
79504.07156805556 0.20460502612294235
79822.08785432778 0.21379307996069286
80141.37620574511 0.17757024599038257
80461.94171056806 0.18702807147923484
80783.78947741033 0.19193643254540713
81106.92463531997 0.23737642215021512
81431.35233386126 0.1966366774705849
81757.0777431967 0.2067271542915081
82084.10605416949 0.20277089642799997
82412.44247838613 0.18939516685831612
82742.09224829968 0.22585197731057202
83073.06061729288 0.23164583474207454
83405.35285976208 0.2127600690807893
83738.9742712011 0.18471930769617229
84073.93016828595 0.2153557954253124
84410.22588895904 0.2180731194970639
84747.86679251489 0.21177330820520487
85086.85825968496 0.1647671423304726
85427.20569272367 0.20785028269985292
85768.91451549459 0.2100082727813573
86111.99017355654 0.19188059759772258
86456.43813425078 0.14433183769019703
86802.2638867878 0.18583184193985505
87149.47294233493 0.1982750216300221
87498.07083410428 0.17263775118547214
87848.0631174407 0.13707523415147993
88199.45536991046 0.1636359058278429
88552.25319139009 0.18026126894352815
88906.46220415569 0.16992058594714043
89262.08805297229 0.1431526130832106
89619.1364051842 0.12449124445849777
89977.61295080492 0.15259985738800827
90337.52340260813 0.16444847929325368
90698.87349621857 0.1285526757703241
91061.66899020346 0.15322978789404487
91425.91566616425 0.12373106993531251
91791.61932882894 0.1431046978464752
92158.78580614422 0.10998835387688632
92527.4209493688 0.16157132975554742
92897.53063316627 0.12002928874896246
93269.12075569895 0.1125813754179143
93642.19723872172 0.1304681341677336
94016.76602767664 0.132726446720204
94392.83309178732 0.15367276967422008
94770.40442415449 0.11116060621470975
95149.48604185111 0.11426993211990226
95530.08398601852 0.11117105571787682
95912.20432196259 0.14687099731153538
96295.85313925042 0.15003988333232923
96681.0365518075 0.10086912826577953
97067.76069801472 0.11717811189053517
97456.03174080675 0.12357190194187744
97845.85586776999 0.14469864510748187
98237.23929124104 0.15144905323498797
98630.18824840599 0.11555259529693504
99024.70900139965 0.11799694577129065
99420.80783740526 0.12476530974631257
99818.49106875488 0.149534809500366
100217.76503302988 0.14814575350558415
100618.636093162 0.11046849164538047
101021.11063753467 0.12661757282669725
101425.1950800848 0.1425953334789976
101830.89586040513 0.1460772611423929
102238.21944384674 0.1444665209655995
102647.17232162213 0.1374651251928458
103057.7610109086 0.11150114436055861
103469.99205495225 0.035962771595186384
103883.87202317205 0.0469261168390798
104299.40751126477 0.0790405873613199
104716.60514130979 0.1025513030574096
105135.47156187505 0.0902635711535002
105556.01344812254 0.10244391671472301
105978.23750191503 0.11864435560940638
106402.15045192267 0.11034628008534132
106827.75905373038 0.08014053166192339
107255.07008994528 0.040958852824858706
107684.09037030509 0.0443007563076555
108114.8267317863 0.06731128631485774
108547.28603871344 0.09006919432852278
108981.47518286831 0.0993215648949899
109417.40108359976 0.10284016161390032
109855.0706879342 0.10444071408689924
110294.49097068593 0.09794126327283927
110735.66893456863 0.11816488782893085
111178.61161030692 0.11734057443221221
111623.32605674816 0.11978337544032704
112069.81936097513 0.09312290775933683
112518.09863841905 0.08692926360034034
112968.17103297272 0.1142156442021396
113420.0437171046 0.1157407978157692
113873.72389197304 0.11317405909928205
114329.21878754091 0.11157151963038703
114786.53566269108 0.08927722027784839
115245.68180534184 0.07652684892758
115706.66453256323 0.105717759779206
116169.49119069346 0.10876372100938729
116634.16915545624 0.10563793283776417
117100.70583207808 0.07150564107290105
117569.1086554064 0.08723920237720573
118039.385090028 0.074534725823251
118511.54263038811 0.09744889508985514
118985.58880090967 0.10151154614408915
119461.5311561133 0.09713332913478641
119939.37728073777 0.06710713108556965
120419.13478986072 0.08629457742908858
120900.81132902016 0.06331316863117
121384.41457433623 0.09248885866940777
121869.9522326336 0.09431785070364192
122357.43204156413 0.07532223735967769
122846.86176973036 0.07301301303291606
123338.2492168093 0.08085070494677823
123831.60221367657 0.06614720907844121
124326.92862253124 0.084161936791858
124824.23633702139 0.08848828058618183
125323.53328236948 0.0719608894438419
125824.82741549893 0.07247681852468812
126328.12672516092 0.08119469768088154
126833.43923206156 0.06722533941021952
127340.77298898982 0.07033773011433703
127850.13608094577 0.0809599083841383
128361.53662526955 0.06395329426819753
128874.98277177062 0.0752951214544738
129390.4827028577 0.0764691099843428
129908.04463366912 0.07498976478039908
130427.67681220379 0.06594829739950213
130949.38751945265 0.07305976030915409
131473.18506953045 0.07044757222657402
131999.07780980857 0.07189103026417985
132527.0741210478 0.07019197969801379
133057.182417532 0.07371696176368735
133589.4111472021 0.06781586657524537
134123.76879179094 0.06324293956494005
134660.26386695806 0.06751844583731022
135198.9049224259 0.07079847581045436
135739.7005421156 0.06573308062066517
136282.65934428407 0.06890183041587965
136827.78998166122 0.06864939778293881
137375.1011415879 0.06457378265706505
137924.60154615424 0.06568980202822346
138476.29995233883 0.06643382161762458
139030.20515214818 0.06741333548140284
139586.32597275675 0.06736497139791685
140144.6712766478 0.06224361722617869
140705.2499617544 0.061570792091129645
141268.0709616014 0.06209356040074905
141833.1432454478 0.059389548481910096
142400.4758184296 0.06209201487937585
142970.07772170333 0.061787394991950795
143541.95803259013 0.0586915549349372
144116.12586472047 0.05854738665751367
144692.59036817937 0.053809395178599874
145271.3607296521 0.054482224706808996
145852.44617257072 0.05886303780210496
146435.85595726097 0.05879064581008197
147021.59938109003 0.057457048312554326
147609.6857786144 0.05701950700846859
148200.12452172884 0.05654965940835726
148792.92501981577 0.05432713676847307
149388.09671989502 0.0522193888944383
149985.6491067746 0.054829606224056936
150585.59170320167 0.0533260046637347
151187.93407001448 0.053313305630320815
151792.68580629455 0.05009683365041038
152399.85654951975 0.0520659377746869
153009.45597571784 0.05153245618375268
153621.4937996207 0.048618098895275685
154235.97977481916 0.04967476251940357
154852.92369391845 0.048934070389876114
155472.3353886941 0.04669522181780966
156094.2247302489 0.044983509077508664
156718.60162916992 0.04528411159566444
157345.47603568656 0.04250335770489424
157974.8579398293 0.04153959235900335
158606.75737158864 0.04115052236524685
159241.18440107498 0.0393407909750125
159878.14913867926 0.038437732075572384
160517.661735234 0.041888993793231355
161159.73238217493 0.04078024336178414
161804.3713117036 0.04242477522459576
162451.58879695044 0.03963472605811095
163101.39515213823 0.04227434896605784
163753.8007327468 0.042176380528150245
164408.81593567782 0.042254958104986945
165066.45119942052 0.04175419605054134
165726.71700421823 0.04012429574369641
166389.62387223504 0.037350625935753064
167055.18236772402 0.039738048670445676
167723.40309719497 0.0401123341338229
168394.2967095837 0.038264075495766464
169067.87389642204 0.03353624246118574
169744.14539200772 0.03829326147831062
170423.1219735757 0.039033293284782535
171104.81446147006 0.034952842244956435
171789.23371931593 0.03637716040226127
172476.3906541932 0.03392858718389436
173166.29621680998 0.036459614062727325
173858.96140167722 0.03309226122875952
174554.39724728392 0.036826756382255264
175252.61483627307 0.03309587784316125
175953.62529561817 0.03237944507161049
176657.43979680064 0.035169096132665535
177364.06955598784 0.034626317498931226
178073.52583421173 0.03551556591636375
178785.8199375486 0.0353509355746394
179500.9632172988 0.033365244432329084
180218.967070168 0.03209180244046789
180939.84293844865 0.03314723526678305
181663.60231020238 0.029388425860954012
182390.25671944322 0.030618955860241128
183119.81774632097 0.029282470578948745
183852.29701730626 0.03278167466193235
184587.7062053755 0.03277793824497003
185326.057030197 0.03116060878581815
186067.3612583178 0.03042891516478139
186811.63070335102 0.02943818041869993
187558.8772261645 0.030986262960305905
188309.11273506918 0.031532605456091364
189062.3491860094 0.03127640523441846
189818.59858275342 0.025664950294707774
190577.87297708448 0.029048085770245927
191340.18446899284 0.03050576872995776
192105.54520686882 0.026106667077075048
192873.9673876963 0.024030952323907104
193645.46325724703 0.02375209898298015
194420.04511027603 0.024187934876103327
195197.72529071715 0.02805987879265869
195978.51619188 0.024536615906765473
196762.4302566476 0.026528659988753617
199107.9942767367 0.024272142805733896
203090.15416227144 0.02407292432454397
207151.95724551688 0.022675535265915876
211294.9963904272 0.01947341378312645
215520.89631823578 0.01941638997359104
219831.31424460045 0.017071144569709623
224227.94052949245 0.016037154172777103
228712.4993400823 0.016646486777890077
233286.74932688402 0.016195749614025014
237952.48431342165 0.011479860982522223
242711.5339996901 0.015884168506534603
247565.76467968393 0.013638602868910252
252517.0799732776 0.00912776973562936
257567.42157274322 0.01178418385401222
262718.770004198 0.010435971152560624
267973.145404282 0.0077630697148765035
273332.6083123676 0.010208540042200728
278799.26047861495 0.0077137285005513265
284375.2456881872 0.005494455157100669
290062.750601951 0.00708086268450824
295864.00561398995 0.006240437454744886
301781.2857262697 0.005998312459471261
307816.91144079523 0.004499894762857629
313973.24966961105 0.00575601183614991
320252.7146630032 0.00496121700367408
326657.7689562633 0.004332204515957691
333190.92433538847 0.0035656838949516376
339854.7428220964 0.004316546568802168
346651.83767853834 0.0032703534283027203
353584.87443210906 0.0027572064427851973
360656.57192075124 0.0025372953935106166
367869.70335916633 0.0029579293756998824
375227.09742634965 0.002632667443800308
382731.63937487674 0.0030373965036662146
390386.2721623741 0.0020540482101093433
398193.99760562164 0.001877947995474839
406157.87755773397 0.001587237205351964
414281.0351088888 0.0022518187872536772
422566.65581106645 0.0018480122098924433
431017.98892728786 0.0014457163916254897
439638.3487058336 0.00122182594139069
448431.11567995034 0.001209492539051276
457399.7379935492 0.0013355575016353646
466547.7327534202 0.0009880732572376402
475878.6874084886 0.0010245173488581496
485396.2611566584 0.0010072899372356179
495104.1863797916 0.0007923608522032142
505006.2701073874 0.0007995643518860291
515106.39550953516 0.0007441187635161134
525408.5234197257 0.0008630905047386051
535916.6938881205 0.0007463759618302793
546635.0277658828 0.0006782106807898714
557567.7283212005 0.000550630343377316
568719.0828876244 0.00047712828462976903
580093.4645453768 0.00048759951499040093
591695.3338362843 0.0004625896037704506
603529.2405130101 0.0004671919365387606
615599.8253232702 0.0004908915192614228
627911.8218297358 0.000340370266059929
640470.0582663304 0.0003205680701513216
653279.459431657 0.0003037711769964928
666345.04862029 0.0002511020766137549
679671.9495926959 0.00031429170523389447
693265.38858455 0.0003154629799609945
707130.6963562409 0.00024031723796648664
721273.3102833657 0.00018855466293698746
735698.7764890331 0.00022880615267123003
750412.7520188137 0.00017980263441983804
765421.0070591901 0.00018814155154818404
780729.4272003738 0.00016158076772870372
796344.0157443815 0.0001586954074947342
812270.896059269 0.00013973035679690012
828516.3139804546 0.00012380235514612744
845086.6402600636 0.00011829801517874537
861988.3730652649 0.0001335940960101876
879228.14052657 0.00013922319218153458
896812.7033371016 0.00010296159180758713
914748.9574038435 0.0001039320174577969
933043.9365519203 8.523053950519244e-05
951704.8152829591 7.150131070940847e-05
970738.911588618 8.139451093903971e-05
990153.6898203905 6.173670630541717e-05
