1000.5530765187797 8.659364325807412e-29
1004.5552888248548 1.7175461771694765e-112
1008.5735099801544 6.854859804304345e-108
1012.607804020075 2.2808724557561407e-107
1016.6582352361554 2.383471841346967e-112
1020.7248681770998 5.76503416075035e-78
1024.8077676498083 1.0408432042960467e-83
1028.9069987204075 3.437951693843026e-105
1033.022626715289 4.813695928585519e-73
1037.1547172221503 4.775022993240721e-109
1041.3033360910388 1.3999493338104413e-100
1045.468549435403 3.2811190131782476e-94
1049.6504236331448 1.5885468921842578e-111
1053.8490253276773 4.1593445484986664e-83
1058.064421428988 2.1584170787800587e-104
1062.296679114704 4.386694442968617e-82
1066.5458658311627 5.044352461405564e-91
1070.8120492944875 4.442631257100289e-95
1075.0952974916654 2.9383804710642235e-74
1079.3956786816323 1.1657029457669424e-95
1083.7132613963586 1.953123625613623e-71
1088.048114441944 8.028733479114678e-77
1092.4003068997117 8.27726716956819e-51
1096.7699081273104 2.861423530728951e-75
1101.15698775982 7.685295284462826e-78
1105.561615710859 2.6948470240838284e-52
1109.9838621737026 9.809582668093841e-61
1114.4237976223976 2.984918228305549e-69
1118.8814928128868 2.468028402556685e-76
1123.3570187841383 2.2882802080587687e-69
1127.8504468592753 4.008309230654345e-40
1132.361848646712 2.2707631917143615e-49
1136.8912960412988 4.2594519510502445e-48
1141.438861225464 5.540827733816249e-47
1146.004616670366 1.451172243178028e-45
1150.5886351370475 2.9940695802075236e-47
1155.190989677596 1.9910862368163407e-49
1159.8117536363065 1.7075757312427046e-45
1164.4510006508515 1.83041418941484e-50
1169.108804653455 8.722896827547544e-53
1173.7852398720688 1.172775711397912e-46
1178.480380831557 2.1396844727835133e-46
1183.1943023548836 1.661685851398751e-43
1187.9270795643029 6.557394156286572e-50
1192.67878788256 1.576617641371948e-47
1197.4495030340906 3.584099801599035e-46
1202.2393010462267 4.749558019622911e-56
1207.0482582504117 8.305071632634722e-48
1211.8764512834132 4.458282795439445e-47
1216.7239570885472 2.999768029564657e-57
1221.5908529169012 6.618051297016936e-48
1226.4772163285688 9.517101835261763e-46
1231.383125193883 2.0171305039044936e-49
1236.3086576946585 1.583523944332384e-47
1241.2538923254372 5.63564560972328e-45
1246.2189078947392 4.0381812021816133e-53
1251.203783526318 2.240168790754549e-47
1256.2085986604231 1.1745118498508385e-43
1261.233433055065 9.384326687620736e-44
1266.2783667872852 1.5659413690082042e-52
1271.3434802544346 1.5203125895643202e-39
1276.4288541754522 1.1966107209941605e-40
1281.534569592154 1.171666887159242e-44
1286.6607078705229 8.53434500937232e-44
1291.8073507020044 1.4494489504112956e-37
1296.9745801048125 2.7728837288838933e-38
1302.162478425232 4.634935867896408e-44
1307.3711283389327 2.420124948950753e-40
1312.6006128522888 2.640972382209139e-36
1317.851015303698 1.1928736326878855e-39
1323.1224193649127 3.215240078263141e-40
1328.4149090423725 3.7886051122444085e-38
1333.728568678542 1.4894836448514928e-37
1339.0634829532567 4.746507260571322e-38
1344.4197368850691 1.2844435552598337e-39
1349.7974158326099 1.7548525875010602e-35
1355.1966054959403 1.1555141687143277e-35
1360.6173919179244 1.4689669552762964e-32
1366.059861485596 1.9718808751938557e-36
1371.5241009315384 6.115655586130687e-35
1377.0101973352646 1.960506991558913e-33
1382.5182381246057 2.7835130261419826e-32
1388.0483110771042 2.6811813003210383e-32
1393.6005043214122 9.907708773072436e-32
1399.1749063386976 6.648755249796057e-33
1404.7716059640527 9.105023871802798e-29
1410.3906923879088 3.468842484311314e-30
1416.0322551574602 1.2006948552948723e-27
1421.6963841780905 1.0126373221284958e-31
1427.3831697148032 3.071023012660049e-29
1433.0927023936622 6.222745344407083e-26
1438.8250732032368 3.076643090424637e-28
1444.5803734960498 7.566771830854591e-26
1450.3586949900334 6.909575866245826e-27
1456.1601297699938 8.063426128794266e-26
1461.984770289074 1.5340534067173702e-26
1467.83270937023 1.7899615360346462e-26
1473.704040207711 3.0720362508920893e-25
1479.5988563685412 6.170069217070649e-28
1485.5172517940157 1.0285761782736856e-25
1491.459320801192 1.2788059723377429e-24
1497.4251580843968 4.6164360157052704e-26
1503.4148587167342 3.5186121015592885e-23
1509.4285181516007 1.749523159265671e-24
1515.4662322242077 1.8789590355314058e-25
1521.5280971531042 8.731293360003815e-22
1527.6142095417167 1.1052737701269272e-23
1533.7246663798837 4.436636387761392e-23
1539.859565045403 7.399852149838228e-22
1546.0190033055849 1.7128757224507305e-27
1552.203079318807 1.692709184147128e-22
1558.4118916360824 4.739494887427677e-22
1564.6455392026269 1.0926759563542305e-22
1570.9041213594373 1.292451073737476e-21
1577.187737844875 6.986991662724494e-22
1583.4964887962547 2.2462109424572497e-21
1589.8304747514399 4.467438286309648e-21
1596.1897966504455 1.2234735035905093e-21
1602.5745558370472 3.28166568821192e-21
1608.9848540603957 9.749715783529896e-21
1615.4207934766368 4.1903385213049796e-21
1621.8824766505436 1.689164541190231e-20
1628.3700065571454 1.986290781940437e-20
1634.8834865833744 2.5404230292265856e-20
1641.4230205297079 6.059183701448596e-20
1647.9887126118267 2.4641979303097985e-20
1654.580667462274 3.343037442493681e-20
1661.198990132123 1.0826020825255682e-19
1667.8437860926513 9.456391590030874e-20
1674.515161237022 2.178106276594797e-19
1681.2132218819695 2.9973357618463987e-19
1687.9380747694975 3.436592307949926e-19
1694.6898270685758 9.709929055080025e-19
1701.4685863768502 7.46667986152538e-19
1708.2744607223572 5.348170385943786e-19
1715.1075585652468 1.1725225029354525e-18
1721.967988799508 9.984508019197257e-19
1728.8558607547059 1.406105013199521e-18
1735.7712841977245 2.8411731440454536e-18
1742.7143693345156 2.7189743057207715e-18
1749.6852268118535 3.919998780398029e-18
1756.6839677191008 8.539843138730247e-18
1763.7107035899771 1.4179720121117206e-17
1770.7655464043373 1.3007566361173745e-17
1777.8486085899544 1.176977928016738e-17
1784.9600030243143 1.8489016609967204e-17
1792.0998430364118 1.9956282439267086e-17
1799.2682424085576 3.1512104755695265e-17
1806.4653153781921 3.34945853400537e-17
1813.6911766397043 4.6294726765934047e-17
1820.945941346263 6.687434257006186e-17
1828.2297251116483 9.152893600470969e-17
1835.5426440120948 8.610901414705117e-17
1842.8848145881432 1.2399838686843435e-16
1850.2563538464956 1.7272823344669237e-16
1857.657379261881 2.024830253199825e-16
1865.0880087789287 3.2035205841908374e-16
1872.5483608140448 3.50870420698138e-16
1880.0385542573008 4.579489181477837e-16
1887.5587084743302 6.897621590640529e-16
1895.1089433082268 8.563075370139291e-16
1902.68937908146 9.002213745117791e-16
1910.3001365977857 1.324845826557826e-15
1917.9413371441767 1.4701017753207824e-15
1925.6131024927531 1.884344381351358e-15
1933.3155549027244 2.5837916699293632e-15
1941.0488171223355 2.989158075760456e-15
1948.8130123908247 3.806232993093426e-15
1956.608264440388 4.981648427472154e-15
1964.434697498149 5.766775682975211e-15
1972.2924362881417 7.084026429597933e-15
1980.1816060332944 8.792899288587833e-15
1988.1023324574276 1.0455179704798615e-14
1996.0547417872574 1.2330675609892732e-14
2004.0389607544066 1.5151302950434575e-14
2012.0551165974243 1.8016074391504664e-14
2020.1033370638136 2.1644790220584343e-14
2028.1837504120688 2.614990270258924e-14
2036.2964854137172 3.201448169592351e-14
2044.4416713553724 3.906673297299733e-14
2052.6194380407937 4.7697926742493027e-14
2060.829915792957 5.765374775657992e-14
2069.0732354561287 6.94505440649528e-14
2077.3495283979532 8.371681207342899e-14
2085.6589265115445 1.0119595095699249e-13
2094.001562217591 1.2156763546400905e-13
2102.3775684664615 1.4581602555256304e-13
2110.787078740328 1.7383441302733547e-13
2119.2302270552887 2.0970686522204927e-13
2127.70714796351 2.515609201891931e-13
2136.217976555364 3.0192079152311397e-13
2144.7628484615852 3.573782683648923e-13
2153.341899855432 4.3099160607617644e-13
2161.9552674548536 5.176643381032437e-13
2170.603088524673 6.190114943920857e-13
2179.285500878772 7.320635785337604e-13
2188.0026428822866 8.736283138043746e-13
2196.754653453816 1.0510494339173006e-12
2205.541672067631 1.2451184607022348e-12
2214.3638387559017 1.508366935103383e-12
2223.2212941109246 1.7575066024538298e-12
2232.114179287369 2.1580628963538548e-12
2241.0426360045185 2.5079642316199024e-12
2250.0068065485366 3.082885898231276e-12
2259.0068337747302 3.5494195125823967e-12
2268.0428611098296 4.252071285976943e-12
2277.115032554269 5.047045670307109e-12
2286.223492684486 5.965800276900996e-12
2295.368386655224 7.338583109322335e-12
2304.549860201845 8.172138880163666e-12
2313.7680596426517 1.0034064617795261e-11
2323.0231318812225 1.16931871946485e-11
2332.3152244087473 1.416589575771996e-11
2341.6444853063817 1.6701399824497527e-11
2351.0110632476076 1.87465265404141e-11
2360.415107500598 2.2959955368408597e-11
2369.8567679306 2.5879541545675e-11
2379.3361950023227 3.1741838664764726e-11
2388.853539782332 3.667326460404661e-11
2398.4089539414617 4.488432226397848e-11
2408.0025897572273 5.284321729636923e-11
2417.6346001162565 5.870031837037134e-11
2427.3051385167214 7.315499075502605e-11
2437.0143590707885 8.404838992406196e-11
2446.762416507072 1.0518274367846739e-10
2456.5494661731 1.1485587451063015e-10
2466.375664037793 1.3628548703574016e-10
2476.2411666939443 1.617372508368471e-10
2486.1461313607197 1.7571925365762013e-10
2496.090715886162 2.1258486309801002e-10
2506.075078749707 2.434931083879588e-10
2516.0993790647044 2.8680704731402436e-10
2526.163776580964 3.483468391914941e-10
2536.268431687288 4.1462476063221375e-10
2546.4135054140374 4.848686261475993e-10
2556.599159435693 5.337324637515359e-10
2566.825556073436 6.041529310663497e-10
2577.09285829773 7.058513376936613e-10
2587.4012297309205 8.051083139626907e-10
2597.7508346498444 9.478345095729674e-10
2608.141837988444 1.0953124285628904e-09
2618.5744053403982 1.2789087042147777e-09
2629.0487029617593 1.4884224266477505e-09
2639.5648977736064 1.6981793060763265e-09
2650.123157364701 1.944410477593645e-09
2660.7236499941596 2.2359486529559087e-09
2671.366544594136 2.560569594737236e-09
2682.052010772512 2.961576897375915e-09
2692.7802188156024 3.3977450217873557e-09
2703.551339690865 3.9109239346600505e-09
2714.365545049628 4.4868632483793135e-09
2725.223007229827 5.140876255597314e-09
2736.123899258746 5.889082858464645e-09
2747.0683948557817 6.748127434533848e-09
2758.0566684352048 7.725524302155568e-09
2769.0888951089455 8.8467898390505e-09
2780.165250689381 1.01253773622221e-08
2791.2859116921386 1.1585392930520477e-08
2802.451055338907 1.3252400786898204e-08
2813.660859560263 1.5155622547119365e-08
2824.9155029985036 1.732773979812073e-08
2836.2151650104965 1.980576612343775e-08
2847.5600256705393 2.2631609423860685e-08
2858.950265773222 2.585270236267697e-08
2870.386066836315 2.9522677070006544e-08
2881.8676111036607 3.370216428443487e-08
2893.3950815480757 3.845965044908671e-08
2904.968661874268 4.3872431139516735e-08
2916.588536521764 5.0027769037110405e-08
2928.254890667851 5.702394602536761e-08
2939.9679102305226 6.497183376840563e-08
2951.727781871445 7.399640803391194e-08
2963.534692998931 8.423780708530457e-08
2975.3888317709266 9.585431200745243e-08
2987.2903870980094 1.0902401503777218e-07
2999.2395486464025 1.239439833032906e-07
3011.2365068409886 4.920651074480706e-08
3023.2814528683516 5.4864685365108394e-08
3035.374578679825 2.5502814082342614e-08
3047.516076994544 6.918019922822957e-08
3059.7061413025226 8.252423827579304e-08
3071.9449658677336 8.89236354603266e-08
3084.232745731204 8.79260548454268e-08
3096.569676714128 4.082730469699486e-08
3108.955955420985 4.359362409199834e-08
3121.3917792426687 1.0439940187564395e-07
3133.8773463596394 1.154283457775297e-07
3146.412855745078 1.1682270284422929e-07
3158.998507168058 1.13267809926847e-07
3171.6345011967305 1.0504126833273005e-07
3184.321039201517 9.172688305778797e-08
3197.0583233583234 7.151713366867818e-08
3209.8465566517566 3.084154572308266e-08
3222.6859428783637 1.1992356290918502e-08
3235.576686649877 1.9803812949545205e-08
3248.518993396477 8.442362892396364e-09
3261.513069370063 2.2220319250364925e-09
3274.559121647543 3.4685029186740665e-10
3287.6573581341336 2.0881934668226586e-11
3300.8079875666704 1.3226870557493756e-12
3314.0112195169368 8.378277549638595e-12
3327.2672643950045 2.05704366023762e-10
3340.5763334525845 2.4100606509543386e-09
3353.938638786395 1.4605955785705119e-08
3367.354393341541 5.5227509680443466e-08
3380.8238109149074 1.440226386927199e-07
3394.347106158567 2.909528624392812e-07
3407.924494583201 4.873060723721286e-07
3421.5561925615334 6.614102809208946e-07
3435.2424173317804 4.429663342367526e-07
3448.9833870011066 3.903983046565466e-08
3462.7793205491116 9.738155834764492e-07
3476.630437831308 2.242179763167723e-06
3490.536959582633 3.26814032269363e-06
3504.4991074209643 4.286307713150209e-06
3518.5171038506473 5.3821429833055835e-06
3532.5911722660503 6.592957780403796e-06
3546.7215369551145 7.943375006049656e-06
3560.9084231029346 9.453048870192929e-06
3575.1520567953467 1.1139566466766072e-05
3589.452665022528 1.3022441488822837e-05
3603.810475682617 1.512086407148437e-05
3618.225717585348 1.74563044943266e-05
3632.698620455689 2.0050957631693568e-05
3647.2294149375116 2.292978775048652e-05
3661.8183325972614 2.6119774766407705e-05
3676.4656059276513 2.9648209218460375e-05
3691.1714683513615 3.354783337989357e-05
3705.936154224767 3.785183426958568e-05
3720.7598988416657 4.259170104713522e-05
3735.6429384370326 4.781010978399535e-05
3750.585510190781 5.3539315295916054e-05
3765.587852231544 5.9816519310062e-05
3780.6502036404704 6.6681311436278e-05
3795.772804455032 7.418228149189917e-05
3810.955895672852 8.234097076237646e-05
3826.199719255544 9.117377069363454e-05
3841.504518132566 0.0001007114000914838
3856.870536205096 0.00011094826179251609
3872.2980183499167 0.0001217694172787997
3887.7872104233156 0.0001331231312327007
3903.338359265009 0.0001447492433011014
3918.9517127020695 0.00015624485154852588
3934.6275195528774 0.00016677830045101622
3950.3660296310895 0.00017495296273414417
3966.1674937496136 0.0001781614981127055
3982.0321637246125 0.00017156362557312473
3997.9602923795105 0.0001468422837982144
4013.9521335490285 9.252362495142796e-05
4030.007942083225 2.1757066309263092e-05
4046.1279738515577 4.2070459804073355e-07
4062.312485746964 2.4646096138232582e-05
4078.5617356899515 0.00013202847001227318
4094.8759826327114 0.0002562126975261168
4111.255486563242 0.000362574456972851
4127.700508509496 0.00045447749887339675
4144.211310543533 0.0005383532019735767
4160.788155785708 0.0006188955009329619
4177.431308408849 0.0006993839938900442
4194.141033642486 0.0007818727415509998
4210.917597777056 0.0008667876260860941
4227.761268168164 0.0009576449594613021
4244.672313240838 0.0010522164611921508
4261.651002493801 0.001157243489377556
4278.697606503776 0.001264233086769922
4295.812396929791 0.0013852978724698088
4312.995646517511 0.0015126042364780729
4330.24762910358 0.0016437543297867486
4347.568619619994 0.0017939344993804479
4364.958894098475 0.001954379206892428
4382.418729674868 0.002122028890537953
4399.948404593568 0.0022947323950952125
4417.548198211942 0.002503009540390605
4435.21839100479 0.002717169220462436
4452.959264568809 0.002946387924335869
4470.771101627084 0.0031912812734876763
4488.654186033592 0.003440253322501601
4506.608802777726 0.0037172647660286312
4524.635237988838 0.004039162883461357
4542.733778940792 0.004353618615005394
4560.904714056555 0.004599616587869659
4579.148332912781 0.004522475982767804
4597.464926244433 0.004930331481169382
4615.85478594941 0.0051777419171588155
4634.318205093208 0.005386876056365972
4652.855477913582 0.0055636587587667725
4671.466899825236 0.005703356151391697
4690.152767424537 0.00589231717753382
4708.913378494234 0.005696652132934824
4727.749032008212 0.005081276369054593
4746.660028136244 0.004078540066523598
4765.646668248789 0.00292697619828952
4784.709254921784 0.0018211490096060687
4803.8480919414715 0.0009677113020398734
4823.063484309237 0.0004492455583870818
4842.355738246474 0.0002113919773343594
4861.72516119946 0.00011580474578082026
4881.172061844257 7.314932945197422e-05
4900.6967500916335 5.125558622179963e-05
4920.299537092001 3.573053940206192e-05
4939.9807352403695 2.3975391527035778e-05
4959.740658181329 1.544198261995573e-05
4979.5796208140555 9.591413373634148e-06
4999.497939297312 6.17057984442466e-06
5019.495931054502 4.454824714241064e-06
5039.57391477872 3.7660346434302923e-06
5059.732210437835 3.6204929758299287e-06
5079.971139279585 3.7604075310892577e-06
5100.291023836704 3.974856968320096e-06
5120.692187932051 4.135386819124815e-06
5141.174956683781 4.279919583443543e-06
5161.739656510514 4.4781452876616395e-06
5182.386615136556 4.68573502091515e-06
5203.116161597103 4.837189466561679e-06
5223.928626243489 4.972002556668768e-06
5244.824340748465 5.130777827875762e-06
5265.803638111459 5.269333779257148e-06
5286.866852663905 5.385156449145056e-06
5308.0143200745615 5.530648940917362e-06
5329.246377354859 5.6792004752060966e-06
5350.563362864278 5.814655850410854e-06
5371.965616315736 5.9878844342714156e-06
5393.453478780998 6.1656518844244445e-06
5415.027292696122 6.318680280520533e-06
5436.687401866905 6.510734216706698e-06
5458.434151474374 6.6971476595435495e-06
5480.267888080271 6.860256586653114e-06
5502.188959632591 7.057430641867778e-06
5524.197715471122 7.256130024244821e-06
5546.294506333006 7.437573941705703e-06
5568.479684358337 7.636133354843298e-06
5590.753603095771 7.849252847272798e-06
5613.1166175081535 8.033107237590638e-06
5635.569083978187 8.255645316482154e-06
5658.1113603140975 8.437441943960864e-06
5680.743805755354 8.624102823549823e-06
5703.466780978376 8.831017366001658e-06
5726.28064810229 9.038989571632596e-06
5749.185770694699 9.238249063024896e-06
5772.182513777476 9.445955893161661e-06
5795.271243832587 9.669058525407941e-06
5818.452328807918 9.928363928345471e-06
5841.72613812315 1.0234831200805834e-05
5865.093042675643 1.0260594067714168e-05
5888.553414846345 1.0414824495755107e-05
5912.10762850573 1.1711573081925062e-05
5935.756059019754 1.4026102449404753e-05
5959.499083255832 1.653283238032898e-05
5983.337079588855 1.9334179447610662e-05
6007.27042790721 2.272518773108496e-05
6031.299509618841 2.6878424828956318e-05
6055.424707657316 3.167222262983446e-05
6079.646406487946 3.721497165271958e-05
6103.964992113897 4.375076394786116e-05
6128.380852082353 5.142128509701257e-05
6152.894375490681 6.040437983151138e-05
6177.505952992646 7.076181693264604e-05
6202.215976804616 8.269893260989971e-05
6227.024840711833 9.652867925910451e-05
6251.932940074681 0.00011261437048847878
6276.940671834981 0.0001312235900764854
6302.048434522321 0.00015317110820740654
6327.256628260409 0.0001783766872896034
6352.5656547734525 0.00020719264885786168
6377.975917392546 0.00024024255549669082
6403.487821062116 0.0002780723926332829
6429.101772346364 0.0003212700976009453
6454.81817943575 0.00037021991711457593
6480.637452153493 0.00042752160644478647
6506.560001962106 0.0004960740180971674
6532.586241969955 0.000576686933588355
6558.716586937834 0.0006710760644324441
6584.951453285586 0.0007836357319594237
6611.291259098727 0.0009197725352215165
6637.7364241351215 0.0010848214101918784
6664.2873698316625 0.0012838199818984604
6690.94451931099 0.0015230894838824203
6717.7082973882325 0.0018141234573819957
6744.579130577787 0.0021672270839695903
6771.557447100097 0.002583706690814004
6798.643676888497 0.0030580012060198807
6825.838251596053 0.0035841610456615342
6853.141604602436 0.004153020490091715
6880.554171020846 0.004735878298809566
6908.0763877049285 0.005283749586682288
6935.708693255749 0.005749916530336262
6963.4515280287715 0.006459407511857127
6991.305334140887 0.007197426203161469
7019.270555477449 0.008065053300125953
7047.34763769936 0.009140434027580174
7075.537028250157 0.010325860236770528
7103.839176363159 0.011574935317076129
7132.254533068612 0.012906230613924782
7160.783551200888 0.013812080157467124
7189.42668540569 0.014906433093680595
7218.184392147313 0.016484082672660876
7247.0571297159 0.017178989455826223
7276.045358234765 0.018169612579866063
7305.149539667704 0.018425834560488425
7334.370137826372 0.019339909898304836
7363.707618377678 0.019691496621193683
7393.162448851191 0.020035532204152134
7422.735098646595 0.020164789654357786
7452.426039041182 0.020163513596569572
7482.235743197345 0.019992363876633903
7512.1646861701365 0.019298374848719987
7542.213344914818 0.018577882811912364
7572.382198294477 0.017527733064037695
7602.671727087656 0.015061367814905432
7633.082413996006 0.00803774842863117
7663.614743651989 0.0008849542196473268
7694.269202626598 0.0012498260550029504
7725.046279437104 0.006180523402773137
7755.946464554851 0.014222643723407905
7786.970250413072 0.023021740184073443
7818.118131414723 0.030719269486094523
7849.390603940383 0.03794102397202118
7880.788166356144 0.045809458031254094
7912.311319021571 0.05474324205895029
7943.960564297654 0.06487836753791
7975.736406554845 0.07593282500560344
8007.639352181065 0.0883746022493155
8039.669909589788 0.10164366223688305
8071.828589228147 0.1155861868421707
8104.115903585063 0.1278395104105593
8136.532367199402 0.13892832985229508
8169.078496668199 0.15701133616600613
8201.754810654873 0.1661902080382082
8234.561829897493 0.2018007428564785
8267.500077217084 0.2424423075320105
8300.570077525952 0.26738723121110725
8333.772357836056 0.29807951919257325
8367.1074472674 0.3260420253426572
8400.575877056472 0.3700824156250829
8434.178180564695 0.41786014092079854
8467.914893286956 0.47177384487687296
8501.786552860101 0.5268197223289653
8535.793699071543 0.5907507025912144
8569.936873867831 0.66114847105198
8604.216621363299 0.7369257533070833
8638.633487848754 0.8169199479861087
8673.18802180015 0.8978518708813021
8707.880773887353 0.9801358793569389
8742.7122969829 1.0782473705634072
8777.68314617083 1.181171133859393
8812.793878755514 1.2673032733843763
8848.045054270535 1.3140473500421548
8883.437234487617 1.1465877767544639
8918.970983425568 0.9501215942123222
8954.64686735927 1.234842242841849
8990.465454828707 1.0249037140746384
9026.427316648023 1.500374937542653
9062.533025914616 1.8434646546499738
9098.783158018272 1.9842210316680937
9135.178290650345 2.2046109043275766
9171.719003812947 2.3106457948424843
9208.405879828202 2.7901860766101394
9245.239503347511 2.858994197521583
9282.2204613609 1.3695835566040109
9319.349343206346 1.3781116920682623
9356.626740579171 1.6345719605323386
9394.053247541488 2.414061918716831
9431.629460531654 2.442058008574405
9469.355978373778 2.417900685463348
9507.233402287276 2.3617360496579716
9545.262335896427 2.6138861187688263
9583.443385240013 2.262499901316239
9621.777158780975 2.6367130097828464
9660.264267416096 3.14454300257629
9698.90532448576 3.7933002335669057
9737.7009457837 3.85913255413224
9776.651749566838 4.16039058493343
9815.758356565104 4.523360154884548
9855.021389991363 4.931673894385092
9894.441475551332 5.483925205611702
9934.019241453534 5.661459995418213
9973.755318419348 5.8657322155504605
10013.650339693024 6.0761477693010475
10053.704941051796 6.272555244510644
10093.919760816003 6.7647019561553305
10134.295439859268 7.228215440337586
10174.832621618703 7.4347665833376135
10215.531952105179 7.905192414494733
10256.394079913602 8.193003157321263
10297.419656233254 8.60261442534781
10338.609334858189 8.77164042360377
10379.96377219762 9.23938468989584
10421.483627286412 9.504312187483572
10463.169561795556 9.65705068872304
10505.022240042741 9.749003824096576
10547.042329002912 9.836795302774549
10589.230498318922 9.777748788980787
10631.587420312197 9.662912680729951
10674.113769993448 9.473738770038699
10716.810225073421 9.27109976398852
10759.677465973711 9.01295628221525
10802.716175837608 8.80421262017977
10845.927040540959 8.418054759581363
10889.310748703121 7.70591355202409
10932.867991697934 6.297763540093286
10976.599463664725 5.039950181961989
11020.505861519383 3.676364241550893
11064.587884965462 2.706006600168057
11108.846236505324 1.8565490852661246
11153.281621451348 1.2475894177559417
11197.894747937147 1.3682858483075924
11242.686326928899 1.505312012510722
11287.657072236614 1.945401042025327
11332.807700525562 1.0872061488989393
11378.138931327663 1.49167169293356
11423.651487052975 1.834705461973933
11469.346093001184 1.7822399477650117
11515.22347737319 1.033228038251924
11561.284371282683 0.5972924416375324
11607.529508767815 0.6820431647723207
11653.959626802887 1.2889003349292667
11700.5754653101 1.2362295382024828
11747.377767171341 0.465701852630987
11794.367278240028 1.3363094586492428
11841.544747352984 2.1576267197828103
11888.9109263424 2.7419385650822603
11936.46657004777 3.214797388334357
11984.212436327958 4.150286035946865
12032.149286073272 5.161826485586509
12080.277883217566 6.303212330503026
12128.598994750435 7.288349226679463
12177.113390729437 8.300409738914222
12225.821844292353 9.184915316242634
12274.725131669524 10.28955454541726
12323.824032196202 11.054025275635993
12373.119328324985 11.766933378523568
12422.611805638286 12.060757353104249
12472.302252860838 13.74528956501134
12522.19146187228 12.996474903578742
12572.280227719768 15.473242065738347
12622.569348630648 16.16668049518192
12673.059626025171 16.49818352654965
12723.751864529271 16.21090875621753
12774.646871987386 16.02370381039047
12825.74545947534 14.875590702635217
12877.04844131324 13.799484586596968
12928.556635078494 12.949385823910353
12980.270861618808 12.148447108522307
13032.191945065284 11.172383619234497
13084.320712845543 10.269533095538836
13136.657995696927 9.086946792177805
13189.204627679715 8.379270290705744
13241.961446190431 7.004390541257846
13294.929291975195 3.533568901808151
13348.109009143096 1.4171111272919796
13401.50144517967 0.5707809248311221
13455.107450960388 0.30116645178312657
13508.927880764231 0.1929446027707455
13562.963592287288 0.08272890926033553
13617.215446656439 0.08261488346218177
13671.684308443064 0.17505051581673733
13726.371045676835 0.13429803804571705
13781.276529859542 0.23287390537206248
13836.40163597898 0.12066641163630625
13891.747242522899 0.15847697988889917
13947.314231492988 0.12030326487403045
14003.103488418961 0.13395399338876038
14059.115902372636 0.18384611222313973
14115.352365982128 0.17596017017008725
14171.813775446057 0.20028263929349033
14228.501030547843 0.23359314891520305
14285.41503467003 0.4143948001779609
14342.556694808713 0.37921822680837053
14399.926921587949 0.4635535914998951
14457.5266292743 0.7186538941084412
14515.356735791396 1.1365084384461153
14573.418162734559 1.5439791731933703
14631.711835385498 1.3711369987091775
14690.238682727038 1.2843002574014093
14748.999637457951 1.532536708431505
14807.995636007783 1.81371171250566
14867.227618551815 1.9296700934186237
14926.69652902602 2.332703179301644
14986.403315142123 2.835617947799556
15046.348928402693 3.0130734786634847
15106.534324116303 3.170484076974869
15166.96046141277 3.5517907457611746
15227.62830325842 4.346223230102472
15288.538816471453 4.907789116235618
15349.692971737337 5.473979316884359
15411.091743624287 5.99755236536666
15472.736110598784 6.676805235574324
15534.62705504118 6.768032760616754
15596.765563261344 6.951875190438653
15659.152625514387 7.122585908379694
15721.789236016448 7.397091685379821
15784.676392960515 7.339013795833999
15847.815098532355 7.218439889903879
15911.206358926484 6.5441186768928725
15974.85118436219 5.658147988369996
16038.75058909964 4.174680907305626
16102.905591456036 2.778938595545088
16167.31721382186 1.821830409810148
16231.986482677148 1.2069970184985308
16296.914428607855 0.9136942744572969
16362.102086322288 1.0214738972282613
16427.550494667576 1.2019753864628657
16493.260696646248 1.1964065408427018
16559.23373943283 1.1184097523499883
16625.470674390563 1.313048017795528
16691.972557088127 0.2671038838790919
16758.74044731648 0.6402503723568881
16825.775409105743 0.9105129520642576
16893.07851074217 0.7271233784015184
16960.650824785134 0.48853523240592894
17028.493428084275 0.4239394473379722
17096.607401796613 0.6585588581681187
17164.993831403797 0.6156306957598072
17233.653806729413 0.8197030894489268
17302.588421956334 0.5199680512464967
17371.798775644158 0.5635556010108114
17441.285970746736 0.6945647583674152
17511.05111462972 0.7541658711368386
17581.095319088243 0.6262666238430616
17651.419700364593 0.5257924552082862
17722.02537916605 0.46291150201942316
17792.913480682713 0.5318738231019855
17864.085134605448 0.4192782383879823
17935.54147514387 0.24670163724069757
18007.283641044443 0.34169585520267093
18079.312775608625 0.2962818945028871
18151.630026711056 0.33393938979078935
18224.236546817894 0.3436883200677125
18297.133493005167 0.23123789577549742
18370.32202697719 0.20470303756662722
18443.803315085097 0.2974399138055295
18517.578528345435 0.27212283857175373
18591.648842458817 0.2243911626847153
18666.01543782865 0.15768919772380088
18740.67949957997 0.18972230372971544
18815.642217578286 0.4095591101549873
18890.9047864486 0.38780757694414897
18966.4684055944 0.4215237324217777
19042.334279216768 0.3060374439633859
19118.50361633364 0.3090814912895405
19194.977630798967 0.29566594831638754
19271.757541322168 0.24179313447897674
19348.844571487454 0.22187478491605675
19426.239949773408 0.21163181798167552
19503.9449095725 0.26419431835514773
19581.960689210795 0.25743710940923825
19660.28853196764 0.3231930828340529
19738.929686095507 0.3201256989518574
19817.885404839893 0.3592521208050639
19897.15694645925 0.39323078367894915
19976.745574245087 0.4312667914167992
20056.65255654207 0.43454741410129677
20136.879166768238 0.4522523658455779
20217.426683435307 0.45588522757495387
20298.296390169045 0.4552863432928817
20379.489575729727 0.473386329350344
20461.007534032648 0.4814583523387984
20542.851564168777 0.474437332434796
20625.02297042545 0.4723733232394762
20707.523062307162 0.4582706513785465
20790.353154556382 0.44044843098971576
20873.514567174607 0.4279336784281952
20957.008625443308 0.4078241393552901
21040.836659945082 0.39161871817483834
21125.000006584854 0.3741048833790672
21209.5000066112 0.3546709316316205
21294.33800663765 0.3378937675386961
21379.515358664197 0.3301367346318266
21465.033420098855 0.3082638881175224
21550.893553779246 0.3008256400319808
21637.097127994366 0.260417491213448
21723.645516506345 0.26973058086017526
21810.540098572368 0.25149483663463423
21897.782258966654 0.2125259882855109
21985.37338800253 0.08801587173778558
22073.314881554532 0.08891064256637714
22161.60814108075 0.13589928810975935
22250.25457364508 0.10999608509100008
22339.25559193965 0.08341758088429747
22428.61261430741 0.06228998074506438
22518.32706476464 0.051413935491705656
22608.400373023702 0.044437868894066694
22698.833974515794 0.05490122374666636
22789.62931041386 0.04771826719017688
22880.78782765551 0.03680974686035614
22972.310978966132 0.03390414732058866
23064.200222882002 0.06292269633561559
23156.457023773528 0.07222434861833225
23249.082851868614 0.03284411836337105
23342.079183276095 0.03534211935752531
23435.447500009202 0.02966186789372905
23529.18929000923 0.03600635807899319
23623.306047169273 0.0554073757975222
23717.79927135796 0.029191240451151703
23812.670468443375 0.04287047930336784
23907.92115031715 0.06135633779112138
24003.552834918424 0.07439299095841667
24099.56704625809 0.09541715872280289
24195.96531444313 0.08967338599351234
24292.749175700897 0.09886731799382192
24389.9201724037 0.12098404782875571
24487.479853093315 0.14230643573433197
24585.42977250569 0.17396008481940137
24683.771491595708 0.1840143785792803
24782.50657756209 0.20423935700550605
24881.636603872343 0.21257487439792125
24981.16315028783 0.24040454235349418
25081.087802888986 0.21056552646198415
25181.412154100537 0.19705868729518453
25282.137802716934 0.14808793201597123
25383.266353927807 0.15631148999409258
25484.79941934352 0.10166771133556693
25586.73861702089 0.13391014566201762
25689.08557148898 0.09553867353026327
25791.84191377493 0.09985474417152282
25895.009281430033 0.07146471669786458
25998.589318555754 0.10754208779276157
26102.58367582998 0.13925160855971763
26206.994010533297 0.1918440720236129
26311.821986575433 0.18485518002468948
26417.069274521735 0.3892064963241213
26522.737551619815 0.33149461768280475
26628.828501826294 0.12970537049467262
26735.343815833607 0.045414034445652576
26842.285191096937 0.07581007722766993
26949.654331861326 0.15632869218137563
27057.452949188766 0.1512219730761475
27165.682760985525 0.17361443032751514
27274.345492029468 0.3583373763879619
27383.442873997585 0.15460932367973845
27492.976645493567 0.36490786818468
27602.948552075544 0.16587824809582707
27713.360346283847 0.1865351729870439
27824.213787668985 0.13471339316080105
27935.510642819663 0.3037309072689286
28047.252685390937 0.1723377416420071
28159.441696132504 0.2831775850688335
28272.079462917034 0.47613495795165367
28385.167780768694 0.2833854536541993
28498.70845189177 0.3805124394146136
28612.703285699336 0.49415438387984084
28727.154098842133 0.5231442670216536
28842.062715237505 0.5647210623483235
28957.430966098455 0.6709765528662169
29073.260689962848 0.6497478276874997
29189.553732722703 0.7841104463701101
29306.311947653598 1.0625228854296027
29423.537195444205 0.9984695280716377
29541.231344225984 0.9705099683491505
29659.396269602887 1.067478474948798
29778.033854681304 1.1411724124908873
29897.14599010003 1.3817822308938006
30016.734574060432 0.5176839355928847
30136.80151235667 1.1538240122667576
30257.348718406094 1.4083100489410485
30378.37811327972 1.343092644930215
30499.89162573284 1.0049754671657491
30621.891192235766 1.1874733788851481
30744.37875700471 0.9243940333578717
30867.356272032728 0.7818840468975956
30990.825697120858 0.645985268823391
31114.78899990934 0.5552513740072842
31239.24815590897 0.5622290958611746
31364.20514853261 0.3577605459160423
31489.661969126744 0.2877770283597981
31615.62061700325 0.17894239079343127
31742.083099471263 0.16188265788691478
31869.05143186915 0.1175002608417286
31996.527637596624 0.10491053672867491
32124.51374814701 0.10614097712061413
32253.011803139605 0.0958053216608565
32382.02385035216 0.09938681017141891
32511.55194575357 0.10481809940523289
32641.598153536583 0.14167284733560329
32772.16454615073 0.21861566292924323
32903.25320433533 0.27413267738385716
33034.86621715268 0.23091458677065163
33167.005682021285 0.010271961109312541
33299.673704749366 0.014439357789759103
33432.87239956837 0.08364607946132564
33566.60388916664 0.1487676424970169
33700.87030472331 0.16406957872312825
33835.6737859422 0.14219389391522605
33971.016481085964 0.12966136090620792
34106.900547010315 0.1262173138695052
34243.32814919835 0.13378675284245678
34380.30146179514 0.13953666871031337
34517.82266764233 0.12816690065423111
34655.893958312896 0.16076907992536715
34794.51753414615 0.1510631783432151
34933.69560428273 0.19474984600130774
35073.43038669985 0.2830942165808295
35213.72410824666 0.27529254886096555
35354.57900467965 0.26089139375747433
35495.99732069836 0.3450946970512964
35637.98130998116 0.3755990020580195
35780.53323522108 0.44343518433440143
35923.65536816197 0.4477711245337477
36067.34998963462 0.40189961516583755
36211.61938959315 0.5423658170598847
36356.46586715153 0.7342047634025843
36501.891730620126 0.8498302264010983
36647.89929754261 1.0063751916762629
36794.49089473278 1.1551192504175638
36941.6688583117 1.106669086918886
37089.43553374496 1.238382617592274
37237.793275879936 1.2690086838436214
37386.74444898345 1.5118332245600081
37536.29142677938 1.6979563930831372
37686.43659248651 1.5754634423024725
37837.18233885645 1.3484439832944828
37988.53106821188 1.7220674148674968
38140.48519248474 2.2264010723323064
38293.04713325467 2.683378705897823
38446.21932178769 1.6427550571803737
38600.00419907484 2.104864225164324
38754.40421587113 2.1731094442382206
38909.42183273463 2.490715207021738
39065.05952006556 2.4575727373328458
39221.31975814583 2.5297548834350447
39378.205037178406 2.9396168416002455
39535.71785732712 2.823403103996142
39693.860728756415 3.106258435644315
39852.636171671445 3.40001221200847
40012.04671635814 3.374503260882364
40172.09490322357 3.557257912313492
40332.78328283648 3.569561400517971
40494.11441596781 3.5004463186535846
40656.090873631685 3.4902402540207484
40818.71523712622 3.245458392265455
40981.990098074726 3.332659946125221
41145.918058467025 3.041023376711416
41310.50173070089 3.01766266346825
41475.74373762369 3.035405670612751
41641.646712574184 3.210783780259923
41808.21329942448 3.0557127353709843
41975.44615262219 3.299837741417861
42143.347937232684 3.592638396862585
42311.921328981625 3.4635897026503453
42481.16901429755 3.751798541312357
42651.09369035474 3.6722465599877983
42821.69806511615 3.2656926272366396
42992.98485737662 1.4202574665424357
43164.95679680613 1.3535989580649868
43337.61662399335 2.5511817692077647
43510.96709048933 2.862037421453663
43685.01095885128 3.4866108911883105
43859.75100268668 2.974096921783891
44035.19000669744 2.585980477697631
44211.330766724226 2.414933861709295
44388.176089791115 1.786820021436157
44565.72879415028 1.6860419401699769
44743.991709326874 1.1917539205136731
44922.9676761642 1.0644517462786538
45102.65954686885 0.8873822266028734
45283.07018505633 0.6996053190422623
45464.20246579656 0.5945150182056143
45646.05927565975 0.5379098916668582
45828.64351276236 0.578777964473909
46011.95808681343 0.5450836386131808
46196.00591916067 0.6437426153900965
46380.78994283732 0.7912039633876239
46566.31310260868 1.2156187352282888
46752.578355019126 1.0675477924880654
46939.588668439166 0.9925168087261197
47127.34702311293 0.8327699829613002
47315.85641120539 0.6629127107450044
47505.11983685021 0.7365121923049991
47695.14031619761 0.7441242234868694
47885.9208774624 0.7053853277085724
48077.46456097225 0.9285435282174889
48269.774419216126 1.0239423801812382
48462.853516892996 0.8459167184847781
48656.70493096058 1.2366060053916756
48851.33175068441 1.2450665562636292
49046.737077687154 1.205671487502567
49242.92402599791 1.337382134954606
49439.89572210189 1.3055637418794284
49637.6553049903 1.1917930232202067
49836.20592621027 1.7169118455188972
50035.55074991511 1.7330630038272827
50235.69295291477 1.2011659229788416
50436.63572472643 1.8621798945760568
50638.382267625326 2.036841035243035
50840.935796695834 1.565893233462908
51044.2995398826 1.776910791339003
51248.47673804215 1.9235900729445485
51453.47064499432 1.0494680593856234
51659.28452757429 1.4656922682939568
51865.92166568459 1.8282033510432292
52073.38535234733 0.8391606652078536
52281.67889375672 1.356103581087105
52490.80560933175 1.446601444518681
52700.76883176907 1.2288275518328176
52911.57190709616 1.1607949011002996
53123.218194724526 1.2961696970894625
53335.711067503435 1.552642971951502
53549.053911773444 0.663628569191651
53763.25012742054 0.9650208597083832
53978.303127930216 1.1946357952616857
54194.21634044194 0.4359279207054254
54410.99320580371 0.9781903043145149
54628.63717862692 0.6954703640225347
54847.15172734143 0.8315503028327206
55066.540334250785 0.867891075583035
55286.80649558781 0.6857577964294812
55507.95372157016 0.5868331272849313
55729.985536456436 0.47173384254939194
55952.90547860226 0.6541348927547705
56176.717100516675 0.6290087827395819
56401.42396891874 0.470571293452324
56627.02966479442 0.5861807815759738
56853.5377834536 0.4715756823691385
57080.95193458741 0.4547982485322074
57309.27574232576 0.39158543423188713
57538.51284529506 0.425150736673772
57768.666896676245 0.4091173735620253
57999.74156426295 0.6047250531294541
58231.74053052 0.27687376503415223
58464.66749264208 0.475166482947692
58698.52616261265 0.29350092515795684
58933.3202672631 0.2840774765027555
59169.05354833215 0.510628713682722
59405.72976252549 0.26529891530431066
59643.3526815756 0.42923624486214446
59881.926092301896 0.42617585963853427
60121.45379667111 0.5280557306107666
60361.93961185778 0.44056566863589364
60603.38737030522 0.2837827482077957
60845.800919786445 0.4692006239804062
61089.184123465595 0.3455699414605099
61333.54085995945 0.4274088885474746
61578.87502339928 0.29386824288638796
61825.19052349288 0.3532681155319308
62072.491285586846 0.4775270364603794
62320.7812507292 0.5084011462900588
62570.06437573213 0.5925485392656725
62820.34463323505 0.5750057925808755
63071.62601176801 0.6621762319043014
63323.91251581507 0.5158487465805854
63577.20816587833 0.4842570364750154
63831.51699854184 0.41647276171652164
64086.843066536014 0.26274832096338474
64343.19043880215 0.2925349019333083
64600.563200557364 0.2744915165256205
64858.96545335958 0.151069271680553
65118.401315173025 0.2232660479867623
65378.87492043372 0.32782361492901574
65640.39042011545 0.2202074154881792
65902.95198179591 0.22230996102152162
66166.56378972309 0.2537970506645376
66431.23004488199 0.2641690253737411
66696.95496506151 0.3027700045016174
66963.74278492175 0.3923141702828756
67231.59775606144 0.30133716133415855
67500.52414708569 0.417405901891465
67770.52624367403 0.2955582321498695
68041.60834864872 0.33829049984170423
68313.77478204331 0.35889182597949093
68587.02988117147 0.22697798581970133
68861.37800069616 0.3947041102923213
69136.82351269896 0.41771291476985195
69413.37080674975 0.4437916538772519
69691.02428997675 0.3047263383201554
69969.78838713666 0.3978361504887726
70249.6675406852 0.3510484976211678
70530.66621084794 0.2683831370516741
70812.78887569135 0.3497743058924972
71096.04003119409 0.3036078958174516
71380.42419131887 0.29891538271874285
71665.94588808414 0.23937765747720258
71952.60967163648 0.24367782278709205
72240.42011032304 0.24960536668162459
72529.38179076432 0.23353701490813047
72819.49931792737 0.1917001189510899
73110.77731519907 0.20461412311282545
73403.22042445988 0.151079402417633
73696.83330615771 0.16755174087494965
73991.62063938235 0.1698483178503568
74287.58712193987 0.16589886990285657
74584.73747042764 0.14255171985227513
74883.07642030934 0.17290732276761409
75182.60872599059 0.20039732791065926
75483.33916089457 0.21845158428416203
75785.27251753812 0.22819389438945087
76088.4136076083 0.23925303989367042
76392.76726203872 0.30393310011463853
76698.33833108687 0.07361969434107651
77005.13168441122 0.1026331094922408
77313.15221114887 0.11481272728345827
77622.40481999348 0.13605260713154188
77932.89443927344 0.16363061911504148
78244.62601703055 0.17919876689404596
78557.60452109865 0.19438907327711744
78871.83493918306 0.18193110892566744
79187.3222789398 0.17287280318630247
79504.07156805556 0.22214258725270333
79822.08785432778 0.22475701080553134
80141.37620574511 0.18922817700541322
80461.94171056806 0.202658563217706
80783.78947741033 0.19444350992750167
81106.92463531997 0.2761692405604179
81431.35233386126 0.22839224594138385
81757.0777431967 0.2265194372003753
82084.10605416949 0.2320897981192712
82412.44247838613 0.27690838505358184
82742.09224829968 0.2926440299638533
83073.06061729288 0.27547909884351984
83405.35285976208 0.2939767592595493
83738.9742712011 0.2823663405245137
84073.93016828595 0.296451696040955
84410.22588895904 0.3486420154439517
84747.86679251489 0.3442915292089095
85086.85825968496 0.2997994448333405
85427.20569272367 0.34985319471474313
85768.91451549459 0.38164731201941615
86111.99017355654 0.36299958215501726
86456.43813425078 0.33078069830940193
86802.2638867878 0.37198430389000836
87149.47294233493 0.4039049078022685
87498.07083410428 0.38397748555515576
87848.0631174407 0.33367465288624254
88199.45536991046 0.3676455279476706
88552.25319139009 0.3998080329139137
88906.46220415569 0.3920939308593069
89262.08805297229 0.33199608770310696
89619.1364051842 0.3244550611203346
89977.61295080492 0.3840650045664142
90337.52340260813 0.3791900901094513
90698.87349621857 0.35481862738841624
91061.66899020346 0.3721105967708776
91425.91566616425 0.35641877835811064
91791.61932882894 0.36287736931052655
92158.78580614422 0.3302863807858597
92527.4209493688 0.38213546573681967
92897.53063316627 0.32641221632110207
93269.12075569895 0.3273714397910373
93642.19723872172 0.354045684937733
94016.76602767664 0.34905426547018137
94392.83309178732 0.3465651157824813
94770.40442415449 0.3165263533941856
95149.48604185111 0.3275569787414972
95530.08398601852 0.3300637885955475
95912.20432196259 0.35963175016054777
96295.85313925042 0.3408307740388301
96681.0365518075 0.3066385472052691
97067.76069801472 0.3272395505545213
97456.03174080675 0.3313320871252369
97845.85586776999 0.3487896386026412
98237.23929124104 0.3420660236064333
98630.18824840599 0.31994773733211757
99024.70900139965 0.3176451324273965
99420.80783740526 0.32646345301001384
99818.49106875488 0.354097503461302
100217.76503302988 0.34626859934674165
100618.636093162 0.29078109705208655
101021.11063753467 0.30084323037813226
101425.1950800848 0.32715445390673303
101830.89586040513 0.33432454199284656
102238.21944384674 0.3324007886535517
102647.17232162213 0.3153619161786274
103057.7610109086 0.30102362347689593
103469.99205495225 0.1251589793052579
103883.87202317205 0.13579790120075233
104299.40751126477 0.18907336652920043
104716.60514130979 0.2139413886839296
105135.47156187505 0.20905068446913228
105556.01344812254 0.24241662668144082
105978.23750191503 0.25611652491562403
106402.15045192267 0.23571498921704226
106827.75905373038 0.20008412740542075
107255.07008994528 0.1283005133782606
107684.09037030509 0.14238088200641622
108114.8267317863 0.19132156547844584
108547.28603871344 0.22739288424520884
108981.47518286831 0.23290863715510202
109417.40108359976 0.22396081307475985
109855.0706879342 0.22479852855528645
110294.49097068593 0.22261405449148036
110735.66893456863 0.26088650426728915
111178.61161030692 0.2545433174358527
111623.32605674816 0.2682195415966103
112069.81936097513 0.23967891965735802
112518.09863841905 0.20616540495773777
112968.17103297272 0.2598249964542806
113420.0437171046 0.2534451845892002
113873.72389197304 0.24522070112115682
114329.21878754091 0.25784468410411376
114786.53566269108 0.22576072264074823
115245.68180534184 0.1984862881751872
115706.66453256323 0.22641561495055185
116169.49119069346 0.2379076422361905
116634.16915545624 0.22679061565984757
117100.70583207808 0.16846240070522903
117569.1086554064 0.2040363544954649
118039.385090028 0.1895791863803357
118511.54263038811 0.21570011889323049
118985.58880090967 0.2175872175184783
119461.5311561133 0.21224151654485549
119939.37728073777 0.1769955013398035
120419.13478986072 0.2035752813379136
120900.81132902016 0.15780039750388766
121384.41457433623 0.20539385171712224
121869.9522326336 0.2107620604268847
122357.43204156413 0.18004268630697112
122846.86176973036 0.17037023913810392
123338.2492168093 0.1896576100727615
123831.60221367657 0.14693427987273133
124326.92862253124 0.17349214785945183
124824.23633702139 0.19148699350482676
125323.53328236948 0.14785353568565465
125824.82741549893 0.15258204622366286
126328.12672516092 0.17961026233558688
126833.43923206156 0.15706745026712543
127340.77298898982 0.1544467213917524
127850.13608094577 0.17713626563317517
128361.53662526955 0.14913225004884428
128874.98277177062 0.1544381481504377
129390.4827028577 0.16260446715331847
129908.04463366912 0.1624392036848377
130427.67681220379 0.13813835201468866
130949.38751945265 0.1596458697830736
131473.18506953045 0.15011304207394172
131999.07780980857 0.15411212739407484
132527.0741210478 0.1366682549540462
133057.182417532 0.14217638672480865
133589.4111472021 0.1388199828178913
134123.76879179094 0.12154640093962389
134660.26386695806 0.12841808822373935
135198.9049224259 0.14586590327837984
135739.7005421156 0.14013138173828557
136282.65934428407 0.13841292853068263
136827.78998166122 0.13602532089824215
137375.1011415879 0.1262249314818634
137924.60154615424 0.13308078515368174
138476.29995233883 0.1326639241305757
139030.20515214818 0.1334190119068984
139586.32597275675 0.12863555812568808
140144.6712766478 0.09895978758456052
140705.2499617544 0.12102735675263052
141268.0709616014 0.12104984396599408
141833.1432454478 0.11051770093415449
142400.4758184296 0.12025216467676336
142970.07772170333 0.12093608394310565
143541.95803259013 0.10836118425567784
144116.12586472047 0.11023967581298244
144692.59036817937 0.10140890809306805
145271.3607296521 0.1001577181264828
145852.44617257072 0.11803348829328301
146435.85595726097 0.11687649733673182
147021.59938109003 0.11216155406700272
147609.6857786144 0.11267244474607553
148200.12452172884 0.11105622362277597
148792.92501981577 0.10030884219851745
149388.09671989502 0.0972537245557794
149985.6491067746 0.10655729210019388
150585.59170320167 0.10117472292276661
151187.93407001448 0.10603998076323495
151792.68580629455 0.09316185731220648
152399.85654951975 0.10435689445426892
153009.45597571784 0.10160376169243793
153621.4937996207 0.09130347269801045
154235.97977481916 0.09639537520916898
154852.92369391845 0.09132937191091237
155472.3353886941 0.08279835451447735
156094.2247302489 0.08266361478476329
156718.60162916992 0.08319359108725562
157345.47603568656 0.07650571458687622
157974.8579398293 0.07285536828081506
158606.75737158864 0.07980717987674961
159241.18440107498 0.07766436854748196
159878.14913867926 0.06876072134612703
160517.661735234 0.08326224475530929
161159.73238217493 0.07582375413511028
161804.3713117036 0.08199841773100577
162451.58879695044 0.07140373667889385
163101.39515213823 0.07660608764420934
163753.8007327468 0.07890893477784462
164408.81593567782 0.07901962616382269
165066.45119942052 0.07703949700720497
165726.71700421823 0.07306267630835188
166389.62387223504 0.06372595486534785
167055.18236772402 0.07111494446103721
167723.40309719497 0.07610247738070271
168394.2967095837 0.06958389491565013
169067.87389642204 0.05947416113965952
169744.14539200772 0.0696225841797226
170423.1219735757 0.07577663784763757
171104.81446147006 0.05797233377746998
171789.23371931593 0.06507354820728754
172476.3906541932 0.06054421071746879
173166.29621680998 0.06486751726558447
173858.96140167722 0.053027023835269124
174554.39724728392 0.0673965043081377
175252.61483627307 0.05845599790849148
175953.62529561817 0.058170613950050444
176657.43979680064 0.06249389803769074
177364.06955598784 0.05779018068686615
178073.52583421173 0.0624480244848334
178785.8199375486 0.06355198091102722
179500.9632172988 0.05390546705122933
180218.967070168 0.05775099532138232
180939.84293844865 0.057701821783401316
181663.60231020238 0.045938781207857694
182390.25671944322 0.0520131505424326
183119.81774632097 0.050163456782226876
183852.29701730626 0.055051257096981276
184587.7062053755 0.05588850165616192
185326.057030197 0.04879850006105976
186067.3612583178 0.04521416172321256
186811.63070335102 0.047897279829859335
187558.8772261645 0.04914451845447489
188309.11273506918 0.057494560216682956
189062.3491860094 0.05249818329369335
189818.59858275342 0.04093534257124461
190577.87297708448 0.04994724228967864
191340.18446899284 0.050788242528353365
192105.54520686882 0.0426666293614168
192873.9673876963 0.037291828464945616
193645.46325724703 0.03775867355425426
194420.04511027603 0.03359447401656076
195197.72529071715 0.04334935937619137
195978.51619188 0.03705625240039277
196762.4302566476 0.04106498989788337
199107.9942767367 0.037457207259730174
203090.15416227144 0.03588903100672755
207151.95724551688 0.0349480035766072
211294.9963904272 0.0285021396971775
215520.89631823578 0.02827758669544077
219831.31424460045 0.025484793871543638
224227.94052949245 0.02301108519341969
228712.4993400823 0.02467451832589424
233286.74932688402 0.024004209307593033
237952.48431342165 0.016663362658847464
242711.5339996901 0.02321565128411491
247565.76467968393 0.019346215303086063
252517.0799732776 0.01330203153260486
257567.42157274322 0.017062456524673676
262718.770004198 0.014862264363564517
267973.145404282 0.011119054097252768
273332.6083123676 0.014720100273011166
278799.26047861495 0.011143594991591144
284375.2456881872 0.007864582754617128
290062.750601951 0.010135438296733997
295864.00561398995 0.008814746407590007
301781.2857262697 0.008567512015864677
307816.91144079523 0.006419616972455629
313973.24966961105 0.008076260480226577
320252.7146630032 0.006980658772272915
326657.7689562633 0.006130214208020672
333190.92433538847 0.004997391107657622
339854.7428220964 0.00604648809398862
346651.83767853834 0.004536951198619258
353584.87443210906 0.003847016867977092
360656.57192075124 0.0036106210517682638
367869.70335916633 0.004063742020582826
375227.09742634965 0.0036081954433539666
382731.63937487674 0.004226087830869322
390386.2721623741 0.002930052092802375
398193.99760562164 0.0026436649411450508
406157.87755773397 0.002213124023213723
414281.0351088888 0.003085191344971888
422566.65581106645 0.0026030581251737066
431017.98892728786 0.0019958753697209668
439638.3487058336 0.0017169054914463438
448431.11567995034 0.0016798569638023474
457399.7379935492 0.0018141675376416764
466547.7327534202 0.0013968442491151254
475878.6874084886 0.0014205597393199783
485396.2611566584 0.0014125942034286319
495104.1863797916 0.0010879787261286965
505006.2701073874 0.0010935722500510362
515106.39550953516 0.0009960609053235193
525408.5234197257 0.001172528786821223
535916.6938881205 0.001007980973732387
546635.0277658828 0.0009269570177348342
557567.7283212005 0.0007615649398336139
568719.0828876244 0.0006638334617032961
580093.4645453768 0.0006677672072841581
591695.3338362843 0.0006339696238722978
603529.2405130101 0.0006164853990672604
615599.8253232702 0.0006540446129979672
627911.8218297358 0.00047148298117456093
640470.0582663304 0.00044209286353771995
653279.459431657 0.0004028816935040965
666345.04862029 0.00033704046031965586
679671.9495926959 0.0004092935545074394
693265.38858455 0.0004178221863020045
707130.6963562409 0.0003196650111519037
721273.3102833657 0.0002587153250289752
735698.7764890331 0.0002927058333159416
750412.7520188137 0.00023844844968435387
765421.0070591901 0.00025070335055915144
780729.4272003738 0.0002118566839892596
796344.0157443815 0.0002107825850946282
812270.896059269 0.00018179337414749765
828516.3139804546 0.00016245010282019376
845086.6402600636 0.00015685092081641015
861988.3730652649 0.00017686575694180007
879228.14052657 0.00019209217249608224
896812.7033371016 0.00013963348240159584
914748.9574038435 0.00013104126945275593
933043.9365519203 0.00011144521536915825
951704.8152829591 9.2934103422752e-05
970738.911588618 0.0001068021553951908
990153.6898203905 7.993023921139836e-05
